68036
46544
76673
46878
71796
51991
66018
73878
59719
63772
62050
56929
62035
67802
66867
65169
65145
61988
68051
64643
72692
39697
68642
61988
72930
66636
61151
52846
72625
67783
51139
74634
65560
55695
67202
57130
53127
78066
68670
68030
69234
75808
63192
59163
74622
55716
52304
75018
58910
60048
53437
76087
66078
65474
62618
74971
68941
58225
68882
62666
55139
63498
59133
53712
79229
69160
63447
58694
55704
73187
84093
70130
67748
60002
74995
67181
62036
68075
73216
65755
68893
66993
76087
74069
71752
63755
75246
82137
81009
63827
61154
78090
71779
79202
61187
55126
75202
64027
77848
83640
79214
67506
65488
75803
81217
71809
63491
72969
78424
76927
78110
72353
63964
82329
75814
70899
80093
69503
56011
70933
78089
101941
79853
87271
68595
68562
59151
67728
85274
68646
64607
83309
69779
68095
69802
63758
80936
74374
72308
82039
67220
83229
60030
74648
77773
56580
70069
63752
66006
78752
72066
78400
66320
83244
82119
76011
82909
90096
66985
74630
65782
69498
78078
74131
68030
68003
75223
76643
78884
86140
96983
59713
81247
82643
57715
61504
64610
68637
78903
62002
82117
71232
73489
84087
76081
78612
70640
73833
86116
79848
73758
76078
67961
59494
84720
77236
84175
62003
76111
89806
81836
61997
87845
95790
87638
74111
62026
74733
74036
79235
83241
62870
85271
81193
74603
76096
77190
63724
96010
84110
102233
92457
78952
71781
94033
70661
92092
92125
73728
83154
89562
92998
89451
72129
65728
90095
79554
73491
76619
84595
97563
84057
92098
97952
92652
86084
80541
68642
70673
82884
83716
104135
76279
96657
78009
78550
81755
71928
95763
61836
75697
72848
74394
68041
84059
75763
79988
91226
95312
92063
66618
76858
84961
83188
73124
78008
91764
89280
97606
84915
78104
65934
82616
78141
80675
79476
73775
78926
88588
76630
82030
65073
90636
92942
95786
90323
78532
86855
89627
77647
85182
70029
63127
74929
99474
81692
88920
81923
86642
66642
73172
98691
98640
83100
88050
83187
104296
87459
78852
86739
84657
81993
100047
79440
105181
76071
79024
85492
86848
83464
81486
97219
85863
94505
87308
85262
85285
86990
99588
90738
61256
87124
86150
97283
101654
97695
99746
89988
91763
102051
95196
95509
80643
99124
68559
84589
89247
102275
98074
97749
95124
95181
90925
102849
102359
91285
66559
88918
97580
92724
70538
93247
92161
72716
81965
97670
93781
96015
84960
93538
88295
101282
76562
104858
92578
84118
91788
86932
92017
97602
92920
86111
105005
81151
95900
99731
96975
104777
107213
94072
96069
107572
93546
83458
95342
75201
85781
99911
99845
76950
88027
89151
89527
95415
99009
90648
104699
97837
100702
102445
103823
103836
95551
107892
86107
98132
114990
114826
104726
76655
76875
79479
92981
113283
102966
96519
94675
96053
104441
119917
86649
96131
81964
107624
111108
99620
91525
107663
97970
101823
78424
111936
102075
107806
101979
99833
103000
80973
104143
91264
99304
112801
117032
101878
101648
89860
93128
98939
104915
104365
90087
92917
90681
96147
102681
94030
118856
86724
94095
103572
105871
102128
105031
110098
100750
94889
109018
84903
118044
86618
107788
110457
92936
97872
84621
91025
95121
108920
92735
125140
87926
101655
96631
112399
108089
116726
105633
107166
113162
108589
71509
95588
112924
93605
94116
83638
99435
90666
111147
107737
115220
122048
109575
117642
97877
98428
101863
115346
103986
109887
101260
101959
106805
89965
86119
80681
106769
91187
103018
99241
86995
99869
102416
105107
103895
80298
114311
104104
100996
126979
107621
98110
83898
110760
105967
87065
100627
122772
106030
96583
114042
104211
106358
121303
112584
102577
105085
118209
98750
105582
114257
91957
103319
107896
119419
83891
107590
114924
121046
109629
93542
92250
100144
87228
85386
110472
97978
101531
99928
104988
103921
104099
104757
104231
104840
99039
98404
99440
113879
96452
96957
109827
122052
104437
123648
99352
109914
113973
119364
97814
108452
102008
97897
105341
118198
111055
114245
112932
90567
123755
90979
130811
101842
118205
114583
89949
102165
117104
116731
106198
115836
111701
102428
105467
92069
114170
115474
104753
100541
115665
107134
113791
120547
108631
102984
112909
88969
90615
98294
109023
104549
106144
98535
118475
108628
100759
92501
112820
120191
122610
102532
120302
100541
123803
104189
101205
107809
95070
88574
123076
117565
111579
113082
113952
105943
91222
111923
114897
116759
119885
117665
128055
115462
110992
108231
89956
98428
100186
108628
101663
108783
114920
118789
104160
121492
116922
109959
105742
122699
113064
107901
90150
125006
124107
121264
127743
85803
113701
101194
114790
107890
108131
109103
120778
124922
124710
117481
110527
116994
117968
102250
110948
111758
122605
109611
111104
115586
127737
84818
113992
100221
117524
112284
121919
108131
97674
122975
112081
111164
121017
92843
104031
108415
128730
95644
119548
126620
113292
93142
115989
120509
108814
123810
126937
103314
121324
108026
117902
114871
108704
111764
112033
102346
101626
96845
134785
104932
114376
109420
91435
117421
123967
93152
123638
116703
93073
111237
93146
108312
118632
92294
135475
114007
127149
99085
121557
124697
111923
132422
101961
101071
105695
79425
119029
110363
114635
114247
115641
109262
100041
107663
112703
109165
138287
133708
118508
123818
114655
113316
124323
103727
121714
115510
117102
114843
124932
97703
112859
103858
119071
128204
111693
93140
128349
119735
113261
107207
125094
122122
125639
114297
112688
127878
103947
113145
110317
104577
103082
110060
126825
103745
115950
117404
112663
120186
97633
103702
102632
115387
115073
134730
132109
124102
92291
115142
122960
141641
100541
101359
110314
117208
118678
87067
124018
122473
123285
95653
94517
105199
120037
122622
93378
91430
125248
122009
126743
104324
109935
125932
121674
134777
111761
114425
125854
125677
120373
95923
101410
90868
122013
124101
123734
127503
109460
108413
124428
75108
110598
134587
126289
122462
112080
124831
145489
129161
131801
102602
138339
125837
114311
126865
121586
98807
79745
121943
120269
107021
95647
112586
101384
122024
123567
104581
127843
120694
96831
95628
98557
127544
124509
116344
126553
104551
112886
133247
96796
114570
123234
146810
118670
90571
109451
119223
117833
123753
104611
122126
133702
99152
91456
109415
119397
110130
122948
106603
129690
134778
122279
94259
96944
87229
129942
131648
131091
118344
131247
116374
100793
124343
96280
95627
108828
131516
96799
118621
118778
82942
121196
102555
133397
96537
96889
142043
106502
96793
92479
95118
109314
117539
93952
92467
104547
135730
133309
111813
119654
138261
134272
103988
117289
98242
92633
104514
91363
92030
98521
106493
94807
145788
127108
130683
133320
128907
148022
115833
134502
108521
130369
129369
147523
109071
94227
120878
99582
103427
120854
103654
98509
119264
117128
110583
115945
100579
103147
102219
121059
105850
140785
143412
130853
118551
126758
138240
134213
116000
124490
117657
147889
103509
128161
97364
139347
109253
134553
127311
110565
103674
108734
92218
99115
134560
109516
139653
123482
125765
134755
93242
148235
120660
131396
116999
126593
129657
150551
126180
144781
112126
108465
137670
137633
134748
148573
103444
124710
108378
136798
128242
139941
122867
123377
102096
120672
148960
104503
125685
94334
133608
148485
123571
84562
142824
141243
141066
147769
150529
149686
133323
127731
110753
140056
123934
150527
124125
125375
127305
116390
122406
120139
119683
143343
142765
127662
131089
149379
144792
124464
90876
104101
124846
86296
128191
128422
120811
137274
150296
131528
119489
149388
138493
150943
131312
141098
127876
114639
135648
138555
136558
145767
106047
145408
138238
112488
123500
140607
142350
129598
91161
139373
138192
139887
133899
148479
131338
142366
147360
133016
119509
149428
147714
126486
152023
134884
150328
126986
147455
141152
118968
141052
116341
129232
125628
129540
137632
147651
137449
141923
130556
145597
118912
120927
145128
139939
158323
137617
136191
145603
145639
147334
119237
150574
147680
149947
115529
126449
131835
140506
145987
155722
145647
111183
116367
138581
128187
124406
108937
117970
145097
136527
133034
146589
135845
101249
148542
154363
120931
138605
92019
147404
130193
121228
131561
163014
138545
122076
153436
146351
143056
150263
156864
135773
142475
147388
145737
159723
136168
147890
136991
151966
107895
145171
125340
139914
145385
128699
127851
137945
94655
153994
150911
149952
114372
149104
141061
143422
156139
147633
150366
132436
133924
142598
148692
158601
144288
145736
169841
152028
156946
141904
149259
160248
138129
154121
139890
149571
166769
155925
115207
165893
132515
147123
138188
147510
151320
149192
135567
126488
151071
152129
147140
141047
149082
137016
135121
127293
142759
126778
143040
139318
136779
145925
148134
135913
135095
133021
132398
129288
137907
127042
151186
132210
155391
155012
139047
119289
163023
138246
152924
154343
153830
146117
149098
151130
154931
162078
151520
157980
148087
143460
169158
160116
156023
144030
146402
154666
135547
146738
154692
162116
144885
152639
149132
149913
115331
140909
140417
145878
152082
150660
142166
155526
162018
156645
151527
122080
154870
141609
115861
150309
148951
119893
151867
134965
154328
145893
152972
130132
154086
129898
137542
134139
144231
144681
146291
148980
150950
125916
149417
138900
154057
150949
153696
160690
158102
154972
155191
141845
136798
135704
144728
152198
151170
155648
149322
154602
155095
154772
122209
153821
140207
156356
145322
154539
155675
146186
154538
158563
145612
138189
152479
145360
148248
151435
160608
141734
145609
150488
148751
156028
150813
151424
153645
149683
164593
151636
156856
149026
162668
160592
161747
156825
146774
162341
167566
151707
165196
151914
152840
156009
159131
163468
163456
164563
155988
146192
166075
159456
157944
163460
159119
179049
153711
147627
152554
146201
157441
152822
151346
159453
157675
152198
172446
155725
139331
165797
170037
170704
168585
169603
148814
149499
158916
164619
151974
153749
160306
162377
164300
159702
152288
144180
155684
162569
149358
165483
146317
166377
154291
161380
160599
154483
163469
147308
163164
154114
160392
173319
172428
164587
149690
157519
171544
163313
176423
171307
149424
146314
163436
161812
157418
156566
170671
160590
171603
155140
171266
152464
157298
158428
162458
164450
152309
151116
162665
168764
157833
151158
162635
173334
168722
148431
154632
158697
163621
160378
166710
161606
160476
167606
155197
157618
151860
171003
160707
153612
163328
151197
153597
154420
155327
145295
166464
158733
157322
159866
172707
166159
175326
154414
167568
166727
166716
164459
151211
155502
165801
167541
169328
165314
169233
163242
169278
165630
170159
174480
152924
171301
176210
167532
144150
161828
176198
156209
178737
161517
166393
172441
143058
177589
173352
168489
164381
164437
154516
159614
154365
170491
166180
171307
167334
154162
172423
167343
166694
163502
158722
168215
165293
166165
141436
165342
170461
172537
173363
173383
170467
167085
181352
173106
174256
174425
167592
169933
174531
171354
166250
173372
172446
159182
170197
164223
169286
161377
175073
170215
175103
173365
168255
169957
166155
170262
172223
172206
174244
170264
171087
171298
171073
170476
167048
173966
175357
179114
175108
163022
181322
180226
181141
170220
175123
171375
181097
164152
133370
173084
173995
173978
174464
170501
185671
175076
170238
178443
169330
169954
179126
173975
181399
185129
169309
171037
175111
180233
181401
177132
178277
179132
160506
173954
179984
173975
175377
177111
173163
170799
180859
180204
172469
179998
177087
173945
168466
171998
174879
179401
172814
171019
173406
172393
157376
165897
176249
177330
174838
186245
169968
177609
156963
187132
174524
180563
177400
140855
179120
185404
183117
180555
176486
180285
176266
182274
175145
185351
145650
178265
181078
176252
176871
182877
184824
189358
173131
183085
166841
171110
178024
190222
170853
175992
174270
146212
179388
181407
155405
177389
179093
167362
187316
141933
183140
180209
172386
137616
130737
154682
182494
172108
180871
173927
178173
172871
163628
183361
183415
171987
179034
180028
162859
133619
135350
143089
119260
176903
177752
127302
133290
135897
135341
186473
137643
139874
136773
126400
134178
139619
142524
130464
130713
146527
139918
142530
142515
133888
137054
137580
128455
119266
142223
133311
141379
161963
163772
158917
140477
137601
132461
139610
125547
122422
140767
136485
135589
137054
133609
128452
136468
131316
139622
130461
139622
137057
96287
136497
146914
146750
135042
144510
141353
143110
136485
134737
139347
141344
138477
181640
162249
160438
135630
135340
140761
141622
141385
169364
152497
136464
166541
134476
177095
154476
154479
137592
173355
135588
151331
150488
132476
136461
177376
127547
131351
176501
175376
178527
157340
153351
174228
167616
176542
154464
130209
176560
130461
154467
143571
171645
146464
156470
157317
142452
136443
170501
155562
166482
169375
174500
167616
148467
157351
166489
142435
160467
172503
172530
120138
129319
172491
148458
155844
166482
162479
162479
181385
176208
182235
173396
174515
160479
160470
171396
138194
156455
175397
154456
162511
167636
141360
158470
150446
163363
153601
155592
160470
143339
140440
162476
153580
153322
157342
152197
147562
156749
158485
153330
156464
166503
158479
158476
157351
166491
170503
164494
152713
170239
168482
156458
178516
162218
171376
165633
176521
166491
151351
161366
134612
148642
170512
132657
130663
156227
149817
143559
156045
146950
146045
146912
170491
163363
142078
148533
141637
165405
142289
167375
159185
163363
169346
159173
151649
143132
143161
144761
136497
182524
168251
143995
146289
181379
168233
167384
156259
156306
150306
164268
169384
173387
175349
168271
173355
175358
172491
163375
169375
149416
174523
164230
163372
172251
175384
171375
164280
174482
186527
181361
175399
157439
178201
179399
167363
175396
169375
187379
163147
177350
180533
167384
171387
171375
170245
158458
174242
173387
174251
182225
174541
185399
162488
179355
181411
183115
185973
184263
174230
185420
181159
182251
177097
181642
183982
181399
166271
173358
168842
164271
167987
181947
159384
173982
166816
158471
170292
170301
171115
178816
181990
181642
178819
181964
179378
185976
182825
187961
189695
183364
178186
178526
180207
179662
181633
188521
181645
182526
183642
183662
187118
178195
172783
182787
185671
182828
186228
183630
180204
182195
182216
189356
178807
184219
181935
179390
184526
174555
180505
177961
180505
182216
179372
183958
180526
188509
185164
182526
179390
183651
183390
182207
182204
187402
184219
184213
190237
183332
181323
183100
180216
180216
179332
182225
180204
184225
184204
182216
184207
182204
186518
186237
184456
188246
175329
178228
185341
186234
178207
185425
181668
172845
190292
169978
188292
186277
177712
177416
170555
191115
184268
168276
165688
176828
180547
184280
182268
183399
180301
184825
187396
181094
185970
177126
185680
182257
181109
181402
177381
179109
183659
173144
182268
180816
179088
180550
182538
189086
184799
186828
184813
189115
179949
177076
184237
187121
186237
184506
188527
174192
182556
188846
186837
178225
183109
184213
188834
187385
189127
179100
184239
185961
187701
182254
184784
187692
172532
174846
188248
174787
188541
186251
181961
182825
188260
189701
180503
190301
186239
186234
186529
191937
176210
169341
172246
171088
174216
178213
187941
181651
183657
185982
185405
189405
184251
189965
186219
191962
183360
168187
174211
191095
120602
180232
180232
188246
189405
184515
180225
180213
178825
181982
186855
186834
187408
182834
187393
183370
181701
181970
182248
180544
185103
185118
181680
183115
181393
187967
190281
187124
187417
171648
187701
189962
183672
190266
185979
191124
187965
191127
184231
179656
188524
187967
188834
187967
187950
190234
175073
190843
185115
192843
187112
191124
189092
191947
187958
191979
187962
191991
178195
192843
188805
188805
191967
186213
191962
180204
180195
185660
191095
181065
190814
185929
187941
187938
187938
187962
189956
183320
191950
191124
187950
189124
184796
191095
187950
188834
190272
185953
186260
189974
190228
185083
191124
188231
187086
185074
186257
189393
186251
193689
190219
183953
186228
190260
191921
191083
189367
185086
191119
189417
185071
186222
189086
190214
189953
190240
191136
188214
187083
189092
190240
189385
185364
188231
189107
190257
191973
191950
191107
181098
188199
184231
191086
191083
181112
189095
182222
189359
191897
189063
190202
187141
189347
186248
189373
191045
189347
191086
188509
190228
190255
188518
189388
189376
189376
188468
187364
186500
189376
189379
188231
186509
187373
190228
190228
187387
192822
190195
191080
189402
190245
188488
191065
189378
191103
189355
188488
188518
187625
172229
190219
189352
188480
191086
191086
189349
188468
188497
189376
188468
189320
187613
189364
187616
184471
189376
185326
185622
185613
186488
178500
186518
180485
186497
189349
186468
190228
175369
180518
181645
185373
183621
185402
189361
182476
189361
186535
184456
191941
186485
187340
189364
188506
180488
188497
190219
181405
179393
186521
191100
186509
189393
189378
184494
189361
188485
185627
180485
186497
188480
186506
187639
182497
176476
188497
185642
180236
183393
181381
183390
187390
185352
190233
190216
184494
180473
181393
185645
184476
179633
178514
182509
174500
184521
182752
182468
185666
190236
184509
190219
187352
184488
188456
188494
187613
190207
186497
189361
183601
188468
177580
181613
189340
190219
188497
182497
184497
136494
189340
187613
187610
188489
188453
190207
188465
191050
188444
189352
187604
189340
189352
189340
189352
186738
186477
188468
189316
191038
190192
188480
189343
188195
189361
191955
191038
188459
181052
189302
191079
191056
190192
188476
190198
191062
191038
190195
191050
190178
190169
191917
191041
191059
190183
190169
188180
191050
191071
192784
190216
191929
190757
192792
191914
191917
188189
191885
191923
180168
191902
191914
189064
189041
191059
192772
191926
191896
186171
190798
189893
191050
191041
191062
192772
191038
191905
192769
191062
191644
191917
190186
190210
191929
191053
191934
192801
191053
188760
191083
192479
189914
187073
191059
191074
191943
191905
190219
191908
190189
191914
190763
191059
191053
191042
191905
191935
191077
192801
190248
193607
191917
191038
191908
191917
168191
191914
191908
189038
190789
191929
189603
192772
191929
191053
192783
191905
189905
191908
190801
192479
191905
190760
191074
191914
190789
190219
192769
191038
191050
191917
191929
191071
190198
191934
190207
191062
191083
191050
191905
192772
191905
191943
191914
192792
192801
192789
189893
191914
185334
190774
191905
191946
190218
191896
191041
187901
191934
191065
192760
191926
190186
192760
188174
179558
191905
191905
191050
174125
190780
191038
162639
189881
187017
190177
191062
191893
190186
152804
166882
158796
163989
187298
152813
168279
147017
147445
144153
180647
191929
190207
191961
191071
186195
190219
191115
191083
191062
190216
191062
190186
190222
189331
191071
191059
185866
191961
187913
189340
189311
191091
190210
191050
191071
191062
191047
191946
190210
189334
190248
192798
191050
191085
189317
191946
190198
190207
190169
190207
189887
190186
191062
188231
189038
191914
189893
191059
189038
191086
191905
192825
190195
193680
192813
191050
191115
192769
191050
189346
191911
192789
191946
191071
191047
191934
190210
189316
191050
189334
189343
190207
190219
190222
190192
190198
189307
190210
192810
190207
191949
190222
191071
190219
190225
190195
191074
191050
191952
189949
190213
191062
191094
178237
190186
190222
184141
190207
190216
190216
190222
188422
191094
191082
191082
190219
191946
191053
190186
192813
190219
190207
191106
191086
189367
191982
190222
191958
190192
191086
191050
188819
69892
186168
179238
125922
182644
123904
188443
191955
189343
190174
190183
188467
185562
189304
190195
190186
189319
189331
188834
191103
190186
190195
171755
167731
171743
171731
191091
174233
191982
191949
189334
187298
190198
189331
188452
188464
189340
191094
191970
189328
191091
190195
189290
190218
191041
190195
191047
190203
191082
189082
190183
190207
190207
190210
191077
189331
189355
189343
190225
191094
191094
189322
190210
191958
190207
189314
191094
191961
191079
190195
189346
190195
189334
190207
191094
188467
190210
189322
190248
190186
190213
191973
187615
190254
189355
191100
191115
189929
184828
191097
191089
190234
191094
191077
191077
191118
191053
181952
191074
190198
189322
189370
190222
191086
190189
190210
190251
191089
191958
191982
191097
190186
191098
191077
191094
190198
165067
191050
183982
174511
179929
187961
190234
169079
191958
190174
191074
190195
191091
190207
191079
190215
189319
189331
188485
188171
191079
190203
191070
191058
189319
189316
191082
188455
189319
189331
188185
189342
188179
188464
187568
185307
188467
177241
190191
189316
189328
188435
187600
189310
184440
189336
177291
189331
183241
183265
188478
187588
187319
186452
184695
178641
189307
189340
190215
186452
189319
190215
188461
188455
184123
185562
188464
183503
187553
182692
185556
188437
188455
190195
190195
189331
181268
191931
191100
191083
185325
188479
191067
189058
188485
190215
190183
191070
188476
191091
189319
191091
189331
190239
190195
191094
190195
189331
191100
189310
189319
189360
188467
187580
189302
184467
189316
190210
188479
190195
191931
189331
180683
183550
189352
180405
190183
189331
189372
183559
189287
191091
189343
186420
189343
189299
183559
178434
184414
185319
186426
186435
190195
188447
190195
184423
187331
188447
188435
191050
185559
186435
188423
187322
186450
186426
188423
190195
189319
189331
188479
184426
190195
184414
188479
180405
189331
189322
183331
190227
187571
185600
190198
188476
188438
182446
190207
184707
188456
189343
189331
156368
151460
187343
183319
189352
183574
186455
173289
188464
188447
190207
190186
190201
190195
182440
177567
188473
190195
188467
188435
186476
181550
174425
176440
187319
190195
189302
185559
189355
189340
190186
189338
190186
190190
190186
190219
189340
188435
189343
190190
190195
190207
190189
190207
189352
190186
190210
189331
191079
190198
183310
191038
189319
191062
186162
187322
178707
191074
190195
188438
189340
187290
190195
191934
189343
190183
191946
190180
190183
190186
191062
189331
188447
188444
181298
189319
188447
189275
185322
183301
181562
185266
191035
190171
189322
189325
189278
190156
184414
183322
189319
181286
191079
191035
189299
190183
188435
186426
185011
187292
187278
185571
185304
184426
190171
187034
189035
189316
190183
188171
186165
190192
185011
189916
189287
185281
185263
187026
190195
189311
189275
186174
190207
188488
177301
189278
187275
186438
190195
190210
190195
184177
185278
179550
183005
191050
149572
187275
189290
187322
189299
190183
189343
190124
191062
191029
186186
190180
189011
188447
191908
190186
190183
188411
187026
185251
190159
188751
190168
190207
189299
189340
186725
182108
189011
186159
187583
189334
184990
189316
182372
188447
189311
189311
185863
187251
160769
188171
188459
188462
182115
187304
180079
188447
189302
188459
190219
189343
189304
184147
188456
188459
187604
188473
168393
188459
187595
189331
189343
188483
189289
188447
187925
187580
191062
189326
187574
191059
191077
191941
191083
191934
189299
191050
191059
190178
187292
190177
191050
190183
189299
191062
189319
190154
189032
190195
191035
189299
191911
189287
191050
190162
189890
189311
188103
188127
190163
188447
191077
157101
191044
169248
187875
175833
165161
176922
178975
188447
189299
190147
165995
180919
190195
189278
185268
182387
190168
188459
190147
183283
186396
191062
189011
189316
191038
188425
190216
190207
175188
190159
191905
191923
190198
189331
191935
187263
191917
191047
191926
191914
189026
191038
187005
191086
189275
189023
187026
190204
180958
191015
182978
187287
191074
186159
190156
190202
119146
188159
182103
191035
182135
189313
190171
190181
183236
189275
190156
185304
181233
174954
188168
176353
191059
190207
187612
187304
190183
149940
189280
174046
162817
184135
190186
190171
189352
191952
183283
190147
152503
191908
187292
190168
190180
163122
189316
189931
191068
189922
159959
149902
190183
190210
190215
190186
189055
190198
190195
190199
190212
190210
190195
191947
191949
191074
192805
190214
170216
181953
191091
189355
191955
191958
189925
190219
191919
187077
191074
190180
191950
190210
182181
189379
191065
166207
191077
190195
165323
177323
191062
189368
191086
189343
189328
190219
189328
189322
189326
188435
187304
190210
190159
190174
189314
189335
190207
190195
190186
189319
188399
191931
189919
190150
190207
191068
191050
190186
191083
191050
190216
191095
188456
189314
191893
190210
190175
191062
191059
184420
191062
191071
190183
191062
191062
190178
189331
181286
189326
190186
190204
189331
190192
190180
181256
188471
191023
189319
190183
183277
184440
180978
191038
187002
191050
184408
191053
190187
191053
174927
185263
184440
179259
183280
179259
187278
189278
187281
184987
180978
189290
188156
184135
187002
186396
187278
184990
170915
186135
180375
182978
187278
177833
164885
168645
170894
174942
173179
189299
179581
188162
182126
188162
190183
160255
174072
191035
184147
183856
179853
179824
187014
168039
186147
157982
185886
183874
170039
186135
180966
167172
178336
178951
190142
187898
186762
190159
187011
191035
185886
191911
188159
186762
182135
191035
189304
187011
185895
187248
178114
189272
190171
187292
191922
191038
168906
182990
184741
180741
191038
191041
186144
172939
182726
189878
188156
190156
184147
187280
185605
187002
189011
168894
162012
191035
189023
190159
188156
185890
183013
185617
191035
189893
190168
191035
189023
189887
190168
190168
185617
170654
163734
183250
186138
186132
190168
174969
188180
186753
190774
190168
180741
187626
190156
186428
187889
189014
183002
190139
188156
176108
189011
189014
190168
190168
188159
187295
173791
190159
191026
190180
191038
191023
188156
185869
186774
190154
189296
188777
188168
178960
162264
186159
191023
189038
170918
190171
167386
190171
191023
190171
165125
191023
185005
158196
176318
159979
191026
154210
168891
172930
175205
161107
151928
176333
174936
154831
191035
188171
188159
183863
180978
191026
191047
185881
185620
189026
189287
176069
189890
192798
191926
192517
155923
191905
191047
191934
190183
191047
191059
189035
191641
191038
191023
190180
189017
189328
192783
190162
190171
190192
191967
187647
192805
191953
192805
191923
192793
192805
190195
193686
183651
191062
191074
192822
189931
184747
190186
192822
190174
191926
192822
192801
191050
191929
193677
188190
193665
189881
191050
192769
191938
191041
189299
191938
191074
192816
191038
191071
191053
191050
191062
172666
186826
191938
191035
191062
191074
191914
191062
191890
191950
191083
191074
157761
191955
191074
191955
190186
191929
191083
190195
190183
190142
189299
190156
190207
191026
190163
191062
190207
190195
190183
189328
191062
192798
191914
191059
186805
190186
190171
188476
191047
191056
191035
190166
190183
190183
189328
189325
191038
191931
188423
191035
189290
190186
179520
188159
191914
189316
188174
191044
191938
191044
188420
189319
192783
191064
191050
191088
191068
187594
191929
191062
192807
189298
191056
190204
191914
191926
191665
191059
190792
189911
190171
189319
188459
189340
191934
190183
191926
191934
189352
191056
191071
191047
191938
189677
191911
191911
183097
191950
190183
191062
191029
190798
191905
190183
191074
190207
190213
192795
191665
191926
190219
191038
191059
191071
191050
191047
188420
191914
191071
192766
191083
191059
191905
192763
191038
190195
174454
190183
191914
191914
191062
190219
189311
191068
191020
191914
191047
192798
190195
190207
191006
188162
191050
191923
192790
191066
190207
192798
192798
191934
190180
188432
192810
190207
191083
192810
191074
189335
191083
191929
191926
191071
191062
190210
191926
191947
191929
192786
191062
190207
191914
191050
191071
191050
192805
191914
191946
191059
191947
190195
191057
191062
191074
191938
190207
192781
192810
191065
191074
190207
191926
191947
189328
191926
192807
191053
191062
190198
190207
191938
190210
191086
189331
192805
191095
189343
190190
191074
191080
191941
191955
191926
191062
191929
191083
192805
191077
191086
190219
190219
191938
191950
190193
190219
191083
186508
191950
191071
190198
191959
190195
190210
191943
189340
191071
190202
191074
190207
191950
191074
191059
189314
183029
189311
191045
191098
191935
189311
189340
188210
191086
187595
189323
191059
190219
191086
190207
190199
188456
191050
191071
191080
189308
190207
188456
190195
189334
189331
190216
191071
191074
191104
188456
191950
190204
190175
192822
189071
188473
188195
191964
191938
191071
191103
191097
188210
189340
154377
166410
186444
191086
190216
190204
191938
189938
191914
191950
190166
192805
189311
191080
191071
191062
190166
191095
190163
191074
191068
191938
189323
190207
191935
191083
189062
188198
191926
190207
191050
190810
191050
191938
192816
191062
189299
187929
191074
191050
191080
192790
187914
191062
190178
191071
191935
191056
191944
191042
191059
191059
190178
191914
189299
186488
190178
189328
190195
190195
189311
191935
186476
190204
191071
188471
191080
186483
188447
191074
189902
186491
189335
191938
189326
190219
186464
191071
185583
190204
191059
190166
187616
190195
191059
187604
190195
188488
187633
190192
189326
189364
190219
186464
191056
190219
191059
190195
189364
188488
187322
190195
190207
189328
189352
187592
184675
188477
189352
189302
189320
191056
191926
188480
186476
190204
189352
187316
190207
190210
191071
188485
190219
184447
179334
190204
167553
191054
190234
190228
190207
191950
189331
188488
191083
190195
191086
190219
191083
189355
184491
185310
191047
188468
190183
189311
191062
191047
190195
188444
190195
191056
188488
188485
189343
189335
189326
184455
184464
190219
191047
191045
191059
186435
190216
191947
191018
187592
187607
190216
189352
191059
191929
190207
190204
191056
190195
189352
190219
191923
189302
191086
191914
191914
190213
191035
188420
193683
188447
188447
189050
187902
191071
191059
189334
190198
191074
191071
190186
190199
191926
190207
191071
189931
192798
190180
191100
190219
191059
191059
191083
190195
184154
191036
190207
191941
190219
191062
191071
192831
191071
190216
191083
191943
190219
191086
191071
191047
190219
189355
191059
190198
191946
191947
191926
191964
191926
190195
189914
191071
191905
191074
182784
190192
183053
180479
191935
190207
191065
191063
191041
191926
190207
191950
191923
191941
192802
191935
191062
191959
191086
191074
191080
191926
191059
192831
191074
181310
191941
192810
190198
166425
192790
191926
191941
193683
191086
189058
189941
136418
192825
191940
171101
190210
189334
189902
191074
190171
191086
191088
191955
191928
147924
190210
191950
190228
191926
191050
191950
191953
187925
192783
189340
190207
191095
185583
66957
191086
190195
192790
191926
191953
191931
191944
190216
192813
191074
191083
179088
189314
191091
191938
189355
190769
191935
191882
191657
191071
191938
189902
190207
191068
186183
192526
191935
185094
192790
191947
193701
192805
191914
191911
191071
180192
193642
182198
178180
188210
191926
191894
191950
189914
186201
190500
191941
174180
172171
191914
192778
192778
192790
191950
191929
191926
191909
192225
192793
194504
195347
192796
192837
191941
191074
191914
191905
191926
192793
191914
192793
191947
192495
193660
191947
192817
191914
192796
186201
191065
191065
191917
191074
193669
193660
193390
192781
192793
192793
173993
192793
193669
191929
191074
194535
175996
194535
177981
192532
190190
190174
190207
191929
193665
192810
191053
192822
191038
191890
191035
191923
192784
189041
193692
191958
192813
193656
190503
192769
191905
193628
192810
194515
191929
190219
185630
186213
193660
192793
191938
193669
192761
191938
191062
186494
192798
190207
191062
191071
191938
191905
192793
191897
191917
191050
191938
191923
193657
191071
190183
190178
191938
191071
190219
194512
191054
191950
187302
190190
191938
193370
191677
189331
194515
191926
179241
158030
191062
191941
191083
190178
189370
191926
194544
190207
192802
191929
192790
191130
190207
189065
192790
192796
191941
192802
195139
191917
190166
191923
190216
191062
190192
194556
191065
169471
190195
191938
148881
185289
190195
191030
190195
156893
169190
191929
192837
191050
193663
191950
190207
191062
191958
191926
192813
190180
180835
191938
191926
191950
191938
191967
180155
190808
192805
189055
191062
193698
189052
191103
191946
191103
191929
191079
192793
189692
191958
190207
191953
192793
191076
192805
185651
191938
166597
191953
189932
189651
191955
191675
188808
186254
189938
190207
186144
191091
191967
190219
189372
191091
189340
191689
187028
181990
190195
191955
189387
191103
192825
192831
190248
190195
191103
191967
184203
190212
185951
191931
191955
191934
193686
191088
191931
191067
192807
191970
191091
190183
189079
191088
190786
191100
191946
192807
190192
189931
192831
191035
189067
191926
191943
188473
188464
190207
191047
191047
189369
190198
189364
191943
188168
191911
191902
191970
189076
191047
190219
191047
190219
191047
186162
190154
191030
191967
191926
193662
191079
191950
191926
189302
191071
190204
191059
189331
191950
191923
191074
191074
191062
191071
191938
187331
189050
192811
191059
186263
191935
190195
191950
191059
191926
191074
184159
190187
191033
190166
192769
189038
190204
191926
191071
188476
190204
189311
187035
191047
192819
191926
191914
191914
188740
191062
191914
190180
191902
191923
191050
191914
193636
191955
190204
191929
194553
191926
191897
191050
192822
191914
191071
191950
191941
191071
189287
191051
192784
193648
191033
191033
191030
191929
192790
190178
190178
191938
191062
188154
194512
187746
188121
191030
193654
191894
191033
191009
192793
191888
192761
189012
191911
188426
189290
191929
190166
191071
193633
191092
188157
191929
190166
189299
194512
194500
191071
189882
190728
187905
191905
191926
191897
190178
194497
194483
192778
191050
191024
191893
191047
191899
192752
192790
178597
193621
185627
193654
191914
192755
189905
189905
176835
192793
190769
191938
192793
193657
191897
190187
191911
191938
191920
184612
192810
189331
191905
192769
191917
192790
191062
191083
190166
191929
191926
191938
186742
185629
192810
185280
191917
192769
191917
191896
192801
191908
192798
192772
192801
191890
191917
192793
192781
191958
186748
191926
191938
194503
189861
188757
191653
188751
185852
188994
189884
190769
193636
188997
192825
193677
191879
191888
185632
190716
189612
192772
191888
188707
191917
193668
193653
190780
192781
192825
192520
186739
193680
192784
189600
190757
191059
187901
193677
191934
192822
187617
189905
187884
191914
190789
185875
186765
190786
193677
192786
187855
186985
192772
193677
193668
192540
192801
191946
192822
191050
191079
193686
190251
192798
188794
189878
191949
191934
191064
190236
191955
190212
191934
191088
191931
191079
191949
191955
185913
191934
192822
191934
191050
190207
191082
185919
191079
191082
192798
191946
191967
190224
189067
191088
191931
190215
191967
191082
191091
191955
191079
191067
190236
191067
190212
190215
190212
191103
191088
191059
190216
191934
191079
191967
191091
191943
191946
191950
191100
191112
189319
191970
190221
191964
191091
191079
191082
191091
191091
191058
192819
192814
190997
192781
191896
191050
191967
190236
191938
191967
191967
192831
188200
191103
191937
192855
191067
191059
192807
191050
191955
192843
191071
191103
191967
191076
191091
191967
192860
191064
191100
191091
191100
187046
191984
191926
191109
191984
190212
191940
191955
190224
191984
185353
193686
191955
191091
191112
191943
192834
191955
190236
191108
191103
190236
191076
191943
191067
191100
190195
191964
191091
190221
191100
190233
191088
189331
190233
191091
191064
191955
187345
191067
191955
190236
190224
190215
192008
192840
183070
192843
191088
191100
190204
191120
191067
190233
190236
191970
191996
191952
188502
191967
184200
190239
192852
191964
190183
191964
190209
191082
191076
191071
190221
190224
191955
190236
191097
191050
192805
191062
192822
192822
192834
191955
192822
191082
193712
190212
191086
192807
192819
191979
189364
191958
189366
190212
191955
190224
191955
191967
193689
191088
192805
192781
191934
191091
190236
190221
192822
191999
191064
189082
191103
193689
191079
186283
191946
191120
193710
191967
193677
191955
191955
191050
191967
191091
191952
189357
191914
191103
187348
191938
189340
174481
191689
192793
192822
191958
190227
52312
193677
191103
192822
190239
192834
191103
193677
191062
190204
190227
192278
191100
193692
190227
192851
192793
191088
191091
190227
191112
191958
195428
191955
192810
189349
194544
193677
189369
191091
191946
191943
191964
191115
191970
190207
191943
190171
190212
190203
193689
192834
190236
191938
190236
189348
191952
190224
189369
190224
192810
192834
191091
191103
191074
190207
189328
191088
189343
190207
191955
191074
192834
190248
193701
190207
189396
191680
193689
191914
193701
192822
190251
191050
191091
191105
191970
193686
191943
191091
191946
189369
190224
194553
191914
192813
195408
191053
192839
190215
191958
190192
189369
192810
194515
191955
189369
193648
189372
192822
192822
193648
189348
191100
192819
191975
191103
193677
191946
190239
191955
190248
191943
190195
191109
187348
191929
190236
191091
191062
190198
191103
192810
191103
191958
192810
190239
192834
189360
191100
191917
191955
191132
191979
191943
191091
191062
192810
192813
191091
191079
191958
193689
191094
194582
195396
194541
192851
192822
190236
191108
186265
192819
194570
190236
186484
191105
191987
192831
192786
191955
191079
191931
191055
191079
192810
191996
191955
191108
192798
191958
192810
191972
192801
192822
191943
190253
191091
195416
191132
192834
191079
193689
189135
191943
192813
191129
191129
192813
193677
192810
193703
191955
190212
192813
192822
193709
192831
191943
191088
192822
190227
191955
193674
192810
191952
191955
193686
192819
193648
195405
195396
191099
194532
194532
193633
180242
192819
190500
193674
191958
192813
192790
191088
191967
191946
194582
193706
189351
193677
192834
192819
193715
191088
191946
191958
190224
191079
191088
191088
191934
191975
188839
192819
191943
192789
190224
192810
191934
191949
192798
191079
191943
191082
190215
191946
194553
169055
193698
190544
191653
191041
191955
190207
193706
192819
191938
190215
192822
193677
192810
191943
191931
192790
191053
192802
193674
192805
193657
192781
191938
192796
192813
192784
193669
192500
190769
191946
191917
193633
193689
192796
190772
191929
190186
193645
193657
193653
191955
193636
192810
192772
193636
192798
194532
191905
192810
187334
193648
188441
190763
189349
194474
190508
190757
192793
192772
184446
191920
189884
191917
191917
191884
191938
191929
191946
187908
192813
191917
191926
192778
192781
192798
191062
191926
191955
191914
188461
187603
191112
193648
192793
193665
192805
192796
191946
191929
193677
191967
192778
189665
191076
192789
192772
194541
192781
189627
183627
192760
191050
193645
191917
191955
191908
191908
192810
190798
193665
192813
192798
192798
193698
191079
191925
192798
193665
192813
192798
192801
191958
192822
193665
191905
193627
192807
193627
193674
193657
190210
193627
192822
192790
191044
116384
191097
191387
189369
169960
190224
191105
192562
187358
186479
191097
191349
192201
191955
194541
193689
192201
196237
191100
194225
191929
194530
194520
193648
192221
196222
193645
195387
191366
191917
192441
195379
193653
189328
193355
191929
193329
192760
192772
193689
191943
193639
192541
193648
192764
193639
193648
193660
192793
193648
192804
191677
188265
195408
193639
192796
192808
193660
192793
192810
191926
192810
192822
194532
191088
191905
190784
192822
192801
192828
192810
191958
191050
191934
191926
193677
192529
192825
191958
192819
191062
192834
191946
191946
192834
192825
191946
193680
193698
193660
192810
191917
193689
192801
193677
191958
191970
185957
192822
192822
189677
192822
194562
192822
191947
192781
191967
195387
191955
191062
190198
193701
194544
192810
191100
192822
192810
193677
191955
190248
192822
191958
190203
194553
192822
191946
193677
192822
191961
192825
191050
196263
191937
194553
193656
191926
192822
192810
191958
194523
191970
192843
192822
192541
191993
191071
192810
193677
194521
192793
191978
193677
191115
193677
191062
193657
193698
192813
192819
193689
192810
191094
191103
192789
192822
193694
192813
192822
192851
191946
192819
194544
191387
192813
192801
191955
192834
193677
190230
192810
192801
191091
193665
192810
193698
192810
191958
191685
192813
193665
195387
193677
193651
192822
191062
193660
194521
192772
190207
196246
191999
190237
191946
193666
191958
191958
192819
196289
193689
191074
192810
192843
192801
191958
191958
191967
193677
194568
191937
193686
191949
192825
190789
190843
193713
191958
193689
192813
192798
191946
194532
193698
191668
192810
187648
191953
192819
193657
193665
193665
193660
193663
193677
192521
194524
193672
194532
193677
193648
193648
191074
193680
191079
193684
191041
191656
192810
192831
191088
192822
192789
191926
193663
193648
191065
192793
191917
191938
192822
192798
191062
172195
192769
193636
191062
189331
193660
194532
191917
191071
192798
193698
192798
194541
190798
193648
192769
191041
193674
192793
191917
195355
192764
193677
192784
191925
191062
191914
195396
191665
193636
195387
193694
193689
189328
191929
192798
191929
191931
148570
190760
190813
193674
191946
192798
193686
192810
191917
193677
192517
195346
192772
191065
191929
192781
191079
191917
191926
192772
193660
191920
191917
193660
193657
192787
196234
194503
191914
192784
192793
195341
194527
193358
191349
191317
191036
194477
193648
194512
191891
191636
193610
195341
193610
189601
193361
191613
189627
191879
193639
194474
193613
189361
194465
193642
190216
196234
192465
195370
195332
189630
194482
194518
192755
193651
193358
188246
191062
191917
191320
191317
186192
192225
195329
194515
194503
191311
190201
184180
191332
186180
192769
192755
194503
194518
190760
192787
194527
191876
192784
193648
179088
193619
191879
192743
195370
196225
192746
194474
195367
192772
192752
193607
192784
191906
194506
191050
193639
193651
195341
193648
188763
192793
189911
193636
194506
191024
194477
193648
188177
194544
193648
193651
189908
190757
195379
192772
193689
189627
194515
190169
194515
191888
191627
193639
193660
196225
195344
193651
190722
190731
193358
196237
191349
194515
193607
191912
189387
191879
192746
194509
193648
194495
194491
195367
193663
191917
192482
191065
195367
192784
191639
190236
195370
194237
193639
195338
195387
191053
191975
192781
194527
191370
193648
196246
193589
195358
189073
189370
193668
192825
184289
193668
193665
194544
194494
194491
194503
189644
194532
195379
189358
195370
192234
192763
194506
194527
195367
195370
196263
192796
190731
192594
194491
192503
195373
193109
195367
194503
195367
193677
189709
194541
191970
189393
185396
191141
192834
193361
192869
191118
193396
196275
195390
194585
191668
193689
193642
193715
194532
193349
194570
191358
160247
193097
194213
193399
194503
195350
196246
192201
188192
193619
192743
177706
194515
193636
193648
193378
188901
192851
191990
188232
190523
191091
193689
192839
190552
192268
157776
194565
194576
194532
197156
193677
192520
192813
191958
194573
193709
193633
191314
188192
192213
190213
192222
190213
192225
193353
191115
192213
190213
196252
186204
194225
193329
191311
195118
194225
195350
190213
192427
195338
193326
193329
195350
192731
184168
195329
195341
192213
191326
193341
183275
191320
193642
191329
184429
193607
195350
187317
193106
193317
193329
183272
192462
194471
191106
186192
193341
193624
192011
192213
194515
191097
192772
189993
186192
193636
194494
192201
195358
190186
193610
191062
190743
191346
194529
192772
191934
195332
195376
195329
193639
191864
188201
191885
193619
194541
192793
192769
191905
193677
193636
192784
192772
191929
192822
193355
194527
190441
192201
194491
190189
195329
194222
187296
194450
188201
193619
194459
194494
194462
188441
191314
188180
195329
195358
194500
193317
190201
189305
192198
193323
186180
189296
192453
191876
181347
193598
191343
178142
191314
191317
193627
185293
170976
193595
189905
193595
191040
191598
196210
190201
182434
192757
192769
191888
191902
191035
190166
191885
189041
190157
191018
191917
189038
193642
190462
191914
185026
187299
186171
183058
183049
191041
192748
191656
195384
192772
189902
193648
194508
189038
193657
193624
190192
187339
191914
189053
195382
192760
187038
193645
193689
192769
192790
191926
193648
191914
191914
175007
186183
190157
193645
191890
185026
178984
192752
189035
192743
193645
164071
193645
193607
190450
194500
193636
187041
192778
191050
192793
191926
188733
189893
189041
191902
189050
192769
191917
192781
191897
194503
193636
194512
192769
191914
191012
187000
193607
189908
193642
189893
191059
192769
191030
191050
189050
192769
192784
192784
191923
193633
191059
195367
190195
192769
194471
193639
195338
191059
191059
191062
192784
191896
190760
193990
191071
192781
193651
187041
187905
191888
191062
191914
193657
189065
190798
189905
190789
192005
192810
192772
191914
190166
189041
192793
193619
192781
188195
191917
191021
189311
188148
192743
189302
192781
191053
191905
187937
194544
153936
191053
192781
195370
191914
191050
189050
193645
193636
193616
191917
192752
193636
194509
193610
192746
192781
193616
191885
192743
192834
193648
192793
192761
191917
193683
188186
189050
189343
192784
191059
190204
191045
188186
192793
191885
192743
193648
194512
189876
194477
191938
194527
187290
191879
191926
192784
191033
191053
193651
170189
191062
190198
151037
191059
191027
187334
191900
191914
194521
190778
192743
193636
192488
193639
193619
192784
191905
188189
191914
191021
191062
192781
192772
189905
191929
188189
191062
189050
191917
191917
193665
191902
167960
191047
192781
193665
189290
191926
188766
188145
187355
192784
194512
188426
184150
190195
191914
191902
191053
189902
191038
189041
193633
190183
193346
192793
193686
191864
188786
189893
189600
187600
191018
194491
180103
191047
192772
193642
191864
191059
191917
192781
194529
193648
187293
191888
189281
193636
191864
192793
191932
191876
193610
189035
194474
190195
191062
191905
191003
192784
187308
195350
193335
191908
195376
192775
191923
192764
191021
187029
189299
191062
191917
192740
188447
191009
193666
192772
190154
192778
191896
192778
192728
191876
191914
187029
194503
188186
191905
191920
191879
191917
191024
193648
192796
191879
192772
191062
191888
191920
191917
186174
193607
194474
192772
191917
189026
191038
192740
193648
192450
182438
187038
191876
189047
193665
191908
192781
194518
196243
191876
193613
193619
193622
193610
191053
191897
195379
191888
191917
194462
193607
191914
193657
194524
191908
187032
189864
193648
195379
193577
191050
194491
194474
189014
193610
191879
192743
192784
191050
191888
192769
191900
191012
188186
192781
190157
191888
187005
191914
191920
192784
191920
191905
193636
194515
191011
191065
195370
191041
192743
191044
193625
193610
193639
191053
193648
192743
193610
195350
191891
191012
192781
188133
192784
194512
193619
196231
191893
195341
191929
193616
188704
192781
192752
192740
193631
190154
191879
182964
189893
191876
193607
188145
192784
192781
193382
190157
191900
191929
193619
188145
189844
191026
192793
191033
194515
192796
192784
191059
192769
191888
193642
192781
191905
192784
195370
193616
171061
193636
191905
190151
192752
191009
192757
191905
193595
193639
191059
191009
192772
194515
190195
190198
195367
194515
191024
191050
193607
195382
192772
192731
191908
194530
191888
193645
192772
194500
193631
193619
191917
193651
194503
191047
192731
191038
195370
178207
192755
195391
189893
192749
190159
194477
192793
193648
192775
192781
189331
191041
192781
191905
195358
194503
191917
191893
194491
192775
192772
194512
190186
193636
193612
194503
191618
191902
191009
194494
191905
193636
189612
188177
194494
192784
191627
193610
192784
194503
192494
193648
193636
194506
192772
192743
191012
193616
192737
182153
192752
181260
193648
191905
191891
191888
191888
192772
191888
193622
191917
190213
192781
191012
192772
191062
192743
193610
191905
193636
193619
191902
190225
193607
191920
191905
193648
191053
194485
192822
191911
192763
194506
194503
195361
192767
192755
195341
188213
191937
194494
193651
192222
196243
192784
194515
196234
190198
191893
192781
195326
195370
194491
195367
192784
195350
192775
193639
192772
192500
195326
191905
188739
193639
194512
192784
192784
193610
193627
193639
191908
188130
194497
195358
191038
192769
192772
191624
192784
192763
193648
189310
193610
195370
192790
193630
194506
194474
193627
193619
192775
192793
182144
192775
193651
191873
189612
195346
193648
188192
193633
192731
190728
196234
194474
192772
184165
191012
195358
191908
193343
190121
193615
193639
186180
191893
192743
184162
195367
183272
182129
193624
191893
188174
185281
185287
192793
189278
190145
194503
187872
193648
192784
189278
193607
186973
190171
192752
191014
191917
194503
191923
188985
191873
193636
192719
193648
191009
188183
191035
191902
191021
192731
191914
190154
191041
195362
195391
193648
191891
193651
191038
191065
188716
191911
184988
185017
191920
189038
191920
193651
190198
191009
191050
191065
191914
191050
194503
189905
191873
191885
191914
190154
192757
191888
189020
192740
193636
186124
193624
190757
191888
191876
189299
188752
192752
188174
189873
188183
191035
189290
189296
192769
191009
191885
192740
191035
190479
191902
191902
190186
189328
191896
191926
190154
191873
189281
191059
192810
191047
187840
192769
192784
193633
185277
191009
190171
189296
190183
191038
191038
191047
191047
190186
190171
189035
191914
191047
191038
191018
186150
191894
189328
191038
188200
189287
191890
191902
192769
191893
192769
191876
191038
191905
189287
191018
191893
191914
192740
193624
191911
187310
190171
191050
188452
189307
191876
191873
192740
192772
190183
189296
191914
186095
189307
192760
190183
192757
190142
191885
190183
191885
190195
191068
190183
190186
191914
190180
189319
186141
191047
189290
193645
187299
192778
190154
190145
189278
190145
191038
191023
191047
191039
191888
191009
190145
191050
191902
189278
191009
191030
189319
191873
191876
191047
188435
190183
190157
189322
191026
191038
191050
191914
191885
189307
189316
188426
192757
186414
192769
191038
193622
188420
190183
191059
191914
191059
188449
189038
190171
191911
191882
191074
194488
191940
191914
194515
191902
192822
191914
189348
194515
190183
188983
192784
191018
191021
192769
191902
190171
191911
191047
191926
191009
192740
191902
192781
193624
190186
191902
189299
194483
192775
192778
189328
191059
191050
192778
191050
190154
191038
191902
189316
191050
188435
190192
191047
190183
191917
191879
193601
191062
190154
192769
187887
189325
192778
172156
191035
190183
190186
190192
189316
190204
191047
189354
191079
189316
190198
191018
191044
187336
191946
184431
194517
188200
190201
191079
192769
188432
191047
191047
189328
176168
191059
189345
190183
187336
189319
191059
190192
189336
189328
191038
189328
191914
189319
191059
189316
189328
186179
191047
192807
190154
191923
192778
191926
191059
192790
187343
189328
190195
189328
191067
189334
190195
191059
189331
191914
191917
191088
191905
188452
191926
189331
192822
190192
191042
191926
190183
192781
194527
194509
191964
192769
186760
188435
191914
191914
191926
189328
176171
191938
188476
191059
191059
190189
189319
190183
191885
191062
190207
190195
189328
191062
190186
191079
190192
191917
190195
191033
192822
190183
191917
191062
191917
191926
190195
190186
190195
191059
191914
191905
192781
190186
190183
192790
191059
192743
191030
193636
190204
190186
191893
187556
191082
189876
190178
191914
190186
192784
191062
192781
192784
193636
191914
187307
191917
192769
191917
192781
191050
191902
191946
190166
191047
190798
193657
191905
191053
191920
192769
191917
189319
191050
191929
191050
189319
192778
192752
190186
191917
189293
191955
191053
192749
188435
191920
192781
193648
191018
191021
193648
191926
190195
190186
191030
191914
193636
191082
194523
191050
191056
191050
193636
191050
191934
194476
192781
191914
192790
191917
193636
190183
192769
190195
192769
193648
189307
190195
191914
191062
190207
192781
190171
190154
191050
191914
189319
190186
191946
191021
192784
191018
193633
192778
191914
191053
191050
193674
191905
191914
192772
191893
191009
191917
195396
194503
191053
191891
191050
194512
191929
194471
188449
195358
189914
193648
192784
191902
191914
193639
191050
191943
191062
192752
180213
191062
193627
193636
193639
191082
192781
193636
192772
194512
194465
195379
194494
188464
194506
196234
191636
191917
193633
193668
193648
193651
191911
193648
191012
194515
191050
195358
191905
189929
156603
191905
190183
193627
191876
190183
192769
191050
191905
192807
191943
192743
190174
192772
191914
192731
191050
192769
191038
191059
190174
191914
192769
191905
192760
191047
194450
191038
191905
191902
191050
191914
191047
191053
188452
192772
193636
192743
194491
193604
192769
191038
190171
191038
193607
194497
191905
193633
192766
191079
194500
194488
190201
187307
191893
193624
193653
192781
190186
191902
191050
190195
190195
191873
190183
189308
191038
191041
193636
192778
193636
191038
190769
191059
191905
192760
191940
191070
193615
192772
191905
192763
192769
192772
192810
193627
192781
191059
192781
193636
191914
191914
191041
191914
190183
191041
195352
191059
193633
190183
192769
190183
191902
193636
192766
191917
191917
191888
191914
189319
191030
190183
189902
192781
191021
192769
190133
191902
190186
191914
191050
190171
192810
192778
195355
191047
191917
192760
192749
191905
192778
191050
191914
193642
190166
190183
191917
190198
191045
191035
191888
191059
190195
191929
191021
191885
193645
191905
190183
189316
192781
188452
193645
191059
192752
192743
190195
192781
195367
192795
191914
191926
194503
191914
191062
190174
192769
191041
191929
192793
191914
193645
191050
192784
191050
191917
170201
192784
193645
191905
191021
192810
189302
191914
191053
193657
192784
191062
192778
190186
191905
191041
193636
192790
189334
192781
192793
192784
192793
191929
191926
192810
188464
192761
191906
174192
192799
193660
189340
191926
189009
192801
193648
191062
190198
191929
190198
191062
191012
192793
194495
192793
192796
191050
193607
191917
193633
192781
191065
192769
190177
191906
191926
192801
194506
193648
195373
193353
192769
192796
195350
192793
191926
191888
196231
193660
191050
191926
191929
193619
191065
193622
191042
192781
192752
194512
193648
196234
191065
194474
194512
191050
191053
193622
192784
191074
191906
193619
194512
196237
193651
191900
189319
194524
193619
191065
196231
191912
192787
194512
193607
193651
192758
193639
195344
192793
191891
192752
194489
194506
193598
195376
193622
191900
152216
187317
194515
193660
195367
192784
191920
163091
193660
196222
193648
192822
194512
192740
194506
194497
191018
192752
187310
191021
194503
191337
187029
187296
195329
192764
195317
193624
192210
191050
187284
188189
188186
192450
189305
191905
192213
191917
193627
190201
188189
193627
191627
191624
191876
192772
194462
188195
197115
196222
192772
191888
191917
193610
193619
194506
193627
196234
183320
194503
190760
192760
193598
192784
192769
193636
191021
192477
191888
192781
192781
191888
191050
193616
195376
195335
191926
193651
192500
189050
192793
194515
192781
192790
193645
192503
193645
192764
192813
191888
193636
193648
193610
194512
191885
191038
192752
191917
191920
191891
191926
195367
192787
193636
190195
192769
191888
191897
191021
193657
192796
191062
189314
191030
192752
178192
193648
193674
193636
191045
191059
191935
189053
192793
192784
191897
191033
191917
193628
191062
190178
190178
194512
191944
191071
194512
191929
188468
191909
192790
191071
191897
192796
191941
194515
191021
194483
191926
191912
191888
191912
191935
193636
192243
192781
191050
191021
191062
189311
190163
191912
193648
191036
193619
193640
192793
190178
192761
191030
191033
193616
191917
189033
195338
192755
192778
192755
194521
192802
191917
193660
191900
189622
191033
191030
191897
187021
192784
191885
194483
191897
192764
187610
191045
193631
187076
192776
194512
190198
187317
174204
191929
191057
191033
192495
190178
190198
191048
191950
191929
191024
192796
194536
191054
191917
190178
191912
191021
191045
188222
191929
180877
189361
193660
190207
190195
194524
191938
191938
193660
188228
189314
191926
191074
192831
192796
191669
190216
192796
191930
191938
188450
193628
192767
192764
191083
192814
191074
190207
191929
192793
191083
191912
192793
191938
191929
191077
191897
193657
192802
194521
188488
193669
192793
191042
191062
189323
191074
191967
191083
191947
191071
191083
194524
193669
191077
191909
193652
184473
195391
192772
193660
191929
193672
191074
193631
189622
192793
193672
193689
192547
191929
191929
192796
191926
192793
193660
194512
190169
193672
192805
192831
191950
191065
192793
190181
194524
195370
192793
192515
190190
192834
191062
155761
154603
192784
193663
188467
192796
193672
190181
192822
192796
191074
191944
195420
172820
194553
191062
191926
192246
194515
191946
191926
193645
191065
192793
191932
192796
192825
193651
192767
191950
195420
192527
191041
191050
192796
192784
193651
191062
193677
193651
191941
191932
191074
194553
193660
192796
193689
193643
193660
192779
191083
193657
190204
191062
194530
191062
191065
190195
191045
191929
192805
197118
185079
176799
189352
194535
189352
195372
191074
191074
193689
195109
191091
192825
194556
191926
195382
193665
192793
188630
190207
191929
193648
194523
195370
193698
194547
194538
192772
193663
193666
192793
191680
191109
193663
193663
195112
194553
192796
191955
191929
193651
191091
191926
189355
192784
193643
191900
193689
192796
194556
191086
191045
193402
191062
191900
193631
194474
191941
192814
176886
193669
192793
192805
193657
192793
191926
193651
190207
192825
193672
181088
191920
193660
190207
191958
192793
191929
193648
190207
187583
193668
191929
190227
194524
193636
188467
194532
194515
193660
191082
192793
191929
192781
191929
190181
192781
191057
191932
192790
192761
193651
191083
192793
192776
191912
193651
191045
192796
191920
193651
191909
192755
191050
193659
191943
191926
191929
191062
190207
192802
192781
191059
191033
191924
192793
192805
191071
193660
192793
191950
191929
191950
191941
192805
191950
190207
189372
193669
193660
191929
192793
191929
192796
192779
194524
192805
192796
190210
194515
192793
193648
191929
191083
191909
191909
191929
192781
191077
191917
191929
191929
191042
191065
192776
191938
193668
188476
191938
191071
191938
192793
191897
193669
191900
191932
192767
191929
191932
192802
190210
191929
193648
192813
193660
191929
192796
192793
188743
193648
195364
191074
194512
191062
191926
192776
191074
191929
194532
191958
190190
192793
191917
192793
191050
190210
191917
192814
190207
191926
193669
191938
191094
191088
191062
191941
190210
191938
194512
193657
191062
190236
192822
192805
192784
192793
191033
192825
192793
191071
191950
191967
192805
191062
191062
193657
190207
192796
193660
194512
193651
192805
192796
193640
194524
194524
195379
193639
192764
194515
191926
193660
191929
191929
192784
192793
185337
191900
191045
191929
191065
193669
191033
192755
191053
191074
190198
191083
191057
194503
193657
193660
193660
191065
191909
192767
193648
192796
193660
191065
191900
192772
192805
193622
192805
191053
191062
192784
192784
191941
190189
192796
191053
192784
193651
191885
193657
191923
192805
190166
193648
193648
191938
193660
191929
192796
192793
192752
194521
193619
195341
193631
189036
193628
194512
195347
194486
194518
193610
195367
191024
194503
194512
192784
192793
193619
191917
193631
192784
194495
191879
193619
191033
195379
196255
192474
191888
191900
195341
194483
191903
189897
171963
194556
191900
191929
192764
193607
192772
193648
192752
192796
192784
193631
193631
192784
192793
194512
191938
193616
191074
195379
192784
192767
192764
191929
191071
194524
194564
192781
194512
192796
191938
192796
193622
191033
193660
192764
192796
192796
193660
191059
195370
195379
192764
193636
192772
193648
191065
192784
194483
191941
192784
196231
192781
191947
192764
191917
191926
193677
194503
192515
190198
192790
192764
192755
192755
191065
195329
192660
192784
192784
193640
191065
194512
194503
193707
193437
191929
191955
192830
192822
195428
191970
194529
194553
192845
194544
191934
193680
192822
192813
193668
191062
195388
191979
191091
191938
193677
191958
191944
193642
193660
194544
194553
175951
193677
192796
190186
192810
191062
193610
191900
193645
194509
192793
194524
193648
194503
193651
195355
194515
193660
193660
191036
192793
191941
191941
191926
191074
192764
191074
190187
185362
191923
191920
191944
193651
190494
192462
194474
191926
191929
192802
193648
191897
191042
193648
192805
192764
192781
195350
191929
192772
191074
193648
192784
194509
189876
193648
192755
195391
190772
193631
192781
193631
191900
194486
193622
193619
191917
193651
188772
191903
191320
194515
192772
194474
195379
147761
148654
154654
154582
161698
172820
138676
173924
145777
156926
191908
192789
158953
187052
162971
187327
162983
164977
157834
157828
188434
188455
187333
189351
179294
182422
183268
186422
189348
183310
184467
186467
188476
186440
189340
191086
186464
190219
186215
188447
190195
191059
185568
188444
191030
186464
190157
188142
185532
190180
185586
191021
187568
191006
192764
191030
191911
189876
189299
189882
180180
191036
188728
188491
191912
181296
192767
191921
192770
180186
191024
184470
189874
192787
191048
191036
191024
188204
191074
191074
192796
192808
191929
164177
191914
194518
191033
192784
193660
194518
193648
191601
192775
194498
191888
193651
193619
194518
192784
193639
192234
195373
193651
193639
192784
192755
188192
194465
193338
193651
192775
193619
191044
194491
193610
195338
195118
190201
187076
194213
194213
194207
188207
194222
192772
196225
194216
193639
194474
192755
191603
195355
194474
194512
192491
194210
189088
194213
195358
189082
194491
194225
196219
188204
196237
187073
194483
194506
181067
189905
190216
188201
191908
193346
194491
195106
195127
197115
192763
191100
194494
190192
189334
194491
189097
193677
194506
192760
188201
195346
194506
195367
194474
192772
192793
193636
192772
195370
192781
193665
192784
194494
191929
191074
191917
193648
193636
194512
192825
196263
191929
193660
191958
194529
191932
191946
194503
191903
192793
193672
191917
194500
192781
191900
193672
192808
191917
192790
193660
193642
194486
191053
193651
191929
191350
193654
192784
191053
192772
193645
195358
190479
195367
190201
192772
192752
190801
192781
190760
194512
193607
190479
194515
193636
193648
193627
190781
193636
189905
193627
192755
192740
194471
193651
192760
192784
193631
191071
192743
192772
192781
190154
191062
182180
191065
191920
191641
193648
194503
191917
192781
192776
192805
191929
192831
193689
194515
191065
191929
193689
191929
193645
192509
191938
193657
191074
191909
192796
191358
193639
193680
191062
192784
193639
192822
191955
193657
191917
191888
195379
192773
191917
191908
193657
191908
191896
191053
191636
193636
192784
191905
189905
192755
185884
192790
192793
191897
192813
192518
193680
193651
194518
191917
195382
194532
191932
191938
193671
191938
194515
193660
193636
190760
195370
191926
192764
193660
195367
194535
193668
192822
193689
192793
193651
192793
193669
191949
194518
192801
193648
194515
193648
192760
195361
196237
191387
195382
193665
193651
194512
192772
191917
192781
193677
194523
190470
195370
195379
191946
189855
194222
192781
195379
192772
193648
194524
195379
192813
192813
191926
193648
194524
181076
191929
191955
191082
194553
193619
195370
195370
194515
192813
192787
195376
191917
192781
193681
194553
191651
192813
194544
167975
194541
172856
191917
195382
191100
191941
193631
190227
194527
191648
191917
191917
194518
194486
192781
193648
191917
191917
187636
192784
194515
191062
171972
192801
195382
191917
192772
192784
193639
194512
193639
192807
192784
192784
192769
192792
194515
192781
193636
194512
193680
191929
193648
191932
192775
190781
191908
192767
193651
192781
194486
193648
193648
195370
192755
191888
194512
193619
186222
191926
193680
191888
192813
191917
191929
193645
195370
195388
194515
194503
193668
194503
192764
194544
192784
192822
192743
195399
193677
194535
192772
194503
193668
192793
191926
193648
191920
193651
192801
192491
192784
194518
195367
193689
192781
195379
192781
196246
193651
192784
191888
194515
192767
191041
191062
193648
191888
192222
192784
191920
194515
191932
193660
194515
194515
193648
193648
193648
187348
192503
191891
193607
191917
195364
193648
191917
195367
192784
192787
195393
192764
193648
194512
191062
194506
192781
193680
193689
192825
192781
192787
191938
193636
194512
192784
194544
192743
192810
194524
193622
194506
192764
193648
191920
192772
193636
194474
192781
194547
193610
192813
192810
190227
195382
195379
194506
192793
194544
195382
194515
196231
194500
192796
189351
194503
194457
191053
194462
193680
192781
194474
195358
192813
191867
193636
193610
194500
194486
191908
192781
193639
191905
193607
193636
192746
192781
192764
192752
194515
190189
165311
195382
195341
193622
192784
192752
195358
196225
195347
195326
194486
194544
192784
192755
192743
193648
193631
193639
195396
194503
192784
194503
185325
194515
191358
193619
194544
193613
190734
195370
195402
194468
195329
193639
167088
193627
194515
193619
191918
189364
191051
189320
187622
191053
194512
192772
191012
191888
192781
194509
192767
192793
192772
195353
193648
193636
194518
190169
195370
193651
193645
190763
194503
193607
192801
194506
195394
192772
191074
195341
194544
194500
195370
194506
192801
192781
192784
186494
192784
193619
192784
192772
191920
190166
193619
193338
195341
196237
196225
194515
192479
195399
191920
194506
192772
195358
191888
191920
194503
192813
195367
193639
191926
190175
192802
192795
193648
192781
194518
191912
192778
193668
192784
194515
91723
191038
193636
189908
195367
193616
192769
191905
195358
193648
191317
193106
190482
193627
196225
196234
193627
164189
194474
195358
194213
194222
193343
191326
89011
172636
172645
180645
191665
112300
122333
154486
148429
179282
183061
187085
191926
194503
193636
192781
194521
193674
191118
194508
195411
193648
197118
195367
193648
192781
192793
192781
196254
194547
194512
192793
193370
193651
191024
195376
193663
192781
192775
194515
193402
191958
191082
194556
193642
193680
193631
195370
191932
183076
194524
191062
195341
191057
195382
193619
192234
192243
190225
194506
196243
192772
194483
191598
195379
193648
193639
191929
194535
192772
190450
193648
193668
192784
193651
194474
192784
193630
194483
190198
192225
191908
192767
195370
191033
194512
194524
191639
194512
192793
193651
190178
192781
193648
188216
193607
191891
192781
192796
195376
194503
194503
194503
193106
195353
194500
194515
194503
195370
195370
194515
193639
189290
191041
195361
192775
190215
194474
192796
192743
196234
193115
195370
195379
191914
192769
194474
195379
191929
191946
197127
196243
195396
191920
195399
192213
194503
194491
191943
193387
195370
196231
193680
191955
194512
192796
191926
191920
194527
191917
193622
194503
192787
194515
192793
193616
192793
195373
193639
191946
192793
194541
178204
193648
191926
191929
193648
196222
194520
193674
194512
193677
193619
195385
195408
193610
194553
192801
191091
192793
192793
195382
193636
192793
192810
192784
196263
192225
193660
195399
195399
193121
193648
194503
193662
194532
191937
194251
191091
192798
191908
193639
193668
189348
191917
192743
192781
192772
192796
194515
191929
192790
192784
194512
188476
191923
192772
191917
191940
193672
195396
194524
193680
188201
192813
191917
191088
191917
191929
194532
192810
191938
193665
194532
191926
191946
191062
194515
194515
193674
191074
193619
190207
193639
194503
192813
191074
191920
192790
191071
191946
194532
192790
192790
192793
193674
191917
192793
193648
191077
194524
191955
195364
191062
192834
192796
190224
190793
191062
190198
66580
192781
191059
193680
191914
191059
191039
192822
190198
191917
193648
193677
191938
193651
192813
187094
194544
193648
196239
192801
192813
187109
193677
192810
194532
192781
194512
193639
191938
194524
193689
195399
192793
191053
192793
196266
194503
178216
191941
193686
193695
192784
192802
194536
192793
192822
194532
193660
193680
194515
186219
190491
194532
194553
193657
193660
191934
189360
191958
194515
191958
193680
192825
190216
192784
194541
192781
191929
193701
193668
192778
191955
191071
191946
192784
194515
192781
193686
191062
195382
194526
193630
192781
194532
193660
191949
191926
193645
189351
195370
191926
192793
189352
191065
191938
192805
191080
190207
192796
194553
194509
194550
191059
193680
191071
191938
193657
192796
191071
191074
194503
185624
191071
191958
194544
191062
191062
191938
190219
192813
191082
193645
193657
192787
192790
191071
191938
191074
191929
195381
194532
191926
192784
191938
191074
191926
191926
192781
195376
190216
191059
190769
191071
191917
191059
194529
191071
192813
190175
192769
192784
192793
192793
190178
191071
191926
192767
192790
191935
191929
191065
191065
191926
193651
193657
192796
192802
190207
191094
194544
193669
191103
190228
191950
191923
194553
191071
194521
191062
191917
193657
191950
190204
188464
191917
191941
193622
190210
191062
192793
191053
192805
191926
192793
190204
191079
191062
193645
189319
194503
190169
190192
193604
192793
191929
193613
195367
191074
192743
192793
190198
191917
191938
192796
191929
191950
191065
194495
192822
191932
190781
191071
191929
187636
192816
191074
193636
191062