6145536
5740431
6263015
6191123
6317586
6173114
5155057
6181980
6100083
6596470
6109737
6253868
6748441
6190790
6532785
6271780
6127676
6533215
6415891
6316180
5785983
7298315
5758411
6290196
6253509
6703842
6505789
6010642
5047207
6766958
6136456
6712884
6353238
6289973
6388402
6820607
6973786
6830481
6676896
6046443
6290203
6893300
6416198
6109587
6767261
5551688
5254517
5893607
6722361
6585987
6073498
6199616
6316360
6640273
6424799
6487830
7243739
6668480
6326252
6118292
5605759
6766844
6739470
6595949
5983531
6613572
5831234
6091113
6695030
6361805
7181790
6443137
6731081
7082268
6803054
6542629
6173023
6604070
6946974
6217549
5424927
6055674
6253823
6262818
6379581
7001238
6047015
6893035
6225944
6344070
6262588
6766898
6145826
7000576
6443014
6181816
7334526
6640812
6181776
6307743
6379823
6406924
6109316
5803898
7325199
6460222
6136824
6649800
7028211
5686299
7091192
6262673
5740620
6767262
6180906
6199858
6920060
6370618
6280680
6857263
6820845
5974758
6379528
6010097
7424685
7225733
6478280
5740531
6460417
6631451
6488065
7496046
6614053
5965734
6991980
6470284
6199595
6739882
6929417
6127484
7144884
5965202
6019509
6362189
5857586
5938017
7523311
6586527
5713468
6946825
6055358
6902060
6955698
6461494
6523513
6074054
6316253
6713210
5542179
6865625
6406820
6307104
5902626
5839672
5136642
6712423
6739472
6983178
6623299
7045664
7118050
5722180
6370756
6956002
6929322
6056008
6595596
6776064
6874950
6208584
6487601
6568598
6154993
7388229
6631980
6605278
6505435
6964979
7271185
7028081
5451994
6856932
6217370
6668092
7541506
6199733
7333909
6910705
6685435
6982769
7019166
6253589
6902123
6587105
6190497
6811999
6866509
6640839
6866072
7091334
6523987
6883978
7046206
5695529
6640595
6064259
6460959
6686092
6550548
5542109
6370349
6983319
7433278
6730880
6874932
7271156
6964924
6704187
6479084
6406489
6343524
6847932
6389037
6820846
7667070
6479069
7000773
6406719
6541612
6874983
6874718
6523371
6208659
6892730
6550841
6703812
5929547
6677106
7145027
5911878
7396801
6163296
7054699
6956030
6550213
6874620
6820309
5776903
6235640
7171983
7495970
6325699
6046588
6226725
6235140
7081865
7000710
7451065
7190167
6587330
6784814
7252850
7370046
7433168
7532297
6325538
7163141
7117527
7253009
6442649
6883630
6748931
6640892
6470115
6100946
6668131
7243990
7811437
6037218
7072811
6902187
7108947
6054949
6802951
6424403
6343714
7054967
6884266
7208418
6910804
6928828
6811588
6703956
7306511
6551090
7180553
6685667
7424158
6667652
6884206
6866281
6884041
6749117
7009575
6749240
6460872
7064068
6100042
6586744
6236014
7207815
7370177
6631476
7145064
6568613
7100138
6829344
6838767
6712486
6793988
7451310
7055061
7307017
6848036
7199022
6956013
7073275
7324690
7279518
6613740
6911309
7270839
6550563
7189870
6586578
7424280
6505862
7036885
6856908
6820595
6955633
7883228
7271013
6271458
6514796
6568499
7099806
6416234
6911137
7117870
6532474
6946868
6892703
6109420
6631479
6730692
7072859
6659186
6712921
6550951
6578014
7180927
6767151
6541693
6748598
7118006
7793009
7414890
6847850
6280517
7037136
7180435
6433943
7729842
7387941
6253341
6766795
6649244
7792855
7630779
6722503
7172273
6569227
7189945
7207964
6946702
6352973
7640005
6937765
6955960
7631200
7712150
7054779
7199146
7586385
7000995
7181200
7595127
7648850
6758129
7172637
7216873
6937826
7072295
6793991
7154044
7028010
7063711
7577258
6721640
7487170
7027961
7405464
7180826
7234913
7136440
6118671
7028256
7162987
7577222
7009928
7550018
6766503
7360488
7235051
7694074
7109028
7415365
6920193
6991577
7289408
7270981
7216927
7072919
6416106
6838736
6901773
6856281
7414974
7478099
6820700
6938020
7109207
6991802
7342797
7045647
7883057
6829774
6388975
6389085
7577183
6856951
6848134
7307201
7613059
7207971
6964412
7405841
7342871
7478233
7325089
6829607
7046097
7144449
6874772
7505352
7603600
6964820
7433157
7108901
7513606
7369746
6910663
7928298
7451006
7018503
7477898
6893077
7522987
6965098
6676851
7514103
7342895
6946846
7036839
7117945
7378973
6991737
7001297
6874982
6695102
7117626
7244456
6613616
7360898
7388235
7603989
7090934
7262350
7216537
7702740
7037027
7558787
7279801
7343116
7396656
6604555
6937414
7117198
6307274
7243939
7621765
7117764
7729861
7567505
6874769
6974115
7063960
7469121
6956466
8036219
7684955
7738812
6514631
7343231
7414894
7091119
6866044
6712982
6974007
6892723
6857140
7172078
6730862
7018514
7118340
7558991
7280055
8153362
6613392
6658694
7478415
7162787
7090780
6883593
6946422
6677456
7190106
6856806
6937788
6721754
7342645
7072935
7270350
7261976
7126716
7423963
7955353
7441482
8342500
7333823
7765984
7171708
7396911
7154270
7099987
7523071
8657070
6694767
6641067
6757654
7252873
7109026
7631477
7460272
8107808
8081093
7459732
7766161
7189952
7189978
7019413
7820053
6721362
6739890
7144381
6586369
6883620
6721492
7343036
7793080
7099926
7630766
7279651
7568019
7000971
7666548
8558317
6775799
7433189
7640304
8260919
7406213
7333804
6811516
7001276
7864937
7765842
6865889
6964765
7109127
7712182
8027077
7819956
7514055
7973213
7360971
7675684
7297419
7135642
7396931
7045658
7766096
7801444
6739840
7415664
7423620
7504930
7658306
7252825
7972775
6820491
7963818
7549932
8350933
7315785
7270657
7036218
7198996
7531950
7270578
6847404
7693766
7450675
7567572
6739819
7477638
7766265
8630147
8045019
6244692
7280171
7540999
8170503
7522637
8198122
8090072
7918499
8656894
7126733
7847068
7289266
7459587
7955203
7441938
7568357
7162634
7603996
7388205
7702822
7648712
7297816
7279930
6964834
8027244
7748095
7414951
7639753
7504914
7567492
7135921
7784118
6964577
7081826
7514066
7774929
8152978
8053796
7189853
7117812
7036595
8090113
7081577
7486602
7945782
7757154
7684680
8036143
7594963
7981567
8098502
8198204
8053970
7343103
7540608
6586415
8063056
7576780
7486842
7927664
7460159
7514104
7919203
7018828
7226170
8153084
7747999
7351510
7747773
7828696
7748427
7540738
6847774
7828959
7621965
7837799
7144161
7856022
7666978
8170940
7810829
7576822
7793273
6694121
7631109
7829143
7126964
7468766
8063180
8098921
8009098
7747600
7801581
7396476
7990619
8413707
7657934
7711896
7252738
6586512
7477745
7198190
7693741
7559185
7306787
7846833
7765747
7855633
7378491
7451026
7252758
7288771
7747751
7108581
8188796
8134699
6604604
7567793
7486870
7126711
7378993
7811257
7153544
8279012
7981756
7549711
7829137
7739043
7180837
7639430
7432654
8432175
7405329
7441298
7612361
8098740
7613085
7253200
7865021
7460006
7477790
7577014
7594603
7730080
7081829
7648274
7766037
8630169
6721296
7082086
7838203
7360454
7622003
8045150
7919445
7360710
7477392
7468729
7549912
7729613
7504808
8297095
7235057
7288833
7756836
8180241
6946928
7072495
8053866
8017871
7207838
7621686
7946456
8108036
7991167
7927998
8035658
8332892
7820213
7306463
7180569
7532379
8494954
7603396
7603909
8125608
7900724
8063271
7189565
7684925
8107759
8036178
7747795
8053701
7468651
8152678
7981855
8036066
8215834
7621502
8261178
8269636
7837923
7847323
7874011
8171130
7477573
7577011
7864820
7811220
8828188
7883164
7954810
8377845
8027113
8594146
7936659
7802031
7900698
7126608
7424229
7387670
7585808
8279107
8018033
7838504
7684758
8107647
8513132
7658249
7396771
7802106
7892040
8008711
7936928
8413822
7585859
7324238
7792912
8674993
7648885
7927394
8080996
8144072
6928467
8071772
7873881
7585999
8584788
8045314
8162233
8107855
8027247
8098555
8962725
8044948
8134920
7900944
7846818
7936507
7171405
8324329
7505238
7864902
8251928
7865047
8053961
8036146
7253219
7972884
8261166
7405613
8224935
8251888
7711479
8296747
7882618
8270113
8189208
7972402
7550072
7891773
7540683
7657758
8224612
8152903
7081406
8035746
8053865
7684782
7919112
8117293
7289033
7630830
8738526
8504320
8404924
8170636
8108003
7604164
8171198
7558777
8827638
8008897
7369935
7964124
7811166
8333039
8188572
7567703
8180159
8360150
8567361
7981942
7540843
7685468
8441198
8441281
7684559
8098819
7730029
8188687
7810821
8431710
8143954
7765832
7648811
7144871
8126157
8035663
7594536
7819826
7693772
7603867
7801621
8413941
8251848
7873832
8063171
8665857
8206860
7531616
8494880
8458925
8125938
8260818
8666068
7837614
8512764
8134349
7666811
7657218
7810668
7900953
8017805
8530628
7819595
7234549
7774796
8369112
7567863
8287920
7738988
8017851
7910374
8116931
7945768
8675146
7810528
8378013
9052926
6955172
8053591
8018155
7918787
7829155
8845952
8089459
8134771
7900530
8288068
8476963
8162151
7810757
7972553
8153437
8270101
7945918
8315086
7981592
8350925
7675650
7883148
8071773
8351574
8324353
8494822
8089990
8567023
7576634
7343015
8891051
7991248
8252490
8171751
7900652
7891352
8171355
7909991
8278580
8278871
7630948
7765704
8468103
8188811
8512904
8279149
7486369
8089959
7936773
7325072
8980952
8431775
8342217
7900668
8135006
8440989
8503866
8540139
7594710
8737976
7801781
8332586
8234198
7549547
8143967
8899985
8818887
7622052
7937068
8909055
8675100
8566992
7675303
8369438
8702126
7909720
7855700
8045295
8468208
8323535
8683756
7927647
8485778
8251717
7810956
7990362
7883194
8080587
8647796
7315435
8512722
8404771
8683789
8801090
7981986
8395560
7973306
8107638
7990637
8152622
8297129
8521528
8215910
9097774
8656810
7567912
7928325
8206517
8449757
8260598
8243209
8503901
8549087
8188918
7720872
7991339
8458597
8702345
7774872
8188841
8000237
8503955
8108236
8395754
8405321
8620685
8584505
8710787
8161563
8224990
8522377
8485931
8314585
8791856
8350956
8251288
8278975
8242572
8000738
8459418
7954951
8413577
8387033
8215825
8161480
8765042
8314836
8846161
8584738
8288143
9367846
8161977
8630036
8342442
7937277
8116523
8450059
8252005
8017947
8405026
8548818
7621802
8522471
8152647
8395434
7955303
8152615
8810160
8548834
8116982
8413678
8738116
8450096
8180065
8342032
8818584
8450617
8054300
8872895
8548999
8458898
8369008
8657032
8224667
7874294
8584836
7918696
7847203
8602994
8764920
8341907
8261009
8431695
8602602
8774185
8080624
8360092
8350986
8621280
8413806
8666002
8162388
8233714
7982118
8431515
8873007
8117172
8738103
8134581
8206605
8593637
8602895
8540229
8081008
8477307
8279020
9187915
7765630
8260975
8810192
8089674
8008591
8054859
8432420
8297062
8440960
8998847
8521919
8459355
8954504
8692808
8701620
8180416
8692887
8324222
8872919
7737979
8252123
8657246
8369135
8026915
8036389
8935825
8674687
8738242
8324423
8062739
8855179
8044071
8584658
7810836
8477278
7937176
8783124
8935817
9142898
8512486
8099616
8369009
8738052
9089667
8809696
8755633
8008902
9269348
7991228
8494815
8224660
7927774
8197808
7783653
8162032
8198141
8306265
9196770
8540912
8188645
8486048
8864221
8306309
8593540
8710887
8747294
8720587
8179542
9043906
8395759
7847313
8512554
8972137
8737485
8252083
8422957
8431986
8206487
8782737
8458751
8477008
8306129
8269463
8395691
8971873
8189246
8747109
8107832
9007833
8908630
8611836
8333075
8620653
8576177
8855253
8522065
8477580
8747036
8602780
8702729
8630069
8629880
8504208
8315230
8540104
8648112
8566856
8630128
9187887
8234069
9124846
8404842
9061871
8485682
8512960
8936047
8423186
8521944
8603095
8639181
8980877
8225543
8638745
8405173
8467454
8746785
9097934
8197982
8486541
8612166
8224740
8962828
8162115
8116549
8908687
8350300
8683649
7928020
8630092
8810085
8324658
8530983
8287779
8800923
7945860
8305696
8881737
8486251
8431828
8720391
8935504
8800994
8233884
8863552
8603073
8666453
8531484
8972116
8261097
9098213
8476406
8423575
9107324
8638791
8864035
8170946
8323983
8450069
8756109
8891028
8908746
8368858
8899828
8818832
8369681
8863756
8557712
8540018
8666057
8503816
8872759
8018785
8729698
9125255
8342006
8701776
8413897
9188017
8567030
8531977
8081140
8909410
8162386
8917976
8656683
8477838
8792377
8773982
8900645
8864454
9188036
9287158
8917822
8522895
9044408
9007892
8971720
8863814
8675177
8278921
8917898
8900201
8782854
9097875
8179820
8539550
8882017
8728831
8477081
8458934
8809947
9079614
9530264
8693356
8413612
9062037
8882528
8702265
8621000
8746728
8800647
8242982
8657183
8630163
8755662
8846348
9143156
8683555
8441060
8998991
9178931
8837529
8998657
8881890
8621792
8414153
8836877
8477172
8737535
8666143
8792039
8800868
9323243
9125325
9061622
8701809
8729097
9107065
8954114
8873110
9314084
8845691
8476745
8701807
8521934
8612340
8954671
9088783
8441155
8503586
9052846
8656981
9160812
9070895
8891337
8944464
8909158
9151768
8674934
8944638
8756065
8458558
9403762
8882282
9385555
8989839
8927286
8863607
8990057
8855559
8603217
8728714
8549139
8845946
8513108
8846094
8522213
8639222
8549320
8575991
9259783
9169919
8774198
8873085
9466633
8503949
8900336
8675036
9080239
8468122
9115974
8828172
9241615
9152208
9034814
8927528
8989799
9098400
9170044
9125245
9080099
8990177
9070826
8881890
8872713
9206006
8459032
9151788
8981169
8746734
8512539
9439652
9277976
9196754
8567399
9412742
9133605
9268983
8648011
9268533
9340678
8890898
8926574
9412838
9232867
8909368
9197745
9134087
9286942
9088731
8801532
9143342
8765062
8962454
9116421
8639296
9511896
8899938
8773944
9223911
9340955
9358617
8953771
8927097
8783625
9142856
8737840
8980902
9224098
9151663
9170850
9187877
9430661
9070935
9052926
8792167
8837069
9053037
9133714
9241726
9008583
8971981
9043979
8495213
9152139
9089231
9340693
9026120
8593917
8936195
9367920
9475821
9250529
9214858
9035077
8890353
9107490
9179028
9259968
9296435
9431063
9125499
8765105
9511611
8773656
8855576
9511766
8891016
9259856
9431263
8936220
8702387
8881927
9269057
9134166
9125380
9269029
9350042
9368509
9268767
9232681
9008270
9314152
9025551
9296237
9322720
9232919
9187717
9367970
9035942
9368107
9152724
9016937
9215328
9484662
8963366
9350217
9016901
9359041
9142719
9350092
9556907
9214838
9224340
9080149
9565553
9602015
9583608
9223999
9242197
9223900
9260235
9313770
9152614
9035231
9340592
9385940
9080096
9331732
9116330
9044327
9152257
9296263
9557066
9223876
9367504
9295863
9223800
9556792
9268894
9637900
9179484
9331931
9503258
9286555
9637800
9476276
9466649
9007984
9386415
9340879
9242071
9026281
9386091
9701333
9610864
8962737
9098180
9385328
8846543
9431021
9377038
9151958
9314581
9151816
9565874
9440109
9430713
9188280
9161008
9089330
9367728
9269122
9215285
9268655
9385916
8926879
9619787
9251711
9287004
9413664
9260367
9115753
9449745
9655853
9592925
9574874
9448634
9475853
9439944
9655985
8593960
9403581
9187927
9467029
8980661
9215336
9143043
9638254
9664804
9467891
9709788
9575204
9637920
9043738
9277565
9368297
9205809
9115620
9529994
9700833
9025617
9592452
9682749
9278062
9457798
9628859
9367569
9565913
9484840
9593124
9314256
9494149
9674004
9449431
9134397
9529906
9088862
9449103
9556772
9341285
9574846
9601743
9521503
9592881
9601732
9565681
9512404
9403980
9494279
9601624
9394514
9422086
9529617
9323203
9565898
9242221
9358680
9745849
9710182
9287585
9161328
9529834
9440240
9701008
9601666
9592834
9682873
9341121
9592746
9530053
9448959
9772665
9196990
9575000
9457743
9422027
9565662
8900256
8999689
9602058
9566392
9637885
9709856
9611037
9079704
9268992
9547873
9682702
9611103
9691609
9566573
9404398
9314301
9503631
9593161
9062064
9592697
9772824
9781533
9646935
9547963
9790703
9728255
9629038
9808721
9467263
9871710
9719022
9511785
9368096
9700556
9592736
9692054
9304863
9719037
9458532
9700854
9575046
9736711
9629300
9161275
9314675
9431152
9763742
9673598
9691977
9467187
9817788
9511964
9619905
9637855
9646834
9772835
9664919
9728198
9575207
9628807
9583843
9575016
9755280
9359272
9592757
9593143
9539098
9520756
9772948
9673911
9485181
9700799
9881051
9592844
9800029
9781721
9700585
9808873
9602058
9791057
9691986
9701290
9502708
9574810
9799791
9628860
9808896
9826878
9530736
9889867
9620138
9691831
9692494
9629370
9808580
9907809
9709979
9521049
9880929
9664878
9313747
9745867
9709849
9763949
9880717
9889771
9629606
9862915
9638334
9701326
9844840
9700918
9808932
9907988
9808805
9835934
9422450
9620151
9907805
9799957
9862692
9772746
9800036
9880918
9763891
9772943
9799833
9898937
9907993
9683189
9656263
9773333
9808449
9692166
9791088
9638235
9907769
9898945
9450034
9754934
9907932
9835762
9844827
9907850
9683407
9629323
9683220
9835817
9781823
9638563
9791010
9782081
9808794
9800136
9835999
9907977
9908000
9908000
9908000
9908000
9719444
9791181
9818072
9647521
9844883
9773094
9836050
9746300
9889821
9674430
9907866
9907952
9692409
9782085
9907772
9781943
9782187
9907904
9907956
9782135
9907808
9908000
9898849
9907871
9907888
9907968
9908000
9809145
9907690
9907954
9907993
9907993
9907992
9908000
9854068
9907942
9908000
9719340
9907924
9737272
9907992
9907976
9908000
9907948
9844934
9907848
9907895
9764102
9602475
9844943
9710335
9844958
9907860
9907964
9728184
9907774
9737262
9907755
9889725
9737006
9907579
9907781
9907952
9907941
9907915
9755108
9907685
9907883
9908000
9908000
9908000
9908000
9908000
9908000
9907868
9907887
9907952
9907963
9908000
9907984
9907972
9907976
9907980
9908000
9907815
9907849
9719194
9817922
9907976
9907986
9908000
9907950
9908000
9908000
9808987
9844804
9907800
9746203
9763946
9907719
9907832
9907884
9907906
9907988
9907785
9907952
9908000
9907996
9907988
9908000
9908000
9908000
9907968
9908000
9871985
9907940
9907928
9907976
9907984
9907882
9907864
9836023
9692228
9898788
9809124
9907827
9907928
9907984
9907988
9907960
9907882
9907956
9908000
9908000
9800194
9898690
9899001
9907993
9764111
9889831
9907747
9907776
9907854
9908000
9799948
9907976
9907968
9908000
9908000
9907968
9907976
9907960
9907846
9907932
9746336
9907804
9719116
9907798
9907788
9907940
9907988
9907976
9638456
9907824
9907854
9907907
9907951
9907952
9908000
9908000
9908000
9908000
9907920
9907949
9845028
9907866
9907941
9907976
9907904
9907912
9907773
9907878
9871871
9844844
9808892
9799946
9557687
9665486
9566919
9835942
9907872
9907897
9907976
9908000
9836110
9907815
9907982
9710245
9907582
9907767
9737315
9898759
9907724
9907827
9907675
9907935
9908000
9908000
9908000
9907980
9908000
9907964
9907972
9907992
9889834
9907959
9907973
9907879
9907952
9907867
9907918
9907932
9907948
9701147
9880633
9907628
9907758
9907774
9907826
9908000
9907800
9907797
9908000
9908000
9809081
9907912
9907935
9907841
9907879
9907901
9907912
9907877
9737136
9853826
9692418
8612866
9826792
9907848
9907674
9907834
9907852
9907865
9907964
9907946
9862923
9907930
9907944
9683581
9809001
9907808
9907874
9907980
9593559
9871899
9827023
9880761
9763775
9907761
9907611
9907802
9907971
9908000
9907952
9907944
9907790
9719266
9674384
9907737
9907857
9907896
9907859
9907908
9907832
9907916
9907867
9907908
9907873
9907934
9907864
9907823
9836139
9369195
9790878
9907830
9818028
9907850
9907858
9907778
9907879
9907939
9907848
9908000
9907840
9907898
9907737
9907949
9907896
9908000
9871994
9611318
9907736
9907844
9620600
9853831
9907696
9907841
9907876
9907659
9665271
9907795
9907771
9907888
9907886
9790902
9782057
9907812
9881011
9907749
9907780
9907692
9907780
9907793
9907874
9907717
9737109
9907740
9907823
9907762
9907773
9907782
9907788
9907713
9907842
9907855
9746155
9827073
9907848
9907828
9907756
9907821
9907873
9907855
9907916
9907882
9799998
9907777
9907732
9907743
9907680
9907928
9746023
9844683
9817894
9611256
9773141
9907673
9907686
9907651
9907692
9907620
9871755
9907619
9800019
9763945
9799939
9602269
9772858
9907650
9889665
9781923
9871700
9835860
9557896
9907604
9889667
9907747
9907866
9907685
9907756
9907810
9898815
9907786
9862820
9620083
9781763
9674469
9826906
9728062
9817848
9818003
9773083
9782045
9880772
9548834
9414163
9862669
9755018
9818011
9853929
9844741
9709973
9629369
9575504
9808784
9907768
9907976
9907865
9907886
9907852
9907956
9907861
9907958
9908000
9907869
4317099
9116194
9360259
9530811
9709980
9737260
9826872
9638371
9504239
9710375
9701323
9907643
9791036
9701135
9871769
9826906
9790922
9781942
9845018
9782155
9620798
9656263
9782282
9674496
9773032
9719199
9817958
9907579
9764138
9396155
9459087
9629743
9701039
9719084
9791164
9907944
9647441
9746119
9907659
9737123
9647625
9719369
9844910
9530593
9638678
9907716
9719314
9755037
9629400
9754923
9889808
9907787
9907944
9844897
9907950
9683681
9647381
9728368
9862739
9458916
9764151
9764042
9782103
9844923
9548747
9853838
9719312
9710374
9575936
9683331
9746215
9737297
9755104
9719266
9764275
9566769
9764375
9701447
9880669
9844904
9835994
9575698
9871790
9845125
9907829
9907581
9790957
9898673
9836180
9809082
9638534
9755117
9791145
9584832
9790841
9907666
9907816
9907815
9656481
9656383
9458958
9800056
9638378
9719247
9907683
9557932
9566909
9728072
9907715
9710335
9611562
9817766
9521606
9790977
9593585
9835812
9898745
9782069
9611756
9701450
9809004
9827033
9835933
9701468
9826992
9584833
9817907
9665376
9800158
9737138
9593541
9692133
9799765
9665657
9584602
9907677
9898696
9773159
9674473
9871837
9907800
9898775
9907735
9782260
9907655
9880962
9827120
9728404
9494990
9835859
9791093
9907680
9764106
9782037
9835904
9907612
9907757
9826820
9701413
9772963
9727981
9853782
9808983
9782086
9880875
9674313
9907687
9862720
9531001
9692205
9826979
9862873
9459197
9835737
9719288
9907677
9755087
9674280
9728022
9871771
9835963
9665319
9764299
9907673
9656456
9880921
9844763
9808864
9809064
9907657
9799823
9548887
9907645
9763762
9907675
9728376
9746125
9907735
9656052
9701334
9907712
9898688
9862861
9907873
9826950
9907831
9907809
9818135
9692317
9799989
9809131
9440621
9800044
9809068
9764000
9853787
9800083
9835744
9737085
9764119
9907729
9593553
9746260
9512557
9719245
9737153
9907687
9638833
9772864
9800096
9656397
9746260
9629666
9566644
9692350
9907701
9907667
9871977
9521673
9746229
9728297
9907804
9907880
9889803
9853795
9907676
9826884
9782153
9791178
9907741
9854086
9880750
9782011
9836112
9773259
9710142
9754886
9826998
9665346
9754964
9907740
9728020
9844715
9907957
9889732
9746062
9889820
9656462
9880863
9907849
9827041
9755133
9602663
9674334
9827020
9476818
9817958
9818088
9862736
9620524
9809014
9907687
9907795
9584724
9907775
9844823
9835960
9791251
9853872
9844824
9808994
9790844
9809145
9818020
9907804
9880729
9799926
9782100
9773167
9907896
9844928
9907585
9773039
9880875
9782169
9755273
9647531
9719236
9719181
9880756
9665515
9907721
9790932
9683469
9764230
9907715
9898847
9512896
9781912
9719167
9584789
9782126
9889662
9746328
9835857
9791047
9773114
9817868
9862952
9880798
9718986
9854042
9880848
9907712
9880907
9907698
9907908
9907776
9719523
9764055
9862978
9898808
9799952
9728242
9862862
9809041
9880950
9737552
9907793
9827056
9638609
9710125
9907944
9737302
9809030
9799956
9854109
9863008
9782101
9692111
9754936
9835963
9907736
9853841
9737002
9907569
9853942
9719417
9845064
9782160
9611631
9728366
9773167
9835999
9773198
9907789
9880907
9835820
9907834
9817997
9907735
9907892
9773036
9907789
9880850
9889864
9809022
9907636
9827196
9844904
9844870
9728406
9907816
9665366
9835904
9907728
9844964
9782144
9764225
9827028
9898856
9826836
9907752
9746130
9836100
9836109
9845192
9907716
9710299
9862946
9808901
9764199
9862908
9665296
9755282
9817972
9907782
9907728
9701599
9809050
9736910
9755047
9683263
9898784
9727922
9871821
9665218
9889758
9809058
9656405
9907637
9907891
9907654
9835977
9746331
9782064
9907741
9755328
9853732
9853856
9862820
9889711
9701189
9817998
9845000
9907841
9656187
9826947
9835863
9853919
9791028
9880897
9898718
9907926
9853889
9907837
9907836
9593671
9818103
9827101
9799950
9907694
9764092
9728258
9871975
9692515
9835978
9853963
9853823
9683607
9880650
9692312
9907651
9907684
9764227
9710025
9907720
9809120
9710298
9683355
9907840
9764200
9638597
9773083
9907865
9844934
9853841
9791045
9800033
9907747
9907722
9826910
9791148
9854002
9889811
9826949
9818051
9907853
9836024
9907649
9719266
9908000
9908000
9908000
9908000
9908000
9908000
9908000
9908000
9908000
9907944
9908000
9908000
9908000
9908000
9908000
9908000
9908000
9908000
9908000
9908000
9908000
9908000
9908000
9908000
9907979
9908000
9908000
9908000
9899009
9907897
9898898
9907809
9908000
9907865
9800130
9907984
9908000
9908000
9908000
9898806
9907883
9907950
9908000
9907984
9908000
9908000
9907979
9908000
9907954
9719317
9593253
9862888
9907960
9908000
9908000
9907996
9907996
9908000
9908000
9755147
9620144
9889783
9907952
9907930
9907966
9908000
9908000
9908000
9908000
9907925
9817870
9665495
9826990
9907955
9908000
9908000
9899009
9908000
9908000
9907783
9907847
9808962
9907827
9907944
9907952
9908000
9871911
9907961
9908000
9853977
9763928
9845029
9907988
9908000
9907992
9907948
9907996
9907992
9908000
9800038
9862822
9907988
9908000
9907948
9908000
9908000
9907881
9907934
9907912
9844905
9844718
9907734
9907898
9908000
9908000
9908000
9907988
9817916
9835838
9907732
9835922
9683328
9907844
9908000
9908000
9908000
9908000
9907969
9908000
9907925
9907798
9871996
9907780
9908000
9908000
9908000
9908000
9907986
9862848
9629339
9764240
9908000
9908000
9907972
9907820
9908000
9908000
9908000
9908000
9907882
9908000
9907960
9907881
9907864
9908000
9908000
9908000
9907823
9907906
9755151
9880778
9907960
9908000
9907968
9908000
9907777
9764047
9772889
9907968
9907894
9907800
9862844
9908000
9908000
9907810
9907939
9908000
9907808
9907952
9764067
9844936
9835725
9907884
9907976
9871704
9853720
9907896
9908000
9907944
9844781
9907879
9907703
9898824
9907797
9907827
9907666
9692095
9818224
9908000
9907906
9908000
9907861
9907979
9907968
9908000
9907951
9907904
9907952
9907964
9907816
9907984
9854022
9764162
9907832
9907901
9908000
9907920
9907793
9755160
9494624
9315442
9764126
9908000
9908000
9908000
9908000
9908000
9908000
9908000
9907806
9908000
9908000
9908000
9908000
9908000
9907936
9907974
9898775
9907873
9719402
9746028
9907952
9907965
9908000
9908000
9907972
9907952
9907896
9907822
9871838
9853797
9746255
9908000
9908000
9908000
9908000
9908000
9908000
9907849
9665521
9817895
9908000
9908000
9908000
9908000
9908000
9907912
9907762
9665249
9826817
9907768
9746151
9907896
9908000
9908000
9908000
9827127
9880848
9647329
9907767
9836017
9908000
9907828
9907787
9907837
9871938
9773104
9907818
9818050
9683313
9737155
9746047
9898948
9755073
9898596
9790963
9728003
9782041
9908000
9907940
9908000
9908000
9908000
9908000
9908000
9908000
9908000
9908000
9908000
9907891
9908000
9908000
9908000
9907968
9907810
9907791
9907777
9907874
9907900
9719270
9907804
9907976
9755095
9907656
9907827
9889819
9611383
9692021
9817829
9737243
9763939
9907972
9908000
9907984
9908000
9908000
9908000
9907986
9853771
9755256
9880806
9844926
9907968
9907939
9907972
9593723
9907948
9908000
9907985
9907805
9907879
9907628
9701408
9234651
9809083
9908000
9907992
9907934
9908000
9907850
9728019
9908000
9908000
9907885
9907728
9665574
9647223
9584740
9737186
9907769
9907773
9908000
9907930
9908000
9799943
9907704
9862758
9907716
9907928
9755343
9907739
9907851
9907996
9908000
9907968
9907892
9907853
9908000
9871845
9548603
9593544
9872010
9908000
9908000
9908000
9908000
9908000
9908000
9908000
9907825
9907939
9908000
9908000
9907924
9782092
9620790
9907948
9907984
9907960
9907752
9754994
9808868
9907808
9908000
9908000
9907968
9907956
9908000
9907826
9907780
9907705
9907657
9907781
9817925
9396113
9710218
9907669
9907971
9908000
9907800
9862960
9907956
9907996
9907789
9871923
9907833
9907960
9898654
9907643
9746103
9647137
9907762
9907956
9908000
9908000
9907853
9728049
9557814
9898878
9908000
9908000
9907798
9575471
9647663
9871704
9656316
9746132
9907984
9908000
9907788
9907878
9907932
9907936
9908000
9908000
9862983
9494684
9880748
9907829
9907828
9710302
9692123
9629384
9898686
9908000
9791385
9719433
9907980
9908000
9907920
9908000
9907928
9908000
9898917
9880949
9907712
9907907
9575345
9656381
9521750
9907920
9908000
9908000
9908000
9908000
9908000
9908000
9908000
9908000
9907864
9907896
9907993
9908000
9907972
9907903
9907992
9907921
9907923
9862885
9342183
9566824
9602527
9853993
9908000
9908000
9908000
9908000
9908000
9908000
9907936
9908000
9907773
9907972
9907834
9907961
9907781
9907561
9683342
9907859
9638674
9773253
9907963
9908000
9907992
9907907
9907952
9907936
9907855
9907908
9647393
9602686
9907869
9826959
9835949
9907726
9907778
9871762
9899009
9853997
9818037
9907984
9908000
9908000
9871953
9808726
9584625
9342484
9790960
9907958
9907813
9907970
9908000
9908000
9908000
9908000
9908000
9908000
9908000
9746303
9647034
9548356
9782083
9665162
9853859
9907956
9908000
9908000
9899009
9854046
9566578
9611583
9907984
9908000
9908000
9908000
9908000
9908000
9908000
9908000
9907924
9907979
9908000
9907988
9907996
9908000
9908000
9908000
9908000
9907889
9907840
9611551
9871720
9817995
9575405
9620491
9907670
9907936
9908000
9908000
9907964
9907947
9908000
9908000
9908000
9908000
9908000
9907915
9907941
9575625
9449961
9557694
9647375
9907735
9908000
9908000
9908000
9908000
9908000
9908000
9907925
9908000
9908000
9908000
9908000
9908000
9908000
9908000
9908000
9908000
9907964
9907984
9907932
9907891
9907955
9907988
9773222
9746141
9602570
9907809
9907811
9907961
9907802
9907799
9907984
9907761
9907836
9746332
9755138
9611531
9907870
9835996
9908000
9907956
9908000
9908000
9907972
9908000
9907871
9907954
9782007
9692236
9557769
9763847
9907926
9908000
9907923
9755217
9907984
9898726
9539562
9468223
9835714
9656209
9683269
9755133
9719120
9566705
9853819
9656189
9728188
9907677
9898721
9907677
9907808
9908000
9908000
9908000
9908000
9908000
9907984
9908000
9908000
9908000
9908000
9908000
9908000
9908000
9907992
9908000
9782116
9862906
9665185
9791033
9908000
9908000
9908000
9907932
9863016
9907964
9907805
9907960
9908000
9908000
9710112
9638185
9907845
9908000
9908000
9898993
9907976
9908000
9908000
9908000
9907866
9862697
9907845
9899009
9907890
9907584
9530720
9907830
9908000
9908000
9908000
9908000
9908000
9791334
9817982
9548667
9602617
9907921
9908000
9908000
9908000
9908000
9908000
9908000
9908000
9908000
9907944
9907883
9908000
9907968
9908000
9907940
9907882
9908000
9908000
9908000
9898833
9521804
9557744
9844804
9898915
9908000
9907984
9908000
9908000
9908000
9907884
9907971
9908000
9907679
9728030
9782254
9908000
9908000
9908000
9907912
9907740
9907628
9530697
9835908
9908000
9908000
9908000
9908000
9908000
9908000
9907980
9908000
9908000
9908000
9908000
9907968
9754966
9880871
9908000
9908000
9862876
9907811
9494727
9719429
9907976
9908000
9908000
9898929
9908000
9907992
9907892
9907979
9764110
9907813
9907900
9701118
9728172
9827137
9907821
9899009
9907803
9907712
9826885
9494818
9692183
9854031
9908000
9908000
9907932
9908000
9907907
9908000
9907992
9907953
9889683
9584653
9907906
9907972
9908000
9908000
9898765
9710239
9629375
9907976
9908000
9907980
9907964
9907980
9791197
9333332
9683189
9799789
9908000
9908000
9908000
9853882
9808850
9907697
9907965
9908000
9907764
9718977
9620260
9907980
9908000
9898973
9907847
9908000
9854075
9808882
9718849
9620277
9710347
9907908
9908000
9908000
9908000
9908000
9908000
9908000
9907947
9899009
9907993
9907985
9907898
9898713
9871880
9656414
9620533
9907960
9907948
9908000
9908000
9907953
9908000
9907856
9908000
9862881
9907859
9467794
9503776
9862649
9898689
9907896
9908000
9908000
9908000
9908000
9908000
9908000
9746215
9692440
9853760
9908000
9908000
9908000
9908000
9908000
9908000
9908000
9907927
9782268
9494919
9656372
9907960
9908000
9908000
9908000
9908000
9908000
9907936
9907916
9907841
9908000
9907964
9908000
9908000
9908000
9871914
9602365
9674344
9808851
9799966
9665381
9907853
9908000
9908000
9908000
9908000
9908000
9907928
9908000
9908000
9908000
9908000
9907992
9899009
9908000
9908000
9907958
9746116
9647217
9907884
9908000
9908000
9908000
9907952
9908000
9907960
9907976
9871951
9602389
9880945
9872128
9890050
9907944
9908000
9908000
9907996
9908000
9907986
9908000
9907972
9880667
9835731
9809088
9773304
9880924
9908000
9908000
9907860
9871966
9665056
9638403
9907976
9907992
9907909
9908000
9908000
9908000
9845039
9575487
9620536
9907828
9907923
9907954
9907980
9908000
9907920
9907821
9800100
9907666
9871881
9907733
9907911
9898637
9800039
9773015
9665418
9790951
9656549
9683026
9898723
9907920
9908000
9908000
9908000
9908000
9908000
9898773
9683294
9880998
9908000
9908000
9908000
9908000
9908000
9907984
9907964
9755056
9458974
9539483
9674483
9728323
9647770
9908000
9908000
9908000
9908000
9908000
9908000
9908000
9908000
9908000
9908000
9908000
9908000
9908000
9907984
9907980
9908000
9908000
9908000
9908000
9907976
9908000
9907949
9908000
9908000
9737459
9755156
9575635
9781978
9763899
9629524
9745868
9809009
9907945
9908000
9907895
9844751
9908000
9908000
9908000
9908000
9908000
9908000
9908000
9908000
9907993
9907734
9907743
9907855
9647432
9737133
9908000
9908000
9908000
9908000
9908000
9907912
9907887
9907984
9710399
9395790
9817850
9907910
9908000
9908000
9908000
9907966
9908000
9908000
9908000
9908000
9809203
9692449
9907972
9908000
9908000
9907887
9907867
9907909
9908000
9907970
9781970
9826916
9907976
9907853
9907702
9727929
9746021
9530750
9593730
9710426
9908000
9908000
9908000
9908000
9908000
9907912
9908000
9908000
9908000
9908000
9899009
9908000
9908000
9908000
9908000
9907900
9907952
9719160
9871801
9781757
9871889
9908000
9908000
9899009
9908000
9836000
9548685
9629245
9907785
9907976
9908000
9908000
9908000
9908000
9908000
9907944
9907996
9907993
9907877
9746109
9530899
9728275
9908000
9899009
9908000
9907929
9907914
9908000
9907976
9908000
9898937
9647638
9575592
9898805
9800160
9907920
9908000
9908000
9907951
9908000
9907984
9907923
9908000
9737460
9907548
9764113
9521659
9808982
9907649
9907713
9907661
9835873
9907621
9907710
9907875
9907886
9907876
9907960
9908000
9907968
9872073
9907869
9908000
9907984
9908000
9656308
9575647
9907896
9907860
9908000
9908000
9908000
9898944
9907952
9908000
9907992
9908000
9907825
9907976
9907964
9790826
9907737
9908000
9908000
9907992
9638679
9682939
9907805
9907955
9908000
9908000
9907752
9539846
9790854
9907920
9908000
9908000
9899009
9908000
9908000
9908000
9908000
9907992
9880717
9907820
9907900
9908000
9907972
9862909
9907646
9908000
9907979
9907980
9907919
9863009
9665419
9584397
9907904
9908000
9899009
9908000
9908000
9908000
9908000
9908000
9908000
9908000
9907976
9907921
9907962
9800260
9279016
9629677
9907770
9908000
9907924
9908000
9907988
9907696
9907864
9907988
9764380
9530693
9844890
9898706
9872066
9908000
9908000
9908000
9907922
9898839
9908000
9908000
9899009
9907773
9907697
9907762
9557892
9683247
9907949
9908000
9908000
9908000
9908000
9908000
9809086
9665418
9907902
9908000
9908000
9908000
9908000
9899009
9908000
9908000
9907853
9880755
9808903
9764233
9880757
9907750
9871553
9907821
9908000
9908000
9908000
9907976
9764276
9423247
9907881
9899009
9908000
9908000
9908000
9908000
9907923
9907957
9907992
9907913
9611246
9835820
9907993
9908000
9908000
9907968
9907956
9907984
9908000
9494911
9620759
9342082
9736995
9908000
9908000
9908000
9907948
9908000
9908000
9908000
9908000
9908000
9907936
9862949
9907849
9907984
9908000
9908000
9908000
9907936
9845083
9503832
9647313
9898892
9907847
9908000
9907992
9907960
9908000
9908000
9907836
9907739
9907739
9674333
9530733
9907729
9908000
9908000
9908000
9908000
9908000
9907960
9908000
9908000
9872008
9602370
9719169
9907891
9908000
9908000
9907711
9701226
9781911
9907715
9908000
9908000
9908000
9907903
9826925
9907812
9908000
9907978
9908000
9908000
9908000
9908000
9800046
9611161
9844927
9701230
9818042
9908000
9908000
9908000
9908000
9908000
9908000
9908000
9908000
9908000
9863020
9907941
9908000
9908000
9908000
9907844
9584584
9575683
9809058
9907846
9844857
9907949
9907960
9907967
9907876
9674333
9880790
9907915
9907880
9907786
9584632
9620148
9907872
9908000
9908000
9908000
9907964
9908000
9908000
9908000
9907958
9719253
9907758
9907912
9907968
9907979
9844899
9844827
9566837
9853943
9908000
9908000
9908000
9908000
9908000
9908000
9908000
9908000
9871779
9862820
9908000
9907980
9908000
9899001
9809282
9476897
9737166
9817937
9907793
9908000
9908000
9908000
9899009
9908000
9908000
9908000
9907928
9863023
9809129
9809100
9908000
9908000
9907886
9907757
9808852
9557742
9907891
9908000
9908000
9908000
9908000
9908000
9907926
9764272
9458451
9755205
9908000
9908000
9908000
9908000
9908000
9908000
9908000
9908000
9908000
9908000
9907976
9907984
9638664
9638031
9602380
9898733
9817905
9817951
9907923
9908000
9907960
9907960
9908000
9907937
9908000
9908000
9907986
9827014
9521645
9836120
9899009
9908000
9908000
9908000
9908000
9908000
9908000
9907934
9728183
9908000
9808857
9530802
9450080
9809006
9908000
9908000
9908000
9908000
9907992
9908000
9908000
9908000
9908000
9908000
9908000
9908000
9908000
9773248
9369513
9818006
9907940
9908000
9908000
9908000
9908000
9908000
9908000
9907952
9908000
9908000
9853911
9772971
9691986
9907960
9908000
9907968
9908000
9908000
9908000
9844964
9530692
9907764
9908000
9908000
9908000
9908000
9908000
9908000
9907844
9907984
9907968
9908000
9907968
9728068
9494869
9692165
9647400
9494742
9907934
9908000
9908000
9908000
9908000
9908000
9908000
9908000
9908000
9908000
9908000
9908000
9683437
9414319
9817959
9908000
9907988
9908000
9908000
9908000
9908000
9476436
9907847
9862769
9799966
9871911
9908000
9908000
9908000
9908000
9908000
9908000
9880783
9710343
9692195
9907784
9862846
9710127
9764153
9908000
9908000
9908000
9907968
9907926
9908000
9908000
9908000
9908000
9908000
9908000
9907948
9808929
9503482
9665527
9907952
9908000
9908000
9908000
9908000
9908000
9908000
9899009
9908000
9908000
9908000
9908000
9908000
9908000
9908000
9908000
9908000
9908000
9907984
9908000
9908000
9890018
9908000
9907944
9908000
9908000
9908000
9908000
9908000
9907980
9898839
9557799
9907824
9746257
9737045
9817750
9907988
9908000
9907733
9593683
9458936
9898764
9908000
9908000
9908000
9908000
9908000
9908000
9737121
9853871
9836081
9755025
9755203
9701410
9907958
9907852
9908000
9908000
9907984
9907980
9908000
9908000
9899009
9908000
9863100
9683265
9898837
9620517
9755224
9908000
9908000
9908000
9908000
9907936
9907754
9907678
9638507
9611407
9818183
9908000
9908000
9908000
9908000
9908000
9908000
9908000
9908000
9907964
9809112
9772884
9809021
9791003
9845146
9908000
9908000
9907984
9908000
9908000
9908000
9728234
9701366
9908000
9908000
9907988
9656276
9566664
9755335
9827109
9907821
9908000
9908000
9908000
9908000
9908000
9908000
9907853
9907815
9817952
9907939
9566534
9746414
9908000
9908000
9908000
9908000
9908000
9908000
9872116
9602420
9539857
9755018
9423296
9539605
9683184
9908000
9908000
9908000
9908000
9908000
9908000
9899009
9908000
9908000
9908000
9908000
9908000
9908000
9908000
9908000
9908000
9908000
9908000
9899009
9908000
9908000
9908000
9908000
9908000
9907972
9908000
9907968
9908000
9908000
9907788
9809019
9772974
9387011
9844900
9907992
9908000
9908000
9908000
9908000
9907944
9907960
9908000
9899009
9907976
9907930
9907897
9907876
9908000
9908000
9907741
9575477
9826900
9853903
9908000
9908000
9908000
9908000
9908000
9907996
9907815
9800039
9557605
9826805
9584243
9907813
9908000
9908000
9908000
9908000
9907992
9908000
9908000
9907906
9593547
9710138
9728050
9710113
9790896
9772969
9826932
9503738
9889599
9791157
9907575
9826968
9826814
9907912
9908000
9908000
9908000
9908000
9908000
9908000
9908000
9908000
9908000
9908000
9908000
9908000
9908000
9908000
9908000
9908000
9908000
9907913
9656468
9593556
9907759
9871898
9826887
9835826
9907896
9908000
9908000
9908000
9908000
9908000
9908000
9908000
9908000
9908000
9908000
9899001
9557599
9800066
9907830
9908000
9899009
9908000
9908000
9908000
9908000
9844862
9773074
9539434
9602575
9710129
9835788
9773070
9611141
9809059
9908000
9908000
9908000
9908000
9908000
9908000
9908000
9908000
9908000
9908000
9908000
9908000
9908000
9908000
9908000
9908000
9908000
9908000
9899009
9908000
9908000
9908000
9907976
9907924
9647093
9602490
9710072
9898793
9908000
9908000
9908000
9908000
9908000
9908000
9907984
9907934
9907895
9791150
9817863
9674396
9736984
9907948
9908000
9908000
9908000
9908000
9908000
9908000
9908000
9908000
9908000
9908000
9907965
9908000
9908000
9907819
9908000
9907903
9880768
9907805
9844902
9835836
9673979
9907928
9908000
9908000
9908000
9638375
9853863
9450218
9907854
9908000
9908000
9907948
9907960
9908000
9908000
9908000
9907935
9701326
9728325
9907976
9908000
9889935
9808934
9575799
9611192
9907855
9908000
9908000
9908000
9908000
9908000
9907882
9907825
9908000
9907948
9908000
9908000
9907952
9907817
9755216
9620541