26978.666666666668
28384.3625
30550.833333333332
29786.19318181818
32931.574468085106
29990.840909090908
36497.08641975309
31451.222222222223
24830.0987654321
29964.72340425532
29096.383720930233
29073.18181818182
21669.593023255813
28153.906976744187
25050.367816091955
26354.176470588234
28887.79069767442
29126.706521739132
29635.604395604394
23113.19512195122
34390.056818181816
22498.287234042553
29048.271604938273
30248.82222222222
27424.616279069767
23959.840909090908
27041.123595505618
30248.6511627907
35431.9358974359
24951.466666666667
27946.223529411764
23857.090909090908
31082.978260869564
30251.3
23171.09638554217
22632.965909090908
22653.37777777778
25079.67032967033
25118.573033707864
27291.0843373494
32503.333333333332
24389.351648351647
29632.23076923077
29098.127906976744
28147.797872340427
35585.32558139535
35269.18518518518
31609.523255813954
28625.457446808512
17814.9125
28686.90588235294
28879.896551724138
26693.79069767442
22018.964705882354
25432.872093023256
25567.091954022988
18749.550561797754
26859.9010989011
30620.648351648353
26425.433734939757
34956.59302325582
24107.921348314605
20851.941176470587
26851.566666666666
30563.89534883721
24121.7816091954
34620.393258426964
24000.8375
24059.977272727272
27015.655172413793
26856.408163265307
28549.477777777778
24509.752808988764
22312.78021978022
26988.8064516129
29789.075268817203
29991.875
18608.037037037036
23799.527472527472
25229.566265060243
30589.371794871793
29725.023255813954
28256.827586206895
27316.372093023256
24192.416666666668
24039.5
32950.833333333336
23550.61111111111
21330.316455696204
28858.191011235955
27319.04651162791
24107.314606741573
29498.172413793105
20587.863636363636
28550.844444444443
29891.954545454544
21274.05376344086
23808.67816091954
31453.48888888889
25931.082352941175
25083.082352941175
27333.909090909092
26533.578313253012
34186.47727272727
21374.344086021505
22305.795180722893
27941.894117647058
24573.954545454544
22906.813186813186
30794.670731707316
25495.821052631578
27318.058139534885
32603.117647058825
28147.787234042553
21900.41772151899
29686.93181818182
23250.333333333332
26914.35632183908
27108.674418604653
26405.913978494624
22630.261363636364
32244.886363636364
28459.786516853932
25941.037037037036
22799.489583333332
18951.865168539327
23017.428571428572
33389.476744186046
23230.083333333332
23029.941860465115
26411.852272727272
17765.76923076923
25824.674157303372
30770.837209302324
24140.130434782608
30566.978494623654
28880.137931034482
23550.295454545456
25630.064516129034
28890.023255813954
21624.69230769231
27393.414634146342
30145.54651162791
30225.736263736264
29566.469879518074
25914.5375
21772.135416666668
24432.64367816092
31302.831325301206
22085.662921348314
27183.67469879518
25117.521739130436
21985.96629213483
29906.282608695652
25156.94252873563
31892.078651685395
21186.5875
28722.808510638297
31717.802469135804
21224.620689655174
28953.0
23223.878048780487
30697.164705882355
33017.183908045976
30725.567567567567
21170.141176470588
22674.655172413793
22549.022222222222
27356.395604395606
20075.5
21050.444444444445
30357.09756097561
26912.77011494253
22850.977777777778
25631.086021505376
32850.91111111111
23446.86046511628
26487.043478260868
22893.247191011236
27947.0
25569.724137931036
22862.2
30196.761363636364
22369.115789473683
25623.247191011236
29871.021276595744
24495.24418604651
25247.677419354837
21105.293478260868
22050.1
31127.151898734177
24789.0
27844.837209302324
26049.977777777778
20755.673684210527
26333.464285714286
21280.68817204301
23354.277777777777
22402.220930232557
23406.175824175825
23006.20879120879
27423.68604651163
25923.548387096773
28540.945652173912
27310.44705882353
25282.76923076923
24683.75824175824
25523.70786516854
26311.1935483871
24700.212765957447
27651.144444444446
24491.79120879121
25180.297872340427
30682.10975609756
22923.616279069767
28795.6
27544.83146067416
27465.0
23970.674418604653
31718.666666666668
26917.44827586207
28146.98969072165
20212.204301075268
23652.590909090908
24591.197802197803
21955.451612903227
22751.844444444443
28818.797872340427
28941.175824175825
25645.779069767443
28054.363636363636
24887.9010989011
29930.703296703297
23501.157303370786
17698.31182795699
29715.25
22353.522222222222
28154.26966292135
26638.61797752809
25411.83695652174
22895.85393258427
24286.68604651163
29586.920454545456
24395.615384615383
26534.921348314605
25653.088888888888
31191.616279069767
27562.67391304348
20750.7
33714.2808988764
18856.373626373625
24977.634146341465
20873.595505617977
23700.01098901099
23078.49411764706
22896.955056179777
20833.918604651164
35952.07777777778
28465.827586206895
22183.57608695652
18661.978260869564
28256.920454545456
30638.83908045977
29381.625
25017.626506024095
22317.20879120879
22354.222222222223
20020.94623655914
21985.92391304348
28538.5
23906.011235955055
19552.666666666668
20892.11827956989
21063.68085106383
20009.117021276597
23928.493975903613
22279.684782608696
20167.662921348314
21302.858695652172
25225.31395348837
22795.719101123595
25151.766666666666
25523.112359550563
28249.722222222223
30810.93181818182
27660.228260869564
20535.615384615383
20431.438775510203
26515.170731707316
21553.1
27485.34736842105
20264.067415730337
25387.30864197531
24551.544444444444
24558.61176470588
28862.191011235955
21751.366666666665
26115.559139784946
25826.381443298967
23353.17777777778
23998.934065934067
22735.454545454544
26470.054945054944
17111.329545454544
28932.41304347826
17604.758620689656
23293.103448275862
19442.543478260868
25222.43820224719
25311.58695652174
27863.305263157894
25313.380434782608
25149.7
21380.606741573032
26778.608695652172
26720.863636363636
22512.78021978022
25749.024390243903
26131.516853932586
30850.844444444443
20933.14285714286
20029.293478260868
22122.45882352941
23311.279569892475
23760.616279069767
23794.354838709678
20728.86046511628
24153.588888888888
24718.685393258427
24651.133333333335
22522.145833333332
25086.09574468085
21569.84946236559
24050.6
23554.59574468085
25344.086021505376
24892.32978723404
20523.717391304348
15494.279069767443
24119.850574712644
27389.326315789473
19352.78888888889
25701.647727272728
20252.444444444445
24432.05747126437
21989.63157894737
27040.303370786518
23652.032608695652
25608.304347826088
22633.102272727272
20190.045977011494
18023.0
21107.16304347826
27215.906976744187
28548.736263736264
25497.829545454544
22120.054945054944
31148.16129032258
25826.62365591398
25215.0
24180.837209302324
22952.466666666667
21813.69318181818
26532.32530120482
23915.954022988506
25354.422222222223
22416.175824175825
28535.774193548386
25551.87777777778
26533.685393258427
27854.032967032967
22925.655913978495
25775.604395604394
26637.70786516854
24312.932584269663
24416.468085106382
17235.58510638298
19543.282608695652
25706.760869565216
27950.0
23649.304347826088
18544.011363636364
28651.633333333335
17023.344086021505
19836.206521739132
27426.56976744186
24108.47191011236
20028.421686746988
16345.78494623656
15353.455555555556
28623.94680851064
25428.78125
30254.542553191488
21988.33695652174
22634.935483870966
23802.516483516483
30327.01098901099
17096.380434782608
23900.725274725275
24531.652173913044
18956.957446808512
17213.58064516129
22614.85714285714
23553.27659574468
19433.712765957447
24860.40860215054
23744.191489361703
21839.690721649484
17894.225806451614
26681.989130434784
26195.25773195876
21695.641304347828
24728.760869565216
17903.8488372093
25480.659340659342
24033.08510638298
23748.5
20772.337078651686
18664.032258064515
23757.590909090908
20489.191489361703
24570.451612903227
15986.863636363636
23748.17021276596
21499.554347826088
24220.36170212766
29810.298850574713
24567.279569892475
21425.75824175824
20379.715789473685
23945.043478260868
19820.59574468085
23247.784090909092
19255.417582417584
22343.677419354837
17407.94623655914
23698.763440860213
21253.074468085106
23248.855555555554
19776.896551724138
23409.336842105262
22789.074468085106
21695.054347826088
23260.358695652172
31149.537634408603
24988.956043956045
23453.522222222222
20415.63953488372
20409.021505376346
20585.691489361703
23502.79775280899
24726.652173913044
24510.074468085106
22453.2
21185.11827956989
21854.922222222223
16277.627659574468
23400.842696629214
28353.6404494382
31440.086021505376
20380.126315789475
25607.83695652174
24049.51111111111
21567.870967741936
19149.94680851064
23459.393617021276
21888.05617977528
18757.032967032967
20326.097826086956
20584.26595744681
19644.417582417584
22530.69318181818
25181.457446808512
19865.16853932584
22895.247191011236
19437.21505376344
15655.444444444445
24435.347826086956
22711.239583333332
23700.129032258064
16655.37777777778
17333.74157303371
22491.977528089887
18404.938144329895
20021.58064516129
20384.147727272728
17965.197802197803
22689.573033707864
19247.59139784946
23600.362637362636
26767.91208791209
21044.126315789475
19448.747252747253
24630.717391304348
22812.0
21920.725274725275
19933.684782608696
21581.03370786517
25658.05319148936
23751.2
25749.866666666665
20166.550561797754
23882.515789473684
24985.136363636364
19250.91208791209
22369.052631578947
19246.436170212764
22217.54945054945
22880.893617021276
17191.149425287356
16414.478260869564
25277.94680851064
17076.30769230769
21011.641304347828
20323.434782608696
17031.38202247191
24225.42528735632
20399.459770114943
17381.720930232557
26799.441860465115
22248.107526881722
19057.32978723404
21053.62222222222
17023.139784946237
16056.5
25414.16304347826
25149.440860215054
23357.739130434784
18953.815217391304
27676.770833333332
17292.350515463917
16607.793478260868
16926.892473118278
25259.03448275862
20322.184782608696
19543.239130434784
23891.333333333332
26311.494623655915
27172.717391304348
24335.489130434784
21813.465909090908
26407.236559139787
23020.8064516129
25352.533333333333
20384.022727272728
25210.052631578947
19725.13829787234
21859.763440860213
15209.104166666666
23239.93023255814
26154.4
22239.802083333332
23120.709677419356
20468.191011235955
21018.091954022988
20295.919540229886
29103.17021276596
23649.44680851064
24790.384615384617
21301.363636363636
22878.310344827587
18554.944444444445
22415.340659340658
19358.222222222223
22884.872340425532
20954.155555555557
19444.66304347826
17271.697916666668
16527.719101123595
16715.0
21281.612903225807
16634.720430107525
19558.887640449437
20603.247311827956
24030.68085106383
22118.065934065933
22582.536082474227
9962.145833333334
24062.965909090908
27954.402173913044
24211.1797752809
20438.0
23698.78494623656
21464.94845360825
20775.340425531915
12011.565217391304
15075.810526315789
19055.869565217392
20893.438775510203
21129.43956043956
22828.333333333332
27021.072916666668
17823.6
19159.530120481926
26880.239130434784
18020.528735632182
24434.459770114943
23655.222222222223
22881.32183908046
19447.197802197803
18107.526315789473
21251.82222222222
18088.677419354837
16465.701149425287
18763.37634408602
26445.515789473684
15892.12087912088
12810.214285714286
26489.92391304348
22710.90625
19715.694736842106
11312.838709677419
21350.436170212764
20424.652173913044
22736.272727272728
26442.305263157894
18213.53125
18394.242105263158
25510.684782608696
24435.945652173912
23697.698924731183
19804.729166666668
16524.572916666668
16948.91489361702
21868.552083333332
16211.38947368421
20129.358695652172
16708.565217391304
18146.404494382023
19964.123595505618
18854.945054945056
22715.08791208791
18391.56842105263
12483.202247191011
24411.337078651686
24469.938775510203
16728.415730337078
18564.58695652174
19526.2
21304.858695652172
16216.0
23505.14606741573
13576.673913043478
19821.510638297874
12235.38947368421
18853.38888888889
21111.032608695652
20182.840909090908
21889.956521739132
18270.891304347828
18447.988764044945
22328.454545454544
15593.021978021978
18264.351648351647
16979.76923076923
26075.956043956045
17055.022222222222
17520.09574468085
12077.255102040815
15455.536842105263
27527.13953488372
21858.516129032258
19053.913978494624
12285.053763440861
17473.56043956044
15623.247422680412
14981.294736842105
14994.774193548386
9963.979166666666
21824.153846153848
16660.489361702126
22594.55319148936
17255.588888888888
16400.968421052632
20970.382978723403
21302.90625
20555.066666666666
18376.52688172043
21542.010638297874
19057.610526315788
16088.12087912088
20815.82608695652
20140.67032967033
24435.195652173912
17384.876288659794
19430.635416666668
20409.2688172043
16186.57142857143
21963.770833333332
16980.648351648353
22575.554347826088
19055.395833333332
20996.94318181818
23991.25806451613
19343.516129032258
15629.815217391304
15213.104166666666
13539.967741935483
22829.677419354837
22772.391304347828
21955.5
14980.863157894737
22320.373626373625
16955.422222222223
14701.408602150537
20169.309278350516
17508.956989247312
17293.134020618556
17585.967391304348
10459.348314606741
13985.659574468085
14742.0
16244.4375
22844.126315789475
18176.782608695652
25294.238636363636
15265.673684210526
16878.582417582416
20492.68085106383
13022.714285714286
22429.96875
20202.659574468085
16779.915789473685
24668.655913978495
22439.172043010753
16087.556701030928
18582.063157894736
17538.6404494382
17716.81914893617
14110.274725274725
18577.55789473684
20763.757894736842
24889.637362637364
16853.13829787234
17292.467391304348
14946.445652173914
16090.870588235293
17444.97894736842
21098.9587628866
14130.052631578947
17920.694736842106
18668.720430107525
20616.785714285714
21385.45882352941
21468.74226804124
18586.385416666668
23505.90322580645
19830.612903225807
16148.5
16645.938144329895
15833.652631578947
15001.439560439561
16251.956989247312
18859.945054945056
13285.358695652174
9669.956989247312
16901.5
17216.31182795699
21305.804347826088
24432.816091954024
19734.064516129034
17402.03448275862
18291.627659574468
21398.447916666668
22408.159574468085
16662.989361702126
18395.242105263158
15670.752688172042
17235.483146067414
20873.702127659573
20439.263736263736
22599.81914893617
16830.774193548386
22023.626373626375
14840.0
13600.58510638298
25087.545454545456
18765.8064516129
18760.891304347828
20954.21111111111
20795.913978494624
19611.546391752578
20656.066666666666
12065.340425531915
15227.63829787234
18960.236559139787
18586.447916666668
18676.336842105262
22926.62365591398
14303.58426966292
19350.195652173912
14966.505050505051
14031.360465116279
17458.8
13635.761363636364
13983.127659574468
18278.795698924732
23790.473684210527
18212.65625
21613.56842105263
20588.978723404256
17781.065217391304
17589.880434782608
18770.684210526317
21452.9
13227.65909090909
20077.731958762888
12966.565656565657
22883.57471264368
25591.673684210527
18492.010416666668
18357.066666666666
19054.797872340427
14553.234042553191
19329.316326530614
19252.978021978022
16124.23595505618
19831.010752688173
18958.075268817203
14255.3
20301.55319148936
16330.949494949495
23981.452631578948
22599.159574468085
16733.086021505376
14929.114583333334
25441.774193548386
21556.61111111111
15362.410526315789
13926.258064516129
21793.847826086956
17295.5
17364.375
14792.2
17756.80412371134
15799.531914893618
12795.804347826086
11492.148936170213
19519.21649484536
18956.966666666667
20355.78888888889
22486.577319587628
13456.775510204081
15657.711111111112
18377.462365591397
12767.79569892473
16974.43157894737
15263.410526315789
17501.172413793105
19246.0
15684.135416666666
16429.770833333332
17716.58510638298
15364.147368421052
18066.813186813186
11523.847826086956
16995.635416666668
15549.77894736842
13657.484210526316
17297.5
14086.020833333334
11219.10752688172
16757.77659574468
20065.255102040817
18964.59793814433
16761.102040816328
17968.76923076923
20381.936842105264
16471.63829787234
17916.57894736842
10966.373737373737
18023.666666666668
13674.58695652174
12870.739583333334
17386.22680412371
12444.612244897959
13871.880434782608
17139.606382978724
15186.182795698925
21825.527472527472
22804.239583333332
18054.666666666668
19439.85106382979
14788.350515463917
15739.6
19330.649484536083
15692.010989010989
13888.372340425532
12375.721649484536
21188.94845360825
20604.752688172044
18012.515789473684
16182.063829787234
14024.752688172042
16593.336842105262
9668.720430107527
17684.92391304348
17845.067415730337
18963.791666666668
10707.051546391753
17893.84946236559
13972.58695652174
15962.916666666666
14412.873684210526
23156.922222222223
14270.021276595744
17256.98947368421
21119.135416666668
11637.0
18044.938775510203
16851.88775510204
15683.135416666666
16522.802083333332
13985.095744680852
7740.742268041237
15456.284210526315
14509.21052631579
15183.537634408602
16663.14893617021
13873.532608695652
17709.908045977012
13428.197916666666
21960.395833333332
17351.505263157895
14182.375
19057.01030927835
15361.410526315789
17293.103092783505
24585.59375
17089.083333333332
14973.309278350516
17855.3
13561.684210526315
13277.968421052632
14456.788888888888
13715.510416666666
15380.591397849463
16603.49494949495
16576.632653061224
12531.087912087913
20665.505263157895
16184.904255319148
19919.90425531915
17798.440860215054
12644.063829787234
15213.885416666666
19669.340909090908
12794.847826086956
16245.53125
18386.936170212764
18499.639175257733
17310.45918367347
23413.284210526315
19815.42105263158
11872.050505050505
12466.567010309278
13491.268041237114
12283.623655913978
13884.58510638298
22546.469387755104
14127.336842105264
18862.752688172044
9133.39175257732
16713.947916666668
21736.372340425532
18035.59793814433
17917.147368421054
13337.46875
12090.763440860215
16978.32967032967
14929.96875
14832.326530612245
8997.797872340425
17851.907216494845
19055.59139784946
20083.0
13117.309278350516
14004.459183673469
15694.197802197803
13982.287234042553
21262.132653061224
13943.242105263158
16152.602150537634
11385.105263157895
16181.680412371134
17524.702127659573
17000.66304347826
24130.67021276596
15492.489583333334
15554.021052631579
16683.46153846154
16055.774193548386
19152.873684210525
17489.184782608696
13455.211111111112
12494.739583333334
13278.38947368421
17257.505263157895
14361.521276595744
9870.614583333334
14651.833333333334
20016.36170212766
10720.157894736842
12934.556701030928
14603.757894736842
13183.968421052632
11710.714285714286
14012.274725274725
11465.333333333334
12673.806451612903
18578.117021276597
14103.719101123595
17047.72340425532
17838.364583333332
17482.18556701031
11279.25
16952.755319148935
20639.362637362636
18299.98947368421
13860.463917525773
20478.23157894737
14697.494845360825
17810.27659574468
15741.515789473684
19421.877551020407
14698.568421052632
14701.559139784946
12512.252525252525
14309.923076923076
12868.989583333334
6810.835051546392
21103.81818181818
14463.436170212766
17478.577319587628
16784.294736842105
18586.260416666668
10786.939393939394
12211.010869565218
12669.268817204302
15187.989247311827
13805.916666666666
11838.260416666666
15117.552083333334
17046.77659574468
12529.42857142857
12468.559139784946
14881.19587628866
16498.705263157895
14417.432989690722
14316.354838709678
12235.473684210527
16708.934782608696
18023.833333333332
13346.666666666666
14919.836734693878
16055.61616161616
13458.122448979591
16738.01030927835
12721.377551020409
17785.195652173912
23650.21875
9414.969387755102
15126.659574468085
16781.50505050505
15895.113402061856
15186.677419354839
12458.2
16758.80612244898
17744.21875
12069.936170212766
13901.71875
18086.720430107525
17526.063829787236
13730.765306122448
14839.84375
13273.612244897959
13898.822916666666
16023.370786516854
15869.552083333334
16594.968421052632
19644.604395604394
9423.30303030303
11384.421052631578
14137.731958762886
16975.02105263158
15400.3125
12212.989583333334
13365.836734693878
13875.959595959595
20195.63157894737
10057.742268041236
18015.936842105264
12428.515789473684
16966.272727272728
18962.0
14413.978947368421
8387.546391752578
7309.557894736842
19054.27659574468
17462.166666666668
8294.041237113403
13389.0
10900.458333333334
14858.744444444445
15600.212121212122
10427.329896907217
15089.172043010753
14751.869565217392
18045.132653061224
11000.915789473684
11591.691489361701
9684.166666666666
16691.031578947368
12657.721649484536
12355.712765957447
15238.217391304348
12333.725274725275
16276.170212765957
12307.445652173914
10058.75
18857.277777777777
11465.770833333334
12590.260416666666
9683.822916666666
10332.938775510203
17851.453608247422
10825.468085106382
17940.938144329895
14796.38947368421
14219.09677419355
10550.648351648351
12801.747368421053
10439.652631578947
12736.63829787234
7305.551020408163
9015.631578947368
20477.715789473685
16683.894736842107
12836.563829787234
9282.322580645161
11316.290322580646
15158.432989690722
13365.479591836734
12005.051546391753
15718.134020618556
19714.208333333332
17755.03092783505
10154.86170212766
11340.540816326531
17428.531914893618
14839.53125
17663.298969072166
13364.92857142857
16549.907216494845
11763.589473684211
14371.397959183674
10341.15625
9776.736842105263
9402.59375
16000.144329896908
13561.105263157895
13176.948979591836
11744.84375
11686.904255319148
11333.363636363636
13150.833333333334
11416.397849462366
14789.711340206186
12453.0
17658.134020618556
14691.323232323231
18130.164948453606
10633.797872340425
15422.484848484848
12737.54255319149
13315.68085106383
10700.775510204081
13527.083333333334
9873.030612244898
10715.604166666666
14695.19587628866
3564.237113402062
15995.876288659794
11170.525773195875
15013.020408163266
17459.989583333332
13793.946808510638
12118.510416666666
14181.572916666666
14842.627659574468
14374.408163265307
11089.770833333334
19910.452631578948
12279.443298969072
12477.053763440861
9866.440860215054
18126.536082474227
14322.947368421053
10240.387755102041
11089.604166666666
13789.063829787234
12497.479166666666
10975.530612244898
13025.577319587628
15809.40206185567
13243.791666666666
8279.708333333334
12112.697916666666
17953.244897959183
8666.824742268042
12005.958762886597
12026.4375
12962.791666666666
9962.541666666666
13564.505263157895
16370.851063829787
8811.893617021276
15898.489361702128
15761.397849462366
12354.326530612245
8838.708333333334
12330.4
14087.78125
11385.263157894737
8622.893617021276
11511.858585858587
15080.747368421053
14832.918367346938
14925.836734693878
9389.631578947368
11573.568421052632
10799.742268041236
14220.073684210527
14372.104166666666
18689.79591836735
10442.968085106382
9599.091836734693
16457.78350515464
10975.663265306122
13601.840425531915
13754.631578947368
10622.90625
10526.46875
12096.37113402062
13247.36559139785
12745.051546391753
12992.368421052632
6385.744897959184
14803.307692307691
11312.236559139785
11148.151515151516
14079.574468085106
14942.159574468085
17100.18556701031
13207.80412371134
15476.081632653062
12213.291666666666
8315.010204081633
12285.134020618556
12930.123711340206
9690.454545454546
10523.39175257732
8543.947368421053
16666.34693877551
10522.577319587628
14323.247422680412
8666.577319587628
12208.28409090909
12351.393617021276
12693.060606060606
13860.226804123711
14747.22340425532
16427.572916666668
7058.447916666667
8827.452631578948
10974.244897959185
13427.21875
13443.806451612903
9781.010204081633
11743.516483516483
8813.787234042553
17920.621052631577
12745.350515463917
17461.041666666668
11421.565656565657
8958.173469387755
5883.288659793814
10534.831578947369
15768.958333333334
12962.78125
12759.48
7388.275510204082
8372.291666666666
9875.711340206186
15835.715789473685
5554.7959183673465
16898.0
11652.302083333334
13564.578947368422
13968.45652173913
15626.484536082475
16444.7311827957
12376.139784946237
15623.051546391753
14508.37113402062
6295.3877551020405
12987.816326530612
13943.684210526315
14422.333333333334
8756.247422680412
16237.878787878788
9681.631578947368
11253.377551020409
11783.484848484848
12053.252525252525
11231.847826086956
9700.94
11763.536842105263
18397.114583333332
11467.520833333334
10418.63
8166.421052631579
13275.915789473684
14191.438775510203
14099.30612244898
11898.129032258064
9596.288659793814
11100.463157894737
11837.791666666666
12707.01052631579
13092.968421052632
10824.074468085106
7646.432989690722
15714.752577319588
10883.765306122448
15683.375
8223.316326530612
8298.422680412372
12264.102040816326
13337.09375
9396.231578947369
10804.78125
8848.701030927836
13180.132653061224
15364.2
9964.340206185567
11451.515463917525
12233.636363636364
12078.051020408164
12079.979591836734
11554.458333333334
15290.69387755102
13876.31313131313
12785.323232323231
11821.865979381444
12966.979797979799
7333.050505050505
13465.536842105263
7969.828282828283
13492.113402061856
6718.618556701031
11747.4375
13273.040816326531
9876.888888888889
14189.102040816326
9480.95744680851
12353.295918367347
11076.247422680412
9424.060606060606
16205.867346938776
10153.03125
14372.908163265307
11008.852631578948
9027.614583333334
7303.918367346939
14744.3125
13542.622448979591
12260.734693877552
13563.736842105263
7739.680412371134
14222.947368421053
13793.670212765957
6364.2947368421055
11306.95744680851
8733.115789473684
18407.80412371134
10243.166666666666
10241.15306122449
14318.752577319588
13089.132653061224
12900.168421052631
8463.677083333334
19059.775510204083
13622.291666666666
8575.670103092783
12652.845360824742
10439.63829787234
12055.232323232323
7061.791666666667
10333.918367346938
13467.484210526316
6839.4
11448.494845360825
10795.092783505155
12186.525773195875
8587.775510204081
14086.864583333334
7301.071428571428
11844.0625
15904.25
9066.76
11080.268041237114
9690.642857142857
15025.9375
13431.802083333334
13914.785714285714
10791.92857142857
10331.626262626263
10152.656565656565
11109.531914893618
8389.164948453608
9224.175257731958
14735.07142857143
8761.041237113403
10997.125
12996.938775510203
11710.826530612245
7707.130434782609
7715.385416666667
17472.082474226805
11961.222222222223
8887.45
13244.0625
10430.938144329897
12495.197916666666
6384.7040816326535
10900.0625
11265.197916666666
15075.315789473685
9227.632653061224
14220.094736842106
9140.224489795919
9966.177083333334
15361.62
10421.84693877551
8744.3125
10234.484848484848
10600.050505050505
6384.510204081633
7268.42
10060.979797979799
13171.663265306122
8782.333333333334
9151.181818181818
9516.555555555555
10606.515151515152
11617.765306122448
15661.19387755102
10961.02
10238.969696969696
9595.082474226803
6347.443298969072
14036.578947368422
12103.37113402062
11319.83
10152.0206185567
11837.03125
12026.0625
10242.561224489797
8426.717171717171
4837.36
11432.265306122448
10633.425531914894
8604.262626262625
9501.938775510203
11341.357142857143
11263.680412371134
9967.515463917525
7501.557894736842
13371.715789473685
12693.69696969697
11169.216494845361
8935.145833333334
11676.52
8708.44
9686.260416666666
13118.731958762886
5413.726315789474
6477.418367346939
10872.020202020201
7370.309278350515
10423.929292929293
13051.181818181818
12492.53125
10878.60606060606
15368.28
10062.288659793814
12603.191919191919
9500.39175257732
10335.204081632653
5965.818181818182
8886.75
7674.448979591837
10430.59793814433
11967.29292929293
6252.701030927835
8771.469387755102
9598.040816326531
6058.333333333333
8947.278350515464
9961.797872340425
10430.61855670103
13181.469387755102
11352.958762886597
8765.785714285714
6441.1752577319585
14005.744897959185
9676.255319148937
8697.10101010101
11803.438775510203
5698.6082474226805
7579.826530612245
11226.63
5987.694736842105
9230.204081632653
5791.845360824742
10707.659793814433
7927.20618556701
10792.377551020409
11102.494736842105
3193.9690721649486
9504.448979591836
5336.404040404041
8406.92857142857
8106.092783505154
8762.577319587628
8404.704081632653
11584.41
12352.051020408164
9215.854166666666
12903.867346938776
8944.649484536083
13271.530612244898
7993.145833333333
12282.103092783505
11984.65306122449
12002.649484536083
10806.71875
4678.288659793814
5604.721649484536
11511.727272727272
8664.865979381444
4517.434343434344
11557.15625
9320.224489795919
11619.204081632653
8420.40404040404
11930.354166666666
7119.836734693878
10056.591836734693
5837.785714285715
6750.102040816327
7948.0
9962.939393939394
7461.628865979382
9156.0
7513.282828282829
7965.79797979798
9339.01
7457.731958762886
5652.1875
8574.092783505155
9602.091836734693
6201.142857142857
11097.505263157895
6754.3877551020405
8495.397959183674
10887.591836734693
12381.835051546392
3817.0
6423.060606060606
7243.484848484848
11816.268041237114
4091.591836734694
5979.092783505154
5558.5204081632655
9108.252631578947
5563.1122448979595
4826.938775510204
9416.530612244898
8113.432989690722
3100.40206185567
6878.707070707071
9228.061224489797
6285.438775510204
5974.123711340206
5375.265306122449
7397.826530612245
12124.68
7783.0
9778.505154639175
7743.5360824742265
7115.275510204082
11075.061855670103
5021.04
8388.030927835052
9686.938144329897
6969.171717171717
5786.909090909091
5608.50505050505
7833.051546391753
9047.15306122449
11416.505050505051
7787.909090909091
10978.34693877551
8498.122448979591
6016.530612244898
6755.663265306122
8431.5
5419.587628865979
3908.7448979591836
7579.418367346939
5838.645833333333
10423.989795918367
7118.168421052632
9609.63
6938.816326530612
5836.65306122449
10054.17
8589.15306122449
8786.666666666666
13454.132653061224
7694.141414141414
8329.575757575758
3844.1649484536083
8967.060606060606
11542.886597938144
9875.39393939394
6460.8
5381.79
4773.690721649485
7060.616161616162
7945.316326530612
6557.284210526316
9065.1
6476.428571428572
4676.381443298969
6236.606060606061
5829.37
7963.232323232323
10700.132653061224
3082.7244897959185
9689.907216494845
9776.959183673469
3081.1428571428573
10331.747474747475
7541.44
4874.707070707071
9875.141414141413
12237.09090909091
10423.555555555555
7449.43
6934.2040816326535
7964.434343434344
7449.71
4731.3877551020405
6454.91
5560.724489795918
5928.948979591837
10057.3
5097.6122448979595
8042.5204081632655
6238.606060606061
5010.183673469388
5926.5204081632655
7334.767676767677
4548.448979591837
7936.489795918367
5512.646464646465
6744.836734693878
8130.418367346939
7055.868686868687
4335.323232323232
10506.34
5693.353535353535
9060.181818181818
5604.222222222223
7789.292929292929
6639.08
3605.5757575757575
7060.818181818182
7896.6
8421.31313131313
2532.295918367347
4119.85
2348.061224489796
6968.282828282829
6784.464646464647
7901.0
6602.262626262626
5101.510204081633
5783.123711340206
7943.744897959184
4827.816326530612
5332.515151515152
7485.938775510204
4918.224489795918
8055.848484848485
9696.73
7692.949494949495
5280.15306122449
4569.34
6969.525252525253
4553.2040816326535
5284.234693877551
6970.292929292929
4572.08
6514.79797979798
3761.0
5506.113402061856
4916.193877551021
5107.42
5379.214285714285
3762.0
4420.030303030303
4517.272727272727
7274.154639175258
6275.85
6731.21
4860.886597938144
8035.071428571428
5330.989898989899
3126.67
3060.5555555555557
8683.479591836734
7301.408163265306
4371.326530612245
11674.57
5829.79
6369.62
6752.65306122449
6994.19
6754.102040816327
2529.0204081632655
5738.91
2916.1237113402062
7329.080808080808
7604.555555555556
7391.714285714285
5516.474747474747
6512.49494949495
6106.459183673469
2575.157894736842
5332.757575757576
9049.377551020409
1978.8877551020407
6688.363636363636
6331.868686868687
5052.474747474747
7536.33
6163.134020618557
5642.55
3581.47
4210.75
4391.26
3725.3469387755104
4424.30303030303
5740.56
2604.787878787879
10619.541666666666
4185.071428571428
8260.73
4513.434343434344
8500.581632653062
7055.787878787879
7786.020202020202
3757.46
2515.7070707070707
5461.09
3042.12
4387.96
3760.8
6905.556701030928
5470.948979591837
6457.03
7152.020202020202
6164.505154639175
3877.4242424242425
3131.67
6123.114583333333
2257.816326530612
3312.51
6422.19191919192
5562.02
3851.41
4552.540816326531
4480.87
4333.525252525253
3239.747474747475
6997.44
4239.49494949495
2422.777777777778
5645.69
8796.03
4840.94
6440.360824742268
5648.97
4572.28
5783.575757575758
4391.54
3152.686868686869
4924.97
4211.19
2163.122448979592
2530.9897959183672
5015.96
4181.0
5197.21
3153.8888888888887
1250.3263157894737
5919.14
1896.4948453608247
5005.255102040816
4481.02
7717.79
4643.244897959184
1697.0707070707072
3038.18
6326.0
7601.323232323232
4841.66
4784.030303030303
3129.92
4123.34
4211.66
3311.27
4822.418367346939
4212.54
4839.47
4695.959595959596
1426.20202020202
6293.142857142857
4390.0
4607.232323232323
4968.0
4483.38
9321.040816326531
8306.418367346938
3149.5050505050503
4476.08
2787.6161616161617
2060.6363636363635
4029.63
6534.773195876289
5558.428571428572
4661.27
3312.98
3058.1414141414143
2244.949494949495
4474.27
4176.734693877551
6056.141414141414
5103.69
4208.39
6716.628865979382
4213.03
2411.76
1336.6262626262626
3670.65
4660.37
2232.97
2857.45
2876.979797979798
1062.0
4511.070707070707
1422.9
2949.78
3080.9489795918366
4547.163265306122
2154.5757575757575
2254.918367346939
3219.46
6151.474747474747
1967.8989898989898
5554.68
3131.46
4389.54
1789.3737373737374
3847.0
6657.581632653061
6052.363636363636
5828.48
1516.3333333333333
2426.878787878788
3220.23
5468.13
1962.12
4059.5454545454545
3940.95
2787.919191919192
2697.222222222222
2411.65
3490.81
2858.02
3420.7272727272725
3851.93
4301.57
3422.656565656566
2587.2
6547.28
4212.43
4208.57
4749.02
3970.7373737373737
2410.52
2423.717171717172
4330.080808080808
3132.01
1329.49
2253.816326530612
2139.71
1334.7272727272727
2154.282828282828
2051.27
4119.42
2229.43
3220.14
3127.1
3173.5714285714284
4391.9
2142.09
2878.777777777778
1060.2323232323233
1871.22
4832.64
1241.33
3938.62
3221.69
3215.06
3846.3
1063.4242424242425
1061.91
3040.21
3967.777777777778
1330.71
3491.22
6061.737373737374
2681.33
2060.7070707070707
2500.51
1332.83
1242.29
3843.94
1510.85
3756.66
3126.74
1691.6
3130.82
2050.68
1060.12
1061.1515151515152
1780.66
5915.5
3938.49
1061.95
2140.43
1513.08
2412.54
2139.64
1330.82
2501.09
2410.57
2141.67
1150.63
1060.07
3308.11
3577.37
2406.67
1064.7474747474748
3218.34
2229.12
3757.65
1062.31
1150.55
5639.66
2590.66
1060.68
1782.38
1691.73
1061.5
3305.93
3846.77
3307.8
1781.83
2321.77
3754.37
2229.9
2319.19
2052.06
2138.64
1780.01
1060.23
1060.0
1060.0
1060.0
1060.0
2945.56
2228.19
1959.28
3664.79
1691.17
2409.06
1779.5
2677.0
1241.79
3395.7
1061.34
1060.48
3215.91
2319.15
1062.28
2320.57
2318.13
1060.96
1060.44
2318.65
1061.92
1060.0
1151.51
1061.29
1061.12
1060.32
1060.0
2048.55
1063.1
1060.46
1060.07
1060.07
1060.08
1060.0
1599.32
1060.58
1060.0
2946.6
1060.76
2767.28
1060.08
1060.24
1060.0
1060.52
1690.66
1061.52
1061.05
2498.98
4115.25
1690.57
3036.65
1690.42
1061.4
1060.36
2858.16
1062.26
2767.38
1062.45
1242.75
2769.94
1064.21
1062.19
1060.48
1060.59
1060.85
2588.92
1063.15
1061.17
1060.0
1060.0
1060.0
1060.0
1060.0
1060.0
1061.32
1061.13
1060.48
1060.37
1060.0
1060.16
1060.28
1060.24
1060.2
1060.0
1061.85
1061.51
2948.06
1960.78
1060.24
1060.14
1060.0
1060.5
1060.0
1060.0
2050.13
1691.96
1062.0
2677.97
2500.54
1062.81
1061.68
1061.16
1060.94
1060.12
1062.15
1060.48
1060.0
1060.04
1060.12
1060.0
1060.0
1060.0
1060.32
1060.0
1420.15
1060.6
1060.72
1060.24
1060.16
1061.18
1061.36
1779.77
3217.72
1152.12
2048.76
1061.73
1060.72
1060.16
1060.12
1060.4
1061.18
1060.44
1060.0
1060.0
2138.06
1153.1
1149.99
1060.07
2498.89
1241.69
1062.53
1062.24
1061.46
1060.0
2140.52
1060.24
1060.32
1060.0
1060.0
1060.32
1060.24
1060.4
1061.54
1060.68
2676.64
1061.96
2948.84
1062.02
1062.12
1060.6
1060.12
1060.24
3755.44
1061.76
1061.46
1060.93
1060.49
1060.48
1060.0
1060.0
1060.0
1060.0
1060.8
1060.51
1689.72
1061.34
1060.59
1060.24
1060.96
1060.88
1062.27
1061.22
1421.29
1691.56
2051.08
2140.54
4563.13
3485.14
4470.81
1780.58
1061.28
1061.03
1060.24
1060.0
1778.9
1061.85
1060.18
3037.55
1064.18
1062.33
2766.85
1152.41
1062.76
1061.73
1063.25
1060.65
1060.0
1060.0
1060.0
1060.2
1060.0
1060.36
1060.28
1060.08
1241.66
1060.41
1060.27
1061.21
1060.48
1061.33
1060.82
1060.68
1060.52
3128.53
1333.67
1063.72
1062.42
1062.26
1061.74
1060.0
1062.0
1062.03
1060.0
1060.0
2049.19
1060.88
1060.65
1061.59
1061.21
1060.99
1060.88
1061.23
2768.64
1601.74
3215.82
14011.34
1872.08
1061.52
1063.26
1061.66
1061.48
1061.35
1060.36
1060.54
1510.77
1060.7
1060.56
3304.19
2049.99
1061.92
1061.26
1060.2
4204.41
1421.01
1869.77
1332.39
2502.25
1062.39
1063.89
1061.98
1060.29
1060.0
1060.48
1060.56
1062.1
2947.34
3396.16
1062.63
1061.43
1061.04
1061.41
1060.92
1061.68
1060.84
1061.33
1060.92
1061.27
1060.66
1061.36
1061.77
1778.61
6448.05
2231.22
1061.7
1959.72
1061.5
1061.42
1062.22
1061.21
1060.61
1061.52
1060.0
1061.6
1061.02
1062.63
1060.51
1061.04
1060.0
1420.06
4026.82
1062.64
1061.56
3934.0
1601.69
1063.04
1061.59
1061.24
1063.41
3487.29
1062.05
1062.29
1061.12
1061.14
2230.98
2319.43
1061.88
1329.89
1062.51
1062.2
1063.08
1062.2
1062.07
1061.26
1062.83
2768.91
1062.6
1061.77
1062.38
1062.27
1062.18
1062.12
1062.87
1061.58
1061.45
2678.45
1869.27
1061.52
1061.72
1062.44
1061.79
1061.27
1061.45
1060.84
1061.18
2140.02
1062.23
1062.68
1062.57
1063.2
1060.72
2679.77
1693.17
1961.06
4027.44
2408.59
1063.27
1063.14
1063.49
1063.08
1063.8
1422.45
1063.81
2139.81
2500.55
2140.61
4117.31
2411.42
1063.5
1243.35
2320.77
1423.0
1781.4
4561.04
1063.96
1243.33
1062.53
1061.34
1063.15
1062.44
1061.9
1151.85
1062.14
1511.8
3939.17
2322.37
3395.31
1870.94
2859.38
1961.52
1959.97
2409.17
2319.55
1332.28
4651.66
5998.37
1513.31
2589.82
1959.89
1600.71
1692.59
3040.27
3846.31
4384.96
2052.16
1062.32
1060.24
1061.35
1061.14
1061.48
1060.44
1061.39
1060.42
1060.0
1061.31
30508.75806451613
8978.06
6537.41
4831.89
3040.2
2767.4
1871.28
3756.29
5097.61
3036.25
3126.77
1063.57
2229.64
3128.65
1422.31
1870.94
2230.78
2320.58
1689.82
2318.45
3932.02
3577.37
2317.18
3395.04
2409.68
2948.01
1960.42
1064.21
2498.62
6178.45
5549.13
3842.57
3129.61
2949.16
2228.36
1060.56
3665.59
2678.81
1063.41
2768.77
3663.75
2946.31
1690.9
4834.07
3753.22
1062.84
2946.86
2589.63
3846.0
2590.77
1241.92
1062.13
1060.56
1691.03
1060.5
3303.19
3666.19
2856.32
1512.61
5550.84
2498.49
2499.58
2318.97
1690.77
4652.53
1601.62
2946.88
3036.26
4380.64
3306.69
2677.85
2767.03
2588.96
2947.34
2497.25
4472.31
2496.25
3125.53
1333.31
1690.96
1780.06
4383.02
1422.1
1688.75
1061.71
1064.19
2230.43
1153.27
1778.2
2049.18
3754.66
2588.83
2228.55
4291.68
2231.59
1063.34
1061.84
1061.85
3575.19
3576.17
5550.42
2139.44
3756.22
2947.53
1063.17
4560.68
4470.91
2859.28
1062.85
3036.65
4024.38
1962.34
4923.94
2230.23
4204.15
1781.88
1152.55
2319.31
4022.44
3125.5
2049.96
1869.67
1780.67
3125.32
1870.08
4291.67
1960.93
3486.24
2138.42
2768.62
4204.59
3218.67
2142.35
3483.43
4293.98
1063.23
1153.04
2408.41
3395.27
1421.63
1062.0
1152.25
1062.65
2317.4
1063.45
1330.38
1868.8
2855.96
5190.1
1781.41
2229.07
1063.2
2498.94
2319.63
1780.96
1063.88
1062.43
1871.8
3125.87
2410.37
2860.19
1602.18
2050.17
2319.14
1331.25
3396.87
1063.13
1512.8
4829.99
3217.95
1870.21
1511.27
5548.03
1782.63
2947.12
1063.23
2589.13
3397.2
2859.78
1422.29
1780.37
3486.81
2497.01
1063.27
3575.44
1330.79
1692.37
2051.36
2049.36
1063.43
2141.77
4651.13
1063.55
2502.38
1063.25
2856.24
2678.75
1062.65
3579.48
3126.66
1062.88
1153.12
1511.39
1061.27
1870.5
1061.69
1061.91
1958.65
3216.83
2140.11
2048.69
5733.79
2139.56
2049.32
2500.0
1602.13
2139.17
1782.56
2769.15
2498.81
1062.71
4204.47
2677.4
5014.43
2947.55
2768.47
1063.13
3751.67
2411.36
2139.04
3576.03
2677.4
3843.34
4473.56
3216.5
1062.99
1063.33
1420.23
4923.27
2677.71
2857.03
1061.96
1061.2
1241.97
1602.05
1063.24
1871.16
2318.47
2228.22
1062.59
1599.14
1332.5
2319.89
1778.88
2407.41
3038.58
2591.14
1870.02
3486.54
2590.36
1062.6
2859.8
1692.85
1060.43
1242.68
2679.38
1241.8
3575.38
1331.37
1061.51
1869.59
2588.67
4113.37
3396.66
1869.8
5371.82
1960.42
1959.12
1512.64
3934.76
2049.86
1063.13
1062.05
4292.76
1062.25
1691.77
1780.4
2227.49
1601.28
1691.76
2050.06
2231.56
2048.55
1959.8
1061.96
1332.71
2140.74
2319.0
2408.33
1061.04
1690.72
1064.15
2409.61
1331.25
2318.31
2587.27
3664.69
2947.64
2948.19
1332.44
3484.85
1062.79
2230.68
3305.31
2497.7
1062.85
1151.53
5011.04
2320.88
2948.33
4292.11
2318.74
1243.38
2676.72
1781.43
2229.53
2408.86
1961.32
1510.48
1332.02
2950.14
1599.58
1331.52
1062.88
1330.93
1063.02
1060.92
1062.24
2944.77
2499.45
1510.22
1151.92
2140.48
2857.58
1511.38
2049.59
1330.5
2764.48
1062.07
1869.44
3753.91
3038.75
1060.56
2766.98
2049.7
2140.44
1598.91
1509.92
2318.99
3218.89
2590.64
1780.37
1062.64
1601.59
2769.98
1064.31
1600.58
2945.83
1689.36
2318.4
4023.69
2856.34
2408.33
1780.01
2408.02
1062.11
1330.93
1781.8
1061.66
1960.03
1062.65
1061.08
2409.64
1062.11
1331.5
1241.36
2049.78
1063.64
1868.04
1690.96
1691.3
2855.94
1061.84
3486.34
1780.96
1062.72
1690.36
2318.56
2497.75
1869.72
1151.44
1871.64
1062.48
2678.7
1779.0
1778.91
1688.08
1062.84
3037.01
1510.54
2050.99
2498.01
1510.92
3487.04
2587.18
1960.28
1062.18
1062.72
3124.01
2049.5
2770.9
2589.53
3307.37
1152.16
2860.78
1421.79
3487.82
1242.42
2049.42
3575.95
1063.63
1061.09
1063.46
1780.23
2676.69
2319.36
1062.59
2586.72
1602.68
1601.44
1511.8
1242.89
3128.11
1960.02
1690.0
1061.59
3578.13
1870.53
1781.37
1600.81
2229.72
1331.03
1152.82
1060.74
1601.11
1061.63
1061.64
4203.29
1958.97
1868.99
2140.5
1063.06
2499.08
2857.42
1420.25
3214.85
1780.22
1600.37
1601.77
3303.93
1333.5
3216.88
1063.49
1063.16
2497.73
3039.75
1062.8
2048.8
3037.02
3306.45
1061.6
2498.0
3754.03
2409.17
1061.35
1690.66
1601.59
2229.55
2139.67
1062.53
1062.78
1870.9
2228.52
1599.98
1241.89
1870.51
1959.49
1061.47
1779.76
1063.51
2947.34
1060.0
1060.0
1060.0
1060.0
1060.0
1060.0
1060.0
1060.0
1060.0
1060.56
1060.0
1060.0
1060.0
1060.0
1060.0
1060.0
1060.0
1060.0
1060.0
1060.0
1060.0
1060.0
1060.0
1060.0
1060.21
1060.0
1060.0
1060.0
1149.91
1061.03
1151.02
1061.91
1060.0
1061.35
2138.7
1060.16
1060.0
1060.0
1060.0
1151.94
1061.17
1060.5
1060.0
1060.16
1060.0
1060.0
1060.21
1060.0
1060.46
2946.83
4207.47
1511.12
1060.4
1060.0
1060.0
1060.04
1060.04
1060.0
1060.0
2588.53
3938.56
1242.17
1060.48
1060.7
1060.34
1060.0
1060.0
1060.0
1060.0
1060.75
1961.3
3485.05
1870.1
1060.45
1060.0
1060.0
1149.91
1060.0
1060.0
1062.17
1061.53
2050.38
1061.73
1060.56
1060.48
1060.0
1420.89
1060.39
1060.0
1600.23
2500.72
1689.71
1060.12
1060.0
1060.08
1060.52
1060.04
1060.08
1060.0
2139.62
1511.78
1060.12
1060.0
1060.52
1060.0
1060.0
1061.19
1060.66
1060.88
1690.95
1692.82
1062.66
1061.02
1060.0
1060.0
1060.0
1060.12
1960.84
1781.62
1062.68
1780.78
3306.72
1061.56
1060.0
1060.0
1060.0
1060.0
1060.31
1060.0
1060.75
1062.02
1420.04
1062.2
1060.0
1060.0
1060.0
1060.0
1060.14
1511.52
3846.61
2497.6
1060.0
1060.0
1060.28
1061.8
1060.0
1060.0
1060.0
1060.0
1061.18
1060.0
1060.4
1061.19
1061.36
1060.0
1060.0
1060.0
1061.77
1060.94
2588.49
1332.22
1060.4
1060.0
1060.32
1060.0
1062.23
2499.53
2411.11
1060.32
1061.06
1062.0
1511.56
1060.0
1060.0
1061.9
1060.61
1060.0
1061.92
1060.48
2499.33
1690.64
1782.75
1061.16
1060.24
1422.96
1602.8
1061.04
1060.0
1060.56
1692.19
1061.21
1062.97
1151.76
1062.03
1061.73
1063.34
3219.05
1957.76
1060.0
1060.94
1060.0
1061.39
1060.21
1060.32
1060.0
1060.49
1060.96
1060.48
1060.36
1061.84
1060.16
1599.78
2498.38
1061.68
1060.99
1060.0
1060.8
1062.07
2588.4
5193.76
6985.58
2498.74
1060.0
1060.0
1060.0
1060.0
1060.0
1060.0
1060.0
1061.94
1060.0
1060.0
1060.0
1060.0
1060.0
1060.64
1060.26
1152.25
1061.27
2945.98
2679.72
1060.48
1060.35
1060.0
1060.0
1060.28
1060.48
1061.04
1061.78
1421.62
1602.03
2677.45
1060.0
1060.0
1060.0
1060.0
1060.0
1060.0
1061.51
3484.79
1961.05
1060.0
1060.0
1060.0
1060.0
1060.0
1060.88
1062.38
3487.51
1871.83
1062.32
2678.49
1061.04
1060.0
1060.0
1060.0
1868.73
1331.52
3666.71
1062.33
1779.83
1060.0
1061.72
1062.13
1061.63
1420.62
2408.96
1061.82
1959.5
3306.87
2768.45
2679.53
1150.52
2589.27
1154.04
2230.37
2859.97
2319.59
1060.0
1060.6
1060.0
1060.0
1060.0
1060.0
1060.0
1060.0
1060.0
1060.0
1060.0
1061.09
1060.0
1060.0
1060.0
1060.32
1061.9
1062.09
1062.23
1061.26
1061.0
2947.3
1061.96
1060.24
2589.05
1063.44
1061.73
1241.81
4026.17
3219.79
1961.71
2767.57
2500.61
1060.28
1060.0
1060.16
1060.0
1060.0
1060.0
1060.14
1602.29
2587.44
1331.94
1690.74
1060.32
1060.61
1060.28
4202.77
1060.52
1060.0
1060.15
1061.95
1061.21
1063.72
3125.92
7793.49
2049.17
1060.0
1060.08
1060.66
1060.0
1061.5
2859.81
1060.0
1060.0
1061.15
1062.72
3484.26
3667.77
4292.6
2768.14
1062.31
1062.27
1060.0
1060.7
1060.0
2140.57
1062.96
1512.42
1062.84
1060.72
2586.57
1062.61
1061.49
1060.04
1060.0
1060.32
1061.08
1061.47
1060.0
1421.55
4653.97
4204.56
1419.9
1060.0
1060.0
1060.0
1060.0
1060.0
1060.0
1060.0
1061.75
1060.61
1060.0
1060.0
1060.76
2319.08
3932.1
1060.52
1060.16
1060.4
1062.48
2590.06
2051.32
1061.92
1060.0
1060.0
1060.32
1060.44
1060.0
1061.74
1062.2
1062.95
1063.43
1062.19
1960.75
6178.87
3037.82
1063.31
1060.29
1060.0
1062.0
1510.4
1060.44
1060.04
1062.11
1420.77
1061.67
1060.4
1153.46
1063.57
2678.97
3668.63
1062.38
1060.44
1060.0
1060.0
1061.47
2859.51
4561.86
1151.22
1060.0
1060.0
1062.02
4385.29
3663.37
1422.96
3576.84
2678.68
1060.16
1060.0
1062.12
1061.22
1060.68
1060.64
1060.0
1060.0
1510.17
5193.16
1332.52
1061.71
1061.72
3036.98
3218.77
3846.16
1153.14
1060.0
2226.15
2945.67
1060.2
1060.0
1060.8
1060.0
1060.72
1060.0
1150.83
1330.51
1062.88
1060.93
4386.55
3576.19
4922.5
1060.8
1060.0
1060.0
1060.0
1060.0
1060.0
1060.0
1060.0
1060.0
1061.36
1061.04
1060.07
1060.0
1060.28
1060.97
1060.08
1060.79
1060.77
1511.15
6718.17
4471.76
4114.73
1600.07
1060.0
1060.0
1060.0
1060.0
1060.0
1060.0
1060.64
1060.0
1062.27
1060.28
1061.66
1060.39
1062.19
1064.39
3306.58
1061.41
3753.26
2407.47
1060.37
1060.0
1060.08
1060.93
1060.48
1060.64
1061.45
1060.92
3666.07
4113.14
1061.31
1870.41
1780.51
1062.74
1062.22
1422.38
1149.91
1600.03
1959.63
1060.16
1060.0
1060.0
1420.47
2052.74
4293.75
6715.16
2230.4
1060.42
1061.87
1060.3
1060.0
1060.0
1060.0
1060.0
1060.0
1060.0
1060.0
2676.97
3669.66
4656.44
2319.17
3488.38
1601.41
1060.44
1060.0
1060.0
1149.91
1599.54
4474.22
4024.17
1060.16
1060.0
1060.0
1060.0
1060.0
1060.0
1060.0
1060.0
1060.76
1060.21
1060.0
1060.12
1060.04
1060.0
1060.0
1060.0
1060.0
1061.11
1061.6
4024.49
1422.8
1960.05
4385.95
3935.09
1063.3
1060.64
1060.0
1060.0
1060.36
1060.53
1060.0
1060.0
1060.0
1060.0
1060.0
1060.85
1060.59
4383.75
5640.39
4563.06
3666.25
1062.65
1060.0
1060.0
1060.0
1060.0
1060.0
1060.0
1060.75
1060.0
1060.0
1060.0
1060.0
1060.0
1060.0
1060.0
1060.0
1060.0
1060.36
1060.16
1060.68
1061.09
1060.45
1060.12
2407.78
2678.59
4114.3
1061.91
1061.89
1060.39
1061.98
1062.01
1060.16
1062.39
1061.64
2676.68
2588.62
4024.69
1061.3
1780.04
1060.0
1060.44
1060.0
1060.0
1060.28
1060.0
1061.29
1060.46
2319.93
3217.64
4562.31
2501.53
1060.74
1060.0
1060.77
2587.83
1060.16
1152.74
4744.38
5457.77
1782.86
3577.91
3307.31
2588.67
2948.8
4472.95
1601.81
3578.11
2858.12
1063.23
1152.79
1063.23
1061.92
1060.0
1060.0
1060.0
1060.0
1060.0
1060.16
1060.0
1060.0
1060.0
1060.0
1060.0
1060.0
1060.0
1060.08
1060.0
2318.84
1510.94
3488.15
2229.67
1060.0
1060.0
1060.0
1060.68
1509.84
1060.36
1061.95
1060.4
1060.0
1060.0
3038.88
3758.15
1061.55
1060.0
1060.0
1150.07
1060.24
1060.0
1060.0
1060.0
1061.34
1513.03
1061.55
1149.91
1061.1
1064.16
4832.8
1061.7
1060.0
1060.0
1060.0
1060.0
1060.0
2226.66
1960.18
4653.33
4113.83
1060.79
1060.0
1060.0
1060.0
1060.0
1060.0
1060.0
1060.0
1060.0
1060.56
1061.17
1060.0
1060.32
1060.0
1060.6
1061.18
1060.0
1060.0
1060.0
1151.67
4921.96
4562.56
1691.96
1150.85
1060.0
1060.16
1060.0
1060.0
1060.0
1061.16
1060.29
1060.0
1063.21
2859.7
2317.46
1060.0
1060.0
1060.0
1060.88
1062.6
1063.72
4833.03
1780.92
1060.0
1060.0
1060.0
1060.0
1060.0
1060.0
1060.2
1060.0
1060.0
1060.0
1060.0
1060.32
2590.34
1331.29
1060.0
1060.0
1511.24
1061.89
5192.73
2945.71
1060.24
1060.0
1060.0
1150.71
1060.0
1060.08
1061.08
1060.21
2498.9
1061.87
1061.0
3128.82
2858.28
1868.63
1061.79
1149.91
1061.97
1062.88
1871.15
5191.82
3218.17
1599.69
1060.0
1060.0
1060.68
1060.0
1060.93
1060.0
1060.08
1060.47
1243.17
4293.47
1060.94
1060.28
1060.0
1060.0
1152.35
3037.61
3846.25
1060.24
1060.0
1060.2
1060.36
1060.2
2228.03
6806.68
3308.11
2142.11
1060.0
1060.0
1060.0
1601.18
2051.5
1063.03
1060.35
1060.0
1062.36
2950.23
3937.4
1060.2
1060.0
1150.27
1061.53
1060.0
1599.25
2051.18
2951.51
3937.23
3036.53
1060.92
1060.0
1060.0
1060.0
1060.0
1060.0
1060.0
1060.53
1149.91
1060.07
1060.15
1061.02
1152.87
1421.2
3575.86
3934.67
1060.4
1060.52
1060.0
1060.0
1060.47
1060.0
1061.44
1060.0
1511.19
1061.41
5462.06
5102.24
1513.51
1153.11
1061.04
1060.0
1060.0
1060.0
1060.0
1060.0
1060.0
2677.85
3215.6
1602.4
1060.0
1060.0
1060.0
1060.0
1060.0
1060.0
1060.0
1060.73
2317.32
5190.81
3576.28
1060.4
1060.0
1060.0
1060.0
1060.0
1060.0
1060.64
1060.84
1061.59
1060.0
1060.36
1060.0
1060.0
1060.0
1420.86
4116.35
3396.56
2051.49
2140.34
3486.19
1061.47
1060.0
1060.0
1060.0
1060.0
1060.0
1060.72
1060.0
1060.0
1060.0
1060.0
1060.08
1149.91
1060.0
1060.0
1060.42
2678.84
3667.83
1061.16
1060.0
1060.0
1060.0
1060.48
1060.0
1060.4
1060.24
1420.49
4116.11
1330.55
1418.72
1239.5
1060.56
1060.0
1060.0
1060.04
1060.0
1060.14
1060.0
1060.28
1333.33
1782.69
2049.12
2406.96
1330.76
1060.0
1060.0
1061.4
1420.34
3489.44
3755.97
1060.24
1060.08
1060.91
1060.0
1060.0
1060.0
1689.61
4385.13
3934.64
1061.72
1060.77
1060.46
1060.2
1060.0
1060.8
1061.79
2139.0
1063.34
1421.19
1062.67
1060.89
1153.63
2139.61
2409.85
3485.82
2230.49
3574.51
3309.74
1152.77
1060.8
1060.0
1060.0
1060.0
1060.0
1060.0
1152.27
3307.06
1330.02
1060.0
1060.0
1060.0
1060.0
1060.0
1060.16
1060.36
2589.44
5550.26
4745.17
3395.17
2856.77
3662.3
1060.0
1060.0
1060.0
1060.0
1060.0
1060.0
1060.0
1060.0
1060.0
1060.0
1060.0
1060.0
1060.0
1060.16
1060.2
1060.0
1060.0
1060.0
1060.0
1060.24
1060.0
1060.51
1060.0
1060.0
2765.41
2588.44
4383.65
2320.22
2501.01
3844.76
2681.32
2049.91
1060.55
1060.0
1061.05
1692.49
1060.0
1060.0
1060.0
1060.0
1060.0
1060.0
1060.0
1060.0
1060.07
1062.66
1062.57
1061.45
3665.68
2768.67
1060.0
1060.0
1060.0
1060.0
1060.0
1060.88
1061.13
1060.16
3036.01
6182.1
1961.5
1060.9
1060.0
1060.0
1060.0
1060.34
1060.0
1060.0
1060.0
1060.0
2047.97
3215.51
1060.28
1060.0
1060.0
1061.13
1061.33
1060.91
1060.0
1060.3
2320.3
1870.84
1060.24
1061.47
1062.98
2860.71
2679.79
4832.5
4202.7
3035.74
1060.0
1060.0
1060.0
1060.0
1060.0
1060.88
1060.0
1060.0
1060.0
1060.0
1149.91
1060.0
1060.0
1060.0
1060.0
1061.0
1060.48
2948.4
1421.99
2322.43
1421.11
1060.0
1060.0
1149.91
1060.0
1780.0
4653.15
3847.55
1062.15
1060.24
1060.0
1060.0
1060.0
1060.0
1060.0
1060.56
1060.04
1060.07
1061.23
2678.91
4831.01
2857.25
1060.0
1149.91
1060.0
1060.71
1060.86
1060.0
1060.24
1060.0
1150.63
3663.62
4384.08
1151.95
2138.4
1060.8
1060.0
1060.0
1060.49
1060.0
1060.16
1060.77
1060.0
2765.4
1064.52
2498.87
4923.41
2050.18
1063.51
1062.87
1063.39
1781.27
1063.79
1062.9
1061.25
1061.14
1061.24
1060.4
1060.0
1060.32
1419.27
1061.31
1060.0
1060.16
1060.0
3576.92
4383.53
1061.04
1061.4
1060.0
1060.0
1060.0
1150.56
1060.48
1060.0
1060.08
1060.0
1061.75
1060.24
1060.36
2231.74
1062.63
1060.0
1060.0
1060.08
3753.21
3310.61
1061.95
1060.45
1060.0
1060.0
1062.48
4741.54
2231.46
1060.8
1060.0
1060.0
1149.91
1060.0
1060.0
1060.0
1060.0
1060.08
1332.83
1061.8
1061.0
1060.0
1060.28
1510.91
1063.54
1060.0
1060.21
1060.2
1060.81
1509.91
3485.81
4296.03
1060.96
1060.0
1149.91
1060.0
1060.0
1060.0
1060.0
1060.0
1060.0
1060.0
1060.24
1060.79
1060.38
2137.4
7349.84
3843.23
1062.3
1060.0
1060.76
1060.0
1060.12
1063.04
1061.36
1060.12
2496.2
4833.07
1691.1
1152.94
1419.34
1060.0
1060.0
1060.0
1060.78
1151.61
1060.0
1060.0
1149.91
1062.27
1063.03
1062.38
4561.08
3307.53
1060.51
1060.0
1060.0
1060.0
1060.0
1060.0
2049.14
3485.82
1060.98
1060.0
1060.0
1060.0
1060.0
1149.91
1060.0
1060.0
1061.47
1332.45
2050.97
2497.67
1332.43
1062.5
1424.47
1061.79
1060.0
1060.0
1060.0
1060.24
2497.24
5907.53
1061.19
1149.91
1060.0
1060.0
1060.0
1060.0
1060.77
1060.43
1060.08
1060.87
4027.54
1781.8
1060.07
1060.0
1060.0
1060.32
1060.44
1060.16
1060.0
5190.89
3932.41
6719.18
2770.05
1060.0
1060.0
1060.0
1060.52
1060.0
1060.0
1060.0
1060.0
1060.0
1060.64
1510.51
1061.51
1060.16
1060.0
1060.0
1060.0
1060.64
1689.17
5101.68
3666.87
1151.08
1061.53
1060.0
1060.08
1060.4
1060.0
1060.0
1061.64
1062.61
1062.61
3396.67
4832.67
1062.71
1060.0
1060.0
1060.0
1060.0
1060.0
1060.4
1060.0
1060.0
1419.92
4116.3
2948.31
1061.09
1060.0
1060.0
1062.89
3127.74
2320.89
1062.85
1060.0
1060.0
1060.0
1060.97
1870.75
1061.88
1060.0
1060.22
1060.0
1060.0
1060.0
1060.0
2139.54
4028.39
1690.73
3127.7
1959.58
1060.0
1060.0
1060.0
1060.0
1060.0
1060.0
1060.0
1060.0
1060.0
1509.8
1060.59
1060.0
1060.0
1060.0
1061.56
4294.16
4383.17
2049.42
1061.54
1691.43
1060.51
1060.4
1060.33
1061.24
3396.67
1332.1
1060.85
1061.2
1062.14
4293.68
3938.52
1061.28
1060.0
1060.0
1060.0
1060.36
1060.0
1060.0
1060.0
1060.42
2947.47
1062.42
1060.88
1060.32
1060.21
1691.01
1691.73
4471.63
1600.57
1060.0
1060.0
1060.0
1060.0
1060.0
1060.0
1060.0
1060.0
1422.21
1511.8
1060.0
1060.2
1060.0
1149.99
2047.18
5371.03
2768.34
1960.63
1062.07
1060.0
1060.0
1060.0
1149.91
1060.0
1060.0
1060.0
1060.72
1509.77
2048.71
2049.0
1060.0
1060.0
1061.14
1062.43
2051.48
4562.58
1061.09
1060.0
1060.0
1060.0
1060.0
1060.0
1060.74
2497.28
5555.49
2587.95
1060.0
1060.0
1060.0
1060.0
1060.0
1060.0
1060.0
1060.0
1060.0
1060.0
1060.24
1060.16
3753.36
3759.69
4116.2
1152.67
1960.95
1960.49
1060.77
1060.0
1060.4
1060.4
1060.0
1060.63
1060.0
1060.0
1060.14
1869.86
4923.55
1778.8
1149.91
1060.0
1060.0
1060.0
1060.0
1060.0
1060.0
1060.66
2858.17
1060.0
2051.43
4831.98
5639.2
2049.94
1060.0
1060.0
1060.0
1060.0
1060.08
1060.0
1060.0
1060.0
1060.0
1060.0
1060.0
1060.0
1060.0
2407.52
6444.87
1959.94
1060.6
1060.0
1060.0
1060.0
1060.0
1060.0
1060.0
1060.48
1060.0
1060.0
1600.89
2410.29
3220.14
1060.4
1060.0
1060.32
1060.0
1060.0
1060.0
1690.36
4833.08
1062.36
1060.0
1060.0
1060.0
1060.0
1060.0
1060.0
1061.56
1060.16
1060.32
1060.0
1060.32
2859.32
5191.31
3218.35
3666.0
5192.58
1060.66
1060.0
1060.0
1060.0
1060.0
1060.0
1060.0
1060.0
1060.0
1060.0
1060.0
1060.0
3305.63
5996.81
1960.41
1060.0
1060.12
1060.0
1060.0
1060.0
1060.0
5375.64
1061.53
1512.31
2140.34
1420.89
1060.0
1060.0
1060.0
1060.0
1060.0
1060.0
1332.17
3036.57
3218.05
1062.16
1511.54
3038.73
2498.47
1060.0
1060.0
1060.0
1060.32
1060.74
1060.0
1060.0
1060.0
1060.0
1060.0
1060.0
1060.52
2050.71
5105.18
3484.73
1060.48
1060.0
1060.0
1060.0
1060.0
1060.0
1060.0
1149.91
1060.0
1060.0
1060.0
1060.0
1060.0
1060.0
1060.0
1060.0
1060.0
1060.0
1060.16
1060.0
1060.0
1239.82
1060.0
1060.56
1060.0
1060.0
1060.0
1060.0
1060.0
1060.2
1151.61
4562.01
1061.76
2677.43
2769.55
1962.5
1060.12
1060.0
1062.67
4203.17
5550.64
1152.36
1060.0
1060.0
1060.0
1060.0
1060.0
1060.0
2768.79
1601.29
1779.19
2589.75
2587.97
3125.9
1060.42
1061.48
1060.0
1060.0
1060.16
1060.2
1060.0
1060.0
1149.91
1060.0
1509.0
3307.35
1151.63
3934.83
2587.76
1060.0
1060.0
1060.0
1060.0
1060.64
1062.46
1063.22
3754.93
4025.93
1958.17
1060.0
1060.0
1060.0
1060.0
1060.0
1060.0
1060.0
1060.0
1060.36
2048.88
2411.16
2049.79
2229.97
1688.54
1060.0
1060.0
1060.16
1060.0
1060.0
1060.0
2857.66
3126.34
1060.0
1060.0
1060.12
3577.24
4473.36
2586.65
1868.91
1061.79
1060.0
1060.0
1060.0
1060.0
1060.0
1060.0
1061.47
1061.85
1960.48
1060.61
4474.66
2675.86
1060.0
1060.0
1060.0
1060.0
1060.0
1060.0
1418.84
4115.8
4741.43
2589.82
5907.04
4743.95
3308.16
1060.0
1060.0
1060.0
1060.0
1060.0
1060.0
1149.91
1060.0
1060.0
1060.0
1060.0
1060.0
1060.0
1060.0
1060.0
1060.0
1060.0
1060.0
1149.91
1060.0
1060.0
1060.0
1060.0
1060.0
1060.28
1060.0
1060.32
1060.0
1060.0
1062.12
2049.81
2410.26
6269.89
1691.0
1060.08
1060.0
1060.0
1060.0
1060.0
1060.56
1060.4
1060.0
1149.91
1060.24
1060.7
1061.03
1061.24
1060.0
1060.0
1062.59
4385.23
1871.0
1600.97
1060.0
1060.0
1060.0
1060.0
1060.0
1060.04
1061.85
2139.61
4563.95
1871.95
4297.57
1061.87
1060.0
1060.0
1060.0
1060.0
1060.08
1060.0
1060.0
1060.94
4204.53
3038.62
2859.5
3038.87
2231.04
2410.31
1870.68
5102.62
1244.01
2228.43
1064.25
1870.32
1871.86
1060.88
1060.0
1060.0
1060.0
1060.0
1060.0
1060.0
1060.0
1060.0
1060.0
1060.0
1060.0
1060.0
1060.0
1060.0
1060.0
1060.0
1060.0
1060.87
3575.32
4204.44
1062.41
1421.02
1871.13
1781.74
1061.04
1060.0
1060.0
1060.0
1060.0
1060.0
1060.0
1060.0
1060.0
1060.0
1060.0
1149.99
4564.01
2139.34
1061.7
1060.0
1149.91
1060.0
1060.0
1060.0
1060.0
1691.38
2409.26
4745.66
4114.25
3038.71
1782.12
2409.3
4028.59
2049.41
1060.0
1060.0
1060.0
1060.0
1060.0
1060.0
1060.0
1060.0
1060.0
1060.0
1060.0
1060.0
1060.0
1060.0
1060.0
1060.0
1060.0
1060.0
1149.91
1060.0
1060.0
1060.0
1060.24
1060.76
3669.07
4115.1
3039.28
1152.07
1060.0
1060.0
1060.0
1060.0
1060.0
1060.0
1060.16
1060.66
1061.05
2228.5
1961.37
3396.04
2770.16
1060.52
1060.0
1060.0
1060.0
1060.0
1060.0
1060.0
1060.0
1060.0
1060.0
1060.0
1060.35
1060.0
1060.0
1061.81
1060.0
1060.97
1332.32
1061.95
1690.98
1781.64
3400.21
1060.72
1060.0
1060.0
1060.0
3756.25
1601.37
5637.82
1061.46
1060.0
1060.0
1060.52
1060.4
1060.0
1060.0
1060.0
1060.65
3126.74
2856.75
1060.24
1060.0
1240.65
2050.66
4382.01
4028.08
1061.45
1060.0
1060.0
1060.0
1060.0
1060.0
1061.18
1061.75
1060.0
1060.52
1060.0
1060.0
1060.48
1061.83
2587.84
3934.59