155713
154885
161193
172146
163116
166865
177203
151529
157276
169796
154209
168724
160733
159224
151809
154686
154883
161261
168349
170191
161112
149896
147630
170704
166229
170141
164290
174910
168191
165339
167046
165187
158631
158398
167939
157390
169910
169481
165513
157314
151017
164964
153125
157772
172752
166451
159558
154519
161104
155529
164641
168176
175021
159232
162225
182228
150480
176188
155349
179162
177071
161341
164903
162205
163992
173448
168807
161551
161501
176531
167887
159748
180243
175450
168847
161208
160579
177020
162440
171040
164981
171887
166059
173055
170349
168039
168167
174654
165226
180642
165180
163397
164798
163146
173337
185162
177182
165669
178419
165988
165407
165435
175773
176409
161065
170484
170670
158597
168811
174149
176110
181764
175287
164470
169195
173429
174049
179664
177836
169159
167336
178239
175057
172913
170313
177786
170857
184722
173812
170932
171814
175478
175461
167247
183784
172599
171782
183693
167513
175864
177006
182864
173602
167449
161778
179478
184603
175914
176987
171966
177900
179574
177971
165818
175586
172275
182180
169936
160899
169096
175359
171716
179667
174333
173790
176715
168902
183315
174113
179702
182642
182931
173880
171618
179425
173486
175054
179467
176767
177008
172769
183601
181754
185721
187707
176761
173306
176729
174977
176593
177871
169208
172705
173630
192891
180097
179873
180269
174419
175713
188853
186797
186325
172666
185646
181213
172858
178513
174798
183493
176524
183650
186114
185718
180801
176374
177734
183890
181212
172831
182502
183331
178460
192661
182376
178391
185135
189204
171761
187376
179297
181407
187478
182352
188939
183125
187680
176645
186540
187182
183828
182967
196208
185133
181573
175034
181586
185976
184568
181952
186163
174095
187389
179064
180031
179428
182611
190643
192466
176869
186822
177325
193338
185755
187408
177625
194023
182628
183829
182734
178753
184886
181890
187571
171171
187680
178757
180949
178347
168150
191939
184685
182950
176791
190699
186673
189346
190443
183702
191606
194580
188247
179265
190858
186576
189183
190824
166194
150030
191927
190965
190475
193668
189384
186872
192470
191506
194846
191559
192755
190484
179931
193777
195982
185973
187585
193658
185069
189362
192705
197034
184644
195872
187776
183428
194019
193412
193633
184340
191303
197795
191559
191365
195380
188823
190429
194625
191392
194436
194916
190527
188526
154008
191689
192172
194020
190788
191144
187970
194152
189428
198692
177647
195024
197288
191204
193360
201539
192951
194210
191734
191244
195111
173115
197976
195956
195645
191909
195509
196811
201737
191976
196435
185876
196756
197419
200674
197585
197734
195512
187854
192668
191489
201476
198898
159501
191123
186307
191179
196783
194774
170709
197638
193716
201847
197475
195875
200801
192516
199456
200535
196852
187893
172101
199481
199331
198849
180591
202017
196682
198622
198264
184356
195810
194453
201764
202500
201831
197619
196206
198504
197262
187658
192924
190483
168586
198985
192844
198315
179343
201400
193663
200017
196355
199211
200642
183051
170933
195719
203428
197046
201229
195527
203548
191577
194924
195979
198961
136285
200488
205225
201862
201735
161042
201273
172386
160944
182833
198900
176092
201853
200013
200947
151841
130805
157164
193292
142015
197784
152649
190991
121884
201815
189749
123776
202763
164642
169216
133663
83214
170293
204218
200655
188048
169009
193467
177444
190832
153666
121936
197123
198331
152937
193772
203883
123199
137411
200358
202547
191214
157821
143638
121961
166240
147661
143688
199075
198381
89665
180757
137369
176986
169600
157672
124476
151081
175461
109211
168438
186063
203451
185009
158769
181995
162357
138111
117523
190120
118063
198559
178992
174368
92383
143736
167433
169928
168325
113515
116484
115805
191890
136310
201299
200019
202522
166904
152730
148529
109681
200741
191265
119559
200403
164224
114633
168254
157139
199538
110427
152886
202266
154662
192118
176759
123776
169627
185122
194647
138431
119026
202548
136137
150787
117594
138046
108266
183822
199562
196473
202409
122230
136274
198518
193167
161631
119042
180903
196651
112176
197730
197938
190184
173368
173386
205560
137497
194904
193611
203637
193130
161901
116531
198183
204287
159121
172524
197154
203432
112714
192294
177809
116552
161445
190017
160849
108508
204100
202292
191415
190126
206105
199467
128193
204438
173546
174542
111521
205411
140736
172197
149924
173746
202408
203546
173390
149242
198478
198627
197421
191993
169717
175470
194388
181887
178765
173495
195532
202312
196396
180870
171115
200466
200442
200699
203637
175794
202651
203601
169876
200511
182114
172844
184805
199473
142021
197630
171399
162242
148231
200914
205531
185316
194166
124247
197417
206460
202688
135536
189011
199423
188225
179940
201196
199851
201890
149931
193197
166750
162206
178783
202748
204683
191087
128400
176728
173727
134575
203500
203823
167562
163485
197416
131324
196601
199842
188268
180582
203593
197447
109882
200212
193922
203718
113063
202094
172854
201825
131267
202535
177895
113654
185915
164078
164319
183147
182327
183981
202981
200546
177877
185819
187076
182064
154964
174809
179225
201793
175911
162538
175742
172674
169544
181849
173848
168729
163443
193328
164380
175800
179698
162118
176652
180717
201828
202013
159704
169344
172564
154028
196324
175974
203387
177567
184017
170868
183327
198786
200373
191100
178962
198279
168889
201403
201430
176732
200509
177676
166348
178927
181077
165463
203873
145558
196893
136349
195684
197517
173041
177193
121656
142056
156889
177029
154256
197147
193413
194633
148372
178791
165353
159731
134645
166203
153200
196249
172508
120834
163818
177478
154999
126555
132610
150941
166189
122810
122612
119277
167313
178338
146955
162067
176576
157391
184291
192043
179062
200482
118279
193266
201101
192767
197975
177681
197550
187136
171472
161395
191514
201769
204078
185302
194585
191912
160113
195005
202614
200938
153283
201041
188234
186194
192300
192971
198084
192872
194664
194280
185976
201647
202710
201201
194230
200601
199392
202057
191327
199740
200058
198398
203741
201854
199776
191086
202844
190038
189016
200606
199172
188102
196411
197078
203034
197466
194051
201738
178575
177012
201569
197238
199205
170491
172528
177229
165640
185370
160464
197000
181203
187476
131415
192242
194060
200624
194207
197466
198993
201344
196298
200864
198492
200151
196692
201814
203037
202629
199006
196437
201793
196381
202028
203393
194343
199767
201970
203933
202886
201983
194734
202086
196424
201063
203072
202763
199453
201113
202579
202982
198983
198885
203092
196930
200375
201206
204296
202377
198967
204170
202075
198650
198627
203214
145627
200825
197093
199240
194582
202232
204088
201238
197656
201035
198720
201079
201828
201996
204140
204655
195370
200800
203542
198167
201053
189464
200302
200507
198299
201957
195801
203770
200472
204081
169130
146016
145040
146996
171632
199952
148007
161424
201762
199788
203020
202909
203133
194710
200519
204454
199976
200869
198841
175994
201307
203712
198046
200714
200818
159909
200585
199347
201903
197858
166361
149753
174372
162462
199839
175857
145699
179871
186095
202953
196114
187673
201959
202827
162241
202069
173623
204100
198997
183359
202988
179085
184600
196143
201534
188749
186439
191615
196084
200403
189006
190313
196893
198655
187247
179095
197129
201028
194854
203227
194461
199697
197238
191729
203220
202239
190500
197960
200556
201835
169482
187471
189735
180944
186800
201236
195354
196723
198219
195685
195256
200609
203022
194232
198128
193760
201418
199560
199798
197845
199186
201577
200735
199178
199226
179133
204415
200666
196086
201369
202215
204827
205385
202537
192577
201081
183980
197966
200632
202799
178424
181520
186825
197323
200651
203773
165192
186294
191841
202450
177678
188094
204221
201807
200858
200188
195609
193089
202218
203731
193063
200326
186626
184196
203248
181151
200358
201373
201906
199187
201752
198398
198069
201008
198739
194596
203141
202291
197110
202528
171971
174312
184600
200717
199001
199136
199478
200134
158198
199331
157409
153990
202058
152576
146200
167888
192865
165046
202370
196293
145771
159966
202802
158144
157246
152462
146738
145438
164873
194537
187317
157424
142106
198950
200284
196702
196917
196201
191037
194073
192615
201482
177346
201400
165090
171204
163322
170920
171139
203684
202020
199235
200679
176701
200223
202301
173213
198478
201614
187348
194077
198331
197984
204245
197781
202558
200451
202426
204712
198590
203661
203118
202902
200480
199834
151716
201829
203725
199679
204579
201380
205407
203176
203434
203116
201888
200738
189156
201637
195514
200303
201187
198036
203391
200393
203729
198434
194506
203565
203859
205501
203549
202514
203619
204499
200124
197429
149287
201415
196166
152217
204409
201706
202715
205320
200640
202061
200493
204317
204782
200432
203377
197007
201424
194336
201326
200650
201496
204142
198264
201905
203598
193743
199396
203750
201519
203303
199881
201793
201652
200357
202198
204085
202139
198875
201439
204549
203560
198220
203453
202034
172804
200228
195851
205169
204605
182962
199214
202533
202663
172502
203324
201418
202958
193297
198457
204310
197813
200386
202077
203448
202548
195170
200048
198378
196906
199725
196696
199950
195945
202847
196405
199894
171691
196539
196045
203125
172259
160969
200426
192395
195652
200118
190037
200701
202962
197491
199251
196246
202386
195777
181493
182244
197257
153435
195317
185039
204918
203116
161146
202106
137452
198481
199646
199274
181557
143303
196642
128613
203445
204500
202144
199908
202846
202595
200353
135285
202671
202862
201640
198518
201297
202344
196297
195722
203072
171706
179749
200922
188933
156873
201143
201639
200378
201977
202691
203273
202032
201106
196388
201782
204289
202507
201661
200058
201672
199583
122772
183730
199682
200894
199354
203138
201619
177067
200153
200801
196548
204776
201610
117737
150404
105323
199096
203197
200980
104390
201753
201099
199467
203126
201078
155742
200615
201341
187361
200763
204142
114519
181240
202042
200485
203127
155644
201274
201844
107281
107426
132417
203298
202167
201327
201789
201408
197495
202392
204337
191036
178572
197444
204381
202753
192120
201305
201598
174604
201287
201755
183696
184767
202495
196040
193000
193415
181821
194952
194790
184805
184514
184421
197025
205229
203767
203957
198913
198460
204468
197931
198050
202790
189919
202418
196017
203630
201566
204973
189082
203480
189023
199183
205188
199652
186024
202272
199700
198076
205501
201400
201291
203167
201985
201683
181689
199350
202659
190124
181474
200022
173505
203696
200734
199076
199176
204463
192067
202602
204441
171435
175617
204737
190335
203488
169688
201754
200755
201856
186841
172659
189694
201013
184888
188844
198118
201984
188902
183690
202458
182769
191116
180634
200838
182723
199326
179627
192706
202429
172343
200683
200916
183671
167143
202830
201069
203976
202379
109682
201906
169682
199365
182681
202074
203113
201994
203434
205123
132475
204515
193035
181727
170927
194094
198708
201494
176897
190458
197620
204393
173673
186945
175334
197047
202247
202207
200916
155619
198566
196109
158983
192155
165914
189131
197379
177043
201326
205132
172414
203492
163415
198746
198643
204187
201056
202612
189808
186262
185150
200618
193677
184070
191417
200774
144924
188700
204797
171341
163270
185542
198836
182925
199241
199878
167119
192069
188898
200510
180637
184570
199909
203259
205261
203628
169912
186805
201721
169671
188670
194358
186081
194930
176718
179739
161971
185006
181397
173546
185623
189584
201008
204318
189465
190714
154090
161048
172196
203602
183657
159236
176640
203347
172301
195881
160433
164312
147584
165115
182705
191731
191758
186633
165323
203745
104544
169335
200511
165586
187561
189026
180751
193115
163933
201780
200562
170310
179327
198626
202665
162012
162295
122691
165252
203086
147965
204194
176442
154183
199074
152083
118693
180643
148785
150114
199360
202956
178491
153081
204345
128935
160235
198981
156135
201029
173547
155783
160316
198257
166463
130055
97377
148796
193866
185947
194847
150441
136964
157892
173503
134878
146629
184632
204020
196625
197989
199548
199838
184033
203050
198898
199910
187035
200522
202161
197569
180929
202202
188511
196344
200980
203612
200180
197986
192637
202213
201295
201319
200732
199521
194918
195191
200718
198426
181863
195965
156464
199592
201666
201591
200920
200185
202426
200862
202917
201424
195686
202161
192978
201730
198960
200264
201309
197768
200161
198909
196758
160529
156497
200139
172623
201620
200223
163655
199704
188262
200038
199380
156772
193677
201393
179512
174044
199390
200633
202119
202031
165315
195183
201453
201019
194980
200668
199876
182855
199667
172276
199899
196815
175364
180375
192739
202037
193994
158675
203569
174671
202228
194747
201298
194870
194885
169493
202011
196080
201930
200262
197935
199106
178695
161211
202247
199088
202816
198520
197995
197854
200156
173411
185811
199737
201657
200408
199529
201123
194746
184482
200522
198259
202771
195830
200262
199159
199520
200298
202205
192792
198838
200287
144477
198112
199159
200052
200504
198297
169354
171460
145428
200653
198000
201992
200561
177345
198907
201487
199870
201428
201063
200131
203682
197457
203046
199893
202156
199735
203649
201728
201044
201959
200600
195015
201566
204714
182238
201270
201832
199688
200291
203142
203861
201568
201906
200663
200537
199548
205594
202815
200161
202229
203043
203017
199103
203179
191509
201420
201814
200056
199411
196450
201384
202378
193062
202942
201947
199598
196909
201279
197014
200521
195650
197492
202218
204331
197890
199489
200853
205218
202412
201889
199268
196629
200978
201545
197339
197110
202910
202865
204925
200965
202029
201762
203068
201952
203365
201916
200957
201999
200397
204429
202268
196914
203506
199604
202274
195224
197483
200525
199118
201280
202259
201897
201326
204805
203225
199030
202594
202022
198456
204929
202108
200194
194069
201272
204195
179921
200582
200593
201192
202227
199216
180382
187361
202101
199488
191752
202257
125699
201516
201577
203895
200131
202060
198120
203056
201182
199054
202453
203291
196662
199008
194502
198695
153238
200056
201095
162376
200021
203695
203178
201080
202952
203485
163128
201007
179258
201837
173146
133517
201360
201764
163123
202019
202065
200854
177100
203367
197769
196859
200878
200106
201126
201880
202415
198548
188470
195152
164860
203187
183379
170766
173267
198513
200121
157097
202888
150808
200946
154160
204534
200533
196921
197350
202175
200497
202442
204325
197857
190915
190403
198953
200985
202428
190031
199379
202896
202869
198094
201051
202257
203350
200384
199881
202679
201569
201629
199654
202578
198066
201163
197816
201328
203346
176643
203012
201687
199542
200994
196641
200523
197422
201148
202159
170759
202040
202247
203414
201212
198223
199499
196664
202354
187900
198227
200086
200940
199685
204378
200025
203266
199748
198816
196329
192768
199205
200865
200610
202095
192861
203306
197452
205256
199213
203764
201289
174641
203693
200802
204969
197022
204560
197755
203015
190573
201702
202218
205088
204061
201586
200698
201701
202905
197875
202906
170022
199601
202034
204353
197943
198307
200290
199570
202715
196806
133706
201678
201585
199739
198591
199580
193886
205196
202651
196399
201050
197022
199408
201192
199955
202811
200287
203538
201871
202709
201035
200457
198052
199672
200972
201563
200960
200447
200795
198081
199907
200900
199936
200845
197544
200465
202662
203346
200782
202307
201906
203135
202788
201517
202805
201120
201806
200626
200696
203031
200824
198540
201472
202823
200884
202402
201734
198685
202485
194029
202345
197055
202545
203509
200464
199452
200833
201819
202451
203639
199437
195598
157481
195259
202931
202377
201192
204032
201557
201140
202667
199686
201944
202595
200384
202084
198776
201892
199331
199467
200087
203190
204731
200889
203459
202463
203741
198772
204836
199777
200668
195148
200894
198858
202099
200081
197702
202039
203191
200851
175803
204272
201889
196670
201040
201164
200045
199186
184013
203390
203315
202652
199269
175589
203600
203685
200987
188289
194432
196639
201760
201915
203297
202862
201944
200931
178770
188262
192329
202637
197365
186933
195247
201139
197313
180919
201122
183058
200106
197342
188998
203341
202448
178162
156183
191603
200085
201007
198709
183859
200179
197332
199322
182679
202408
179874
199184
197290
200573
202437
181568
198272
202642
199290
200733
199665
174577
176635
199985
201216
195507
199424
202040
201495
202701
178976
202402
202132
198383
202063
205264
197854
198935
202929
197670
193184
193365
199873
200511
201283
185430
191544
164889
176359
162201
202296
196479
184556
201814
203228
188863
198390
198932
181667
198830
180378
201579
197597
192121
202221
200237
171400
147149
201965
203364
202883
182328
195138
180101
200540
202422
157654
144305
151778
203283
205674
200001
203265
198996
168432
177979
161548
184339
204489
200134
181485
195909
202505
191695
195291
185468
194975
153538
198346
152074
202565
191166
197946
198655
108586
142961
198416
199093
200548
154190
155590
163478
201528
199422
194890
200443
199084
203741
183230
190622
152423
147332
170602
144547
200656
200912
203439
197474
198705
203289
196267
199001
196781
200851
204040
200826
194338
194204
140942
183212
184481
162957
197832
203091
196631
199763
157540
199888
198821
151079
157180
199052
189694
181476
191556
200837
199817
198327
177569
201808
178974
204049
203882
203101
201555
199304
199225
195481
195807
203993
202418
202829
204278
197734
203768
158519
202089
166749
200556
201956
201908
200848
199994
200652
203069
201778
201935
199860
202092
172934
205984
192338
200872
200525
197669
192801
181244
193365
199385
137767
201317
200874
194495
180250
197486
202634
184729
197608
196809
200794
201716
200098
202099
182033
204290
202646
203059
201528
203803
202145
202691
201336
205147
193324
184112
204276
198400
184917
202699
202706
203856
200564
181904
197091
199540
201086
189263
200803
181058
200504
194412
179532
196552
200995
201794
201130
190293
192896
201172
196981
201001
198432
204409
205252
185291
204933
182921
203478
203513
203766
200640
203878
198941
195518
203104
200967
201811
202998
197659
199876
203078
200907
168363
198156
201804
194604
202133
195375
198465
165816
201647
198317
196152
198914
198704
200025
201920
196468
200473
200114
201756
192410
201186
174110
146851
199799
199997
181210
198358
198585
201810
200811
179591
198158
162307
198356
197042
199549
201075
200793
202209
193991
195363
200434
197163
198901
197427
201517
201496
198764
194910
198467
203213
201919
200260
201410
201529
199624
204303
195800
201333
198999
201270
200442
200033
204207
199946
202233
198702
202700
204798
202610
193585
201519
156989
203469
194042
201558
198434
204030
203445
198014
202225
195375
203634
204210
197136
202633
200164
200876
202618
198324
194711
198039
185340
201341
201180
198118
202012
202869
196812
199268
198461
202584
201863
200361
200514
198895
203469
201066
195955
201174
201245
195921
203015
199440
199708
199723
199060
194956
201346
198432
199518
200506
193574
202195
176454
203798
203335
200767
200372
200450
201256
200759
199469
201258
199293
201607
196881
200831
201638
194280
200854
200800
202198
204544
199958
201171
202409
200586
186167
200838
198172
199144
193239
201782
202784
202771
198942
202881
201874
202220
202196
200898
198163
202460
201138
202868
201511
203297
201505
198683
203014
202444
200065
200566
202675
199974
201849
191826
196736
201793
194244
200591
202882
198829
201115
200490
203410
200366
197969
200823
194807
198737
196926
199069
201381
203337
195970
203069
202956
204250
201300
200461
198643
200526
199264
201165
192920
192968
203961
201101
199367
196266
200065
201423
198881
201829
196781
200038
201276
200934
201829
199467
199606
203445
202422
199986
198007
196762
202117
199550
192063
201438
198119
201740
201401
201304
200351
199535
200830
202611
200789
203913
199027
202507
203418
203742
199824
202953
199956
192290
201490
202547
202613
202012
199987
203819
203538
204746
199058
205192
202511
189433
202829
202397
196392
198312
202592
202618
198894
204817
201090
194781
191850
203830
201608
202942
202505
200812
196612
200016
195712
196143
203456
196120
200562
199536
199342
200382
195029
199219
201415
200568
200398
201326
201955
199868
202723
203641
203668
201786
200497
201021
198022
195199
200640
199477
200625
201420
200625
200799
200923
199556
197920
202776
200716
197633
199392
201269
203756
161057
197796
201636
197444
203240
199553
200916
196873
201019
196728
200546
198541
200611
186358
201049
200922
202292
201424
193148
186962
200053
198007
204423
201924
202148
202004
188118
196036
202366
200594
201011
201170
196519
202960
200716
202001
189111
194752
197284
196107
201098
200941
203530
199335
199033
197591
201394
196251
201809
199671
199905
197253
200641
196465
196857
194222
159934
199061
197365
199088
198226
202303
202598
199998
201663
194625
196208
200413
198654
200113
202995
197765
199425
198686
201165
203341
202426
202405
199056
199443
198924
203753
198960
200730
191991
177268
202581
201910
198260
196470
200459
196810
200280
203311
198555
199410
158184
195326
198092
201922
199617
197195
203997
199412
182414
201057
200292
160962
150709
198588
199154
172486
188294
169629
199208
203638
196350
198338
202528
204103
201767
201980
200727
202118
201864
199899
203090
201746
202898
199265
202546
203845
199550
189094
198853
198823
205057
201247
202963
202956
202519
202971
203254
205666
203212
198455
204361
203511
202995
200883
202656
202193
203184
204138
204826
201268
204347
200400
203475
203131
203870
202590
203972
200070
204758
203064
203950
186914
201605
203327
200583
195211
200288
201266
204056
202598
205230
205473
193678
200534
203712
201437
198483
203585
198593
179414
199842
202360
205369
199419
201013
197252
204410
203287
203200
204554
198583
204111
203494
202505
195630
203710
204445
200924
202732
199489
190621
198977
137664
199733
203642
199413
202308
203597
203348
204262
201543
203347
198138
192113
198608
203515
200508
203532
201717
202533
199500
203850
199245
196967
205059
201500
203518
203416
203843
193588
200091
200123
191607
201462
203164
205030
201376
203218
205604
199821
197846
204131
171269
204150
203954
187807
200228
204361
201908
202957
201816
203752
203151
204216
203212
185591
204272
201300
203785
194464
202472
202509
202568
202380
200634
203340
203042
169885
199904
201522
201527
198771
203042
196103
199361
200744
195351
197165
203596
201739
201702
200804
201033
189984
196518
203604
203881
200727
204201
199855
203425
200609
201045
197211
201317
203716
203111
200707
199779
205191
202747
189555
203944
201322
201402
203902
202035
203436
197868
193058
179557
203695
202803
199629
200500
201820
202543
197489
201993
203450
196173
199875
203127
199521
201949
201557
203324
192824
200936
200973
200212
202479
201164
184902
197943
198629
202436
196980
201173
185171
162012
202379
198303
197331
200922
195306
198100
200250
201207
192445
201600
199679
199893
200605
119037
204098
199973
202722
203786
204517
201428
199378
201703
201655
202573
199743
201157
204952
204656
202649
205525
181085
178904
190637
200185
171898
175476
200457
152518
198117
203056
199381
172030
202118
150504
165717
192411
94106
197253
200037
195668
196779
113044
196100
199538
202583
197574
194204
198590
194947
133074
182114
147187
195021
202568
198512
200226
203012
205037
199836
200842
203238
201395
201670
195669
203352
202041
202849
155038
183007
199432
188848
202697
198795
200611
201594
202045
202478
200927
200628
203255
197341
201992
199732
197622
201906
186811
155488
164146
202476
202228
134607
197361
198223
201598
203640
181766
127805
169050
200845
202328
158309
180649
203340
201034
186570
202806
176497
140792
164608
197315
197912
203597
193937
193808
202044
178713
123419
124453
200099
198468
197995
183694
203431
185814
172408
180853
122158
159309
181856
158702
137952
152040
146710
147975
168251
202411
188464
198686
158698
193379
187174
196912
149260
126294
148843
143617
194205
187343
198383
200622
194226
196369
196819
178071
155493
195196
189367
126797
194747
196270
155197
154647
171917
157585
181222
158357
170564
181898
172020
177247
188311
191253
170255
169110
171612
156807
142995
157014
170780
157400
168044
203851
200108
200052
204247
195605
201365
202086
200756
189769
198440
203504
190444
199353
191539
201172
193876
185522
168789
201260
150221
202314
200987
175308
201341
205360
201295
204555
203571
203505
204340
201011
203608
203056
201253
202983
179537
199306
204285
186883
202460
202656
200920
204277
199868
201783
202925
203610
171610
162941
187242
190090
198949
203511
205598
198765
197386
202609
201001
202741
166829
201766
196322
160371
200710
205464
203600
201652
199226
201954
201724
203555
201541
196920
196968
204177
202030
201842
197573
203550
199731
202188
201993
200001
189940
143687
200839
203401
190879
202388
200726
202858
200431
203291
184764
179825
194967
199957
201674
200758
200454
199501
202423
198891
201452
205108
200695
201001
203496
141524
200597
202456
201994
174669
203795
166490
188080
202917
203373
199093
195608
203017
203313
200993
201764
174585
198261
200895
201974
202452
199468
204681
201229
195857
203082
203164
200911
203695
203621
201535
201113
200487
200160
199403
202320
201795
201493
198000
189338
200894
200778
192357
203330
204331
202233
200017
204223
202243
197766
200823
202390
200463
201643
200656
202228
200392
202835
203133
203217
201645
198548
204664
201722
200569
200509
200089
204999
202940
204019
201648
196724
202116
198716
197521
202342
204790
193444
204443
203244
199934
196907
196988
203695
198556
204800
196313
200262
201650
196856
198618
197961
202554
203358
204014
199894
201657
202675
198781
203595
194948
202940
201544
202839
204739
202902
200620
204602
201206
203269
205953
201163
202299
201843
204923
202379
193789
205618
202520
201620
203163
200443
202357
204356
203825
200685
203713
198934
199184
198409
202492
203325
201891
202957
203621
200530
197446
201508
201344
203304
203690
204404
202893
205576
201317
200088
199706
200726
202013
201738
201544
203286
202223
204917
202046
201017
199718
199738
200569
195822
202516
198087
200844
157032
201194
201660
203018
202850
198989
201342
205010
201439
201255
198739
205601
201835
197717
203965
203131
203512
199019
199281
200906
202863
202111
202754
195827
197958
197491
198191
200334
203524
203898
197470
196043
193121
200583
204250
205260
201577
204780
201405
201501
198185
199591
193552
195801
199437
198121
204180
201136
204066
203807
202629
199023
204242
202346
197219
202048
202955
196220
202220
201929
203232
200708
202856
201157
199345
202517
200460
200316
201456
204721
201452
197529
202601
198436
202497
202652
203371
205003
194411
200701
202757
204528
197857
205150
200425
203938
203288
201963
202640
202972
200224
205005
201618
202077
202293
200648
202125
203734
205119
188610
195777
202685
199982
201513
200580
201947
200781
203900
201718
200360
201258
203627
199994
204007
202942
203737
204380
199631
203767
200758
203969
199972
199807
200234
195323
201491
175653
202658
202053
197654
202662
201085
197259
198019
199509
200068
202692
201950
184446
196732
202737
200791
202924
204021
202043
198833
201743
201837
199878
204958
202284
200923
201425
204618
202642
201461
187307
203602
200711
203439
200451
202986
196870
202002
201068
202888
198824
202014
198323
204621
201520
204179
201867
183844
200233
203177
190773
176695
203949
180534
202032
202651
196362
184956
200947
191841
201182
200329
147055
198806
202928
202993
202606
201762
201984
201742
185094
171622
199889
186962
201535
196749
200453
179030
203637
201370
201529
202113
191128
202126
201842
161688
151160
201931
199523
203168
194537
197705
199301
202727
202904
204132
199752
201749
199115
198926
204225
203494
201802
202344
204440
200490
196458
199745
202480
196455
202762
201182
202719
203452
173481
185565
178654
203411
202643
201588
204843
203261
203445
201851
199126
206205
203596
204415
198611
204142
201352
202860
199783
199254
204645
200415
201536
204327
202075
202744
198975
198399
203756
204012
201585
193206
201915
204193
201028
200663
198305
200509
203399
198861
202002
202230
201034
192347
201131
200638
206119
170747
129061
203098
200723
205328
204625
195060
185215
199491
203189
172721
205483
203661
185746
195362
204873
197311
201439
203431
206205
202437
205377
180141
201265
153072
206395
201284
198438
205565
164005
201968
187926
143166
166324
184878
198923
198782
201574
205494
204061
175722
174119
165551
202715
205355
201574
200774
197525
200232
203349
202537
203436
190875
196560
197887
201841
201435
201261
195929
204137
199754
198095
199678
202483
199043
199744
197641
197708
197629
192198
193446
189214
200236
193424
200120
182899
205290
196584
199348
198346
193222
197481
195316
200167
200807
198580
181585
202250
199207
203596
199488
192176
171613
201935
203978
195041
202363
194671
198106
200114
199159
194278
204347
203265
192818
195273
200626
201250
180258
200690
199706
196098
196542
200580
195302
202467
198131
186470
200809
199621
199128
201273
198509
195251
198328
200462
202529
198483
203279
200596
204044
197516
201994
199990
203396
197607
197839
203134
187454
202030
197491
202612
202293
203723
195452
199430
202745
193288
172657
157836
201985
200143
202574
200629
197862
202611
201459
200899
200618
202001
202763
205526
202664
200246
202249
195328
201652
197285
196833
199673
203525
202769
199278
203334
197641
197657
204899
205550
198839
203485
197680
200214
167156
201851
199765
199598
202225
201104
201768
202763
199736
142953
193842
202637
203798
204355
203644
201242
182388
202363
203703
203579
201592
200028
203908
199686
202694
203562
201699
202319
199401
202934
202729
201690
198400
167110
203396
168710
199973
201126
200189
199665
198064
202730
150066
164067
201859
203351
181609
200126
201723
202242
201655
200640
202007
199468
205392
199512
203947
203831
202751
201264
170209
203324
203732
203166
182462
201042
199515
159370
203905
198174
200907
200615
200501
196030
164596
202120
200175
202863
196384
202001
204562
200041
202366
200844
181613
170624
121196
200505
200946
200162
200087
186224
200286
198126
158373
139761
201169
200357
199665
189012
193138
203388
203304
200756
204313
202134
199092
186523
205555
184827
203203
204001
200398
203355
185202
200373
127139
205292
204442
172891
200521
195700
136126
167512
163289
160097
202056
195973
205072
131167
141245
172658
196248
136383
203579
149759
203204
199625
203740
119854
182109
200204
204544
144878
174460
170700
200761
205405
190926
122151
180973
151669
110046
156824
160476
129942
177395
196481
147220
204334
204160
201875
200211
203888
191053
196873
184916
197952
155179
202996
185334
188891
198907
199024
205273
204213
177906
203756
192451
199072
205631
187330
172697
193519
186904
203319
201229
201078
203548
205199
199827
196007
206372
200022
204498
202594
199460
203969
198895
202354
194872
202726
203414
200705
205402
204126
205420
201847
195346
198328
204828
201960
204569
203840
202534
204119
199389
203186
205281
203432
196604
205257
201580
197414
193891
199790
200324
199074
205443
186882
200217
203397
203307
203081
202688
174741
193588
192792
191138
202977
198185
198064
204054
199246
195158
198761
195029
202830
198204
204853
123517
191840
134194
200084
202343
197780
204194
203224
200482
203829
202827
204238
193589
189245
185578
200052
202093
204015
177431
199928
201173
201409
153513
168039
203199
200107
205315
204524
203137
199268
200006
201800
203180
178329
169297
206315
204052
193026
166862
204252
199378
204300
183577
144199
198199
192936
202082
142017
204243
201789
204126
200353
203187
195391
197408
198560
204648
200416
204066
204998
198771
204180
202415
200192
198310
203019
196573
201668
198940
196773
200262
205141
201110
196800
203479
197471
198829
203439
197719
201661
199753
196956
196650
200604
190701
201330
200082
202772
203549
195898
205143
180432
201393
204395
203039
201726
203639
192991
198458
204713
199359
199294
203676
199332
201739
203404
203538
202894
204376
203563
197849
199521
205449
205560
203293
206385
204579
199559
204321
202864
205494
156503
203840
204192
201768
204466
201760
202929
196257
199320
203075
200313
201543
201677
200153
203777
202541
198951
204649
195599
192597
200753
201484
201971
200572
199124
202713
200639
204555
203586
199575
204698
204492
179625
199224
199350
206501
199856
205404
201509
204432
199130
204469
204316
203205
196579
199737
204444
201289
199179
204862
199700
199049
201849
201311
204472
197136
201162
184711
184853
196248
203474
197805
202845
200812
197252
200793
201917
205675
198136
203051
204655
198613
200554
201755
203641
198816
203651
200655
202898
203198
199423
202588
204756
205224
194766
198740
188453
198282
203126
201773
198311
202817
198888
199203
199914
193217
205945
206481
184530
201221
201964
203507
201400
202732
202568
201277
189675
204609
202667
196406
200312
201948
200181
201534
200140
200014
202299
201752
199717
205257
190929
203699
201180
188784
190849
197095
202147
203286
204296
197826
192678
195122
200632
183488
197789
200270
199631
187725
203305
201228
186802
188905
202975
203277
197494
185454
202919
186443
188835
197907
202815
197961
200373
201804
203639
203717
202768
205609
198929
189333
169644
202650
204612
197615
203495
191731
205610
203500
201984
202983
199358
203595
170692
145443
197367
198388
203446
203578
204520
203239
203767
202197
204487
201252
164781
201599
197699
201409
202184
202809
189745
202592
202518
203716
204339
202531
202336
197194
195015
201983
200906
200251
195480
204010
200796
203650
205443
204299
202733
199250
205773
198799
181734
201718
205329
204126
203775
204131
196366
200800
201239
202962
202776
202245
204194
198995
199042
203531
199332
201224
197764
203580
189241
200398
200551
206507
190859
187985
202098
203765
204131
201591
200399
202345
204591
205487
205617
196757
204380
201812
170414
200971
196398
205499
200993
198540
204746
201680
197597
203651
200346
201356
179552
200252
201490
168498
201948
200413
197785
201607
201052
203878
203192
201360
198602
205611
197043
199407
200365
204673
200822
190644
202234
200023
199451
200201
200579
197222
204462
199866
199189
160661
170781
205421
201815
206543
200500
200747
182492
203636
205335
196256
204553
202650
205165
203618
205542
171494
180307
201686
198878
191740
203383
160570
204694
201736
204704
202546
129791
187554
202909
202704
202188
200640
171916
201285
199176
201605
199871
155186
197489
201821
164731
194046
198691
178710
201034
201479
203723
203835
201164
199657
201044
200180
204261
108209
205647
201623
203761
204806
202460
158630
204684
202702
198780
198747
203913
151151
194572
153106
137197
199714
201171
198089
200779
171933
204743
147739
159229
129645
201425
156840
199840
198530
201516
203853
186165
202618
185517
201848
155574
191198
197333
174966
201998
204566
141140
150791
202712
200364
163677
202293
173244
133905
174379
136643
150804
191881
198806
202291
204112
195285
198902
205458
200094
199581
204820
190141
203393
201700
203468
197184
197515
201487
198862
197786
200522
197475
202291
202673
203920
164537
204469
198697
203084
199766
198034
203674
193901
203051
200558
204911
197422
201292
203272
203098
199800
205222
201531
201700
203512
203625
199512
197907
200659
202073
199852
200749
200538
200869
169002
202757
200030
202697
202739
202707
199656
201251
200937
200450
203008
198687
185704
204150
200817
195374
202559
200309
197096
202500
201536
204283
202645
177237
162980
199439
201289
199523
204969
202885
182763
201672
201312
196343
204470
190620
183555
201230
197060
202645
152665
205594
193727
202322
200271
198533
203053
199169
201250
203142
200023
205094
201054
169729
205375
202804
186456
202155
203621
203404
195470
202258
202344
203061
200834
204375
201034
152453
202900
204211
154622
203277
205528
201059
202880
198882
205424
201517
167338
197335
203507
204786
204913
202048
201313
203559
203826
204694
203863
202152
196112
204594
203416
202508
202608
198788
201217
198712
201800
201093
205338
198181
198057
204974
203756
200085
186841
198996
198406
195780
199713
184729
201294
146668
202395
198258
199693
202847
202196
201184
202034
200108
198899
198054
200648
202124
203666
203781
202434
201443
195155
204019
199906
200388
197486
202017
194907
200566
201348
204662
203081
198356
204077
199782
201055
199594
198236
201298
202422
198855
183602
204590
198950
196800
199405
199652
199004
202617
202525
203078
184429
202316
200492
198487
202592
202597
204332
200605
200566
203068
200853
201082
203299
199881
203432
200680
200219
198973
200299
203005
205297
202285
203761
192892
203163
201666
203897
202418
200774
201661
199266
196443
204571
202961
204551
204475
206551
202864
204466
205290
205634
203077
203256
202171
201996
195869
202380
202286
206411
191015
202692
199197
200511
202490
201063
202582
132010
201379
199542
204184
203444
200458
203599
205615
204254
198654
200888
197107
206389
201004
201922
205171
202249
203847
202213
205275
201102
195209
200837
198435
199578
204565
203407
199624
193093
202841
173934
198824
205126
202156
189914
201780
204171
205448
205064
203095
133174
204226
203217
202832
201606
203638
166600
201935
136580
199717
199596
199534
203480
200710
202568
187988
184286
202710
199938
190887
202565
203276
201694
205630
202761
206484
200634
202088
200875
204162
204683
205371
189425
203620
200382
174642
197843
204234
199732
204196
200171
198091
200757
200466
200007
202436
199805
201897
202333
200608
204976
200451
199199
204535
200867
192529
203317
203549
202478
201303
199773
198542
201519
205459
200425
201422
177116
200898
202993
191565
201068
203689
196684
197053
193057
193079
203324
201385
197383
199287
198635
202912
135124
200384
201667
201661
203017
152469
125106
204967
205621
179950
201913
193674
204195
199699
199060
203494
199058
196434
198023
201144
196787
197969
200194
197771
203219
201217
112520
202531
197575
199886
197834
170032
203748
198886
204824
202838
198370
205322
199769
201017
201951
204960
203877
198479
202786
195809
191750
201401
203187
205244
201911
202269
205068
197069
202272
191906
201739
195893
200673
201779
196987
202234
202215
197850
201821
195419
201210
204644
199272
202191
199236
198527
204058
201805
198855
202755
203534
201488
195518
201870
199208
199873
202107
199374
203876
196643
199021
201387
203291
187972
198116
203431
198904
203592
202652
204348
203571
198719
200705
202873
204136
202080
203124
203125
201030
200183
205945
200934
199708
199863
203522
202696
201367
200304
200947
199915
206224
202686
198602
203510
201923
187926
193935
204856
201108
203929
202366
197071
198830
202851
197186
199641
200345
199140
198181
201295
198950
199993
188730
204833
202106
201892
200300
199851
203940
201022
190374
201604
202216
197782
200427
202122
198186
202784
197824
201101
202283
201614
202314
204231
202052
194605
201433
203762
200765
203080
205360
203079
203807
201695
200608
205404
201711
201529
201403
200067
202991
202008
204830
193869
201354
196069
182597
203153
203970
201193
200706
201750
197313
201465
202727
204222
201225
203626
198200
173869
191211
199567
197472
201973
203977
203939
201071
203607
198525
205471
200700
201465
165983
204388
203595
200188
200906
198095
197677
199308
193990
200057
204332
203832
201405
202102
202419
202347
198090
204887
198636
198867
202055
196294
201406
199561
178861
197651
197271
200461
199076
200946
204711
197216
201629
197870
205220
200916
200163
201318
202605
199794
197310
201051
204839
202935
204540
197762
199399
201104
203887
203464
200862
204577
202961
203060
202940
200285
201810
202094
199257
201191
200685
197477
200804
202647
202619
202052
197147
200041
199250
198479
194291
197815
201279
178660
197491
200291
203616
184927
200596
201706
195646
200661
200185
199644
202122
200711
201148
202919
201537
190386
204965
197266
194160
201345
203085
200148
205471
199459
201471
196704
202185
202981
200144
192982
187991
200525
201912
201546
201168
200003
200938
196931
200385
203330
204079
199769
202891
202368
202673
173418
199963
194986
195594
196645
202204
204726
162071
202407
181459
184312
199921
202440
201270
197714
206399
203460
113742
202730
193387
105364
201970
202582
200648
196111
200936
201665
201392
201690
201283
203696
202811
194749
187596
178506
190101
201804
205332
202671
192450
197469
199631
191393
198799
196185
201601
204592
202753
195249
202419
201320
202759
194228
197884
198707
200736
199587
197576
198472
195378
202974
202444
202459
201779
193319
200700
202215
195552
204505
198222
200680
197284
203148
201347
192501
203905
203527
202759
200591
204925
203727
198586
203199
199859
204141
200300
204444
204315
204584
198032
200666
170650
203388
201876
196254
199820
206070
204633
200517
200645
195538
196220
201919
200578
193396
200111
197778
196704
198824
204399
199735
199881
203872
198742
202494
204177
200193
205182
201397
203466
202568
196361
200892
201972
196964
203868
199559
200676
200681
200668
202426
203909
202259
202468
201395
199226
197736
201803
137302
202027
203395
204279
74198
203634
180378
202681
204397
203693
202819
201316
201023
197488
200991
202616
194169
202846
200473
200696
202266
201290
191180
201746
203486
188962
197697
200217
204637
197357
200939
201201
199267
200412
203585
196097
201616
198770
203727
194391
203525
200682
202460
175445
201523
197355
203757
202393
197631
201192
197716
198407
200724
200741
204624
201162
200899
197086
200102
197143
204447
196596
198837
197807
199683
203850
200871
197957
198394
200501
196911
188110
201011
198453
199534
202255
191538
201510
200576
200281
186866
201056
188976
200886
200521
201514
195809
203412
203375
201963
199461
200747
195039
195613
199922
201632
204519
197574
142585
194126
177688
195871
203530
202999
199857
202681
200671
205539
201602
200786
201608
202030
197659
198915
192060
204280
201581
202673
197656
201606
197170
203529
191236
199340
200514
203480
206489
190169
199141
195163
200798
200380
203232
204551
202721
202306
200186
196433
201366
200685
203739
202479
200929
165387
188070
205252
195066
202823
201730
197587
203105
202595
203579
198712
204135
203809
199165
200679
190689
200588
200351
201898
198120
155334
193119
200533
200527
196063
205739
199230
201243
202842
201884
202156
199157
197158
197805
202782
196473
186029
204421
198999
201109
199675
199833
198555
203611
200205
187106
203963
198012
186451
199927
203945
202853
201350
204595
201815
182061
200809
203908
202969
204678
195942
201552
198987
202760
201423
200917
201823
201606
203250
203645
202030
200400
197830
201141
204652
198160
167627
199575
204491
201653
205063
202711
202752
203435
202226
199824
202561
204197
203740
198794
203462
200174
197695
199350
200827
194994
199580
201497
193791
200797
199183
201621
201519
203383
203795
200423
201979
203143
198769
201775
202373
203796
201989
201778
197615
203456
201880
202862
197261
199215
200104
200877
203663
203351
202648
199404
195777
194867
201349
200159
202909
201981
200228
202841
198249
198747
202167
198955
202108
200182
198542
201930
202640
202876
199946
200736
199263
201457
201543
201477
202035
199618
197744
199921
202654
199676
197043
201797
199912
178504
201755
202444
203206
199217
205726
174306
201318
167254
203242
201974
199786
201632
200688
203524
201187
197138
198061
200304
201950
201371
152759
200768
178889
201847
200180
202617
202125
198970
203164
201579
197704
200205
200683
203275
200328
196299
199566
203818
199531
200178
197312
200642
202505
200860
204314
200764
199702
203011
202858
200915
200281
202879
201636
204111
200628
201527
203637
200635
203715
202190
171534
202613
202836
201093
197248
202394
200315
201419
200987
201071
201143
202129
199215
197938
190928
200352
202389
199595
201870
195249
202047
198023
184235
199918
201501
197224
189387
200439
198634
199167
201015
202620
201734
202518
193241
202902
200731
203048
203704
202016
200754
202359
198685
202723
200647
198889
204078
189953
200386
202577
202326
201675
203366
199675
202736
202638
200705
202970
201066
201349
202268
202445
196205
202153
203496
201642
203601
202597
202502
203121
200724
204580
199657
205573
205214
203739
204594
201535
200851
197643
199500
201686
205464
201593
200655
203842
203152
202469
203495
204060
194621
201297
202800
200073
201394
199354
201677
205471
205811
204592
200411
200856
186440
197083
205035
202486
198465
200955
203191
200683
203987
202980
205046
202417
203289
202296
203678
199787
200068
201295
202657
195355
203310
205128
199508
201616
203203
203350
202501
201990
202085
203785
192495
203362
203477
201429
200457
201675
200303
203216
205010
189067
205339
202100
176896
202336
204084
202749
203642
200890
189423
201982
204525
201144
203784
202121
186890
200413
176352
204397
199732
205633
202791
203136
203486
200553
192481
202278
204729
200125
200486
204013
200616
204268
203303
201958
201148
198495
203296
202433
198072
203629
188895
204110
198737
200402
201549
204782
201310
203555
201507
203491
202110
200841
204032
204394
203820
204035
203336
201455
203618
203374
204113
197699
204711
204007
200967
198649
202711
203110
198985
203973
202937
204521
203217
194182
179856
204205
203540
198820
197392
199539
204854
201655
203627
200984
203871
201506
202171
200134
198446
203338
197658
204032
199129
204000
202947
200041
203041
202509
201391
200687
194477
202879
200864
201778
199451
201310
199985
204070
205010
203979
202241
201683
203225
203372
203024
202077
201730
203296
204814
204316
200470
197213
202577
204046
197925
196353
202495
201886
201046
198542
202998
199616
201484
200562
199119
202950
201787
197933
204375
195687
196481
203391
202954
202009
202173
198722
199559
202450
197540
202583
198873
197529
195808
204372
204608
204834
203420
202506
200533
200617
197849
202407
200633
199238
204039
203485
201705
197466
200339
200582
203862
202737
166508
203455
204240
200799
195641
204368
193002
201682
200411
201337
201405
201482
202948
202397
200812
201569
201305
200224
199913
198549
204847
203913
193101
201128
200651
203589
203657
200674
202358
199197
201336
201509
200801
197350
203596
200883
201941
196761
203628
202814
201076
201424
190081
202217
199483
199958
204358
201640
200773
202774
200261
201676
203535
203414
199548
200363
203780
200845
204157
201333
205022
197151
204168
201548
199779
205738
198945
205584
179916
198632
199479
200999
187207
198478
204058
203610
202045
203331
201257
202470
199873
181964
198439
199408
203492
201964
200229
199310
203025
199340
202400
176990
202988
200618
200613
203367
196999
200380
202718
203782
201927
201979
193231
202994
202137
203801
200734
201253
201595
200527
200759
201647
195900
201790
198416
198428
192311
201288
197772
202229
199425
202939
201285
185249
203727
204906
202919
199033
201765
202276
195496
204519
200480
202134
204058
200328
203151
203248
202502
203852
201984
203035
204270
198574
204534
202097
201934
198420
200506
204439
204085
201345
203114
203234
196998
202615
200748
200536
191889
203086
200497
203066
201257
202636
203919
201610
201697
195405
202650
201176
202765
203240
201794
199493
202576
204604
200309
201181
201297
202647
201749
198204
188766
202663
202025
187486
203838
197249
200549
200600
201900
202618
187614
202273
202557
199774
202090
204215
202942
200936
201400
200028
203803
201782
202542
200396
197120
202356
200389
200896
199411
201628
201154
196270
181184
200829
200408
200343
201306
198186
195375
204050
201502
195186
199706
202364
196856
201345
199648
202733
199934
200979
203335
201035
200167
201093
201219
192158
202290
202227
169633
157266
200738
202742
202489
202418
180961
200800
196880
200476
197476
196679
201748
196278
203456
202304
204521
196306
198162
187051
201173
188601
201005
201347
193396
204848
198996
203100
203109
203111
202388
199356
196731
200958
200173
200107
202074
194201
199551
197473
199821
202840
198267
190600
201914
204931
199633
200373
204010
200865
200377
201221
200135
194401
190854
195411
198514
203878
198539
200552
202372
201511
199404
199304
201634
197846
201773
204934
196140
201691
192888
204009
203008
198731
201656
204654
195451
197787
200549
201406
200929
202428
201996
200077
202449
201235
204387
202085
199930
193461
199768
203148
202302
204393
197683
203324
201542
203830
194928
199030
198979
201523
200739
194671
192987
198241
194050
147476
202334
199114
201140
201121
200332
202767
200629
204188
202195
200665
186306
199662
196564
201419
201434
199519
200591
189565
200452
197685
200609
201009
183674
204004
198733
203366
197658
202452
196473
201542
203641
203672
198471
201207
203034
198625
199085
203594
199591
203673
203567
179908
177768
200954
199709
178369
203070
201976
203046
200413
202542
201306
202622
194801
204525
204840
200211
203575
204983
204334
203906
203333
202899
201587
199708
198761
202666
205386
199586
198413
203153
198556
171171
205274
195250
201531
186042
170111
201741
201659
199336
203048
172885
205579
198741
205415
203635
202784
200500
205152
201771
183940
199683
181517
192458
198240
203587
205992
154819
202850
203157
202564
202071
202283
202631
201525
201823
199917
202388
200415
202599
202697
202887
200436
200967
203354
205490
200768
199607
203250
202736
203170
202351
201722
202496
199197
202435
204523
204627
201560
203168
203419
202863
203436
202026
199372
205979
197663
197968
201528
200195
200831
204149
186057
145925
203168
199777
205891
201626
202538
198362
204181
201256
198383
201724
202828
202696
203716
201960
203006
205528
199751
203498
203706
204682
199809
198565
199034
198389
202158
203522
201549
201524
200908
198522
205504
203957
202068
202615
203261
201315
202564
204573
197167
203246
201468
198213
203260
201987
197962
197161
205732
204297
205567
201340
188786
201727
201478
200017
205597
199305
204576
201664
204468
198625
201419
202442
198913
201679
199230
203514
200570
205008
201898
174973
201135
202749
204835
197812
200311
202734
200618
202328
201823
202547
205391
205542
202727
205751
202164
201083
203495
203548
204545
199579
197861
195922
204636
202950
201072
201569
202979
201735
201808
200861
199083
203982
201800
201682
200556
204632
204585
203812
203572
200946
202400
201509
200039
200176
200184
198324
199803
201574
191796
199043
203179
196080
200448
199798
176364
201823
200782
194329
202615
201419
200325
201326
204011
202413
202712
201229
200403
200169
203416
203795
201699
203640
202393
202467
202301
202869
204502
199495
204612
200456
197585
201970
205310
205255
202381
199567
203118
202629
203568
201911
204419
204500
196420
203407
201587
202173
201463
202428
204296
201762
202756
203278
202536
202622
198373
205565
202592
205408
201751
199517
200610
204531
205056
203697
204581
202574
205457
196204
198632
204434
203592
205492
204575
184805
200120
204504
204598
203338
203266
205313
202413
201504
205452
204701
204243
201523
199590
202451
200548
198432
203672
203633
200685
195966
200777
203765
200698
202533
197080
202729
203747
203469
205493
203689
201324
203289
201567
194091
198270
201497
201309
202289
202503
197383
202208
199369
202648
200753
202846
202239
201092
203390
204457
203857
201780
203255
201080
202359
202429
202419
202918
201535
201239
197438
200888
198595
203470
204470
203233
202206
201749
201911
203138
203470
200575
201265
203501
199134
203181
200658
200739
200641
203795
200343
195534
199176
202120
204595
197872
199822
201001
201034
202053
199512
191539
198889
199989
197829
202460
197684
200264
203018
200714
199889
202207
202810
202514
203438
202051
202884
203496
204392
203923
202419
202514
200047
181076
202683
201953
201688
202574
201673
202131
197721
204108
203061
201092
196516
202177
202373
200958
201418
202034
198260
198177
201304
199437
202525
201497
203040
204959
205270
198405
202435
201204
201485
200556
200781
197592
200507
203110
203284
200354
202424
204314
205201
203551
205477
198722
203414
203519
204382
199378
203795
189818
163056
201146
204157
204510
201670
199364
203260
202666
199429
201699
204380
202118
204427
204302
201215
206141
194470
180462
203378
201518
199467
204268
201994
202519
204358
200899
205410
200562
204409
202294
205549
206110
203976
200904
200519
204439
204587
203956
204429
203810
203255
200574
201098
205460
202525
200590
201388
200077
203032
205386
196981
202513
200417
201344
203938
205374
203280
198371
197312
203945
198095
204344
203536
201139
204648
201817
206222
198273
202520
205288
200643
201020
192609
197141
202408
201097
203426
199935
206117
201343
202854
199283
204304
204599
203544
204952
198469
203273
204027
202456
205460
200256
205067
202460
203375
204076
203371
203477
201370
204172
200247
204188
203384
197794
206297
201696
205333
149415
203451
202412
204068
200622
203628
203167
198666
205334
203232
202275
197151
201218
205164
202335
201561
200398
205487
202380
204418
198958
201282
203529
202127
202886
202527
199666
198261
205159
201621
179423
204864
205195
195067
201362
191542
203139
204553
200516
202455
202130
201436
203716
200350
202382
201357
205823
204163
204061
196126
202107
203504
201535
197215
202568
200677
196235
200416
203138
204167
202332
201086
200505
200541
199773
203378
204327
204040
201687
202527
194285
202980
203589
202457
204302
200560
202333
205442
202517
200435
201451
200509
204140
200614
206348
201256
203322
202433
199592
202084
202259
201855
201504
200397
205239
203026
202147
203183
203909
200828
195255
203455
197115
199255
200311
201063
201790
202269
205396
202183
200695
199504
204472
203543
194187
203129
203995
198449
203655
200062
201078
188548
204797
201959
202881
202994
199611
198262
199601
199454
202307
201832
203009
202150
203351
190080
199810
202836
202988
202751
202939
198249
202221
200181
202690
202087
200383
194275
201991
200297
200150
201697
200119
203009
202015
203068
203941
203883
200192
203043
203510
186249
197623
200744
199056
203270
199801
203600
200785
201783
195206
201917
201747
201346
202512
201869
202703
201799
201647
203015
201716
202403
204454
200189
193214
189820
199236
204779
198969
198681
203570
203018
204201
203555
202046
201750
204834
198330
199263
201471
198403
203752
202491
202991
203590
200823
199398
203496
197131
205124
204454
201191
203992
203443
202963
203913
203660
200927
201467
202281
203250
205754
201288
202583
203273
204347
200125
198427
201086
201386
190200
204134
202692
203512
203539
200384
202587
202380
203001
201332
201766
203007
202721
199252
200081
204284
202434
204565
202367
203390
202720
205197
200758
204381
202029
201960
203793
202008
200640
204773
203655
199889
198487
200631
205254
203367
201170
201915
201616
200303
202582
201927
202224
199615
203004
204141
205426
202286
203857
200450
199505
205482
200009
200907
205195
203259
199882
202149
197940
201127
200609
202334
199791
200317
204246
202203
202296
202504
202456
202546
203786
204690
205033
199480
203359
197891
203169
202665
200699
204882
204281
200896
203541
203611
200562
197465
203961
200385
198698
204372
204267
199398
206506
202501
202227
200819
201560
200249
201505
201448
199321
201631
200531
203369
202044
197364
201570
202512
203386
205833
202234
202786
199637
203399
200841
203864
201428
197441
200440
202195
199467
203380
202088
203800
204562
204532
199519
199969
204316
201637
202292
203006
201578
203822
200436
198913
202053
197591
202449
202761
202515
205455
201351
198986
201648
202195
202012
204715
202014
202217
201394
201502
201248
201509
199909
202440
201131
202675
200127
203515
204263
198703
200741
204010
202603
201023
202552
203655
200796
201199
203285
203664
203598
202754
204884
201563
200019
200464
201763
202675
199561
202455
200194
198473
203483
200983
203757
202219
201549
200355
201907
198460
202146
200812
201274
197586
192502
202656
201135
200600
202393
199771
203262
203402
203362
202086
204257
197662
200265
201339
198697
203690
199584
204836
198504
202605
202101
194846
202489
197358
202429
202533
206428
193731
202538
202630
203294
202328
202945
202935
203071
199765
204043
200888
199181
202614
115062
203650
200232
203680
198996
199780
200188
201012
202852
201957
201544
199405
201944
198099
203294
202943
200304
203257
196661
201483
196479
200370
198273
201474
197298
200339
196951
201307
194267
182342
202223
201531
201225
201971
205410
204611
198155
200031
198483
188853
196066
200165
202362
198584
200315
202829
203696
203828
196803
196293
203219
203571
206494
202673
202448
203242
199800
201449
204596
184060
202555
200307
203931
200917
202803
184550
200240
203617
201359
201473
201812
202071
203145
202079
201958
201705
202032
197881
195978
198163
202691
200278
201359
203949
202688
201420
199034
199475
198921
201483
200165
202605
203643
203174
201641
200661
202571
204536
203958
202220
204921
201743
202558
202892
202511
200096
202989
200484
200448
201970
201028
199468
201322
202683
203592
202419
203913
204403
200969
202330
197002
197059
199940
202899
194800
205566
199790
202929
199791
203299
203573
202485
200419
205063
201165
149049
203409
203270
202779
202308
194186
199911
201435
199792
202807
181610
201391
204115
203719
204626
204006
199424
204871
202589
203480
202887
202546
203192
200303
202414
202350
202768
197648
204332
205122
204024
202316
204767
203767
202295
202477
203216
204338
203577
202587
202781
203390
199284
203426
201442
203747
196051
200696
201468
197361
201592
203078
202401
199460
201558
203123
189372
204535
203217
202093
202562
201349
202691
201758
204468
201551
200469
202595
204133
201725
202220
203565
202219
200429
204603
202192
175844
203905
202280
202362
203557
202369
202275
203194
203797
203224
201051
203071
201686
205331
201768
202290
201461
201284
194918
201919
201517
204215
200720
202150
202081
201885
202971
199026
202133
203905
201337
203607
202629
203386
202330
202455
201633
203395
202649
200652
204097
203200
201890
201534
204190
205002
197470
203196
206248
205798
206169
204052
201383
201282
201235
200251
201273
199791
200626
203157
203194
203285
204495
199086
204215
200582
204926
198233
203258
201672
174284
202568
201373
198235
202177
200374
203045
199506
195304
202331
205466
203365
203445
203236
203452
203211
203187
200195
199515
201602
199753
203211
201584
204070
201625
199360
202738
201293
202309
200136
204232
201280
203639
205428
202517
202955
202395
198367
202541
204431
205159
201220
204221
202604
205078
202327
197830
201621
198310
200615
199259
199560
201154
202498
197536
203319
201049
201438
204469
203371
205217
204567
199399
203599
199231
204638
204999
203344
202380
200437
199849
197279
203486
201908
202918
199328
203365
200864
197814
201708
204372
204715
203081
203991
203948
201581
201337
205028
204342
202289
202087
202807
204092
203252
202792
196066
201585
201752
200400
198661
203448
203233
205233
200192
201396
203798
201074
198579
202225
199398
198423
202430
198812
197717
201049
203194
205258
202812
199598
205428
203401
200073
201739
205040
202127
202498
205963
202007
203431
203991
122036
200287
200960
200962
204350
203300
200268
197376
202630
199386
196292
199748
205029
202549
203572
204564
196301
204341
150958
204420
198420
198706
204701
199331
200648
202293
202278
204464
203875
202047
199045
152336
199035
206381
202662
198174
203935
202713
195502
198396
201432
202478
202932
199514
197545
199137
202396
197517
201600
199708
196138
203505
196772
204231
204185
205081
204034
200446
201578
199124
202993
202257
203396
204608
203077
200753
203651
199318
202399
198085
201709
199566
201390
202652
197452
200642
196632
205199
204332
203751
201741
200451
203400
205150
198671
205331
203325
201421
196726
196657
202791
204513
200725
200443
202276
202643
196538
201742
197322
201905
204823
205540
203688
200018
204149
200516
197435
201441
200669
199239
202446
202127
205834
204839
204422
203291
202343
202497
201473
201661
204437
203350
197639
201580
201344
202600
199621
201654
203403
204545
201227
202979
203559
201525
193211
200526
199352
200452
202293
204434
201640
203424
200614
199565
198658
196594
202505
204447
204485
198989
201279
191617
187223
200773
203916
200206
198509
205201
204393
198697
201583
201049
200615
202817
203762
201448
204537
206086
203031
200930
203473
197678
203284
197815
199199
203463
201170
196734
204501
202369
196311
203563
203683
198096
199186
203416
204328
203279
203317
195363
202310
197203
202251
199760
201633
205592
202358
201769
203635
202434
200687
204599
199112
202882
194253
203623
199186
201688
200506
201161
201653
199345
192030
198005
202170
204369
199447
203359
204195
202556
200465
202825
199389
199393
203951
200448
200044
202610
200811
201260
197761
198874
171761
204812
204394
201213
203474
201896
202646
198520
201388
204595
196519
201638
198262
205118
202669
200532
201843
203102
199619
202204
200538
201611
195522
198766
201792
201578
201291
200451
203999
198440
203262
201244
191299
203317
201426
203612
182529
201416
200529
205760
203511
203546
203265
199889
201442
202391
204348
199042
203496
203435
177175
198558
204493
174880
183750
164750
196467
197310
205295
205429
205250
195193
202533
203334
200168
200696
200235
198321
199570
201237
199518
201400
203446
203367
202387
200210
201273
204598
203707
201096
203187
204636
199175
204371
202296
204487
197599
203571
204359
202589
201586
204365
199151
201598
196603
196072
139670
200932
193341
201470
201129
179894
203926
199497
203687
198804
203014
204404
199649
145413
191265
151578
167424
173257
203271
199010
197516
196147
202467
203732
200832
203120
197213
200250
203295
198009
201190
203452
200807
205571
199322
198767
204225
201854
198523
205463
201532
199530
203470
198268
203327
203688
199405
203667
204401
200353
200748
201485
201775
201625
201539
205617
199369
199492
201443
206367
201223
198427
199551
201558
200047
200116
185070
199514
195356
200361
197802
199246
194726
202341
200916
203452
202595
200871
200304
198244
203999
167353
203547
203576
201320
203358
204255
202411
200417
203372
200762
202084
204543
202139
202374
202548
204342
203110
198463
202537
200731
201912
200158
199663
202489
202204
201003
203285
193779
202564
204443
197025
198717
195560
201489
203565
201187
201217
200470
203939
196397
198182
202308
201566
198222
201250
193367
203325
200834
202232
199103
196404
198493
198639
197532
195506
199395
201468
203427
201105
202443
202521
203268
201083
197275
199548
181873
198605
201534
201216
200330
200620
201733
201122
200454
199647
202460
193778
203880
198960
202226
192975
196285
201373
199346
201142
201326
202674
195960
197616
200238
202268
201216
200606
202071
197366
201820
202910
201462
201430
198423
203605
201470
196663
201621
204316
200978
195047
201308
199537
204295
173270
197399
201158
202435
203446
199069
196416
200422
200442
201141
199994
202082
202543
203604
201905
197172
200631
201071
198215
200415
193422
201719
198890
198127
199685
197083
196310
200922
199988
196503
203223
197822
199167
202502
199451
201523
199249
202381
196215
196687
178763
201306
200447
183222
199086
176624
201082
174264
202227
201825
202191
202842
202276
200259
146420
194489
147483
143259
200844
147627
201014
193238
195267
199616
201528
194999
202306
202446
202173
199085
175888
200717
203418
200991
202021
199691
198542
200928
196777
202746
197470
200433
202824
200959
199142
202643
195658
181537
203371
202372
200180
203462
200120
189373
201672
192088
198554
197449
200894
200174
201255
198901
195634
198587
198939
199349
191449
181546
202190
182212
200505
202383
195307
204539
203593
203303
201322
199541
203200
201155
203255
187626
175802
200137
197705
200044
202237
203409
203504
189273
201440
200978
177172
197681
200841
202461
203119
201492
190684
194565
204510
202610
199560
202444
199829
201137
197536
203600
202077
201007
197227
201198
202559
200619
202282
200976
198160
201362
193452
198492
197774
197933
197736
201645
201863
200215
191298
203478
201252
201411
203093
204582
201525
203538
202512
203464
200225
200774
198715
201628
198982
200880
202719
200444
203367
196882
204701
88132
81443
84791
124667
193094
202372
196243
197581
205256
202643
202495
198410
200578
199689
199105
198408
201308
203579
199380
201294
201242
204349
200137
203311
203018
195482
200321
201421
200401
203025
197641
196991
192462
200126
203628
203083
199169
203233
200374
200994
202311
203432
163352
204194
200977
199848
196452
198631
203668
202523
198057
199289
198312
199129
203504
199826
200344
197127
200409
196510
200406
200443
200252
200956
203289
198991
202062
200063
204285
199559
202184
199193
203358
198381
199388
203142
200998
200148
202347
203796
199262
193594
176632
200486
199092
133971
202430
203591
200555
203221
198042
201836
124983
150535
185323
200530
197585
197557
106596
202319
198231
197930
203366
200605
175451
198233
167711
200895
176276
140453
183725
198314
174278
171473
198637
176585
188422
202138
187654
173446
193606
174444
203359
191683
194380
187377
189308
177382
201419
199147
196458
195884
202533
193385
201031
200164
201243
196372
202258
197522
199329
202849
203998
203874
201176
204961
201260
200324
202962
201652
201314
201917
200966
202004
202482
203842
198535
201607
190194
198717
199095
196055
202696
197596
189258
198224
199700
201030
200150
202633
201931
197677
203589
202002
203748
187896
198254
201716
199361
202320
198756
197985
201638
202741
194657
201612
202843
204136
197466
196325
202322
198392
200594
197513
199478
198276
197518
199357
197755
199140
200168
197423
200612
194377
205264
204408
202386
202269
205319
196036
201562
202367
198350
200622
204378
204015
202324
200362
201725
198963
201797
201452
201458
202340
200753
201396
198834
196091
201290
200330
201094
198723
197443
201581
203268
202463
200242
195094
197629
203465
196326
196874
203473
200568
200342
201595
198598
202256
204488
202548
203391
204341
197442
203584
204648
197684
199397
198262
203411
201390
203575
204500
202723
202276
202523
198323
201725
201796
201205
202470
204499
198289
200624
199341
201277
200220
201529
200647
200956
198425
200559
204469
200724
199445
198350
199705
201329
200412
203679
203568
200407
201541
204379
203468
203041
203531
200349
193555
203635
197610
201940
198452
201196
204429
199504
204575
201368
203428
203426
193443
202316
203595
200720
199711
203542
205482
204373
200162
201011
201451
201620
202292
204379
203169
201480
199285
203116
200756
202151
200825
204643
203887
203282
201496
174301
201504
200473
201529
200731
198039
199360
203477
198931
202150
200987
197901
200187
202424
201898
205188
199135
198563
203531
203530
201679
203505
203520
202377
200442
194104
200439
172655
202341
202488
201421
198989
200540
201515
199503
201716
201389
201484
197525
199272
201457
201594
202579
203488
198362
201675
204842
198119
200391
205350
204494
199763
198585
202575
150627
199318
200516
204516
200874
203721
200453
202393
203192
201581
201442
201392
204471
202501
198648
203412
201463
204718
198048
202521
203167
202699
203385
205406
200489
202962
203625
204544
202353
201405
202176
198568
202485
204473
198770
203508
202637
202653
201957
196292
205112
201533
201357
198398
200203
202434
203391
199624
205124
203349
202825
203250
203575
199305
201389
203424
202569
203372
202651
200390
198284
199347
205001
200313
201068
196904
201341
200428
205110
200845
203394
204283
200155
200431
201685
199035
201653
198437
205014
201487
202248
203638
203995
199181
201385
201370
199388
206437
204545
200364
200731
201509
202727
205514
204417
203673
205589
200299
198246
204326
198658
202860
202737
199591
202680
199113
205104
199113
199441
202465
202149
198429
204323
198697
204119
201197
196985
201670
198982
204489
194765
203310
202852
204958
204848
197988
198319
203212
199854
203154
201863
199187
204605
202311
204318
202440
202057
202419
203170
201637
199087
202910
198741
203133
201130
201624
198520
202327
203543
198075
202100
199047
202320
202923
201447
202015
203821
203145
202118
197445
198314
201234
203256
200735
200429
202519
195900
201553
196987
198886
201651
197018
201101
199601
205068
201374
202533
202547
204035
200311
205182
195259
199186
200568
205144
200318
204526
204001
201118
199355
202881
195799
202187
203098
200682
200423
200302
196323
198379
201302
199273
202128
201860
202904
201138
203258
204360
200230
205007
201083
195381
196891
201666
200051
202306
201733
202226
200657
202616
204067
202979
202376
200767
203122
201284
203297
201769
202676
204387
197075
204544
202242
199694
201585
203010
199814
204624
205034
202433
199459
204140
199838
198716
203177
200555
201524
202863
200953
201429
201105
201270
201180
201740
200585
201342
202483
202384
201158
200957
202075
203261
205630
205309
204586
203557
203913
205351
201292
203199
203921
202456
202474
200589
202737
202678
201837
196714
195500
200630
198938
205374
200042
203689
202691
198959
202346
203333
206301
199770
201523
202113
203548
195897
201703
204373
202043
202435
201703
202049
201153
198358
205453
202068
201722
203139
202785
202393
201596
202523
199545
200788
205531
199189
201059
201335
201232
201109
202849
203715
204608
203364
201259
201504
200082
202931
201168
201135
198839
203699
198688
202925
195953
202420
203531
200536
200501
201336
202394
205312
203559
198080
198912
203122
201559
201181
203458
205597
204448
206514
199041
201434
201983
203466
203369
204354
198412
202009
196452
202395
203161
202337
200688
205678
200370
201547
200543
201247
204343
204497
200622
201821
202889
202191
202929
200921
201833
199028
200447
200911
199856
203546
199262
201405
204150
196098
203498
201923
201941
202593
197648
200754
203638
201042
202004
200221
204316
199381
203665
203004
201680
201304
200740
195991
202666
201878
199862
199822
203851
199694
201331
202429
199863
201910
199562
203606
202852
199587
201723
198280
203940
200722
200411
203435
203032
203279
199673
198892
200454
201996
199179
201097
201409
204206
203218
200926
203356
200163
203359
194363
203886
202282
204383
195208
197610
202092
200531
199315
199689
202424
199960
203695
201104
202620
203311
198790
197926
202755
197974
201883
198094
203226
197464
196683
200484
202151
199842
203753
200394
201569
199675
203174
198278
201197
203425
195505
202507
202732
195506
202264
200610
201021
200870
198578
201685
201092
201930
204186
199866
199689
200380
196570
197730
199313
196865
195411
198468
200910
200234
199398
197503
192544
198295
205491
198649
199231
195843
195244
200192
198031
202567
203284
202218
201953
201642
201740
201457
201164
202220
200885
204365
198463
201499
198742
203571
203442
201164
197667
188044
200652
204041
195415
202505
194367
203032
199718
198726
200202
200210
200250
202807
201631
201181
197274
201209
196650
204228
197129
200249
200297
204471
196988
200532
201315
197977
202011
200220
199771
199670
199121
201795
202815
200856
203621
199470
201941
202253
196512
202598
201699
199001
201172
203578
200142
203288
195663
201969
202535
202348
197130