2.5674504504504485
2.4416803652968024
2.498260869565216
2.448666666666665
2.4000555555555545
2.510744588744586
2.2617114427860696
2.3443030303030308
2.408826666666666
2.352328638497652
2.3063771929824544
2.387455399061032
2.462213333333331
2.5327214611872133
2.43806425702811
2.5146666666666646
2.3666948356807502
2.5560952380952364
2.3726103286384967
2.4391223628691967
2.4618721461187203
2.381653679653678
2.4133866666666646
2.4813983739837377
2.393230046948356
2.368118721461186
2.534882882882881
2.421835497835496
2.49353846153846
2.5755466666666638
2.528088353413652
2.4524666666666652
2.5463983739837373
2.4463153153153137
2.397719298245613
2.500395061728393
2.477954337899542
2.511702811244978
2.623882882882881
2.517573333333331
2.5751358024691333
2.560740740740738
2.5951004016064236
2.535077625570775
2.5530155038759665
2.606959349593493
2.442769230769229
2.4741140350877173
2.4361317829457336
2.5008288288288263
2.7128558558558535
2.558616033755272
2.6163950617283924
2.585629629629627
2.521299578059068
2.4610450450450436
2.5826126126126114
2.5980160642570254
2.6303908045976976
2.5479099099099085
2.5321596244131443
2.4973333333333314
2.5519824561403497
2.5962811244979904
2.512248062015501
2.566990990990989
2.6151851851851817
2.557403508771928
2.6211538461538444
2.6262982456140307
2.5837805907172977
2.5023652968036516
2.500866666666665
2.576962962962961
2.533041666666664
2.464406926406924
2.6036529680365277
2.6118666666666637
2.480370370370368
2.5896529680365274
2.601666666666667
2.656933333333331
2.5804916666666644
2.3200490196078434
2.585472222222221
2.455888888888886
2.4948457711442775
2.4649629629629612
2.451072072072069
2.369275362318839
2.682826666666664
2.537614035087719
2.4177934272300456
2.52442342342342
2.499838095238095
2.6454726368159194
2.620521739130433
2.5542612612612583
2.618079999999998
2.503083333333333
2.600453333333332
2.4792473118279563
2.5834202898550718
2.2874492753623183
2.4974492753623174
2.4049999999999994
2.393284848484849
2.537578059071726
2.65118095238095
2.5589333333333317
2.5381350210970455
2.537113725490194
2.6164413145539895
2.4975819209039565
2.564903508771928
2.6104234234234207
2.551005649717514
2.4733095238095255
2.2862795698924736
2.312117647058824
2.523838095238095
2.696893081761008
2.4699696969696956
2.3903431372549013
2.42736507936508
2.6397619047619023
2.6154726368159205
2.6938018018017984
2.477826666666668
2.642041666666668
2.7082786069651728
2.483571428571429
2.6521066666666684
2.4991238095238075
2.666419753086417
2.6424371584699444
2.362146666666669
2.6159030303030306
2.801615819209038
2.4868235294117667
2.456666666666667
2.6502916666666665
2.6749378531073447
2.5015614035087683
2.784288288288286
2.6468484848484812
2.6159111111111133
2.2585303030303034
2.7176666666666653
2.4828571428571444
2.8016989247311814
2.6384561403508773
2.525809523809523
2.4790877192982443
2.8051773049645403
2.5355345911949683
2.4866250000000005
2.7593866666666678
2.7534285714285707
2.5072863849765232
2.8358431372549
2.6263095238095246
2.3808666666666682
2.270428571428571
2.724043715846994
2.79977304964539
2.6934848484848497
2.6772604166666656
2.7958589743589743
2.719242937853105
2.518289855072461
2.614666666666667
2.5847023809523795
2.364326241134752
2.5781250000000013
2.6879166666666685
2.96469841269841
2.819634408602148
2.7629166666666647
2.8574751773049627
2.370188405797101
2.718977011494251
2.9462222222222216
2.966013605442178
2.756339393939393
2.95900709219858
2.8115490196078445
2.6776666666666684
2.5583333333333336
2.557666666666668
2.1938840579710157
2.9274901960784314
2.5450144927536233
2.3941777777777795
2.930882882882885
2.5767005649717514
2.978888888888889
2.9254791666666686
2.557791666666669
2.583904761904764
2.5124347826086963
2.43542857142857
2.9922000000000013
2.72570512820513
2.656380952380955
2.477523809523811
2.3647642276422784
2.5497304964538987
3.050533333333335
3.1073809523809537
3.0102575757575782
2.9643252032520353
2.628860215053764
2.9708666666666685
2.9533725490196074
2.6218888888888894
2.618256410256412
2.5779809523809543
2.6721939393939413
3.042140350877194
3.0686201550387606
2.802298245614033
2.600201550387595
2.9174666666666687
2.9360952380952394
2.7416158192090387
2.9986666666666686
2.9986666666666686
3.032355555555557
3.0309166666666694
2.6978266666666673
2.648238095238096
3.0384444444444463
2.8161939393939366
3.047666666666668
2.987730496453903
2.662546666666665
2.74756989247312
2.9607747747747757
2.7903137254901975
2.5754666666666677
2.980666666666669
2.7544102564102597
2.98015053763441
3.0165585585585615
2.967763440860217
2.999454545454547
3.0655238095238113
2.7848617886178886
3.0190526315789477
2.67666666666667
2.695575757575758
2.713203252032523
2.407647058823532
2.7226153846153855
2.3393684210526327
2.2410303030303034
2.2608333333333355
2.6069710144927543
2.602583333333335
2.9630877192982457
3.035407407407408
2.926803030303033
2.9997142857142864
2.798750000000003
3.034561403508776
3.0594814814814835
3.0472473118279595
2.979149425287358
2.53775
2.984111111111111
2.81556807511737
2.6313166666666676
2.518256410256412
2.7153008130081333
2.936740740740742
2.933121212121212
3.026533333333334
2.4708299319727893
3.1152549019607854
3.0530256410256427
2.956146666666667
2.7449866666666662
2.3101282051282053
2.976921985815603
2.6568484848484863
2.630761904761906
2.7012266666666664
3.003763440860215
2.74993427230047
3.004786666666663
2.8825333333333347
2.6849803921568607
2.9076396396396404
2.51814207650273
2.5993066666666675
3.043333333333335
2.597477477477477
2.702320512820513
2.922045977011494
3.0033008130081305
3.0199166666666657
2.970969696969699
2.865944444444443
2.519575757575757
2.491456140350877
2.637737089201877
3.02856910569106
2.6008527131782953
2.601818181818184
2.3262015503875975
2.3170757575757572
2.483538461538463
2.4155952380952384
2.655688888888891
2.3043076923076935
2.6431666666666693
3.0528000000000017
3.0384761904761906
2.723430303030304
2.713296296296296
2.680733333333332
2.9393166666666692
2.977199999999999
2.9802424242424244
2.9241066666666673
2.9823703703703672
2.992412121212121
3.0177407407407406
2.9631428571428584
3.0424561403508785
2.5831014492753646
2.6514035087719328
2.8460444444444457
3.069226666666667
3.0236888888888895
2.652186666666667
3.0006666666666635
3.000666666666667
2.6168390804597674
2.6233750000000002
2.9526309523809497
2.971968992248065
2.971066666666668
2.947249999999999
2.973423423423426
2.9006166666666697
3.0217701149425285
3.017321212121212
2.969230769230772
2.5807517730496463
2.561444444444444
2.6411564625850357
2.9965595238095237
3.0324492753623162
2.983494252873562
2.894303030303029
2.7121851851851853
2.670198581560283
2.977199999999998
2.947249999999998
2.930400000000001
2.9419809523809524
2.97472072072072
2.833939393939392
2.7590175438596485
2.7969950248756206
2.9810000000000003
2.6654013605442195
2.58219298245614
3.0286666666666657
2.7032435897435887
2.7210952380952382
2.6999007092198593
2.8281866666666673
3.005421383647795
2.993178294573642
3.0021761006289296
2.8124444444444427
3.0269523809523804
2.998555555555555
2.99975438596491
2.9719466666666676
2.942166666666668
2.9346060606060598
2.9141666666666683
3.000719298245617
3.0234222222222242
2.8328176100628912
2.729208333333334
2.8075757575757576
2.5991929824561417
2.4692549019607846
2.6673484848484867
2.909555555555558
2.9966666666666693
2.7013049645390095
2.566041666666667
2.766545454545454
2.9972318840579733
2.699666666666666
2.3128405797101452
2.9670387596899244
3.0174124293785307
2.9816078431372532
2.944393939393939
3.015952380952381
2.9553605442176867
3.014444444444444
2.7412666666666654
2.716496453900713
2.82586666666667
2.9732820512820544
2.478212121212123
2.7750666666666675
2.645809523809522
2.3148062015503883
2.632241134751771
2.6317971014492763
2.5834129353233832
2.6568484848484855
2.7436174863387963
2.735920903954802
2.7120144927536267
2.5109166666666685
2.8463188405797113
2.7801052631578953
3.0118861788617917
2.926070921985817
3.025875968992251
3.0238364779874205
2.9924561403508756
3.00532051282051
3.014066666666666
2.9773484848484855
2.9911282051282053
2.999948717948721
2.8960196078431353
2.989238095238096
3.0316888888888904
2.8495977011494245
2.664541666666667
2.7268421052631586
2.725921568627451
2.85661403508772
2.939777777777777
2.7477158469945318
2.799066666666664
3.001777777777777
3.040802259887003
2.9168299319727904
2.722000000000002
2.9293939393939397
2.3836666666666675
2.7052873563218367
2.6011782945736424
2.6409393939393935
2.7105333333333332
2.656128205128205
2.635121212121211
2.708736842105262
2.750537634408601
2.539261261261261
2.532150537634408
2.8797212121212126
2.914041666666668
2.2969523809523813
2.4425128205128206
2.488882882882883
2.970666666666667
2.579390804597701
2.9487011494252853
2.968403508771931
2.71752380952381
2.7036862745098036
2.733894736842103
2.990739393939394
2.9409607843137247
2.8481333333333345
3.016149425287355
3.0222753623188425
2.8171449275362335
2.990086021505374
2.949074829931974
2.7065614035087693
2.9815757575757558
2.779022222222221
3.0011156462585005
2.957422222222221
3.0255686274509803
2.98896855345912
2.977199999999998
3.0156979166666638
2.635826666666667
2.7469333333333315
3.017412429378527
3.028054421768705
2.7038279569892443
2.990182795698924
2.7573015873015843
3.0206250000000012
3.0312624113475173
3.0163333333333324
3.0292380952380933
3.02385815602837
3.0306166666666683
3.034403508771932
2.964503401360545
3.022509803921569
3.0200128205128207
2.9929066666666673
3.0147866666666663
2.9852795698924712
3.0168333333333304
2.959390070921987
2.99328888888889
2.9751111111111133
2.9249247311827977
2.99977777777778
2.9500000000000033
2.9984393939393925
2.893041666666664
2.972126126126129
3.000666666666667
2.8957916666666654
2.948541666666666
2.9686041666666685
2.919025641025643
2.9932820512820535
2.991604166666665
3.0169166666666665
3.020241134751775
2.99009523809524
2.718535519125683
2.8787356321839077
2.9921866666666648
2.9052166666666652
2.859666666666665
2.979435897435895
2.990229166666663
2.828048484848483
2.8274509803921584
2.9640848484848483
2.9911666666666674
2.9116231884057995
2.9431666666666696
2.968604166666669
2.7105809523809494
2.5610144927536234
2.7626363636363624
2.826632183908046
2.961523809523809
2.852945736434111
2.902848484848487
2.627484848484849
2.700627450980392
2.7395757575757584
2.945578947368421
2.687768707482994
2.7181435897435877
2.7034509803921574
2.726559523809524
2.601333333333334
2.7075632183908036
2.747666666666665
3.0204484848484845
3.0135447154471566
2.8524901960784326
2.952400000000002
2.8501768707483013
2.799511111111113
2.7515873015873016
2.6632888888888893
2.705098039215687
2.6988266666666676
2.696266666666666
2.760174358974359
2.634303030303031
2.7449717514124283
3.034557575757576
3.0288518518518517
2.7912380952380955
2.724408602150537
2.995836477987421
2.961487179487182
3.018177777777779
2.9390852713178317
3.0222753623188416
2.7023859649122812
2.699052631578947
3.0556321839080467
3.018630303030303
2.9725390070922
2.990986666666667
3.0246212121212137
2.844416666666667
2.6964043715846997
2.763777777777777
2.9580804597701147
3.018193939393939
2.760174358974359
2.687459119496856
3.0239555555555575
3.020509803921569
2.9902138364779876
3.0218405797101457
3.0271904761904787
2.9554942528735637
3.056933333333334
3.047763440860216
3.0467291666666676
2.7339080459770098
2.9573750000000008
2.9892500000000006
2.9933188405797115
3.0246212121212137
3.0186296296296296
2.9651782945736453
3.01843137254902
3.024621212121214
2.9748299319727898
2.9552873563218394
3.019857142857145
3.020509803921569
2.952041666666668
3.052800000000001
2.8372704402515736
3.0540000000000016
3.0197304964539016
3.0306666666666673
3.0216250000000007
2.9934968553459123
3.0231250000000007
3.061925925925926
2.994392156862746
2.6809770114942535
2.62887074829932
2.708820512820514
2.7155185185185187
2.686700564971752
3.0595238095238098
2.733310734463277
2.7072704402515733
2.720266666666666
2.669450980392158
2.722595238095238
3.058452380952382
3.055425287356323
3.0483636363636375
3.0215066666666672
2.6903466666666667
2.7160740740740743
3.052800000000001
3.0509247311827967
2.9639743589743595
2.9765714285714306
3.0258759689922505
2.717975757575759
3.041555555555557
2.900188405797103
2.726842105263159
2.9960444444444465
3.02662893081761
2.7213836477987434
3.0095416666666677
2.7314751773049664
2.95817886178862
2.714074074074075
2.933034013605443
3.015362318840581
2.981125000000002
2.777687074829934
2.7410333333333323
2.9282764227642297
2.651141242937854
2.6088627450980395
2.9434444444444456
2.688366666666667
2.6920128205128218
2.9365362318840598
2.9938333333333356
2.7151757575757576
2.6776250000000004
2.6605850340136064
2.7331839080459774
3.0375384615384635
2.699372549019608
2.7488279569892473
2.6922993197278915
2.7629999999999995
2.6464743589743596
2.697191256830602
2.7116855345911963
2.743617486338797
2.7092896174863395
2.7362666666666664
2.796444444444445
2.786901960784314
2.544742138364781
2.5264313725490197
2.5812528735632188
2.646274509803922
2.6298742138364783
2.8328840579710164
2.9620666666666677
2.5604484848484854
2.611532338308456
2.7109378531073447
3.0530000000000004
2.683058823529413
2.668509803921569
2.618583333333334
2.74784126984127
2.7105027322404363
2.7423387978142078
2.688812121212122
2.948705882352943
2.724947368421054
2.7232631578947384
2.6961568627450982
2.685706666666667
2.9649743589743585
2.979626666666667
3.0077886178861815
3.003701149425288
3.05952380952381
3.01843137254902
2.640884057971015
2.739218390804597
2.7698431372549015
2.775409523809523
2.7264848484848483
3.027190476190478
3.022784313725491
3.0370952380952367
3.0060555555555535
3.0318999999999994
2.6909115646258503
2.9985
2.9894035087719297
2.8571912568306
2.659793939393939
3.0138596491228062
3.033822222222222
3.0247058823529405
3.028121212121212
2.9594303030303024
3.0212789115646257
3.0109066666666666
3.024512820512821
3.049569892473119
2.9938735632183904
3.0233836477987417
3.0496969696969707
3.052279569892474
2.965719298245614
2.9921761006289302
3.015282051282052
2.9815632183908045
2.850771929824561
2.852505376344086
2.8613836477987427
2.8634074074074074
2.9143393939393945
2.7165595238095235
2.786984126984127
2.840466666666667
2.8546021505376347
2.87119298245614
2.9290104166666664
3.0194736842105265
2.95652380952381
3.007481481481481
2.987452380952381
2.9394035087719304
2.9159866666666683
3.01577777777778
3.007049645390073
3.020238095238095
2.8779874213836485
2.870789115646259
2.9779166666666677
2.9911250000000007
2.8976078431372563
3.0030897435897446
2.942628930817611
3.0110579710144942
2.9013333333333344
2.9534509803921583
2.9544126984126975
2.9036333333333335
3.0004927536231905
2.972105263157894
2.8381383647798755
3.018666666666666
3.0031347517730516
2.86764705882353
2.950569892473117
3.0178666666666683
2.972130952380952
3.005140350877195
2.920080459770114
3.019523809523809
3.0226282051282047
2.9467407407407404
2.9485333333333323
2.968227642276425
2.9922456140350873
2.9992768361581907
3.0348288288288314
2.967466666666669
2.875490196078433
2.972836879432626
2.8400709219858182
2.710921212121214
3.0188405797101456
2.9702051282051305
3.0058166666666692
3.0238484848484872
2.9995345911949687
3.0044806201550416
3.015119496855346
2.964403508771932
3.077797101449276
2.757846994535518
2.933666666666669
2.753904761904761
3.0067238095238116
2.9884848484848487
2.827466666666666
2.91919298245614
2.831066666666666
2.8867619047619075
2.809095238095241
2.9949019607843157
2.9604806201550415
2.9905185185185186
2.893473684210526
2.860816666666669
2.6752380952380945
2.6497666666666677
2.923820512820513
2.586885416666666
2.6999453551912556
2.6209039548022606
2.675018018018016
2.5898854166666663
2.8356111111111133
2.618969696969697
2.715215053763441
2.803666666666667
2.608205128205129
2.7672512820512813
2.996222222222224
2.667568627450982
2.756854166666666
2.994000000000003
2.740346666666669
2.9408484848484844
2.959788617886182
2.7026333333333326
2.6454166666666685
2.6715294117647077
2.7383715846994527
2.919616666666669
2.9975555555555577
2.921166666666669
3.0025416666666684
2.6376862745098055
3.0103809523809537
2.8071
2.8115595238095237
2.8500380952380935
2.9599757575757577
2.9895282051282037
2.7696820512820515
2.7190273224043717
3.0100459770114956
2.6986315789473685
2.863558974358973
2.931313725490195
2.78446994535519
2.870408602150537
2.7174942528735633
2.6450512820512833
3.010229166666668
2.708010928961748
2.686569892473118
2.79296174863388
3.077797101449276
2.724597701149425
2.6987380952380957
2.7618303030303037
2.7965263157894746
2.747133333333332
2.8521032863849745
2.6883681592039785
2.9632500000000004
2.7657843137254887
2.626875000000001
2.77699502487562
2.8196021505376327
2.8528735632183895
2.8820251572327042
2.752698412698411
2.702452380952381
2.7256666666666667
2.745073446327684
2.720266666666667
2.7084035087719305
2.8455024875621877
2.8332582159624393
2.7747523809523793
2.747021505376344
2.584266666666667
2.61462015503876
2.6441985815602846
2.7475104166666653
2.6889333333333334
2.730035087719298
2.63508527131783
2.5625303030303033
2.629753623188407
2.5937121212121226
2.6707820512820524
2.7776363636363626
2.807729166666666
2.581075757575759
2.858605128205127
2.715047619047618
2.8257666666666656
2.682633333333334
2.9367356321839093
2.9839824561403536
2.7608541666666655
2.840150537634408
2.451284848484849
2.5149298245614036
2.6411866666666675
2.846814814814815
2.7564242424242407
2.8670416666666654
2.7953333333333337
2.8548421052631574
2.4823589743589745
2.6961851851851844
2.9582456140350875
2.7171999999999987
2.6587368421052626
2.6450526315789475
2.5075797101449284
2.970666666666667
2.7448638497652564
2.87863440860215
2.85882993197279
2.792666666666666
2.596258503401362
2.6579999999999986
2.6238095238095243
2.708427860696516
2.5015166666666673
2.5236666666666676
2.470843137254901
2.5105866666666676
2.492833333333335
2.5006060606060605
2.3640595238095257
2.5453763440860224
2.3642585034013623
2.3730062893081776
2.4022380952380966
2.454624113475178
2.438941176470589
2.5017466666666683
2.5214057971014507
2.3554942528735636
2.584789743589742
2.3294959349593496
2.3833205128205135
2.5312023809523816
2.6105939393939397
2.560960784313726
2.8623750000000006
2.911099999999999
2.6533333333333333
2.9882051282051307
2.9701466666666674
2.925518518518518
2.651900709219859
2.7195925925925923
2.650909090909091
2.7746060606060587
3.0068390804597698
2.6973212121212127
2.707139393939394
2.9798911564625863
2.956000000000002
2.7482076502732236
2.8432333333333326
2.9084625850340142
2.770158730158729
2.7994607843137245
2.923481481481483
2.6036444444444453
2.609271317829458
2.7734492753623172
3.010666666666666
3.0252121212121192
2.9051929824561418
2.944912280701754
2.8193551912568293
2.732100628930817
2.6822598870056487
2.606428571428572
2.732361581920903
2.69758469945355
2.8679892473118267
2.6396888888888896
2.5994358974358973
2.7359666666666658
2.967099999999999
2.8801960784313705
2.7390845771144257
2.739942528735631
2.9159897435897424
2.773282051282049
2.729555555555555
3.02081818181818
2.994920634920634
2.9999425287356316
2.8810999999999996
2.9990476190476176
3.0195238095238084
2.8288952380952357
3.009157232704403
2.9875191256830593
2.9684126984126973
2.886149425287356
2.877753623188407
3.0298823529411765
2.769575757575756
2.8248633879781404
2.6647023809523804
3.002099999999999
2.979666666666667
2.865266666666667
2.9815454545454534
2.922848484848484
2.7699393939393917
3.015396825396824
2.8372666666666655
2.6869466666666666
2.7709696969696944
2.770906666666667
2.89448062015504
2.6763589743589753
2.7726349206349186
2.7612698412698395
2.790870056497174
2.86147435897436
2.893510416666665
2.897529411764706
2.9116502732240424
2.808730158730157
2.734474358974359
2.5953643410852725
2.741903030303029
2.6445416666666675
2.701087719298245
2.8145964912280705
2.893511111111113
2.750186666666668
2.7872549019607824
2.8770601092896166
2.843510416666665
2.9204761904761893
2.943543859649122
2.9242023809523805
2.9512549019607843
2.818733333333332
2.705666666666666
2.7940350877192976
2.8096848484848485
2.847555555555556
2.8916296296296307
2.9895952380952378
2.8846021505376327
2.7886994535519114
2.9252528735632177
2.989222222222222
3.021599999999999
2.7820696517412915
2.919604166666665
2.8325649717514114
2.9220833333333336
2.9259209039548018
2.9260990990990963
2.8038364779874216
2.846397435897436
2.7900416666666645
2.957988095238094
2.8066086956521725
2.7571897435897417
2.956784313725488
2.9544293785310725
2.8362666666666647
2.7902487562189036
2.7161748633879768
2.735875000000002
2.884435897435899
2.8620303030303016
3.005727891156463
2.8863763440860204
2.974425287356321
2.968518518518519
2.88062893081761
2.9858581560283706
2.935397435897436
2.9435238095238105
2.9990999999999985
2.985866666666667
2.7209122807017545
2.955049019607841
2.689942528735632
2.9832156862745105
2.860429378531074
2.948111111111112
2.9678095238095237
3.0072090395480213
2.997052631578947
3.0311584699453538
2.8941568627450986
3.022
2.891202380952381
2.955537634408601
2.7211751412429375
2.8637192982456137
2.9356862745098042
2.987185185185185
3.000988095238095
2.9419209039548018
2.829916666666667
3.021130434782607
3.0204121212121207
3.0430256410256438
2.9713452380952377
2.9865575757575753
3.0209411764705885
3.0258045977011485
3.016424242424241
2.933202380952381
2.9445925925925924
2.945122807017543
3.0078279569892463
2.9214057971014507
2.8741428571428593
3.0171282051282033
2.993197916666665
2.7034927536231903
3.010731182795698
3.0016140350877185
2.992349206349205
3.0168253968253955
2.87897222222222
3.0000628930817608
2.9667450980392167
3.004779874213837
3.014285714285713
2.9898095238095226
3.0090056497175133
3.0099247311827946
2.964535519125682
2.913945355191257
2.9538947368421056
2.9112090395480226
2.8807282051282037
2.9032183908045974
3.015873015873015
2.9551228070175437
3.014585034013607
2.765977011494253
2.851827956989246
2.609733333333335
2.8364479166666654
2.8479999999999994
2.988908045977011
2.9909206349206334
3.0069770114942522
3.0101748633879772
3.0041333333333347
2.9171309523809525
2.962174863387977
2.9193224043715835
2.856729166666666
2.9707604166666655
2.9285632183908046
2.8728095238095244
2.919407407407408
2.779412429378531
3.0117460317460307
2.958666666666666
2.9449523809523797
2.906528735632184
2.956666666666667
3.0055866666666677
2.9073684210526314
2.9931466666666684
2.9497738095238093
3.0179090909090895
3.007599999999999
2.9432666666666645
2.9899333333333327
2.9773435897435885
2.9854523809523816
3.002627450980393
2.9689206349206336
3.0171827956989237
3.0115480225988693
2.8942962962962975
2.8896282051282065
3.0032156862745114
3.0072738095238094
2.9657999999999998
3.0028930817610067
3.0081052631578946
2.8995185185185193
3.0072327044025164
2.9772280701754386
2.835251282051281
2.8893836477987427
2.8746979166666655
2.8537192982456148
2.8140333333333336
2.8326358974358965
2.9979874213836486
3.0038205128205138
2.9536836158192092
2.8665555555555566
2.9468452380952384
2.9322528735632183
2.922157575757576
2.970897435897437
2.9799523809523807
2.9695897435897445
3.0071929824561403
3.0126666666666666
2.9455512820512832
3.001041666666669
2.983648484848485
2.973798742138366
2.8668306010928966
2.9239393939393943
2.9434444444444448
2.9962893081761015
2.887466666666665
2.8150666666666657
2.996250000000002
2.9461006289308185
2.9620833333333354
2.934431372549021
2.974402515723271
2.9169212121212125
2.978225988700565
2.9284539007092225
2.9906666666666695
2.994666666666668
2.9331884057971034
2.9717356321839086
3.000666666666669
2.996986666666668
2.834866666666666
2.9124227642276455
2.8452873563218395
2.9945815602836894
2.9968000000000017
2.9375393939393954
2.725719298245616
2.9294751773049668
2.9380897435897446
3.0007393939393943
2.8548771929824563
2.896916666666668
2.970986666666668
3.004588235294119
2.9628794326241152
2.8889710144927565
2.9261666666666684
2.925111111111111
2.946628205128206
2.9852198581560305
2.8699007092198605
2.854704402515724
2.7563333333333317
3.001438596491228
2.8336960784313714
3.0017610062893088
2.9951866666666676
2.892512820512822
2.8336095238095225
2.879323809523808
2.8226388888888874
2.845708920187792
3.0045736434108545
2.993943262411349
2.9972435897435905
2.8246666666666655
2.7072604166666663
2.775393939393938
2.7094408602150533
2.9912549019607853
2.819888888888887
2.8568952380952366
2.8874666666666657
2.83691282051282
2.897636363636363
2.861873015873016
2.990299319727893
2.987220512820512
3.001000000000002
3.0042333333333335
3.0038809523809524
3.017682539682539
2.979650273224043
2.9984205128205117
3.002842105263158
2.9863939393939383
2.9787333333333326
2.987034013605444
2.9655873015873007
2.9309
3.0134802259887006
2.8809696969696965
2.996775757575758
2.9570062893081768
2.870327683615819
2.9652484848484857
2.859021505376344
2.8138911564625864
2.858633879781421
2.885782945736437
2.8643763440860215
2.7863282051282057
2.800176100628932
2.9577158469945357
3.00183908045977
2.9351372549019628
3.0039209039548025
2.9466666666666694
3.0033908045977014
2.9067650273224044
2.9822666666666686
3.0044293785310736
3.0178854166666658
3.000666666666669
2.955276836158193
2.92968361581921
2.9588633879781416
2.855550387596902
2.978566666666666
2.9985534591194978
2.990986666666668
2.9832624113475195
2.9936477987421393
2.9856054421768725
2.9978666666666673
2.9907517730496473
2.9709575757575766
2.962986666666668
2.8810333333333333
2.996074074074075
2.936142076502733
2.9698303030303035
2.919092896174864
2.949045977011495
3.002842105263158
2.9389247311827957
3.000666666666667
2.9372698412698415
2.943073446327684
2.9124761904761907
2.8687500000000026
2.8289892473118288
2.9110740740740755
2.8803589743589764
2.887083333333336
2.7895294117647076
2.9906349206349208
2.973719298245615
2.9636078431372566
2.7883939393939396
2.846666666666667
2.9149945355191265
2.949735632183908
2.9668253968253966
2.7710512820512836
2.998628205128206
2.9619125683060115
2.9590273224043715
2.935396825396825
2.929191256830601
2.932344086021505
2.930166666666668
2.981266666666667
2.9528999999999996
2.808197916666666
2.856295238095237
2.8316666666666657
2.8825157232704415
2.962986666666668
2.8633333333333333
2.8238995433789933
2.852815920398009
2.8644252873563225
2.7641592039800997
2.6220784313725494
2.7401596244131445
2.7789945355191255
2.7659130434782595
2.6438952380952383
2.678666666666668
2.744076502732241
2.7757486338797817
2.7918905472636815
2.827354166666666
2.794202898550724
2.7889353233830843
2.7687272727272725
2.862021505376344
2.81421212121212
2.924291666666666
2.9714791666666662
2.992260416666666
3.0152473118279577
2.8634358974358998
2.847933333333333
2.965157232704404
2.851010416666666
3.0055053763440855
2.750371584699454
2.6788229166666673
2.647315315315315
2.804375000000002
2.9477011494252876
2.921791666666667
2.877035897435898
2.798730158730159
2.864602150537635
2.813528205128206
2.760230303030305
2.8512222222222245
2.7760187793427225
2.7695757575757574
2.982952380952383
2.8560696517412927
2.768885416666666
2.8137523809523795
2.7953636363636356
2.8086666666666664
2.987985815602839
2.7871794871794897
2.8563423423423453
2.707217391304348
2.728376811594203
2.704898550724637
2.778969696969697
2.576482051282051
2.525344632768363
2.599343589743591
2.782566666666667
2.7964875621890535
2.790266666666667
2.8085000000000004
2.808928961748634
2.7753446327683617
2.819047619047619
2.8255151515151513
2.8122189054726365
2.813197916666666
2.8275920398009946
2.7521979166666664
2.8279393939393933
2.839821596244131
2.8322786069651738
2.722299319727894
2.7386241134751805
2.813968253968254
2.809440860215054
2.8241515151515144
2.784338308457711
2.822636363636363
2.8178279569892473
2.76870512820513
2.832278606965173
2.8016060606060598
2.7411156462585056
2.855589743589746
2.8182424242424235
2.822815920398009
2.832368159203979
2.917416666666666
2.8228159203980097
2.8547562189054716
2.8005698924731184
2.813528205128205
2.7751309523809526
2.741572327044026
2.827254901960783
2.825247311827957
2.793125683060109
2.9081505376344086
2.803650793650794
2.9445641025641054
2.941777777777781
2.9731317829457393
2.8813888888888908
2.903809523809526
2.7608854166666665
2.747104166666667
2.795619047619048
2.816451282051282
2.8242786069651733
2.772358974358977
2.772142076502733
2.8212820512820516
2.724296296296297
2.8331372549019602
2.794451282051282
2.8293333333333326
2.693205128205127
2.825010416666666
2.8107650273224047
2.8324019607843134
2.8204791666666664
2.770505376344086
2.771357575757577
2.699360544217689
2.972081300813011
2.7981587301587294
2.8270666666666666
2.7353229166666666
2.722217687074832
2.817510416666666
2.7765
2.7818333333333327
2.656472222222222
2.6044748858447484
2.782207650273225
2.6010776255707757
2.7006051282051287
2.5654124293785325
2.7320109289617496
2.9358558558558583
2.9715166666666692
2.7117604166666673
2.6664779874213855
2.5485714285714294
2.9738166666666697
2.9743252032520355
2.546497175141245
2.547809523809525
2.7296666666666676
2.7214124293785327
2.9738166666666697
2.5096244131455387
2.496135416666667
2.58295238095238
2.4788368794326257
2.756038095238097
2.5873484848484867
2.466851282051282
2.9708380952380975
2.7929523809523826
2.6900303030303045
2.630375000000001
2.672555555555558
2.6612549019607865
2.5845066666666683
2.6472666666666687
2.6572429378531086
2.660166666666669
2.616333333333335
2.6664779874213855
2.651803921568629
2.6223030303030326
2.711011494252875
2.6995789473684226
2.551804597701151
2.476421052631581
2.6593551912568314
2.6654583333333366
2.6400860215053776
2.5242857142857154
2.687134751773053
2.531635416666668
2.6649247311827966
2.5799629629629646
2.549015873015873
2.5562916666666666
2.6743276836158194
2.695911949685536
2.557743589743589
2.3677982456140345
2.5554358974358964
2.7268253968253977
2.531166666666666
2.62147311827957
2.531866666666666
2.6974523809523814
2.476995024875622
2.513066666666666
2.603233333333333
2.569845238095238
2.5371818181818173
2.7279007092198615
2.5702189054726365
2.5129212121212143
2.5446416666666654
2.625952380952381
2.5914095238095234
2.563511737089201
2.534051282051282
2.76530817610063
2.6155809523809506
2.5983431372549
2.4814051282051275
2.6119607843137254
2.5879999999999987
2.686135416666666
2.634697435897435
2.6288961748633874
2.5912795698924724
2.6715784313725472
2.6369565217391293
2.6101515151515144
2.5151737089201873
2.6393440860215054
2.572572916666666
2.6797843137254893
2.6490303030303024
2.6757435897435897
2.5316244131455385
2.575333333333333
2.618633879781421
2.6007549019607836
2.6238787878787875
2.632726368159202
2.567849765258215
2.7633015873015885
2.535515151515151
2.5378952380952375
2.5540365296803644
2.6775104166666663
2.583878787878788
2.5912896174863382
2.7127650273224053
2.6300256410256395
2.632354166666666
2.6292843137254893
2.662724637681158
2.6261242937853106
2.677774358974358
2.6168756218905465
2.640090909090909
2.7877391304347805
2.781928205128203
2.624666666666667
2.726519607843135
2.757791666666665
2.9687757575757576
2.763428571428569
2.7699393939393926
2.5738173515981715
2.650180180180179
2.584780952380951
2.5181212121212107
2.717372549019606
2.798896174863388
2.6870569105691042
2.9265104166666656
2.754940639269404
2.637495238095237
2.746724637681157
2.7185151515151498
2.793909090909089
2.598578431372548
2.67449019607843
2.705800995024874
2.6145555555555537
2.631581920903954
2.5563
2.704260416666667
2.612354978354977
2.6271884057970993
2.7006376811594186
2.6624607843137245
2.539595238095237
2.638986666666665
2.6084824561403495
2.532999999999999
2.6252338308457697
2.803999999999999
2.562608695652173
2.6529479166666663
2.680000000000001
2.8174166666666665
2.6723333333333326
2.6439358974358993
2.6999696969696956
2.4902189054726356
2.6053990610328635
2.436813725490195
2.638666666666666
2.5360995024875614
2.6565376344086014
2.3525376344086024
2.7246354166666666
2.5754337899543365
2.67655072463768
2.4783492063492054
2.5381666666666662
2.6162138364779874
2.707159420289853
2.6675962441314547
2.6794731182795704
2.5876666666666663
2.620695652173912
2.5210909090909084
2.569754901960784
2.5532968036529664
2.615813725490195
2.6554848484848477
2.5366368159203976
2.612863849765257
2.640298245614034
2.5503980099502472
2.6078606965174127
2.587683615819209
2.590099502487561
2.5520995024875615
2.500666666666666
2.5011324200913236
2.5452719298245605
2.6254242424242427
2.6550358974358974
2.69835238095238
2.5389999999999997
2.5652300469483564
2.5087291666666665
2.6700289855072468
2.5072727272727278
2.478699453551912
2.562780952380952
2.695118279569894
2.5675393939393953
2.4807291666666664
2.5766363636363634
2.537004694835681
2.628620155038761
2.597444444444444
2.6601827956989244
2.5750328638497657
2.6237101449275353
2.540285714285714
2.6545435897435903
2.671596244131455
2.602235897435897
2.573711442786069
2.6772039800995024
2.579323383084577
2.6298666666666666
2.6674166666666683
2.7425066666666655
2.6446933333333322
2.6107878787878787
2.6369901960784303
2.6807549019607846
2.605282051282049
2.5111041666666662
2.588458874458873
2.4749999999999983
2.737030303030302
2.698091666666664
2.7827809523809504
2.791720720720719
2.8313118279569887
2.7943725490196067
2.800066666666665
2.7432820512820513
2.677731182795699
2.553174129353233
2.6115555555555563
2.496598870056497
2.760610328638496
2.597715846994536
2.689229166666666
2.779809523809523
2.6835621890547254
2.6610555555555537
2.6643431372549
2.733916666666666
2.661607843137254
2.641442786069651
2.631515151515151
2.619114427860696
2.697090909090909
2.71861111111111
2.758948356807511
2.6773990610328626
2.659359999999998
2.582523809523808
2.562143589743589
2.615234234234233
2.6054444444444433
2.6886376811594195
2.6887246376811587
2.6760614035087698
2.7208848484848485
2.695702380952381
2.7419523809523803
2.7325925925925927
2.622857142857142
2.650838095238094
2.7055621890547266
2.671342723004694
2.5999166666666653
2.691733333333332
2.543789954337899
2.6328602150537646
2.7198779342723
2.724222222222221
2.4789523809523804
2.6406974358974353
2.636106666666666
2.806545454545455
2.746940639269406
2.7043378995433778
2.679460784313725
2.793826086956521
2.6704615384615367
2.6870502283105004
2.5813708920187786
2.5880398009950234
2.6424999999999996
2.758695652173911
2.738824561403508
2.6900820512820514
2.7493043478260857
2.588454545454545
2.728289855072463
2.6960350877192965
2.608858447488583
2.709958974358975
2.6305585585585582
2.650811594202898
2.5523238095238074
2.6737939393939416
2.5593055555555555
2.6194722222222215
2.7455621890547257
2.6710380952380945
2.664376811594203
2.671797101449275
2.6513939393939383
2.714159624413145
2.786875621890547
2.614457711442786
2.711666666666667
2.722584474885844
2.645558558558558
2.7274901960784312
2.759906103286385
2.631217391304348
2.6012863849765253
2.7232843137254887
2.656133333333332
2.6296666666666657
2.6273153153153137
2.7062441314553976
2.72753153153153
2.7659901960784303
2.7185217391304337
2.7584444444444425
2.6453137254901953
2.7945258215962423
2.7242318840579713
2.746725490196078
2.6863725490196075
2.6558581560283714
2.6908828828828817
2.503478260869565
2.701762557077624
2.7124095238095225
2.645871794871794
2.7286666666666664
2.7886666666666664
2.6918828828828816
2.685045045045044
2.7523282051282036
2.6596807511737084
2.7626363636363633
2.7734492753623186
2.6858828828828814
2.6103245614035075
2.6618995433789934
2.769999999999999
2.754525821596243
2.735403508771928
2.592474885844747
2.6033416666666653
2.663234234234233
2.665826666666669
2.619091666666665
2.7165585585585563
2.721406392694064
2.6241666666666656
2.740472222222221
2.703353233830846
2.698249999999999
2.667739130434782
2.345646258503402
2.6113551912568322
2.6165821596244125
2.654453333333332
2.704721461187213
2.681696078431372
2.7409950248756214
2.621159817351596
2.7249019607843126
2.6675589743589745
2.5955833333333325
2.635694444444443
2.6735614035087707
2.6230476190476195
2.679412935323382
2.6536244131455393
2.6456396396396387
2.613562189054726
2.5728333333333318
2.389666666666668
2.555362318840579
2.5955666666666652
2.5862072072072064
2.6515454545454538
2.608118721461186
2.5910793650793655
2.637140350877192
2.6468333333333316
2.6846095238095233
2.6124694835680735
2.660035087719297
2.6373446327683623
2.5297866666666655
2.4663466666666656
2.6877412935323384
2.7092090395480226
2.678457711442786
2.691461187214611
2.7273532338308457
2.7906666666666666
2.638409523809523
2.7535072463768104
2.759266666666666
2.7016078431372548
2.5934133333333325
2.630166666666667
2.6186140350877185
2.696424242424243
2.54302487562189
2.722137254901961
2.5905472636815916
2.6297299578059055
2.692209523809523
2.5923383084577107
2.6919824561403503
2.6634202898550727
2.6589099099099087
2.712608695652173
2.7351584699453557
2.7022843137254897
2.6455497835497823
2.719850877192981
2.7257254901960777
2.6861666666666655
2.692285714285715
2.749126126126125
2.6766349206349216
2.729362318840579
2.673733333333332
2.7572863849765246
2.731511737089201
2.655444444444443
2.60478606965174
2.527455399061032
2.622697916666666
2.582180180180179
2.7378137254901955
2.729866666666665
2.7320109289617487
2.6146349206349204
2.642121212121212
2.6330380952380943
2.5947456140350864
2.7048985507246375
2.7867356321839094
2.6536521739130428
2.641401960784313
2.701692307692306
2.7276666666666665
2.7247762557077615
2.7039099099099086
2.5986929824561393
2.693043478260869
2.7081839080459784
2.680926406926405
2.711377192982455
2.634055555555555
2.59395238095238
2.640380952380951
2.696666666666666
2.6328888888888877
2.6028558558558545
2.6908920187793415
2.654956140350876
2.757427230046948
2.568158730158731
2.641009523809523
2.79055072463768
2.601078431372549
2.5643055555555545
2.5786929824561384
2.5245185185185166
2.576408602150538
2.6222342342342326
2.6700380952380947
2.6967948717948698
2.6188036529680354
2.678272300469483
2.600460784313725
2.645105022831049
2.7944095238095232
2.70855707762557
2.692936936936936
2.6958870056497193
2.6703238095238095
2.560392694063926
2.63959420289855
2.673296803652967
2.651173708920187
2.5871741293532335
2.6350328638497653
2.4873145539906085
2.6122952380952373
2.6855784313725484
2.8185258215962437
2.7314399999999988
2.683484848484848
2.604539682539683
2.631878787878787
2.5956380952380944
2.6646118721461174
2.8246078431372545
2.6517747747747737
2.68378431372549
2.6517549019607842
2.7541743589743595
2.646249999999999
2.7270860215053765
2.74400913242009
2.6788858447488573
2.597203980099502
2.758952380952382
2.7222121212121206
2.7270720720720707
2.8528952380952375
2.7189201877934264
2.888401960784313
2.698848484848485
2.71727536231884
2.7232146118721445
2.6969696969696964
2.7066936936936927
2.743639639639638
2.8701592039800987
2.682871794871793
2.680723809523809
2.835723809523809
2.8034463276836172
2.8407263681592037
2.7397238095238086
2.714159203980099
2.7070933333333307
2.6799548022598874
2.72057711442786
2.7285315315315306
2.7583055555555545
2.734174358974358
2.6844388185653982
2.6993076923076904
2.7459090909090906
2.705254901960783
2.686760416666666
2.73127192982456
2.7513107344632783
2.8742456140350887
2.754266666666666
2.7791282051282042
2.7307589743589733
2.8433435897435886
2.711242937853108
2.761771144278606
2.6643
2.687774358974358
2.7761269841269844
2.6802222222222216
2.7171912568306014
2.6493435897435895
2.661569892473118
2.7504761904761907
2.656843137254901
2.7734791666666654
2.8096231884057965
2.7541128205128196
2.7434901960784304
2.6694133333333316
2.6442189054726364
2.7047860696517403
2.7398797814207656
2.690174358974358
2.7789406392694045
2.717666666666665
2.68360606060606
2.7042222222222216
2.6441960784313725
2.4905238095238116
2.6544791666666656
2.603589743589743
2.5845296803652955
2.777490196078431
2.56679487179487
2.5708484848484847
2.6442869198312215
2.7815897435897434
2.5241666666666682
2.6198888888888883
2.5632018779342705
2.6875920398009945
2.626166666666665
2.755286384976525
2.7809565217391294
2.5740469483568056
2.6190776255707755
2.9044912280701767
2.6513679653679634
2.5733043478260855
2.7012018779342712
2.725158974358974
2.538130952380953
2.7621818181818174
2.693809523809523
2.7285376344086023
2.537298245614036
2.6926944444444434
2.6420095238095227
2.717625570776254
2.7031140350877183
2.539005128205128
2.6724474885844742
2.675947916666666
2.667627705627704
2.697568075117369
2.5929479166666667
2.835090909090908
2.7248457711442775
2.647471861471859
2.818078431372548
2.72007207207207
2.7717486338797808
2.522244131455398
2.58606140350877
2.555298245614033
2.5542072072072055
2.570614718614716
2.6522358974358964
2.680612612612611
2.6017254901960776
2.6314358974358956
2.56007511737089
2.540974358974358
2.543306666666665
2.6053431372549016
2.585774358974358
2.6657835497835474
2.622835680751172
2.6515466666666647
2.644398009950247
2.597072916666666
2.6991428571428564
2.6335104166666667
2.577275362318839
2.629138888888887
2.6128310502283085
2.814508771929822
2.6442723004694826
2.7725877192982433
2.6642666666666637
2.5723153153153135
2.6742727272727262
2.685128205128205
2.7490569105691027
2.650888888888888
2.7940799999999975
2.749324200913241
2.756568306010929
2.7849565217391286
2.7726666666666646
2.683416666666665
2.642368159203979
2.6055159817351585
3.010830601092896
2.538864197530862
2.604519607843136
2.5985174129353226
2.7504637681159414
2.636514767932487
2.7214848484848475
2.700640350877191
2.597013333333331
2.564010416666666
2.6150051282051274
2.5806069651741286
2.6527445887445875
2.7337625570776236
2.782892018779341
2.7179523809523793
2.6832039800995013
2.723635416666666
2.6169444444444427
2.6362133333333317
2.6597222222222214
2.5552568306010928
2.618746666666665
2.6125855855855833
2.700180952380951
2.6585258215962426
2.6253030303030296
2.6611741293532325
2.653757575757574
2.6031372549019594
2.833537634408602
2.7858995433789944
2.6394504504504486
2.648793650793651
2.479166666666665
2.620539682539682
2.495224043715848
2.8556870748299352
2.6684999999999994
2.5455789473684205
2.694942528735633
2.625393939393938
2.69453846153846
2.5386111111111105
2.493589743589743
2.636751173708919
2.5023611111111097
2.469966666666667
2.507269406392693
2.5710892018779337
2.646927536231884
2.5581111111111094
2.532547263681591
2.4551041666666666
2.5144479166666662
2.5194051282051273
2.6178508771929807
2.5627762557077616
2.5663229166666675
2.5186078431372545
2.4615897435897445
2.5679444444444433
2.6564927536231884
2.607780952380951
2.6207589743589734
2.615651282051282
2.6125585585585576
2.6226948356807513
2.6700099502487564
2.7001809523809515
2.55327536231884
2.553743589743589
2.555936936936937
2.731055555555555
2.6042933333333322
2.644786069651742
2.6689855072463757
2.6541523809523806
2.569207207207206
2.5716666666666654
2.5958055555555544
2.7303084577114434
2.6329353233830846
2.5440365296803655
2.632666666666668
2.6034444444444444
2.739444444444444
2.599705128205131
2.401777777777778
2.5062719298245604
2.648724637681159
2.718202898550724
2.760791666666667
2.6748229166666677
2.729495238095238
2.665887005649718
2.55627380952381
2.430989247311828
2.6503066666666677
2.666607843137255
2.4126965174129347
2.4350555555555555
2.6091354166666676
2.518923809523809
2.532741666666665
2.576116666666665
2.610186666666665
2.5782933333333324
2.5868512820512817
2.4881032863849764
2.572828828828828
2.46228310502283
2.467005128205128
2.4798888888888886
2.512805555555555
2.5634129353233828
2.5459809523809516
2.442099502487562
2.65900469483568
2.397256410256409
2.4321000000000006
2.4886380952380946
2.710794326241139
2.5402456140350864
2.4768075117370896
2.5872291666666665
2.6384875621890544
2.6186666666666665
2.498027777777777
2.455809523809524
2.528083333333332
2.569757575757575
2.5796333333333337
2.5674848484848476
2.689054726368159
2.6238779342723
2.526429824561403
2.6532146118721447
2.753363636363637
2.6466321839080478
2.707306666666666
2.757454545454546
2.655217391304348
2.5036969696969686
2.7051505376344096
2.694460784313726
2.6655920398009947
2.6514743589743617
2.7053212121212145
2.6396017316017297
2.654121212121212
2.616038095238095
2.6190666666666664
2.5430720720720714
2.7251212121212123
2.495225490196078
2.601666666666666
2.643578431372548
2.597682051282051
2.5860833333333324
2.732099502487562
2.7867897435897437
2.5599342723004685
2.6533623188405797
2.685741293532338
2.7466969696969694
2.590838095238095
2.7174166666666673
2.6766666666666654
2.651694444444443
2.6941078431372545
2.673416666666666
2.546372549019607
2.606463768115942
2.701295238095238
2.5694242424242417
2.6701890547263676
2.7078905472636805
2.6780666666666653
2.705980099502487
2.725545454545454
2.710129353233831
2.6024927536231885
2.664338308457711
2.6635621890547263
2.487866666666666
2.5737023809523825
2.6008512820512815
2.605490196078431
2.5873888888888876
2.577833333333334
2.6393830845771142
2.707495238095238
2.6472266666666697
2.6685833333333364
2.603813725490196
2.6287897435897443
2.7169791666666674
2.727181818181818
2.641800995024876
2.653797101449275
2.576666666666666
2.644469483568074
2.7008288288288274
2.759754901960784
2.641793427230046
2.720454545454545
2.574173515981734
2.714197916666667
2.693387978142077
2.640266666666667
2.7669523809523833
2.5596960784313714
2.56060606060606
2.6749743589743593
2.6279313725490194
2.6134545454545455
2.648083333333332
2.5937077625570764
2.62102487562189
2.607014492753623
2.621442786069652
2.684507936507937
2.5582843137254896
2.6301666666666654
2.6712777777777763
2.706045045045044
2.6092799999999987
2.6513137254901955
2.6751388888888883
2.608773333333332
2.7452000000000014
2.632434782608695
2.6389333333333336
2.7214380952380943
2.6229901960784305
2.639466666666666
2.5107368421052647
2.593405128205128
2.613587719298244
2.67063725490196
2.694128205128208
2.582835680751173
2.4986956521739114
2.5902121212121205
2.6620751173708905
2.674757575757575
2.5909717514124293
2.6048333333333322
2.597934272300469
2.60836111111111
2.6304999999999987
2.6070833333333328
2.6746974358974365
2.638338308457711
2.572753623188405
2.6233743589743588
2.6200751173708916
2.6248333333333322
2.604920634920635
2.714028985507245
2.607159817351597
2.654421052631579
2.6604875621890542
2.6041515151515147
2.5766051282051277
2.468463276836158
2.686463768115941
2.638578431372548
2.5619166666666677
2.7414666666666654
2.6919543378995416
2.741424242424241
2.636957575757577
2.5736512820512814
2.6695282051282048
2.6556952380952374
2.663935897435899
2.6097625570776244
2.6848920187793412
2.6783209876543186
2.6420990990990973
2.5821238095238095
2.5828571428571423
2.5233118279569884
2.6354603174603173
2.609214611872145
2.5545821596244123
2.699537634408602
2.682222222222223
2.635666666666667
2.573612612612611
2.7204444444444444
2.5779666666666663
2.6781904761904762
2.8046666666666678
2.552021505376343
2.541771144278606
2.591860215053764
2.6173575757575778
2.601269841269841
2.6359831223628674
2.6311073446327686
2.73746118721461
2.7255128205128183
2.7108137254901954
2.6903652968036513
2.667957805907171
2.6382723004694824
2.6746666666666656
2.6282222222222225
2.717939393939392
2.9147111111111146
2.6254242424242418
2.673903030303031
2.6093551912568302
2.710843137254901
2.664421052631579
2.644768361581921
2.610666666666666
2.746533333333331
2.7976388888888866
2.715158974358974
2.7903715846994537
2.7054504504504484
2.711666666666667
2.6181494252873563
2.703904761904761
2.7498771929824537
2.7223466666666645
2.6791238095238077
2.6852568306010927
2.7089066666666644
2.7155555555555537
2.7871014492753616
2.6872205128205118
2.7400833333333314
2.7421666666666646
2.7062095238095223
2.7306384976525804
2.760392694063925
2.613860696517412
2.609333333333333
2.6826327683615827
2.606959999999998
2.5854199134199116
2.78011111111111
2.67411111111111
2.74577192982456
2.7816277056277032
2.7816266666666647
2.737805555555554
2.6968512820512807
2.643175757575758
2.7023030303030287
2.7232380952380932
2.7178725490196065
2.7177843137254887
2.636550724637679
2.695146666666665
2.6683333333333312
2.727969696969695
2.7387916666666654
2.628401960784312
2.717445887445885
2.6448725490196057
2.6575238095238074
2.6821890547263667
2.6352280701754385
2.675230046948355
2.710028985507245
2.6464166666666653
2.6643926940639258
2.761787878787878
2.6456363636363633
2.596242424242424
2.6978431372549014
2.6346666666666656
2.66588888888889
2.6996517412935312
2.7117128205128203
2.735723809523808
2.6902404371584696
2.6151156462585057
2.5805442176870765
2.551946666666668
2.6940266666666686
2.7209425287356326
2.72800913242009
2.6697747747747744
2.7110769230769214
2.6797999999999997
2.7333589743589726
2.6777333333333324
2.74053153153153
2.7348558558558542
2.7823055555555545
2.7823809523809513
2.6879913419913404
2.783082251082249
2.824033755274259
2.7320180180180165
2.7633623188405783
2.7978614718614714
2.7458995433789943
2.8001929824561387
2.737573333333332
2.6965599999999985
2.7105128205128186
2.8069166666666643
2.7700877192982434
2.7847948717948694
2.8089298245614014
2.6500084388185634
2.7393508771929804
2.7253423423423397
2.7976666666666645
2.652590717299576
2.7353166666666646
2.7909565217391297
2.6258614718614703
2.7956517412935327
2.792875621890547
2.7974008438818547
2.792473118279571
2.746369369369368
2.6971594202898546
2.5782539682539674
2.7212666666666667
2.6807263681592044
2.6519365079365085
2.782529680365295
2.620377192982455
2.6939824561403487
2.664256410256409
2.837830845771143
2.6829369369369354
2.8265066666666647
2.7337747747747736
2.748450450450449
2.6491416666666643
2.794247311827958
2.652021505376343
2.6587179487179466
2.8041890547263675
2.6795555555555546
2.628479999999999
2.747150537634409
2.7172694063926923
2.577798245614033
2.7225027322404367
2.6894774774774763
2.8107999999999986
2.865045045045043
2.6907426160337526
2.694926406926405
2.7676944444444436
2.678222222222221
2.6208438818565383
2.6324266666666656
2.693333333333332
2.656286919831222
2.6428148148148134
2.5991261261261247
2.662936936936935
2.765359999999998
2.763342342342341
2.6125151515151503
2.67985185185185
2.808338308457711
2.7627282051282043
2.790079999999998
2.74387214611872
2.7314166666666653
2.805287356321841
2.752395480225989
2.7369954337899527
2.719388888888887
2.7188584474885826
2.752747747747746
2.7319199999999983
2.8083431372549006
2.628049019607842
2.7437089201877916
2.6389004329004306
2.8097128205128197
2.682499999999999
2.788722222222221
2.786233333333334
2.6824561403508755
2.612008771929822
2.871702380952382
2.8133238095238084
2.671483568075116
2.776529680365295
2.7023188405797085
2.84713725490196
2.73822222222222
2.7262557077625553
2.8843681592039783
2.661759999999998
2.63777192982456
2.804323809523808
2.7908380952380942
2.720046948356806
2.808835680751172
2.763882882882881
2.7388288288288267
2.7866399999999985
2.6947192982456123
2.6830666666666647
2.7708333333333313
2.7454666666666654
2.7778018018018
2.786277777777776
2.6251983122362845
2.714536796536794
2.7429743589743576
2.705391666666664
2.701737089201876
2.7466933333333317
2.785333333333332
2.778722222222221
2.7586940639269386
2.759296803652966
2.848982456140349
2.667877192982455
2.6933245614035064
2.8326095238095226
2.625359999999998
2.7191025641025623
2.829614035087717
2.807022831050227
2.814487179487177
2.6263004694835663
2.710929824561401
2.8201599999999982
2.754529680365295
2.7322777777777763
2.7911466666666644
2.76118721461187
2.847304347826086
2.7407499999999994
2.8658416666666637
2.736043290043288
2.5812843137254893
2.755615384615382
2.7946940639269386
2.7227901234567877
2.7982342342342323
2.679153153153152
2.723333333333332
2.803449275362318
2.6021606425702783
2.719341365461845
2.7918818565400816
2.844203252032517
2.742133333333332
2.774312236286917
2.7019199999999977
2.8133423423423407
2.9106666666666654
2.874420091324199
2.6992666666666665
2.7615802469135775
2.783771929824559
2.689907172995779
2.7088484848484824
2.842461538461536
2.887923809523808
2.6511884057971002
2.707849765258214
2.7992799999999973
2.8787456140350853
2.9097934272300447
2.7866372549019593
2.8578933333333314
2.75451515151515
2.877710144927534
2.6953160173160153
2.8518995433789938
2.8425174129353223
2.983636363636362
2.787466666666666
2.8307230046948337
2.8905238095238075
2.8422843137254885
2.831757575757574
2.8422318840579694
2.8627916666666655
2.7941666666666647
2.851209523809522
2.893606060606059
2.856936936936935
2.8202399999999974
2.839973333333331
2.8404824561403483
2.8747477477477457
2.8503611111111082
2.7278312236286895
2.885838095238093
2.904898550724636
2.7747747747747726
2.892420512820512
2.8654479166666658
2.937681159420288
2.968614035087717
2.812499999999998
2.8316666666666648
2.8350180180180153
2.8759999999999986
2.9892499999999975
2.936928961748633
2.911323809523808
2.725833333333331
2.8723652968036504
2.8855942028985484
2.8972604166666653
2.9317460317460307
2.893406392694062
2.926401960784312
2.896317460317459
2.8835519125683047
2.815939393939391
2.7326974358974345
2.8905296803652947
2.73889201877934
2.748990196078429
2.7689416666666644
2.9078666666666644
2.8303199999999973
2.962697435897434
2.892605128205126
2.8964875621890527
2.7966396396396376
2.5814117647058836
2.8263926940639243
2.8516923076923053
2.9235962441314536
2.84258095238095
2.8126666666666646
2.8294242424242415
2.8549855072463752
2.9106021505376334
2.8961066666666646
2.860848484848484
2.81346118721461
2.865854166666666
2.936182795698924
2.8318809523809536
2.732956989247312
2.8349333333333306
2.7700820512820505
2.8717971014492742
2.8757499999999983
2.8155823293172673
2.8256266666666656
2.867680365296802
2.8310784313725486
2.8108055555555547
2.6986160337552723
2.7778995433789935
2.876083333333332
2.970579710144926
2.929279999999998
2.8109743589743568
2.9120833333333316
2.7314666666666643
2.7173166666666644
2.7811282051282027
2.7361212121212106
2.7145333333333315
2.757277777777776
2.6820751173708914
2.6083199999999986
2.7170952380952373
2.8003416666666645
2.9931839080459772
2.646894514767931
2.6106078431372546
2.879073446327684
2.90224043715847
2.68077192982456
2.8015873015873014
2.6219999999999994
2.6892666666666663
2.7765066666666653
2.6751861471861464
2.644666666666665
2.6525887445887437
2.7167886178861766
2.683283950617282
2.627743589743589
2.7005263157894754
2.5748992248061993
2.670392694063927
2.553774774774774
2.6211861471861466
2.776580952380952
2.6982933333333325
2.6475438596491245
2.702131782945734
2.647740740740743
2.6562666666666646
2.5734959349593485
2.6075238095238076
2.613798245614034
2.568877192982455
2.667276422764226
2.68725287356322
2.59219298245614
2.606324561403508
2.675999999999999
2.864616033755272
2.687223628691981
2.6301019607843115
2.643317829457362
2.6261599999999996
2.4268735632183933
2.703982456140349
2.6088130081300793
2.667471264367814
2.838926406926405
2.7006940639269397
2.711685534591197
2.8958717948717925
2.769558558558557
2.756880952380954
2.8073743589743585
2.887720720720719
2.8799578059071704
2.7809523809523795
2.824369369369368
2.8821666666666648
2.768639999999998
2.6891199999999986
2.8769855072463755
2.863230046948355
2.748727272727272
2.7847511737089183
2.686035087719296
2.981024875621889
2.8435646258503424
2.8354607843137245
2.791114427860695
2.84331282051282
2.7938854166666656
2.5948992248062033
2.7891238095238076
2.7656205128205116
2.7582028985507225
2.785130434782607
2.7726392694063904
2.8429866666666643
2.854131455399058
2.8585174129353215
2.759774358974357
2.6326666666666685
2.7772039800995008
2.7735490196078416
2.6744607843137245
2.8008036529680336
2.4880000000000018
2.5835021097046384
2.8239479166666652
2.8705833333333306
2.7266666666666644
2.8550228310502255
2.8472463768115923
2.8658840579710128
2.8656507936507927
2.846497652582158
2.7990490196078417
2.8905797101449253
2.802173515981733
2.845549019607841
2.813916666666664
2.8575024875621873
2.7336517412935306
2.8247916666666653
2.747455399061031
2.798380952380953
2.760189054726366
2.685376344086021
2.7301078431372527
2.7234553990610304
2.884753623188404
2.751635416666665
2.705627705627703
2.7766118721461166
2.6322616033755244
2.855800995024874
2.667653679653677
2.823447916666665
2.8508512820512806
2.7019913419913393
2.654216666666664
2.7267692307692277
2.797519125683059
2.7544999999999975
2.8682435897435905
2.6309238095238077
2.714146118721459
2.6959817351598145
2.691666666666665
2.847333333333331
2.6886406926406896
2.7028036529680337
2.8246666666666647
2.604166666666664
2.791151515151513
2.731410256410254
2.557854166666666
2.5384533333333317
2.633435897435895
2.7309479166666657
2.6885128205128175
2.6459502487562174
2.5354666666666636
2.846159203980097
2.7735523809523785
2.664030303030301
2.7683137254901937
2.6160091324200896
2.6654722222222205
2.668256410256408
2.654861788617883
2.618380952380952
2.620813008130078
2.7077747747747734
2.6751182795698916
2.801203980099501
2.5564641350210944
2.587078431372548
2.636591666666665
2.5007450980392174
2.6391666666666644
2.6129722222222203
2.7645539906103265
2.7126666666666654
2.6306910569105666
2.5250512820512796
2.6374102564102535
2.6447965367965347
2.6341731601731584
2.7852300469483544
2.7125599999999976
2.7194199134199115
2.6685585585585567
2.764609523809522
2.908872549019606
2.6971403508771905
2.7313827160493807
2.7448945147679304
2.5897625570776235
2.7266666666666644
2.7446666666666646
2.8204333333333333
2.681866666666664
2.708586666666665
2.7318245614035064
2.6496403508771906
2.6993440860215054
2.8220751173708902
2.6225490196078423
2.997519125683059
2.7530822510822484
2.7595999999999976
2.9968750000000015
2.746441314553989
3.0187666666666657
2.922491228070176
2.94879569892473
2.733054726368158
2.95121505376344
2.8286406926406897
2.7533679653679632
3.025824561403509
2.7758818565400816
2.7908461538461515
2.814510822510821
2.828174358974358
2.688038095238094
2.9123118279569886
2.7692266666666643
2.8807705627705604
2.832435897435895
2.829604166666666
2.699159817351596
2.8029743589743576
2.740289855072462
2.70397222222222
2.733733333333331
2.7830537634408588
2.751399999999999
2.740315789473684
2.7855376344086005
2.74542028985507
2.7385555555555556
2.7513218390804592
3.0003440860215083
2.6332900432900406
2.8360606060606046
2.7974611872146102
2.9222820512820493
2.7841212121212093
2.79386147186147
2.8700952380952356
2.8285350877192954
2.814454545454544
2.781107843137253
2.8237304964539036
2.683482456140349
2.7044799999999976
2.7936807511737065
2.8850579710144957
2.9257456140350855
2.977904761904765
2.8052820512820498
2.8185400843881836
2.830564102564101
2.6819824561403487
2.823316017316015
2.66786147186147
2.753298245614038
2.8410776255707737
2.7918717948717924
2.735400843881855
2.7348380952380937
2.871555555555554
2.8247199999999983
2.839427230046947
2.7852095238095225
2.7079019607843127
2.8057391304347816
2.882666666666666
2.7844774774774748
2.8447254901960766
2.9309264069264045
2.791238095238092
2.9282974358974343
2.8758399999999975
2.893378995433787
2.900166666666664
2.7817456140350854
2.8162456140350853
2.9028854166666647
2.8294333333333324
2.9237899543378973
2.8920799999999973
2.894461538461536
2.8969035087719273
2.946300469483566
2.831166666666665
2.85542857142857
2.866218390804597
2.913153153153151
2.8376666666666646
2.8688638497652557
2.8064699453551905
2.8905570776255685
2.7842898550724624
2.800508771929822
2.875279999999998
2.8248700564971747
2.7670416666666653
2.8273763440860207
2.8754561403508747
2.9082777777777755
2.8496529680365277
2.8295981735159796
2.8811455399061017
2.9485666666666654
2.8985350877192957
2.91346118721461
2.896892473118279
2.8187683615819203
2.8695490196078417
2.8363492063492055
2.929866666666664
2.889130952380952
2.9688584474885826
2.8911228070175436
2.885412429378531
2.7984135021097027
2.7876
2.860805555555554
2.9459791666666657
2.9672183908045975
2.8721
2.878791666666666
2.850584474885843
2.8153333333333324
2.947845238095238
2.827621212121215
2.9038412698412692
2.8429369369369355
2.8347793427230035
2.9793333333333325
2.908174358974358
2.866666666666665
2.894408602150537
2.852906666666665
2.9357128205128196
2.9653145539906087
2.888090909090908
2.952479166666666
2.9127291666666655
2.853999999999999
2.815752380952379
2.871860696517411
2.8011897435897426
2.950989247311827
2.8548695652173897
2.8754202898550707
2.806248756218904
2.7662962962962974
2.8279466666666653
2.769682539682539
2.835619047619047
2.925118279569891
2.818181818181817
2.8674166666666667
2.833440860215053
2.8334202898550713
2.7934553990610316
2.788613333333332
2.7923666666666667
2.89571282051282
2.828095238095237
2.680571428571428
2.812207650273224
2.881765258215961
2.832809523809523
2.7548756218905464
2.859166666666665
2.9290909090909087
2.9981748633879777
2.947438596491228
2.831853107344633
2.785450450450449
2.816510416666666
2.883314553990609
2.7787511737089186
2.816863849765257
2.8361851851851863
2.7753785310734465
2.8149722222222207
2.8073551912568306
2.8675920398009938
2.8503060109289615
2.9924523809523813
2.830966666666667
2.8581006289308193
2.966666666666667
2.8652023809523817
2.8106388888888874
2.827733333333333
2.810174863387978
2.7950845771144266
2.837135416666666
2.7880095238095226
2.810376344086021
2.8639607843137234
2.8689019607843123
2.840121212121211
2.6550892018779333
2.7911256830601094
2.8015707762557063
2.742722222222221
2.851989247311828
2.8875490196078424
2.878009523809522
2.898222222222221
2.852438095238093
2.850724637681158
2.7558611111111095
2.878895238095237
2.9951256830601083
2.832833333333332
2.893401960784313
2.9237311827956978
2.920059523809525
2.8304131455399046
2.8897549019607824
2.9113563218390803
2.75386111111111
2.8055333333333325
2.7009132420091313
2.7330610328638487
2.8638550724637675
2.770118721461186
2.850809523809523
2.8694380952380936
2.7808045977011493
2.901009523809522
2.9506666666666663
2.816352380952379
2.746557077625569
2.67463492063492
2.8536507936507927
2.811722222222221
2.8572795698924724
2.753999999999999
2.8498055555555544
2.909866666666666
2.8705217391304334
2.812066666666665
2.8154666666666652
2.978666666666665
2.851123809523808
2.9073431372549003
2.6752095238095226
2.7407246376811583
2.6825367965367946
2.7938952380952364
2.817652582159623
2.8104731182795697
2.76525821596244
2.8602009132420076
2.9023615819209043
2.9104479166666657
2.8204242424242416
2.8782333333333328
2.825988700564972
2.7516140350877194
2.9642585034013624
2.871581920903955
2.940702380952381
2.8506666666666653
2.872416666666667
2.91405128205128
2.9248541666666656
2.9433333333333316
2.9838018018017993
2.8164694835680737
2.794744588744586
2.8327860696517404
2.944809523809522
2.8278473895582303
2.7233523809523796
2.6761960784313716
2.682570281124496
2.7966396396396376
2.8207222222222206
2.8689275362318827
2.6810990990990975
2.856869198312234
2.9300614035087693
2.8007017543859654
2.7961403508771934
2.8925045045045024
2.8597101449275346
2.8712982456140326
2.8995555555555534
2.7799624413145523
2.9083733333333313
2.89034234234234
2.942323809523807
2.927117370892017
2.778141666666664
2.7885147679324875
2.8912420091324176
2.7834885844748842
2.883762557077623
2.792497652582158
2.825543378995432
2.8148245614035066
2.8341078431372533
2.8567456140350855
2.9094035087719274
2.94847222222222
2.939855072463766
2.840948717948715
2.8079999999999976
2.96399134199134
2.700489451476791
2.852166666666665
2.901536231884056
2.8375757575757556
2.709717948717947
2.9474835680751155
2.817523809523808
2.8788820512820497
2.912637254901959
2.802300469483566
2.883954337899542
2.6506399999999983
2.7632982456140334
2.786009523809522
2.8945632183908043
2.902698412698412
2.9441809523809503
2.8847549019607825
2.970558558558556
2.9440099502487547
2.8584927536231866
2.880637254901959
2.929277777777776
2.9215809523809506
2.8075855855855836
2.9455652173913025
2.9451818181818163
2.959354166666665
2.828610328638496
2.988882882882881
2.8274272300469465
2.886963963963962
2.963361111111109
2.788147186147184
2.7750822510822486
2.751410256410254
2.7611729957805884
2.645944444444444
2.7396793248945124
2.9159901960784294
2.984787878787877
2.812994535519125
3.000743589743591
3.0028809523809525
2.7890350877192955
3.026553459119498
2.74790909090909
2.7502723004694816
2.7917971014492737
2.727614035087717
2.999405797101452
2.750692982456138
2.699828828828827
2.718818565400842
2.8681596244131433
2.6896525821596224
2.7555733333333317
2.9150734463276833
2.730754901960784
2.7066666666666657
2.711099099099098
2.743632183908046
2.7516815920397995
2.749680365296802
2.758811594202897
2.6350256410256394
2.691078431372548
2.941872549019606
2.7906666666666653
2.858898550724636
2.8397939393939398
2.7247488584474864
2.782441314553989
2.6763238095238084
2.96662893081761
2.6341916666666645
2.782741666666664
2.686071428571426
2.952197916666666
2.7632952380952363
2.7555999999999985
2.749719298245612
2.8121596244131433
2.773793427230045
2.960407407407408
2.67655072463768
2.5885277777777755
2.83619393939394
2.9876158192090387
2.969555555555556
2.8076502732240436
2.777209523809523
2.849083333333332
2.9862732240437158
2.69527192982456
2.669866666666666
2.488935323383084
2.7081768707483014
2.641401960784313
2.732666666666666
2.6678717948717936
2.7938308457711436
2.780444444444445
2.695923809523809
2.651045045045044
2.665789954337898
2.672747747747746
2.6453599999999984
2.7425809523809503
2.824393939393938
2.6912968036529663
2.8191960784313714
2.7090133333333313
2.772508771929823
2.7986666666666644
2.7604533333333316
2.9687762557077604
2.8506666666666645
3.0265435897435884
2.9940196078431365
2.765666666666665
2.7529901960784295
2.948608695652172
2.6663541666666655
2.703720720720719
2.740757575757575
2.721126126126124
2.7982072072072053
2.7217899543378965
2.745813333333332
2.5682192982456122
2.738510416666666
2.7751324200913223
2.759207207207205
2.9041293532338304
2.7710046948356792
2.852692307692305
2.882756218905471
2.8943771929824536
2.765703703703701
2.6737523809523793
2.761583333333332
2.8086666666666655
2.8144875621890537
2.936313725490197
2.646463768115941
2.800405797101448
2.8996969696969686
2.884452380952381
2.966477987421384
2.7337982456140333
2.816584474885843
2.990739393939394
2.742721461187213
2.7328512820512807
2.940354166666666
2.8520333333333325
2.7273153153153142
2.8912916666666657
2.9688205128205123
2.758749999999999
2.7319543378995417
2.687830845771143
2.639602150537633
2.7037777777777756
2.6642473118279555
2.728296296296296
2.739965367965365
2.9063636363636354
2.701158974358973
2.641866666666665
2.6824329004328975
2.774526315789473
2.684159999999998
2.6008717948717925
2.6023681592039787
2.652377510040158
2.7912276422764197
2.490373983739838
2.673230769230767
2.749391666666664
2.668666666666665
2.9029090909090893
2.7253990610328622
2.8618055555555544
2.7724019607843124
2.8138333333333305
2.8887172995780563
2.866866666666665
2.815478260869564
2.8308205128205097
2.7185333333333315
3.013814814814815
2.7947488584474867
2.845038095238093
2.8523809523809507
2.862916666666665
2.8550909090909076
2.9862121212121195
2.6752533333333317
2.9456502732240435
2.818580952380951
2.845230046948355
2.7892095238095225
2.8556936936936914
2.8297835497835475
2.90286956521739
2.8667948717948692
2.8839035087719274
2.8842549019607837
2.7496078431372517
2.749680365296802
2.939254901960787
2.6971594202898537
2.7637299578059045
2.6975376344086013
2.6798888888888874
2.7157843137254893
2.6576525821596233
2.8380469483568063
2.6752533333333317
2.8353913043478256
2.89012935323383
2.6228266666666658
2.547707762557077
2.660903508771928
2.7948611111111092
2.6421314553990602
2.538091666666664
2.948253968253968
2.837242009132418
2.983828828828827
2.824398373983737
2.8117333333333314
2.565654008438817
2.879114427860696
2.850748858447486
2.6332612612612594
2.876209523809522
2.6489166666666675
2.7441890547263674
3.0194358974358977
2.9892896174863397
2.756938271604936
2.8320995024875613
3.014366666666667
2.9911256830601087
2.805728395061726
2.7426952380952367
2.814180952380951
2.8153166666666642
2.937490196078434
2.8290547263681596
2.84434234234234
2.9945066666666675
2.9884293785310736
3.023492753623191
2.991921568627452
2.8400909090909083
2.8591944444444426
2.8516666666666675
2.8891149425287352
2.906986666666665
3.0457647058823536
2.9827549019607837
2.949342342342341
3.046544217687076
2.9416944444444426
2.7930562770562752
2.7567407407407387
2.9170248756218897
2.910693693693692
2.7947488584474867
2.790963963963962
2.9257311827956984
2.9419203980099495
2.840920187793426
3.002368159203979
2.7339369369369364
2.8901388888888873
2.8388533333333315
2.8889444444444425
2.948913242009131
2.9466666666666654
3.0051173708920174
2.9848666666666657
2.928055555555554
2.9470724637681145
2.9460952380952374
2.9876803652968027
2.8203055555555543
2.850238095238095
2.882405797101448
2.777254901960784
2.8822159624413137
2.8681449275362305
2.8690845771144264
2.7503199999999985
2.7652254901960776
2.8376969696969687
2.7410724637681145
2.82759420289855
2.7870666666666652
2.9294242424242416
2.812038095238094
2.873580952380951
2.9303431372549005
2.9376231884057957
2.7680416666666665
2.7179466666666654
2.637934272300468
2.7165019607843113
2.802544715447152
2.7420720720720704
2.6992416666666643
2.827635416666666
2.6900303030303023
2.664966666666665
2.565279999999998
2.7605585585585573
2.9109855072463757
2.701589743589743
2.7408484848484833
2.75228205128205
2.716213333333332
2.8050666666666655
2.783607843137252
2.7639166666666655
2.739563218390802
2.888549019607842
2.9074848484848475
2.8047916666666666
2.8271809523809512
2.676797101449277
2.864105691056908
2.7843378995433774
2.8291324200913226
2.835444444444443
2.775826086956521
2.9923563218390807
2.944791666666666
2.946235897435897
3.012666666666666
2.899189743589743
2.854019607843137
2.964736842105263
2.7461809523809513
2.647351598173515
2.6955072463768106
2.7615652173913037
2.8045416666666663
2.9419365079365076
2.8523229166666666
2.828031746031746
3.0096836158192093
2.9174603174603173
2.9233229166666663
2.8999393939393934
2.785741293532338
2.73786111111111
2.8159561403508757
2.7977711442786064
2.6792666666666656
2.8027843137254895
2.856697435897435
2.814090909090909
2.876666666666666
2.8177166666666635
2.831049019607842
2.8164444444444423
2.826666666666666
2.9886994535519125
2.8518854166666663
2.71636111111111
2.7554974358974356
2.7306118721461177
2.829757575757575
2.812159203980099
2.7974848484848485
2.7309349593495913
2.71161581920904
2.734591666666664
2.852205128205126
2.9232146118721443
2.769960784313724
2.797771144278607
2.928090909090908
2.789259259259256
2.7643333333333313
2.686341085271315
2.801681159420289
2.93661111111111
2.783495238095237
2.717989743589742
2.67973515981735
2.750434108527129
2.748756218905472
2.858717299578056
2.9239589743589733
2.795923809523809
2.7567705627705603
2.855891666666664
2.857860696517412
2.9650416666666644
2.925230769230767
2.7656666666666663
2.895854166666666
2.9199479166666653
2.7863897435897425
3.009683615819209
2.8009841269841265
2.8530974358974355
2.5855707762557065
2.6783478260869558
2.9883118279569887
2.9113743589743577
2.7885555555555537
2.706308457711442
2.6096910569105667
2.720349593495932
2.7117549019607834
2.771241666666664
2.9870333333333337
3.0116
2.7648725490196067
2.843877934272298
2.9880952380952377
2.966507936507936
2.9204166666666658
2.711481481481479
2.65635238095238
2.8119313725490187
2.7141333333333306
2.6991544715447127
2.8943000000000008
2.7490845771144277
2.6865679012345653
2.7711238095238078
2.7466666666666657
2.9660537634408595
2.8291666666666653
2.944437158469945
2.988699453551912
2.833884057971013
2.8286368159203965
2.9244848484848456
2.9633435897435887
2.8980909090909077
2.854575757575756
2.8704894514767902
2.8291666666666653
2.7937056277056245
2.8220642570281096
2.8645877192982434
2.8108205128205097
2.813884057971013
2.8163628691983096
2.8904916666666636
2.7537490196078402
2.9386666666666654
2.897385416666666
2.848945147679322
2.689291666666664
2.6871476793248914
2.739923076923074
2.7189743589743562
2.828010416666665
2.8882882882882854
2.849538461538458
2.8147705627705597
2.6281877934272284
2.7443881856540058
2.7060084388185626
2.8221666666666656
2.820966666666664
2.826354978354975
2.6184607843137235
2.5606172839506143
2.7754102564102534
2.673324894514765
2.5907142857142826
2.655043137254899
2.652502283105021
2.886906666666664
2.845903508771927
2.8135527426160305
2.8679733333333304
2.857827160493824
2.9675585585585558
2.855928205128204
2.807238095238092
2.795174129353233
2.712666666666663
2.7013809523809513
2.875682539682539
2.6808416666666637
2.748016666666664
2.8035757575757567
2.868464135021094
2.82368205128205
2.7513809523809507
2.7866926406926376
2.9857514124293782
2.811999999999998
2.702756218905472
2.846514767932487
2.8097549019607833
2.8493066666666635
2.837573333333331
2.7670845771144266
2.9654666666666643
2.8272549019607824
2.8030303030303023
2.867264069264067
2.7442619047619017
2.8006160337552717
2.7286363636363626
2.5865833333333317
2.7350852713178266
2.963933333333332
2.757965367965365
2.8783333333333307
2.9895141242937844
2.9421827956989244
2.7669876543209844
2.8716166666666636
2.9013431372549006
2.8935104166666656
2.8207154471544684
2.7218055555555534
2.866153846153843
2.9231050228310473
2.966698924731182
2.945108225108222
2.761451476793246
2.7919999999999967
2.812410256410253
2.81922362869198
2.828798245614032
3.002586666666664
2.8010864197530836
2.8908691983122337
2.9650133333333306
2.7022857142857113
2.887551912568305
2.7183775100401575
2.826147186147183
2.839999999999998
2.8750512820512792
2.8663846153846126
2.777341666666663
2.869256410256407
2.8508666666666636
2.8930562770562736
2.8178974358974327
2.937899999999999
2.7605666666666635
2.8127916666666635
2.863666666666664
2.886106666666664
2.8174999999999977
2.8854298245614003
3.008933333333333
2.830635416666666
2.7581877934272288
2.7970416666666655
2.8500166666666633
2.8117316017315988
2.854948717948715
2.9274133333333303
2.909487179487177
2.847341991341988
2.969482456140348
2.7533043478260857
2.8243466666666635
2.7672051282051258
2.754570281124495
3.0130175438596485
2.960797814207649
2.8647982456140317
2.9641877934272283
2.666031372549017
2.889016666666664
2.9474133333333308
2.818266666666664
2.8161025641025614
2.7568945147679305
2.855416666666664
2.7066140350877173
2.7350952380952367
2.7910952380952354
2.643974358974358
2.6899196787148565
2.752222222222219
2.7221481481481455
2.8505128205128174
2.7067719298245594
2.7411523809523795
2.6723950617283925
2.6166940639269396
2.7670776255707747
2.756487562189054
2.8153589743589715
2.8735897435897413
2.924484848484845
2.892245614035085
2.68232520325203
2.8899639639639614
2.6072995780590693
2.9144266666666647
2.800919831223626
2.6673666666666644
2.7412456140350856
2.6950714285714263
2.7118714859437727
2.851375527426157
2.9526666666666643
2.9073866666666652
2.987166666666667
2.8070813008130053
2.841214611872143
2.870205128205126
2.8074019607843126
2.8202719298245587
2.6809916666666647
2.6218666666666652
2.6352719298245604
2.725707762557076
2.6568461538461516
2.7597857142857114
2.9470502283105002
2.9079800995024865
2.8530350877192956
2.8111809523809512
2.851666666666665
2.6826431372548996
2.660761904761902
2.7299444444444436
3.008721461187212
2.9873118279569884
2.943903508771927
2.7883636363636346
2.8019324894514743
2.7733809523809505
2.7369876543209855
2.7069866666666647
2.730908045977012
2.714516666666664
2.783230769230767
2.8748055555555547
2.7474399999999974
2.7674611872146095
2.8531082251082234
2.7766166666666643
2.801244979919676
2.8246388888888867
2.9187311827956983
2.7492666666666645
2.8334298245614016
2.829980099502486
2.8271442786069634
2.758638095238094
2.9437692307692287
2.8528666666666633
2.849538461538459
2.8704444444444417
2.80811111111111
2.9087897435897423
2.859624413145539
2.774575757575757
2.830095238095235
2.714398373983737
2.806420512820512
2.7781856540084364
2.794427860696516
2.7496790123456765
2.9083549783549763
2.8886929824561385
2.8124035087719266
2.684805555555554
2.8071223628691957
2.7256666666666636
2.85195780590717
2.667999999999998
2.6303733333333317
2.7160387596899196
2.651316666666665
2.8047499999999976
2.7936796536796513
2.760614035087718
2.631706666666665
2.7037011494252883
2.6096244131455393
2.908692982456137
2.818843881856538
2.6223881856540063
2.6977899543378983
2.8247719298245593
2.6522276422764204
2.703666666666664
2.788138888888888
2.9674885844748835
2.963399999999999
2.7532173913043465
2.8768744588744566
2.7248395061728368
2.75925821596244
2.872482456140348
2.920731182795699
2.735416666666664
2.946376344086021
2.703555555555554
2.7917056277056256
2.8327619047619037
2.6662564102564077
2.769519607843135
2.7975384615384584
2.8931333333333322
2.8503771929824535
2.7866926406926384
2.6308858447488572
2.9629289617486334
2.8879666666666663
2.963369369369367
2.8677089201877917
2.9694035087719297
2.780147186147184
2.936266666666666
2.5672582159624397
2.7850043290043263
2.929119999999998
2.7966666666666637
2.807401960784312
2.8664848484848457
2.9587356321839073
2.6848431372549015
2.8562222222222196
2.673565217391304
2.827939393939393
2.7893431372549005
2.7175666666666642
2.797435897435895
2.9148
2.608995433789954
2.7297391304347816
2.7048245614035067
2.798825396825397
2.93341242937853
2.591797101449275
2.8651861471861446
2.958933333333333
2.8861666666666643
2.786469135802466
3.010459770114942
2.9588361581920894
2.83251082251082
2.601130434782607
2.8323076923076895
2.8765
2.9462666666666664
2.6662608695652166
2.8493939393939365
2.7277166666666646
2.736320987654318
2.830312236286917
2.892423423423421
2.7428431372549005
2.723497835497833
2.843539906103284
2.845252873563218
2.666438818565398
2.790310502283103
2.7471788617886155
2.770126126126124
2.745082251082249
2.6832612612612596
2.866771929824558
2.884639639639637
2.7433846153846124
2.8858399999999973
2.6489128205128196
2.864986666666664
2.869108225108222
2.834241666666663
2.8666140350877165
2.8804799999999973
3.00814492753623
2.8451733333333302
2.96072222222222
2.7664408602150536
2.7916825396825393
2.9033333333333307
2.9869201877934253
2.790525821596242
2.8109035087719274
2.8621333333333308
2.8426929824561373
2.8803478260869544
2.7578354978354955
2.9243963963963937
2.8110666666666666
2.809639639639637
2.83614492753623
2.9869132420091296
2.872606060606059
2.8541078431372533
2.8807499999999977
2.8020350877192954
2.9068181818181804
2.859242009132418
2.842692982456137
2.8129783549783522
2.7367282051282045
2.812333333333331
2.850824561403506
2.7821111111111088
2.7600952380952357
2.6998051282051274
2.6580590717299555
2.584008438818563
2.9265844748858423
2.8367488584474865
2.962413145539903
2.8553963963963933
2.8991111111111083
2.7998730158730143
2.8551388888888862
2.853536231884056
2.8578666666666637
2.8596807511737063
2.8339710144927515
2.8420380952380935
2.876976525821594
2.877032863849763
2.8172568306010923
2.864798245614032
2.9640398009950224
2.8975362318840556
2.8581801801801774
2.8341596244131426
2.919230046948354
2.8613771929824536
2.8852820512820503
2.8634824561403476
2.859350877192979
2.8762831050228286
2.921762557077623
2.8613333333333304
2.857277777777775
2.859789954337897
2.8127762557077602
2.8589099099099067
2.982779342723002
2.814888888888886
2.920695238095236
3.0165263157894726
2.822558558558556
2.8599999999999977
2.8625396825396807
2.8585855855855824
2.8610614035087694
2.8610614035087694
2.8570502283104995
2.738435897435895
2.917906103286382
2.8630350877192954
2.8565277777777753
2.8086666666666646
2.898186666666663
2.8981523809523786
2.904333333333331
2.9008310502283075
2.685471861471859
2.921539906103284
2.8539061032863824
2.8590666666666635
2.815552380952379
2.851872549019606
2.856066666666664
2.837754901960782
2.8090833333333314
2.830247311827956
2.877180180180177
2.816277777777775
2.851754901960782
2.7881748633879773
2.7518779342722985
2.716159999999998
2.7277625570776234
2.8519444444444417
2.881539906103284
2.810306010928961
2.8534999999999977
2.827607843137253
2.860456140350874
2.8368584474885816
2.860392694063924
3.014952380952381
2.9619523809523787
2.8612342342342307
2.90205333333333
2.8529722222222196
2.8248225108225076
2.8404266666666635
2.9254999999999973
2.897722222222219
2.812974358974356
2.86014035087719
2.8284545454545436
2.8555555555555525
2.8640843881856513
2.7852533333333307
2.9580490196078406
2.983624413145537
2.919055555555553
2.750906666666664
2.9619444444444416
2.898748858447486
2.9213771929824532
2.9220091324200883
2.8274767932489415
2.965352380952378
2.9865238095238062
2.8551884057970986
3.0064166666666634
2.966976525821594
3.0075362318840546
2.8941944444444414
2.8199569892473106
2.8617625570776224
3.0312631578947355
2.9619061032863816
2.815132420091322
2.8271199999999967
2.9610046948356774
2.875568075117368
3.028976525821593
2.921111111111108
2.845315315315313
2.745306666666663
2.78609950248756
2.851009523809521
2.8402666666666634
2.7817866666666635
2.939089201877932
2.861051282051279
2.842585585585582
2.742423423423421
2.8234492753623166
2.7642133333333305
2.786506666666664
2.7503809523809486
2.844603174603174
2.767924731182794
2.693666666666665
2.7107809523809503
2.727087719298243
2.834310502283102
2.8044597701149416
2.8519342723004666
2.8994611872146083
2.7903508771929793
2.9414835680751144
2.9850610328638467
2.857639639639636
2.8873423423423406
2.964803652968033
2.897872146118719
2.924666666666664
2.9860095238095212
2.874244131455396
2.9605238095238064
2.9640833333333303
2.850043290043287
2.9004234234234203
2.9391173708920157
2.8614337899543347
2.8156255707762528
2.9865238095238062
2.9029333333333303
2.858388888888887
2.854045045045043
2.86053153153153
2.8965523809523788
2.665894736842106
2.7594824561403484
2.911286384976524
2.9228558558558526
3.0080869565217365
2.9444479166666646
2.986895238095236
2.911022831050227
2.990466666666664
2.850720720720718
2.899722222222219
2.9820380952380923
2.820999999999997
2.7406666666666646
2.6540720720720703
2.8605797101449264
2.821999999999997
2.77525821596244
2.8479393939393907
2.903009523809522
2.86288288288288
2.778046948356805
2.6870087719298223
2.7971050228310474
2.864666666666664
2.7327965367965343
2.843626666666664
2.752700564971751
2.878234234234232
2.7980091324200886
2.771333333333332
2.922045045045042
2.9806372549019584
2.980575757575756
3.0256517412935295
3.0285490196078406
2.8412604166666657
2.8471372549019582
2.8510909090909067
2.9698009950248734
2.874181818181816
2.88407207207207
2.7645263157894733
2.920260869565215
2.9067230046948334
2.7790833333333307
2.8138009950248737
2.873230769230766
2.8503733333333305
2.779552380952379
2.808247311827956
2.9598725490196056
2.869871794871792
2.951166666666664
2.907638888888886
2.7754666666666648
2.802138888888886
2.9071324200913216
2.9675466666666637
2.9122028985507225
2.9078933333333303
2.8893623188405773
2.805082251082249
2.827919999999997
2.8515087719298218
2.826106666666664
2.909166666666665
2.808952380952378
2.8863290043290006
2.903546666666664
2.844799999999997
2.6181748633879773
2.901828828828826
2.8712753623188383
2.6850144927536217
2.7321300813008094
2.7215128205128214
2.9006118721461163
2.8125855855855835
2.923882882882879
2.9366948356807483
2.7673703703703705
2.7021416666666647
2.8463478260869546
3.027636363636361
3.036615384615386
3.023884057971012
2.9211960784313695
2.9097056277056237
3.0081666666666664
3.038508771929826
2.6133440860215034
2.865066666666663
2.76111827956989
2.962666666666668
2.7868924731182765
2.7632039800995
2.8882222222222187
2.964990990990988
2.953466666666664
3.0263652968036507
2.998473118279568
2.9510273224043706
2.9418735632183894
2.9935185185185187
2.9922738095238093
2.933912568306011
2.838586666666669
3.0021449275362295
2.893445887445885
2.965546666666664
2.8845952380952378
2.858492753623186
2.9994607843137233
2.9854234234234203
2.8469866666666683
3.0223205128205137
2.9816388888888867
2.9819722222222196
2.9611388888888865
2.943906103286383
2.9960784313725473
3.027214611872144
3.0108306010928954
2.987666666666664
3.0049866666666634
2.951960784313723
3.022401960784311
3.006380952380952
2.994509803921569
3.031284313725488
3.026369369369367
2.9848036529680337
2.9865784313725463
2.957723809523807
2.8898952380952365
2.859817351598171
3.021727272727271
2.7701596244131443
2.938572916666665
2.9848888888888863
3.0253333333333305
2.9515877192982427
2.989916666666665
2.921352380952378
3.005077625570774
2.8884927536231855
2.958234234234231
2.876559999999998
2.9348920187793404
2.9632968036529648
2.8610238095238087
2.9653725490196075
2.9691912568306
2.9639035087719265
2.888589743589741
3.0086952380952354
2.981884057971012
2.941759999999997
2.9639607843137235
3.021626666666668
3.006099099099096
2.973365079365076
2.9818952380952353
3.026388888888886
3.0264901960784285
2.7692222222222225
2.7568130081300795
2.6573515981735154
2.7075952380952386
2.818466666666664
2.8821261261261237
2.8862898550724614
2.999980099502485
2.997517730496454
2.8670822510822473
3.0003589743589743
3.0301515151515126
2.9091572327044015
2.964289855072461
2.863824561403505
2.9232146118721425
2.9430776255707727
2.9649132420091293
2.940018018018015
3.0300579710144895
2.9159365079365056
2.8757254901960754
2.920639639639636
2.887445887445883
2.984215962441312
2.8136190476190457
2.834066666666664
2.9637272727272697
2.8908333333333305
2.9439800995024847
2.916527777777775
2.86029333333333
2.989229166666664
2.920666666666664
2.9120416666666644
2.799583333333329
2.8540639269406367
2.840559999999997
2.7234607843137235
2.7379639639639612
2.7866666666666644
2.8112456140350837
2.9241592039800963
2.947258215962438
2.8810476190476164
2.8251666666666653
2.7616820512820497
2.7757128205128194
2.766959999999996
2.814008771929821
2.728577114427858
2.721793427230044
2.7808638497652542
2.79842051282051
2.7763693693693656
2.874229166666664
2.7875117370891984
2.6945595238095232
2.774266666666663
2.7393708920187767
2.9014666666666655
2.7997814207650262
3.009005649717512
2.7840484848484848
2.901242937853106
2.9139209039548004
2.9783276836158175
2.8651746031746015
2.897566666666665
3.0263333333333318
2.8124293785310726
2.891433333333332
2.9756836158192073
2.993533333333331
2.9856497175141223
2.97558469945355
2.9781827956989235
2.999548022598868
3.031014492753624
3.041011494252871
3.022564971751411
2.9620564971751393
2.9332090395480215
2.899833333333332
3.0134535519125656
3.020166666666667
3.0276021505376316
3.0164666666666644
3.0388306010928936
3.013528735632182
3.002291666666664
2.9347878787878767
2.971763440860213
2.9790601092896156
2.8969791666666644
2.9639209039548
2.996053763440858
2.983416666666664
2.904994535519124
3.0399209039548003
2.7863076923076893
2.795370892018777
2.722398009950248
2.724920634920634
2.7545809523809504
2.745133333333333
2.7641920903954795
2.875453551912566
2.7791594202898535
2.7806666666666646
2.629528735632184
2.7878412698412682
3.040280701754384
2.8616158192090375
2.9039999999999977
2.889378995433787
2.7573854166666654
2.93754901960784
2.9161212121212094
2.8857192982456126
2.9159548022598853
2.8630666666666635
2.992989247311826
2.800091324200911
2.5306349206349203
3.0159080459770085
2.787455399061031
2.583128205128204
2.7979722222222194
2.879472636815918
3.0425632183908022
2.9898596491228044
3.0176497175141224
2.901215053763439
3.0107005649717498
2.89169607843137
2.8783615819209025
2.820564971751412
2.770463276836158
2.700923809523808
2.936822916666664
2.8962666666666634
2.9656388888888854
2.6455652173913022
2.8273055555555526
2.8261890547263655
3.0195087719298224
2.629609523809522
2.79270056497175
2.7731144278606954
2.6656989247311826
2.6693830845771136
2.757288288288286
2.9822873563218377
2.7014313725490195
2.894045977011492
2.413822222222223
2.7381041666666643
2.5612254901960774
2.7026021505376336
2.7371372549019597
2.7459047619047614
2.7293785310734466
2.7497549019607836
2.812580952380951
3.031151515151513
3.0193650793650777
2.831286384976524
2.8010133333333314
2.9096140350877167
3.032807017543858
3.031637254901958
2.767230046948355
2.7495282051282053
2.7477192982456122
3.016896174863387
2.848608695652173
3.0242732240437142
2.762159203980099
2.974019607843135
2.9830277777777745
2.834152380952378
2.898666666666665
2.9671212121212105
3.004254901960782
2.9602843137254875
3.0270724637681132
3.0118390804597692
2.810723809523807
3.0083238095238065
3.023895238095235
2.8535466666666633
2.7288735632183907
2.647980099502486
2.703785310734464
2.7762882882882858
2.7753888888888865
2.884403508771926
2.8256666666666646
2.8638874458874426
2.9989791666666643
2.7919166666666646
2.7113693693693666
3.028976525821593
3.0022974358974333
2.8979369369369343
3.009333333333332
2.923968253968252
3.0160114942528717
3.0140999999999982
2.966197916666664
2.9798009950248727
2.84205333333333
2.7487238095238076
3.014273224043714
3.0104814814814804
2.924368159203978
2.904614035087716
2.8718933333333303
2.9666666666666646
2.9632820512820484
3.016053763440858
2.9796517412935297
2.9260751173708894
3.0072499999999973
2.9661403508771897
2.955393939393937
3.0203431372549
3.0235104166666646
2.9895698924731167
3.0158541666666645
2.781481481481479
2.779466666666665
2.788305555555554
2.882017316017313
3.0154463276836143
3.0167666666666646
2.807333333333331
2.9994920634920614
2.803205128205126
2.841488584474883
2.6560091324200896
2.809401960784311
2.71522764227642
2.639471544715444
2.725975308641973
2.782940639269404
2.8001111111111086
2.9851073446327665
2.7821515151515133
2.6400579710144907
2.838009950248754
2.760853333333331
2.6843290043290016
2.664739837398371
2.855768115942026
2.823697916666664
2.6813960784313693
2.8164086021505357
2.6386160337552718
2.768848484848483
2.769401960784311
2.664520325203249
2.550978354978353
2.4912666666666645
2.5656060606060596
2.5360883534136516
2.680614035087717
2.647148594377507
2.7633789954337877
2.7788985507246364
2.7849599999999977
2.7659502487562175
2.771460784313724
2.713309523809521
2.791413333333331
2.733261261261259
2.7386086956521725
2.7443849765258204
2.6015833333333322
2.624529680365295
2.633515981735158
2.7660729166666647
2.6439653679653654
2.740399999999998
2.636721461187213
2.693077625570775
2.571515981735158
2.7693532338308433
2.7673623188405774
2.9338333333333306
2.964099999999998
2.839680365296802
2.8587999999999973
2.8090399999999973
2.661056277056275
2.6830325203252006
2.7802666666666647
2.750639639639637
2.747138888888886
2.6833515981735148
2.7779824561403488
2.8597412935323363
3.0455345911949667
2.795707762557075
2.8108985507246356
2.897872549019606
2.988527777777775
2.858601092896173
2.8053333333333317
2.7005523809523795
2.77063926940639
2.6804019607843124
2.8044329004328983
2.73897222222222
2.7017899543378974
2.731601731601729
2.654384615384613
2.6920843881856515
2.7553541666666646
2.7651801801801774
2.8321097046413466
2.6551999999999976
2.7599639639639615
2.8551073446327675
2.7922166666666635
2.752999999999997
2.7882549019607827
2.801450450450448
2.791490196078428
2.645558232931724
2.6183888888888864
3.025421383647797
3.022386666666666
3.026124293785309
2.971072072072069
2.9782318840579682
2.9998905472636794
2.9404577114427837
2.956920634920633
2.899472222222219
3.0165128205128187
2.8002564102564085
2.779423423423421
2.8763568075117343
2.9847291666666647
3.039882352941176
3.0472051282051273
2.7104952380952363
2.9733725490196066
2.724341666666664
2.7190512820512795
2.8588266666666637
2.6648395061728367
2.667849765258214
2.7902456140350855
2.802447488584472
2.8139999999999974
3.019166666666664
3.018338308457709
3.0257575757575736
2.8098614718614687
2.8390974358974344
2.684666666666663
2.8565258215962412
2.653046413502107
2.664591666666664
2.7714901960784295
2.819981735159814
3.021999999999998
2.9714272300469453
2.8658721461187184
2.8500990990990958
2.82597101449275
2.8309201877934242
3.034506666666666
2.8642254901960755
2.704393939393936
2.7761269841269813
2.8055480225988676
2.714283105022828
2.7153015873015853
2.7117549019607816
2.7671261261261235
2.8153666666666632
2.7535736434108493
2.751805907172993
2.82119607843137
2.7621960784313693
2.717249999999998
2.663461538461536
2.681841666666664
2.7568744588744556
2.709919678714857
2.730714859437748
2.6398974358974328
2.777851851851849
2.6524102564102536
2.643087719298243
2.6513416666666645
2.6466392694063905
2.672919831223626
2.6639416666666635
2.6605897435897408
2.6025844748858424
2.622822510822508
2.625680365296801
2.7398765432098733
2.7192995780590685
2.735141666666663
2.604234234234231
2.7412820512820484
2.702135021097042
2.697284313725487
2.6287719298245578
2.799593495934956
2.674316666666663
2.837324894514764
2.887146666666663
2.7770328638497626
2.808999999999997
2.8900995024875593
2.854300469483565
2.75808333333333
2.770133333333331
2.771691666666663
2.699990196078429
2.7592636815920373
2.7495433789954316
2.6414561403508743
2.6469198312236255
2.6766666666666645
2.681482456140348
2.625427230046946
2.687705627705625
2.6101333333333305
2.6883333333333312
2.7586666666666635
2.6621416666666633
2.77477625570776
2.641123809523807
2.731173333333331
2.7637391304347805
2.770855855855853
2.703249999999997
2.777598173515979
2.8011666666666635
2.7299420289855045
2.7203809523809492
2.77118721461187
2.985173708920184
2.706642857142854
2.7425809523809495
2.720187793427227
2.7721187214611844
2.7693830845771124