831.8139488008702
923.9888954872291
998.4967578684818
851.7022831181494
1022.5000748729941
809.1905959442159
998.3207172972542
956.5465484117982
733.0697252031752
946.1635831133967
922.6515500331856
840.704504822274
783.1529798009743
892.6903787531247
763.5733195133492
978.0655100875452
986.4351063059261
850.9070995783776
1035.786727384732
697.1416119970468
832.0179419566958
800.9208262860893
825.8163410132132
821.3689009145864
819.2520013013042
950.39400707024
928.9942331694323
997.891154010353
693.630562656082
871.7192032923239
906.4580550393575
909.8941931653944
804.3669108346288
1063.5752590205345
854.9428642561962
1024.6715428331688
1005.9117467001619
1097.6314958417659
1046.1462578807743
831.9261536620562
913.8181078929729
868.8777136199816
1121.4118386872476
932.0569577666014
899.9723585588964
1037.5527181941477
994.1157765973153
724.1207131789994
770.9163219478338
906.4925623179433
1595.553151615364
1126.1166635899017
962.064986570832
911.642136011574
1219.5194149895547
1254.3163747750525
1094.5783396562524
1099.215931614286
965.2858581970728
1004.4648315930364
1157.7138000482312
1072.2854958866928
1087.5163595956099
1038.559600476902
708.6911344687861
983.7524550396406
987.6248396225232
1155.0533346231666
1221.3606621372512
1262.0673265402627
1140.4479329104445
1275.6381681659943
1150.5562639128052
714.1758175135404
1260.0260566162506
1069.0812117765834
1161.7724524073756
1226.7840714379515
833.854098336025
1152.367280555978
1177.1411399173294
1226.1599417059122
972.8650601874502
1206.4804025036774
1251.5134792553206
1068.6787992962716
1342.1956461407203
1005.9603933650461
1295.6909647476211
1123.069996187756
1417.4181635324057
1372.9622179422986
1248.7941415670002
1417.9542123352633
1282.261883412021
1189.3791342770635
1219.5180913206716
1487.520287565311
1194.8376474092238
1204.2364576586335
1212.7616371351398
1304.8039408394532
1305.9305815496111
1248.0699249711508
1340.6100512226456
1277.3331779929797
1698.0794632117568
1072.4702725712061
1392.175648893933
1112.242077222517
1378.7146886890323
1081.3073721381
1332.718534838917
1543.9680193177146
1403.5606413026817
1513.9455390763517
1223.0837158104307
1183.9910364957896
1249.3426701229794
1625.5436525642644
1382.2516772435574
1382.3045741878989
1164.2271616050991
1495.3961108474641
1631.0800245993548
1476.9483749225046
1667.3202973999341
1030.0101483813917
1720.4762530203286
1134.7448042852143
1465.356653829489
1335.1625940707625
1653.6856907400577
1484.295961750591
1045.0233039961593
1750.737561440186
1543.9473114410891
1668.3476622485994
1209.9218754933158
1912.8805471822316
1467.5212657590944
1501.3620825131156
1465.1317754852062
1515.9603367846157
1416.697165457006
1573.2422703485327
1337.1261482299747
1542.2261375105402
1551.1517234962546
981.7518797600219
1523.5290245300841
1497.3030031696483
1806.0894907506301
1241.626679957514
1508.1791195556325
1362.2998629617603
1417.518631085066
1139.4659438629733
1244.376238639167
1435.5533503336421
1738.9228388195197
1073.6852664417927
1537.3973940607505
1360.80010859958
1459.4091995300196
1473.7544919876564
1506.6851349029337
1660.5358824697123
1603.1960064330708
1013.4013721809047
1750.7956498241629
1447.411221603799
1798.4736366754407
1126.0653754780285
1468.4467285468347
1198.5471231321092
1857.5261979829868
1295.423805958641
1692.308131605391
1312.4885680040802
2029.2346150707872
2192.1394284944886
1497.1452749586088
1490.484867921062
1787.5362413355235
1502.3664577276895
819.0401312697277
1308.4782405712242
1776.769920895944
1303.701048968073
1277.1001046560393
1679.0107972212352
1310.6562891352144
1493.7905560247561
1652.62798504284
1679.499593729887
739.4295698304651
1313.744608229853
1300.32914309051
1610.1279441757986
2023.4072833575792
1821.5618260047206
1128.5006289943838
1693.739273942514
1391.3077013677873
1337.9687882283035
1579.8854313723425
1650.9253530627464
1142.767627822172
1366.3188626014137
1808.631860022923
1429.4923603970437
1020.080890871685
965.7789876975439
1711.0967120473688
1673.9953830625093
1513.610402354688
1238.6577951072516
2083.603893171685
829.0197290309816
1842.288476133055
1283.6558144961607
1366.4431513827549
1152.1011476655497
1696.0704231578095
2121.711498337424
1340.2327614144294
1340.2327614144294
1641.200749096564
1396.2407954091857
1521.691876525826
1557.5357429974447
1356.8822951647144
1899.3102321844156
1377.4626429585107
1715.8671709039534
1619.07776019686
1032.5354674513744
1290.301343516165
1115.2050066755112
1020.5237268520049
1230.9254007174598
1451.2089143247442
1313.9784095391062
1188.6294731210546
1330.636590211285
1309.7182912013575
874.774316980302
1412.7573082818417
1847.6233038409016
1305.6570201740121
1636.0127207860924
1714.9598124646661
1875.1693727616682
1725.2253232838618
1723.2245283980965
1360.8683014109251
2164.576492778541
1342.5038488785037
1391.9809096441277
1293.328860723124
1352.5062178482146
1321.5686284715546
756.685735986884
1142.2278778128914
1384.583242857825
1048.6112390273454
1342.1022470277385
1158.5978724595993
936.4187279949551
701.0932982442528
1916.0369243046625
1417.7810539107559
1319.676824756459
1366.2896999871393
841.2651256873892
748.0834004660529
1141.94822129986
2024.939749582857
758.1134709098018
1591.9592072884518
1394.8920108637597
774.6593772136604
1267.9905146304716
1797.3514648778473
1818.9575774329412
1588.6749968178126
1659.1881850779528
1967.5725769487879
1949.6424355681363
1801.5135525235582
813.4289016466197
1546.316120404332
1032.448563155667
2013.8257185244331
1494.1243333613254
1066.033761703832
1423.6311053715397
1579.4052408039317
761.0969434326297
1343.3914664877987
1817.2168329861622
954.5671317003098
1055.326770666289
1139.3347706284171
1252.4896657954798
1980.2761787498405
1466.3640990455935
1383.9872658353845
1294.5470768337093
1539.4024571519838
1556.7892743524717
1149.5182370141058
1277.4216434923349
1707.9765132490031
1449.3874189420258
1406.2288875741906
1218.5908673511979
1483.9253088295327
1544.8283418970484
1864.9014476051882
2067.9418054559737
1358.3883411574386
1654.7547766118944
1337.1825178652396
855.5163670449766
1563.0777352702728
1631.0409259711348
1786.934622731379
1346.2788015602573
1213.4628511268454
1720.7836305943472
1639.9872266904065
1267.0208879973868
924.1302487686785
1631.2399069487858
1750.2116056769248
1809.5981359734506
1809.5981359734506
1578.4010343512107
1694.7886240743971
1576.8135339957728
1512.0874175412325
1268.2496610408878
1765.5102107739167
1229.7072377024797
1351.1302382982904
908.4837705473823
1804.7375107834341
1216.9105199247017
1767.8542449466786
1306.4941015983925
1593.890076654252
1775.454399951047
1613.5632150864449
978.3303905333532
1341.3579403262327
1923.6184979991958
1461.8401122511168
1654.7547766118944
1765.5102107739167
869.213814606651
1291.9500264743585
1176.1654946561437
2199.72147706718
1770.6586463678075
1842.4558892325847
1381.1569062504502
1601.3692051298524
1390.169843410342
1816.104385469335
1762.2697936699988
765.367894713599
1659.6336710835903
1416.566845989958
1787.1803035536025
1365.619266923427
1839.5969842551087
2094.4596751957906
1476.2711251893913
1302.9855174089778
2080.9300648835906
1584.473431262439
1539.8687088130912
1232.1694108505828
1416.3031286310668
1307.316318003878
1680.418952549956
1478.735696370342
1505.594674399427
1951.3366674121023
1478.1801231505087
1121.3080236502803
1520.8733973233038
1132.0761981076935
1357.9104147538974
1576.9100110928691
1214.0781017511028
1954.6995040365325
1231.9490298232774
1951.6740671485138
1743.031893057275
1417.4523703059315
1926.0451861965112
1326.8237726357936
1778.9079470250656
1668.1900496185456
1570.8618548987804
2153.324713492253
1349.5149785408878
1703.0607013340516
1133.9881417643849
1380.7370512846744
1448.2520087488083
1175.7830723815018
1741.6193706397007
1646.1902919793592
1743.4304613602565
1230.92186791522
2271.4272895602853
1818.9575774329412
2079.847009641778
1956.2831035345196
1566.2936514087096
1113.5804722492514
1446.9900693234106
1670.0316809271856
1309.7883072599996
1502.5920110853804
1561.6522320336874
1785.8159786520434
1295.5164008601653
1460.7551475793587
1959.8621115301867
1592.2609028019835
1744.4763515976267
1385.6782031806197
1157.9419431651083
1604.823329812328
1467.5296838739202
1758.9913200090448
1541.0685088550426
2009.3873771443407
1594.103987353372
1205.0591396014013
1625.1427149371136
2046.163857776739
2088.6739285466942
1676.6863650628695
1933.474029967275
1570.033960481361
1599.5229252428683
733.4637108542707
1654.980000843913
1917.5757818846753
1719.37615837723
1400.6878161118348
1570.855837132868
1692.0177272255887
1693.1030423414238
1874.3427475986937
1709.3602872361332
1224.3543017131954
1657.789723004008
1547.4379767212201
1671.8238169092183
1617.6787991848412
1349.8648686710658
1360.2175124138928
758.7403800700666
1617.7849257929975
1654.512459247667
1073.2698697723429
1375.4345189090348
1731.3740142464003
1976.2894847278212
1527.297370247769
1385.018635210063
1616.9679979810342
1892.506857988329
1748.6067831311555
1575.9101758475454
1981.4772103473722
1737.364469210814
1549.7978916558425
1106.1825823886363
1355.908552866113
1811.3181654727866
1373.3809708060435
1540.7612989170066
1668.354831874549
1654.7547766118944
2110.151964268244
1698.8767307784537
2150.039580144635
1926.0451861965112
1499.7085176846838
1675.8240981930087
1954.1244291478286
2073.010007741526
1800.3796850896024
1765.568535241059
1957.210299361864
1424.8639826770966
1444.5557672244631
1353.4289712927155
1329.4402949552077
1264.5866286607902
1506.6403607807408
1612.8237070141986
1354.1583246318553
1531.3816230263221
1753.6963838957988
1962.4353544196736
1698.7001236520955
1592.1396069810337
1293.7393411584821
1055.0750426185903
1305.0380772286192
1289.704800069536
1444.59468307036
2015.8913498345512
1333.8512529675975
1809.5981359734506
1166.7093267747064
1769.5460266048076
1316.855416067033
1166.0699387832303
1307.8973894708288
2108.297805379884
1828.2671793436111
1607.7010665404302
1240.3024456644823
2051.6196931330855
1480.6017996306875
1608.025426772806
1354.084288418168
1424.1470866949012
1381.1588899929639
2101.0521028550015
1210.6141202967397
1574.07027776985
1714.8108029422735
1255.3537822993048
1321.8709960407105
1262.211821469079
1316.855416067033
1744.4083802544435
1357.0369206979033
2042.034281186701
1666.2810615611672
1691.3025221980731
1274.8991027535092
1203.5524755305864
1339.0782372821238
1582.5046078581236
1631.732050223588
1585.8554807005441
1596.491761171771
1826.3301650218139
1563.6470383272488
1711.3233321795135
1287.0293038566676
1598.682288699917
2060.8309029345196
1632.5434902837244
1409.8784605740123
1020.6269811030955
1395.9102813638601
1202.352556023275
1181.5676205321226
1649.6290266248518
1565.9577363583949
1651.1623624733472
1634.3850047478772
1764.1516478443953
1901.5237415012662
1319.030133441346
1480.1570203133494
1837.4528150037015
1797.616315195466
1635.4163760350468
2033.4300173023923
1494.9435968704038
1165.7541536762535
1428.077680556131
1170.7714317638072
1748.6067831311555
1836.4918538569757
1808.5148054100994
1147.959449870607
1705.3366872094803
1320.60815280757
1729.5282947986445
1618.1007688507998
1784.4758427331856
1839.308642721374
1553.8590307824616
1532.5663005615643
1725.8197270127694
1901.5237415012662
1716.9393333821579
1597.3974043427988
1593.4396079653482
1610.4488981444526
1478.2065942945835
1511.073342098619
1085.4475256478295
1131.5337825493252
1127.0502608718175
1028.2651444448727
2021.9387853329088
1696.668105663756
1690.0493759390044
1570.7541514548075
1618.1007688507998
1695.5091372799407
1262.0156015515229
1513.3497981707235
1618.1007688507998
1303.1197946307095
1014.5751790284136
1469.8186570455646
1593.4396079653482
1168.5354294955885
1218.5908673511979
1597.576253515286
1253.4796126632268
1697.087062349716
1255.3437701493312
1633.9079895535226
1581.405816998629
1479.07970665962
1024.3055555555557
1484.1926089467004
1918.6934271831522
1574.3372103553318
1801.2416025288965
1728.0895782336736
1809.8731967251279
1012.8677707941557
1948.4998783439914
1415.30130813298
1613.134292544865
1633.887271718123
1942.8825049752904
1012.4337661367493
1070.7716742678242
1052.605207166675
1540.6805634740922
1633.7516128758282
1706.6277910886802
1218.5908673511979
1205.5718715930027
1515.2741091456928
1404.1803788283567
1561.6522320336874
1907.1937772361953
1143.7825459379108
1472.1903925766453
2009.3873771443407
1507.6078613227921
1575.119945281418
1450.530067040345
1256.8704845232248
1316.0450841428399
1344.7906379473843
1745.9278823705224
1665.3867969384446
1320.9770034479618
1198.8401253194177
1358.8142304450803
1822.6546503452053
1282.158265019956
1854.4356636573532
1856.2576811920837
1512.5125616287953
2013.9221904562864
1639.535801385496
1212.706764977712
1256.6725211665027
1886.5863718476685
1503.0112197455283
1652.869256946664
1629.7383887462918
1092.6651662401607
1570.2336237297811
1867.9267210108321
1648.4926972659985
1990.0977225189902
1285.4824968738906
1723.7109038789968
1514.383360493808
2079.847009641778
1542.9030177782051
1866.9296499837849
1584.7279131546786
1763.934692106902
1924.1588779489
1691.4758582714794
2144.8858316970677
1643.84143731677
1481.928825494818
1924.5554784555122
1445.93233208249
1907.3490499327852
2046.5110995552143
1695.1321201566377
943.772915770419
1671.1876636858015
1606.4685374114495
1564.3647019442778
1857.97465454189
1595.7758755390448
1606.200135305178
1385.0763435458155
1464.1428124671395
1798.706194395387
2048.6986600253153
1719.6541282147111
1612.2557755420494
1496.2450676379876
1662.389983680223
1209.5055912994019
1065.5398249019115
1012.8677707941557
1513.3497981707235
1437.728356522648
2024.6071757779291
1967.326539924162
2079.8212243945077
1815.4950454089105
1511.073342098619
1585.6055220060007
1649.4724203404855
1975.073009615023
1690.309715586134
1477.3122623269044
1639.1160966814716
1675.2467822331566
1419.0159338737094
1726.226600853857
1769.1376746335225
1557.7887853895684
1585.893427728607
1396.054669352274
1478.0413486886594
1393.7486928128017
1396.8959057927561
1586.7865726338362
1064.9152250543582
1639.5778162378456
1616.256528062071
1041.5805546089803
993.6584655605003
1644.957273242361
1524.909132295713
1497.9106975277384
1774.8775075535668
1524.5639651815702
1662.5627853120059
1293.918388705427
1337.968750748217
1391.0450768162402
1527.8558008934253
1717.3256552434893
1601.4642244577344
1665.310468360557
1474.740516663204
1885.5429366278538
1800.5261942807608
1464.7338795155501
1639.9257732485403
1659.305354048959
1549.9691072197356
1331.1682652481074
1189.5465577899447
1273.7071408701606
1742.6575159367842
1207.2053124284932
1080.7454804175018
1243.873122760252
1268.37302451713
1230.722083237161
1548.2162501573432
1478.6610470176763
1230.1764752510628
1420.5639199983764
1405.669117001966
1687.1792069285627
1723.8719381333378
1365.7171059963755
1476.246020347562
1195.2622924956559
1723.029717862353
1389.285900776052
1328.811028462672
1544.7297973808372
1001.3260786530464
1455.2345558094169
946.681439969639
1392.4120758442261
1708.0770371871142
1371.4038065624648
1318.639011552345
1603.1200041908135
1011.0155288845845
1657.7989867780025
1706.071148648859
1346.2235956539282
966.8735269434954
1360.52620411126
1271.1391764090167
1153.4353537402023
1443.7450656880962
807.5206077186403
931.4559090634684
1040.7825025312525
1069.5185928752442
1443.0511032417583
1165.6572601332068
1556.0294607694275
948.263377581797
847.4335295099758
1732.2789814770142
1092.5556221500733
1681.1404686440153
882.5501202540399
1507.8811688907952
1577.5309149440047
1372.5313815142397
1360.8471435870395
1144.0746825473127
982.5120919925884
857.390453030595
1070.459282680337
1649.4091977326498
1493.634551596221
834.4080290349234
1604.4655213156013
1409.8584137552762
1374.5418771866764
1518.794801813978
1404.3031521427167
1476.941723472852
2139.1416527897745
1620.9226559534357
931.132270211634
1836.3306210456801
1433.0758280769176
1699.6618070431189
1674.440536349547
1904.0894441680603
930.679498130476
1449.0677726639424
1849.0166729639916
1265.5407399726723
1367.0518111342672
1605.771386391287
1250.060958335371
1510.8902634679437
1422.50279587704
1516.407622894773
1814.3801353796225
1112.1419483177142
1004.5665176661593
1162.0179092061087
841.105234996268
1491.8742652985172
797.5794637931808
1731.8205481911746
1735.7224802277453
1931.3941109985317
1613.414378776907
2006.2332565975642
1835.8749375959285
1904.4615096738844
866.1934611051635
1739.860980640339
1550.6611387231012
1653.64267412522
1179.6632197085
1933.6671910682514
1463.2169608099464
1459.0414078410104
904.7528999654209
1616.8131636908267
1660.4378448634377
1557.5106914329708
847.4335295099758
1670.3936956528762
1413.8125866504652
1427.2722548486017
1647.5411813942367
1495.3844527929803
1669.2148451389276
1460.8053685344419
1428.24146393972
1771.1753762596989
1070.9569847309006
1801.4576152728032
1863.164189444298
1793.0551772855863
1500.2488311916993
1734.7718212027082
1524.5308345147232
1454.56750061349
1467.6064589174891
1768.9839233258945
871.5891378650759
1423.5918616074553
1536.0904035325668
1902.79146910145
1655.3849111317695
1146.7559724411328
1008.5023926645964
1267.4813296280897
1872.6162993781575
1732.7165896382946
1549.6965102395006
1008.8642843340422
1080.4202763100413
1276.8461248274714
947.7663890728414
1507.6668308504948
1638.5555349075678
1707.7929367205813
1065.8676128418738
1759.8320051848275
1892.7246344199664
1544.7262895943313
1558.080692266003
893.412338163319
1104.8331792512654
1608.034451437913
1785.4714182985247
1535.906590622537
1257.2200044966523
1090.4941065423263
1420.9912116815096
1935.9798652175803
1826.7915711206476
1303.0274064028176
1659.7905038486697
1321.0597281320036
1458.6344376427048
1593.4895495319972
1409.0458541864482
1673.500825472646
1255.320047644414
1044.8321587952573
751.3148009015778
2271.205916491988
1866.0781694585946
1065.0274390230688
1616.1636333669978
1181.978192506264
1488.0948684508685
1144.784298462477
2015.260523641803
1248.0638767340758
1628.1020819224211
1345.7398273145495
1024.0331460228665
1077.8179996633528
1512.5278702649166
1466.9808611717726
1342.4338194268144
1242.603996518631
1277.321360430453
1232.4941015539587
1198.3096130114272
1078.5781254323474
1239.316078636625
1240.5428273477717
1276.2903076906923
1566.8536340346545
1437.9498827378231
2013.9895275884635
1601.5816125004592
1544.2320195285538
991.734126888629
1657.7521998651116
1381.1787737209988
1530.8635851942163
1124.0729627047037
1209.2727779744382
1634.7212850142976
1234.0391053445371
1748.4088118844936
753.7485404135082
1919.5775759678293
1602.2965060136296
1694.407241828788
1516.7781757523665
1289.2859938077563
809.859774624466
1618.1239650795858
1179.386962794378
1478.5100364897442
1675.1913713005079
2024.092409697779
758.769870193988
1232.0087342414838
1122.442023476776
1753.1869844802766
1771.9246503495106
1941.1765411613112
768.6070806499087
1498.276913907348
1833.4181883189767
1523.8021487892486
1323.7322016759724
992.7932881861784
1250.3429221513827
1819.0208820051203
1496.5616985048516
1152.0323033814454
1025.7989494990968
1419.9987286855642
1632.96244685832
1676.2318637480705
1717.7807547427456
1512.4224294224343
1599.7975480857315
2069.534040998355
1645.2171335385683
1962.1467190578717
1721.2028326117686
1561.182250112896
1367.161539151368
1739.1848761172787
1869.2696160938438
1794.969268081507
1501.2412716451647
1561.7878184475812
1798.1067675463985
1398.2657422364844
1345.9001060621329
1384.7789151402865
1539.1456868197154
1421.6139094284297
1586.931373868221
1811.8601893756897
1146.9367784981016
1163.8705757095204
1677.371379219473
1312.6904487581016
1624.8380952931795
1903.524946317694
1353.2518784999277
1599.2709563395292
1928.9271627314959
1241.650674715071
1172.2258056284825
1339.0665804491216
1789.862122294114
1930.1674534434123
1566.500753676354
1295.8399296619546
1598.6556621829816
1186.4018168507837
1533.26495427848
1770.2697182029622
1287.5580285579458
953.7970246074877
1721.9249284047435
1290.3272239083335
1468.9506147666777
1415.5396177178081
1090.4869606154543
1121.8553929465058
1706.7806459845522
1485.3063502671578
1485.0400295640964
1605.1196628610176
1473.3162263344718
1238.1809922408445
1410.2016090473737
1495.025524690882
1181.978734266331
1256.9382941075487
1410.970828468883
1330.0219602012353
1389.4273545244857
1498.2336529908318
1465.2547805914155
1179.7634679898113
1339.5211531019079
1284.4542973051748
1752.3951846021644
1919.4799052363649
1649.950805573444
1269.9381482737892
1704.4495494802914
1350.3039276573006
1975.0650926569804
1404.4850826192878
1191.9081317677312
1608.9047847298452
1361.5158767909395
1440.684609185091
1758.9257318635491
1600.3882729514492
1684.2173426172203
1685.257371818899
1635.3762409630608
1360.3697647627819
1098.8192801110993
1000.5225525817283
1555.5561664138893
1285.2906518573654
1411.4986918064235
1494.2376396439488
1395.7765273001362
1182.7863981661524
1353.352899606855
1311.790786226593
1067.8667003991188
1690.1270812683351
1399.5330584119538
1741.2411419360078
1739.1393248188406
1514.9270270966833
1639.952128214023
1276.7680131939933
1396.3765203260698
1510.739057263863
1644.7407029008455
1561.8232758907425
1851.2548264355303
1103.9258959282415
1659.6070523023075
1382.3871265722062
1583.2945520581695
1337.63725877155
1312.3016879199492
1474.2954707088338
1521.5842649783333
1411.3239738506606
1546.770810458532
1219.3412278355247
2109.5270841261004
1617.2321063923216
1058.00238187211
1591.4615290120485
1300.1394996785334
1471.6752207879065
1683.644916945149
2022.3133868290904
1489.9547096227243
1666.1799641631967
1576.0555943195695
1960.3883631558613
1283.6650007021274
1401.4400971123996
1960.9525626936127
1822.828295563532
1321.0008268350164
1795.8106570395069
1755.3068956728514
1760.4248383827614
1901.1079183963209
1903.3425537003293
1591.8444765071729
1424.0248839691365
1474.9734108421756
1804.4281808628327
1693.6012677985964
1714.061927827508
1898.6251492739048
1726.2185889646737
1731.5420424405809
1586.9056980976766
1621.630222026353
1493.4120786014971
1477.27591863251
1832.35426564161
1472.716753215407
1549.5163527218535
1329.4724999578577
1282.9903962721294
1400.4342913228684
1451.2891914514557
1521.3342679256875
1707.9132109821228
1692.0887341538437
1444.2404521694498
1843.103968224788
1669.5206497742581
1385.9939099863234
1768.1974227992162
1439.8824311317867
1203.8560667754464
1725.9529935338069
1608.7567972635904
1522.215918136794
1514.6715192036972
1475.920521921403
1904.6092414786644
1390.7986045844473
1698.3393488610764
1337.0284493876534
1391.718875142218
1354.2214674024237
1269.5526394850278
1344.2551459506456
1498.267491801218
1738.6256153177746
1711.2535539582377
1846.247887480342
1553.3188390807961
1778.6058431974318
1514.9010678863815
1410.9544330321187
1752.928472874095
1707.0996005860009
1623.388219129434
1318.5842254239988
1320.9643130217871
1458.4038637951526
1502.876539369768
1484.9105039894914
1540.000820364564
1586.5008421236396
1233.3273924103933
1470.6268538174133
1574.546868650226
1867.4898023726882
1458.9032542223758
1914.2065639116806
1894.389248778062
1859.0712596111334
1903.8935889444374
1599.4511676499276
1389.4370646234727
2064.156434934606
1356.0146210770422
1952.2388027116688
1665.0926413440484
1698.4411330674302
1499.3894954796772
1415.0762124490293
1546.4476613212462
1406.4921012998605
1578.4990165647075
1452.1888569920304
1371.0144471175336
1382.1634488621185
1528.9066815821368
2086.477070348178
1428.4087338441013
1518.9468043629531
1554.8072503432359
1908.3759748500631
1822.4210373461503
1440.601415224469
1457.7152480950501
1426.5515644960606
1434.4964580278527
1481.7729037825056
1475.4472807376849
1801.4685947235837
1364.2931466690234
1413.5987359050378
1658.1373520240413
1240.024593972317
1607.7979730597415
1415.8828359869096
1399.7440815683758
1722.3361637122955
1267.6134524441666
2105.226046336353
1447.6252143820077
1467.9844682525115
1491.3139979399348
1426.180654300475
1319.0363676062645
1426.2999264787234
1654.1345813093874
1859.8076657081947
1348.062088780339
1278.4383871752916
1372.4132455980955
1301.2975266532574
1202.2658812773795
1378.2549216337227
1270.678263201207
1351.913515633004
1553.3246554333361
1274.2383192777395
1942.3231086464868
1768.0950218735527
1704.1454352254843
1700.5013201482263
1464.1655448433423
1477.2999431380704
1206.1541370468733
1897.7323615157884
1854.0007816723003
1798.7642739651428
1730.5865797694876
1670.9740824132953
1534.221682092797
1472.7754896355589
1640.178382774893
1529.0638879339679
1633.342260001402
1536.8986031428685
1574.13866377235
1866.1364399693684
1827.0409077046431
1747.6081341336767
1776.6252695342957
1659.8825689836112
1680.502307701683
1518.856942778278
1991.1941149838049
1815.1262195162205
1688.7957321786116
1589.5581415857007
1764.4065930244005
1918.237969749319
1853.129576798721
1840.7982869285172
1792.5303499018858
1623.5847896264193
1573.0748063311119
1631.6343558699143
1589.3165777095703
1648.0896259095025
1665.6280203540302
1678.266684633975
1593.9574908871855
1780.5959064339168
1598.3263537307012
1536.281400297478
1664.878538069702
1966.597512858845
1202.9556867263311
1877.7441024151785
1807.2183891453458
1709.5673076330768
1473.376135522698
1724.3283923255706
1410.4222093242133
1726.9506902016553
1256.5445775383312
1711.096712047369
1511.671071393037
1332.1702766564324
1709.2811453748043
1785.5064740076593
1294.4193163985544
1711.5885346591592
1673.8109773652013
1835.3482755904624
1235.383664621703
1638.8146330330483
1654.3549818763495
1611.276691000944
1449.1318622299223
1751.8049747749162
1677.1966053539115
1728.9882186244479
1454.4280539168321
1732.421932889207
1471.8954654303
1483.7483707353192
1765.1014798966498
1772.2872711675743
1727.4915021640272
1604.7583553386612
1646.0775137050623
1840.7982869285172
1777.4013498035504
1809.5981359734506
1795.01532968479
1669.3254200413319
1560.5755446851817
1322.2476065134595
1611.4569376211964
1514.7788926325102
1341.9709726418662
1463.8212692522463
1213.6795541206282
2036.8239500850934
1764.230512709936
1522.6805862641506
1800.0720162207792
1777.5259299684328
1726.113497177141
1667.0539623904888
1948.4156994430434
1198.9492519727028
1597.9397100952922
1833.6436709115505
1826.419313136267
1881.451646518327
1795.1304954920313
1835.3071300329566
1677.1133441338964
1872.7753311054403
1762.005775417172
1933.4083626152471
2014.645807583456
1891.1774788084876
1371.3770228978465
1471.8954654303
1544.5612807731102
2100.601877220089
1776.7735235724865
1663.4955602198163
1678.9785855126568
1654.2852607254308
1875.6789507543133
1636.0466786940385
1944.3535906802429
1883.2688506775676
1534.8812153505005
1566.8354358857434
1762.2536933520641
1903.0922023911369
1807.5133381563257
2005.6861387981724
1898.2486244027832
1800.4247945069167
1617.000697559306
1488.8930383509141
1870.550896705521
2021.4525579423655
1993.0329945203093
2088.080498815725
1365.3386061181557
1644.2366362035857
1713.1894070857281
1803.8519721890968
1937.710651256238
1548.7174831103612
1858.6027715647754
1999.4105500601315
1369.4548993582637
1738.5914247999565
1881.7574250600585
1600.3264076521893
1824.8704262854708
1606.5988152251082
2022.3648765779774
1741.9889589220766
1298.7695894175588
2016.63266654314
1834.1061510834224
1758.2977737324256
1925.6985698399742
1769.9115610090785
2027.8774454120594
1977.4684076778105
1999.0561397643248
1497.4975608637671
1234.9397190699794
1732.732923014061
1777.7127582318633
1637.559042195725
1794.4391403169464
1561.0637224613274
1636.777804023839
1713.3342615987792
1586.0742401370026
1611.547011568994
1732.6513094465065
1902.2331610800547
1739.6330123094901
1773.8291643985037
1592.9371591323727
1889.1118996824591
2019.5740415094854
2019.7945816188274
1859.4994910480298
2065.1437218336664
1676.5561185580802
2035.719697514078
2287.542818293228
2075.7304177569627
1694.22913166972
1706.7134590844598
1897.9604087722782
1827.655436044893
2021.609907559776
1895.73019137419
2011.277572845065
1939.3033809695119
1624.074570989301
2075.7304177569627
1904.2985088978837
1601.4115274298645
1300.6025386706176
2051.641495336075
2086.885996038616
2097.071062188961
1882.3979989143875
2086.885996038616
2046.3158982601706
1921.576816971038
2022.3648765779774
1716.198060600518
1599.1642004728028
2128.0983786856027
1887.9967339162065
1964.9372209900328
1782.7505292824062
1981.7152848951157
1269.941970728465
1621.136550804412
1453.7446343905503
1387.9545601279096
1357.4456821209171
1866.1081626941366
1870.753600241671
2016.303897240706
1783.4245614626764
1895.8358110466306
1780.472391644721
1618.7681557013666
1781.348543261066
1877.985357767543
1954.3920976345432
1685.1349517215674
1886.5783967968728
2095.690311069679
1897.0614687330215
1845.8819002444804
1938.4810112637545
1917.0803588010342
1662.807198226973
1417.548148588224
1811.1219428150553
1377.7043171230362
1966.6939503132246
1879.4347712891433
1468.891883974089
1908.4589218532644
1741.4348813329436
2140.7427286938214
1988.9451352402846
1854.2626820164958
1531.871226161765
2114.3043531208523
1871.0119362330158
1473.007914568603
1598.6652077026472
1664.5341260716086
1265.1252743621437
1348.2743292514613
1653.2809191762517
1814.764193005636
2010.667933851472
1412.7701212053955
1450.529971634238
1678.929449254217
1632.4565154220538
1780.4816729272318
1572.4689201706249
1412.7701212053955
2075.293662712941
1595.0771424019538
1532.1936527289818
1544.2237478451216
1303.8712882993516
1666.4210118479807
2021.2021518381755
1309.8725766830073
1574.2227727964503
1393.1313424088496
1660.2414964364816
1850.065731723894
1667.0009136210383
1976.0314004961094
1691.1782871654257
1709.2728972113473
1785.1894347954988
1675.5721762090852
1814.764193005636
1672.435158821995
1150.429841064041
1609.608705759295
1679.948939260802
1666.7394099648247
1455.624411442663
2028.840049133474
1541.9955534764376
2016.615310262008
2060.9600237138616
1652.6901395362556
2099.9847585751413
1456.0435251215895
1404.6979609677176
1356.8015160628054
2052.6739833784377
1995.824990568879
1774.052155136346
1860.224581294985
1356.5991157550086
1919.105270596375
2024.816818530898
1811.4526868137957
1954.283357476939
1790.4816034239063
1365.2871089957346
1377.556891454793
1931.9530110056803
1836.7666866197867
1129.4504869510345
1409.5372469690592
1283.910852266189
1809.2727141199273
1624.1764398122602
1483.5303708759554
1320.3126279587566
1770.52790324063
1854.3752161731672
1862.3482867749044
1497.494500331367
1990.9495066341653
2064.3448699614314
1913.3649187323965
1473.9635499469402
1825.9939431571454
1584.089554373586
1510.9835602899436
1774.7094892996693
1834.800286881297
1856.6344912862075
1605.682129206354
1544.734298114671
1802.462773223236
1880.7417283784391
1875.3880643504845
1782.8663319654268
1525.3114663573517
1221.0397537469887
1578.318547351237
1501.8824909889145
1315.471867626122
1759.4063201219349
1518.5805551467663
1328.880473665625
1817.1715402409347
1715.9060023252607
1600.3113178554286
1470.0420524401718
1828.2156559072444
1676.618497383691
1411.71849682684
1696.0114860340316
1932.6529032737087
1613.6901262803774
1827.052018488613
1489.83328664953
1858.747149376688
1324.955433131214
1334.3394865368446
1588.932139294551
1304.3138134853616
1761.6294992474704
1553.3254831056793
1333.191179185506
1484.2092258463201
1457.0146615254196
1357.193464103019
1571.2770117203045
1609.3461297979347
1849.4231931608772
1638.1278830839858
1771.9044405336854
1217.8023433843225
1292.3009412108047
1523.5643243312618
1524.790506140247
1530.1899632536572
1722.3622791243104
1407.432958182084
1585.1880419533043
1379.3078465702783
1720.3544484664453
1335.444365379777
1400.9161251108355
1457.8245210363104
1335.5964590942162
1438.4835153430283
1084.332242567624
1408.4163170792006
1675.8453399070197
1726.1752822117917
1590.7535981610256
1317.65052298986
1263.3059223531407
1526.6229986072676
1788.5113243482865
1503.1678232511242
1587.5918661855783
1363.4295692883006
981.6686076466344
1703.4154940069177
1557.699976247507
1552.5139962759106
1418.5577658838176
1276.7222716934114
1661.9657752378369
1763.6958916532415
1375.7755127665112
2033.1525126113045
1692.296360169874
1653.565405947353
1615.076897474428
1661.6449734201212
1686.7171080846058
1748.4687541942858
1738.9587765901153
1506.2457067385685
1640.467883234658
1207.123970008753
1599.4415222381688
1548.8663774686545
1494.549019584818
1483.386724459042
1198.8759459953876
1892.8182828764648
1609.5978691421462
1739.3895743970152
1479.8636101617294
1579.263183529002
1690.069246704193
1477.4234474005295
1359.2934181934668
1788.9323983339252
1295.9261021421496
1147.8680938510802
1793.0210549949554
1743.1705376792454
1628.273398456052
1532.445257591414
1586.523068928278
1477.3914315833692
1439.5605305520232
1369.1887244939237
1808.5646827240823
1765.1914745259062
1610.2564828082113
1653.9520602362609
1390.0668734094677
1801.6741887417736
1817.0182725398126
1544.667672732179
1089.4911997312395
1574.370555271542
1644.6748014239677
1477.7544696208122
1080.4624847849473
1532.6467297169074
1482.7007814935962
1675.7161177605005
1616.467574806293
1781.2952646648491
1646.9232623753269
1823.6135966195422
1542.2694902962594
1507.8632177504498
1404.626549498169
1667.3936426395865
1512.2845730619795
1087.2099673929572
1446.3711613297926
1502.815851158318
1510.8252606468893
1804.1224110605554
1293.7257323009705
1696.8358474244478
1648.4354170770787
1465.8246893962007
1762.8723121455625
1893.3695632083784
1650.6394496716523
1340.5343398681923
1607.0811084875547
1367.4980099391587
1530.6925439015995
1551.2017153438262
1574.7543060998205
1048.3617341574582
1477.5892462326708
1420.6047634670338
1679.4830797507602
2018.172343782162
1281.796816739477
1439.9543071963883
1550.890615969273
1194.4341466967094
1564.9181766334298
1568.1295555024683
1324.6537018502188
1649.023879696262
1608.258864919493
1582.7163511843564
1605.5423732058462
1479.7588146552152
1647.2088253504435
1838.1223378719005
1748.4588909110778
1805.7580269989273
1744.3391307001957
1688.505649074118
1942.878325249477
1899.5300760782918
1698.6234585011673
1721.5192611932926
1916.075101522231
1361.7108720300462
1330.486018642732
1559.4730236219918
1448.4566169968364
1749.023028756521
1746.1359009268006
1707.8035095491148
1605.642584194021
1833.4876292982842
1879.4952806097988
1626.7134962316022
1534.9470891728906
1614.461036488985
1581.207179230967
1516.0193785332378
1697.5589478184265
1693.1174041642528
1822.8458023771561
2029.9005681010956
1676.3024137571665
1373.53223967883
1884.6818575196132
2055.1010338714436
1787.5952100358045
1544.555738535025
1516.4286710928948
1552.558658453161
1397.7692963524235
1674.1351189165377
1359.4337896970912
1673.7866548016
1408.2951761233126
1537.2224346736275
1691.812573525949
1709.1086289581106
1690.5396309687746
1887.2282135799107
1663.1877171571216
1703.7838654547497
1178.3528414538662
1761.2109315394903
1633.758448949404
1622.9557425141368
1673.3344776804245
1727.5478694372287
1689.587087990759
1425.25936861801
1845.8065557971265
1661.3935360108997
1512.5793697358768
1462.5673673348635
1692.079046539878
1894.713416968575
1588.7918241709951
1951.0537138412626
1544.4308563505613
1859.2416416070391
1780.1970044720154
1969.4882286810773
1400.8592905677044
1919.7360241944696
1706.698748720237
1855.4802420097305
1666.0187519647586
1567.881939383907
1814.6506576548409
1630.5054477496715
1826.223778657454
1697.8381136699472
1595.0846068004787
1614.6498934833496
1124.7349356261022
1831.070615613581
1524.2755526820101
1892.5786693119942
1669.5506685180899
1853.3621320285765
1490.8273721241512
1678.9152199706268
1913.56096192796
1661.5018089171988
1678.1664837392311
1698.8137692481023
1573.482276772452
1830.3724862215602
1829.0799219721118
1473.4640844575076
1709.4946161968494
1925.1202909170677
1820.6067118964377
1964.5747699293777
1784.0056498142237
1753.8463026853317
1705.1877617280886
1125.847491606081
1613.4620479718867
1288.778343158951
2009.2771758282317
1858.1079269066176
1765.5410283409556
1556.198552461177
1614.5020544012323
1722.321136829987
1350.3365480645828
1326.3056736014453
1526.0180934340044
1670.4794440447097
1763.8867222084755
1441.4153656804747
1436.7149418555045
2034.6387161272276
1522.1713594252317
1259.2076232614052
1439.052414055395
1519.1233137130848
1710.649467480908
1319.8153189396073
1580.865510852728
1313.5386163526266
1558.4070879898252
1311.5672156148457
1487.0446703503205
1089.1132067310693
1400.3012735448056
1789.5346469726426
1433.2974586665612
1444.359688875593
1647.3860408088838
1416.3338603546993
1659.814016712912
1686.2262878166403
1466.5228146187003
1496.8291676713595
1648.9723315158571
1296.202885568076
1617.409454984032
1724.3999864792943
1364.7845627869224
1377.7596324787917
1623.1368384248926
1575.3081144113532
1595.0523271774498
1502.9863092381472
1220.9282450453234
1349.996410311821
1334.5362002927611
1394.8945169277947
1850.8259846398196
1442.8032348072327
1791.647498933142
1447.1865480586168
1350.1036012044053
1298.547015236575
1153.7295056363391
1725.1370210621537
1421.4287390140687
1455.2134678620698
1659.2561058914662
1457.3694977006762
1481.4803230494747
1717.517105200697
1516.565263191672
1413.0331175351373
1921.561998427782
1690.4046124912377
1513.443521202517
1427.652765582081
1374.9423057985857
1991.4698108317878
1488.7453847705583
1576.0126795056615
1897.611501540495
1774.2630841867283
1720.036013499036
1838.885247313343
1622.6906707818716
1788.2475148744732
1577.1860080096567
1979.408927049258
1450.6724658965932
1911.9412298021473
1304.0803841075897
1557.7631080162785
1498.0708948278295
1703.6318029436882
1682.8132965628586
1456.6653024760628
1347.8018786835016
1333.1300674602132
1409.7429385029434
1696.007078934622
1604.3907277897968
1790.5125506550387
1651.2745543739923
1902.7799339422227
1758.107469070778
1470.800183955262
1755.4007027619002
1742.5494664833534
1824.1543524584497
1657.2350857778256
1702.6905697991276
1602.3812517976494
1582.6197870120593
1718.9585468175403
1541.2196258870129
1536.9101882486948
1939.6097674782359
1299.674901279192
1760.533312362312
1557.7498278646326
1610.8407983442764
1538.767756165688
1601.3641806985252
1682.9970851642208
1368.2143037342705
1527.1039649170698
1520.088831690199
1766.01790842823
1543.6410373279632
1639.1630453954906
1321.0843068744227
1624.372060278096
1862.03707768144
1626.2681186842574
1806.9493667353197
1398.7380516816395
1235.2021685394595
1439.3139449029975
1513.207035836557
1548.7531775266104
1415.9645997031141
1265.905901274181
1250.3030757168196
1834.0447447329577
1577.0279272467262
1673.8375971073199
2094.650094366261
1879.290530216803
1547.1794108279016
1456.091250600982
1575.1605362788341
1827.7467010800474
1859.8306449627153
1933.302009761426
1854.400084748848
1724.988471274025
1401.3972876305954
1503.6588149376248
1362.4600548340118
1337.1801543028612
1865.8708147334366
1756.6295015196556
1641.182630162499
1685.1695536085329
1370.9358870088427
1839.1545525169552
2055.5614023080957
1733.448378809383
1943.877669905076
1413.7286164580264
1655.7496619145468
1783.764491232512
1476.3746542869906
1676.453486703069
1844.1541753424738
1922.3711110836512
2044.9506262834109
1670.5829712129998
2043.7440418556896
1524.9831478658355
1907.0575960560852
1725.4834165107404
1414.4526648678273
1531.2049624119884
1340.9928094191089
1575.858657075846
1681.7491828604789
1768.8145051427991
1441.7184990912276
1886.197717276091
1734.610027030205
1432.5018241206064
1622.9788043683666
1287.6258040832818
1923.037621024602
1407.4969509354248
1462.2233820561567
1772.9836765723628
1530.5397308771544
1471.800518456844
1676.984702510499
1269.4099402194438
1633.4861224997276
1497.6581881722498
1541.5460986753478
1422.7549910140842
1519.2868245339778
1361.1590277628293
1477.3502837994818
1332.1762474440409
1379.1313786015933
1593.0283274233395
1504.1588674280526
1745.8939589865356
1360.1701234739367
1647.3398934013924
1569.6414123016427
1443.066808659846
1120.5164795193962
1411.5932248010195
1327.1866192328418
1890.4696860172953
1544.2083024066424
1449.387651862349
1398.0833696866866
1547.4981306050488
1244.5282073689675
1400.4066642888072
1247.0797627847785
1566.544347890317
1548.3006975740082
1650.0407845653342
1140.8126618789217
1561.5387069102671
1391.52794867762
1013.922379532356
1504.5037652606024
1649.7703992732247
1461.1701855919819
1702.0191397096871
1710.754029471357
1687.7881325531764
1722.5160305325835
1510.5300751573075
1296.4443574277886
1776.08865801721
1556.907812232559
1526.3356790360447
1451.6130864942577
1459.605535428362
1446.9600760307237
1395.6013715415177
1116.8738870763862
1508.1116227978007
1441.7514345945567
1713.4223235192578
1909.286157050328
1894.2405992414099
1226.5864481340975
1751.342135603366
1524.946894465448
1824.9635352499763
1703.0480694579956
1360.8794868160655
1636.476416881673
1472.748035622012
1790.5961104288544
1627.549338761398
1709.6187850154781
1715.489960365562
1697.7906770213228
1699.819163098318
1711.3703643530334
1782.4073197745545
1674.5369052392798
1456.7910245524065
1769.3695975221344
1479.4533005780859
1649.9472982633113
1300.6480611212048
1090.00099857725
1452.0634709800631
1455.0234361852852
1387.2070653023777
1743.6749822086922
1103.6290262175746
1895.8585573707132
1130.7877129082308
1117.8898319632683
1525.3551313098585
1367.417663580638
1279.505432862131
1319.101477257784
1305.9669623748493
1851.5688288091776
1253.1990361575633
1514.302374586846
1895.1994517646197
1420.5844912826415
1216.391419009877
1123.5746076715518
1860.1711111273369
1337.5129349432216
1945.5426536144007
1672.7950795377753
1266.5415561864195
1418.951330732105
1666.3870432459532
1718.0618002007539
1425.654726090961
1750.840624034733
2025.2777101932297
1742.7981202868025
1729.3072815045305
1746.964287618947
1560.529995739021
2021.9361135221513
1700.2493722141428
1905.3784613560538
1560.2209384638043
1394.7725471967467
1325.2268082173102
1487.8393959925195
1810.93712910909
1646.2273628535802
1931.4076082632598
1644.131575335594
1658.1548374250958
1280.4580731881526
1555.0320537998878
1776.0305043663768
1457.950740398951
1640.4798361792407
1768.992178267669
1667.7043168188054
1634.7362962254256
1507.6017792802095
1964.6749847295898
1865.9526510716084
1732.9512409082972
1573.2267741831483
1361.165955707157
2078.3650598062336
1871.3656798567065
1115.1655814191113
1457.6903039973915
1409.8578230957885
1223.3983025983287
1485.200185009383
1894.3671320219773
1525.1616108325497
1560.243665206186
1237.538422284971
1832.105036177267
1319.067289886457
1090.8771079711998
1550.5976317864322
1749.3863441122755
1657.6883246428358
1573.4872214217585
1803.3694031547302
1415.15141506345
1576.7169322094467
1495.5508660063372
1210.3826995298396
1811.4757059731885
1567.2316623675645
1710.6349230215048
1581.3803870909312
1696.2155399354097
1718.5239305080238
1645.3887086485554
1828.8806818539554
1903.2908970719125
1349.4458428275145
1398.4592487805478
1338.8736528404527
1510.6643759607268
1607.0408879579911
1592.8945583917464
1412.0846462713034
1504.2792122507965
1719.959675202673
1551.3423632084207
1458.8753404331446
1088.7321879400047
1438.145552634341
1400.2312354117157
1403.7463131269624
1614.6970045378848
1587.4452464816848
1087.4582332812618
1571.304979367835
1624.235355302342
1853.611337362322
1404.349364154167
1451.533915970289
1718.8564787785501
1117.5856480358516
1486.1019139222844
1515.3303793579669
1306.8784016161364
1324.1230893568288
1611.4774074378868
1326.9373345263082
1728.0330431910006
1562.7073078781552
1517.2272756215418
1561.3296539744404
1455.5122842076235
1573.4638818300052
1517.3200725560803
1512.4147592811107
1724.619967845949
2002.3212653547844
1779.493975423237
1791.41098092641
1586.5890033906992
1186.0952057794123
1185.208923410953
1465.0971184915898
1469.3351252945713
1420.939007799793
1363.8969678287579
1161.9834196186266
1638.4059632923938
1520.0707261750265
1497.982647724905
1738.5256809833827
1349.5570176500366
1375.0195437071661
1432.8361151963634
1242.836621808504
1111.9676361986515
1571.2111198386756
1348.600692696323
1390.1971905643068
1489.4666905462864
1131.8199291419753
1315.0015963769354
1216.146424749986
1732.6378454535306
1691.863003998442
954.5366531209589
1579.0139563084324
1570.813382155765
1492.2490683747292
1691.3626185338526
1672.5033774090043
1695.7436114104323
1026.707325357847
1642.2144693614957
1866.7108720550943
1588.1570679322915
1753.0949720605788
1463.2235772918984
1626.139831212513
1579.5292432915776
1243.6591887354887
1298.2145098363817
1984.194607397678
1226.1612759159975
1780.342846432184
1307.7254518950213
1763.748423982641
1332.7477717395222
1653.9693073223727
1620.7011484442608
1732.707446742693
1732.2084877860325
1787.4532353654965
1600.3203461102414
1292.1855956654142
1762.3974921025554
1530.7226164901251
1493.2796611184422
1461.9172103816356
1722.8740997288376
1191.7091682037146
1420.6198225516491
1614.2940752989919
1516.9509883614976
1661.8494091516197
1735.320889385017
1508.7471911172906
1451.4454282294473
1433.723040911447
1406.372647922225
1751.7203544671477
1513.8963464343176
1519.5754544043284
1442.0963624573449
1495.9309520365678
1097.5973288942678
1459.35974100745
1654.287908061138
1692.8023730721482
1186.196991851508
1274.015027427766
1584.6631832929386
1768.5829476764347
1278.8899770315916
1576.4130854225425
1476.7382894748055
1118.4772643999195
1076.0091331919639
1560.697140718855
1713.8021425076397
1664.3497515162944
1533.7128533763332
1641.8897420657431
1583.3051490306755
1946.878389310381
1789.0001087870296
1828.7224411540121
1394.4287851202316
1665.183813468984
1325.9601247686994
1642.390075631977
1528.4608542011836
1321.4819843126863
1241.3341416595456
1396.1863231952777
1722.3348761078926
1805.4267036766487
1398.4689566876248
1669.1816959482833
1266.3149000248222
1636.3405251869733
1579.0986539498883
1621.4782471225628
1513.6692495185182
1689.2966385858765
1385.5607995364696
1699.8795451961723
1825.010166166661
1666.5536537334872
1505.8985085886043
1868.1233192569107
1527.6478362120324
1686.2167364786926
1945.571399156229
1476.223531905466
1738.3437791518984
1544.6233763778648
1593.7635987337526
1626.096117567144
1764.8891438241653
1270.4822688172833
1401.7444368623028
1838.0078012557221
1583.1666184986545
1284.699770494871
1606.3532049977593
1818.90675872053
1609.1835803435008
1803.939361991668
1707.0243828465564
1263.1151054541851
1706.9458271440192
1459.3496449581723
1717.2896946367239
1798.1307785887586
1553.4052994183555
1515.9179824472678
1700.5932224983792
1554.350542816098
1616.0891946133609
1541.575451183121
1855.9820511412415
1386.8354321207153
1761.338453403582
1778.3828915804907
1844.1012246893224
1505.1463957679327
1805.071062650305
1634.3993265330707
1458.7702272772628
1527.302106362099
1579.872848308224
1079.0211980422278
1874.140652299119
1988.4768229225472
1823.8311842901305
1175.3460605576422
1647.366817564399
1604.1110890569216
1329.6855537937079
1231.5840934902724
1677.6256396477847
1748.2644443498314
1665.261240893805
1788.5893396764068
1383.2397994762903
1525.2019557730637
1674.138417248125
1538.5611484497897
1875.5536134576612
1737.746102334406
1461.934557050662
1382.4653525033402
1684.2977858708746
1949.5270572783281
1493.8528696713365
1690.7228049310124
1557.5761919598679
1373.015319566619
1763.8736343614748
1718.782747630408
1683.375485581154
1507.6609324543142
1888.956569363035
1384.2900822440076
1424.6770897789067
1464.0226474315548
1653.6275964552503
1363.2887613901605
1453.4091400006416
1416.452655493974
1373.4293581624931
1444.2029113481885
1674.392050331742
1685.586053768139
1382.0649723308245
1587.7755660413186
1552.182192695732
1893.844053919351
1452.0496954105672
1477.3468326925056
1805.3130999084945
1682.6252650067297
1685.0024121334543
1640.9433297929672
1550.07284659564
1457.009797248308
1647.8870513034517
1474.8137489147641
1395.882097791163
1380.8869739299016
1827.9313233911644
1775.826208513389
1307.5876596227183
1713.8607093728526
1693.018286124627
1585.4115211450082
1335.3734846320003
1204.0992033978587
1461.2990482648847
1445.2008973129014
1191.1776967786384
1597.6242517033688
1527.3796127766825
1696.110538236243
1446.9966352913004
1265.7845352628012
1487.695996828735
1364.050861835356
1433.1698563056134
1653.5988318140141
1470.5561073198678
1719.8819690009232
1559.192028965447
1360.0889224770938
1700.471069082183
1454.8485586880263
1705.664293243353
1651.7628119069057
1346.4045184150661
1505.4894102425253
1548.994279031841
1626.594833168236
1434.7363858189537
1524.6901426665693
1393.844186703505
1479.863724867959
1766.1507437663713
1630.2530262678072
1863.5404330286128
1641.288174216202
1530.2233105583666
1919.6408002323672
1817.978078368031
1491.2608886554178
1818.831446935764
1705.4056895918175
1338.3839879465897
1430.463042691679
1515.421004800106
1763.5625089052976
1341.469149008526
1742.4217584697224
1724.7784396192417
1798.4861685583892
1535.4583352461377
1149.9844836249604
1218.7768049762644
1319.3557710501384
1310.5727421508666
1253.0985085758332
1383.9138280465622
1253.2260971309577
1314.560117908021
1469.027963999264
1545.6952215921547
1296.7615131261753
1550.2993249393646
1492.1047556948097
1507.3374126284182
1639.114894644273
1440.0886784119568
1609.4868751214763
1744.6265867671088
1535.396281280079
1697.1423816302795
1825.1933842461503
1571.3955947455242
1739.2589445610517
1315.1852557415066
1325.0139306144806
1656.3788478024062
1574.160960274825
1697.4722867671214
1657.1822916701847
1718.8661785913816
1537.471620948798
1564.3123992724657
1686.1152272333227
1732.4015294916596
1315.3375966866133
1508.436450097103
1472.9479474825596
1537.9276912542684
1935.4698662406918
1702.7034658608943
1725.7783044988573
1725.935539443565
1854.636392743928
1622.9506557532661
1953.1811617044996
1630.3543838282665
1715.797834433408
1896.8636303587634
1552.4668337742548
1764.0619611467948
1607.8648986476771
1651.7466861072946
1771.9677668425181
1636.2343799280573
1708.152434483345
1518.219148003028
1309.5886342574622
1482.8691004221284
1469.510040031105
1540.4831165013068
1431.6275320000066
1629.8681335080873
1259.3381356766724
1433.8487708384137
1455.9027472854987
1293.5121491772372
1403.7188945127552
1293.3946230026688
1375.685409581463
1576.6143577767743
1716.3690144451714
1643.522815958104
1872.678109444956
1486.5961935848347
1454.6391131741937
1534.503184294759
1563.5489944703493
1557.617588190964
1654.173957892601
1471.061865312737
1258.941520979012
1595.1476221196838
1695.1883061133733
1710.1224493764205
1347.9320511128437
1329.6976781419332
1573.555382995872
1637.0858084208887
1610.3259678801905
1515.1461561679032
1261.522363598544
1450.5528620940133
1313.460327649074
1354.5462094297222
1524.7364323975974
1645.8436019354747
1506.7614505268982
1602.6428124405936
1441.0406593397854
1145.5980511699333
1649.5346086276375
1663.1707504144708
1357.2873879480737
1300.2210958923317
1466.1782073434467
1377.8821330588214
1387.3603285183653
1503.186577704414
1474.1098369984666
1516.1380609487567
1303.774404338116
1709.851433613224
1497.2839925351943
1691.1379405557416
1565.3607780844768
1247.2181109156475
1681.8115922489314
1789.8442077389034
1592.3043317224
1715.4095160803233
1624.9133558844326
1639.7962944671938
1701.6028963145309
1548.5743955653295
1541.3415307223413
1721.0221397157086
1681.7651832131635
1510.0226661195504
1727.5112383082385
1525.95347619293
1570.0164318336901
1655.0313743916374
1907.470926400105
1353.7791390703676
1793.1874509422216
1458.674374567128
1737.9782793782113
1687.1017390052518
1826.8196297293387
1683.657197911781
1446.3851844725732
1613.4641850747282
1768.8443201509297
1407.925174170822
1514.7081881864722
1651.12947564906
1698.1867012390494
1726.5978472778497
1722.0880266522356
1755.0166071019084
1801.9215412468754
1569.352431035714
1628.699248927093
1585.7023283535016
1386.7360319950121
1366.9573468683775
1464.7267126339082
1843.6652376092643
1776.523752318534
1761.5236633597276
1904.3876246219406
1507.7462421381417
1464.0746998702898
1467.4995226186472
1430.9104598539027
1646.3720368076258
1533.6821778874548
1108.6537490854846
1512.3232585890564
1401.9304139471135
1410.731519122876
1798.8367739838031
1819.5773311575058
1983.0971905386652
1405.9917692917331
1856.9665105767008
1496.129481845058
1498.0663694711986
1757.203779939727
1519.0997490849968
1429.3373071685255
1545.512040341263
1812.8358651319097
1727.0071368817426
1667.7428487269653
1906.566953860263
1632.9023519569982
1437.809008687508
1450.9937146274544
1446.6015570143254
1772.0310029655204
1696.1923948161348
1415.8459307100936
1696.2026411590307
1264.8674720825281
1472.8715073088024
1307.1968786509854
1558.2888363625837
1351.6273181678955
1730.2288900860583
1231.2092600364201
1538.406758141479
1589.237833689098
1460.8199078720625
1130.5798352365105
1352.5903009706428
1367.2707982310146
1431.232893747515
1405.28295029997
1458.3249441352257
1617.4059527852298
1652.208507046277
1635.1282649386794
1705.5782903901238
1635.115795503345
1766.47400782418
1669.9241308535547
1514.3843737520601
1569.1414179645926
1359.9062201774213
1417.582638952762
1278.9446093377226
1669.3577336003436
2178.6943101444303
1456.305138572426
1395.8997383751991
1574.1396142559722
1727.4190429408357
2072.828027518674
1386.2928639749935
1684.444310922442
1333.927615873051
1717.6082584507087
1520.220079291538
1440.6908177388332
1484.9446912432777
1707.7474665695981
1587.2236224942517
1371.8085254241687
1316.4700824233896
1611.3899597072775
1402.5476378037167
1819.5299880790233
1381.569333594198
1366.5634007881802
1371.9462742179949
1705.1165652371965
1750.9491702524122
1631.5923862938753
1525.839945837319
1490.3382747766682
1423.224213163672
1134.7509617574306
1785.3696624516688
1717.739763671424
1945.9067369925297
1793.5663014315799
1657.5932897127743
1521.9003596895425
1405.6172730621604
1618.7505766443103
1860.1929607327747
1398.5922300483996
1421.74900969851
1311.1178429926676
1472.2021130970277
1123.782170264899
1209.9662442051524
1648.3158985456064
1282.8571582480035
1682.541630443092
1799.7061896921512
1691.5012840137608
1928.1613008946836
1825.437811441876
1698.9653050632348
1768.8999280018288
1278.5041664566018
1543.9487023822192
1792.032569749169
1840.9719962861243
1910.3506429776
1795.3329155739882
1756.1683365627825
1504.6869055614895
1827.1118867845837
1814.3198430671127
1447.5160436926863
1503.4472350813996
1529.8369968400523
1496.0467536179397
1151.0057359538978
1480.3488649734147
1716.9448104864784
1768.7844472223144
1732.1264610169394
1371.1780288758448
1253.9673817006942
1336.830272232125
1622.5215180986559
1640.4273023089008
1901.8111109290785
1464.761562608535
1516.2506617824
1638.2128194274046
1591.3503020640999
1775.789108507414
1843.985241068154
1408.0832636757907
1521.7394170972566
1658.335087640885
1602.2474658636922
1460.6122367291255
1595.449620366033
1865.7439387018374
2073.674405011196
1763.6301926628687
1551.8010921921114
1844.3220855015486
1698.983287102399
1797.6278418717602
1602.3763707628202
1561.9451505888685
1433.7904125852958
1712.1852561620733
1849.01754543117
1378.9229248429158
1358.880887609169
1373.0905259424878
2003.5846310360746
1777.4740914471597
1423.2326486541097
1597.2368949072459
1667.4959826070028
1847.7781485462135
1311.3939193957258
1519.3132343620418
1468.2568934053231
1725.487048345631
1862.2065474018539
1482.1899377771854
1382.723516923145
1834.1601078297456
1708.3539354016864
1752.0124840600809
1722.096886601348
1905.7808543095616
1856.8585758400284
1777.2232162962339
1793.9845916216138
1666.7981840860602
1758.612454419782
1671.6317433396327
1467.3023377620657
1661.7889063950859
1289.8045157276485
1568.1276148354543
1827.1607675422392
1805.0543816153029
1356.2776211110242
1705.2673312168774
1752.7223053645946
1659.0612941204815
1455.3994665469745
1288.1717041302934
1765.2150210077234
1679.2828234643148
1512.4966767638423
1685.0021001843168
1661.0150408146112
1948.1645920949898
1851.3149855121428
1582.4135943838717
1678.6795385475452
1340.4842066293738
1690.8574755907975
1827.8230157366372
1893.6787357356443
1860.9213081338723
966.9790030309254
1668.7512975131447
1659.2484493834354
1745.2370543422805
1896.721840152948
1739.871855140799
1681.7026042691589
1613.5493351391626
1396.8140446296647
1708.7312868374108
1626.8679022389806
1730.8604808066636
1923.939295342805
1632.7845201827556
1532.0999094904166
1423.5240599447804
1467.75589498148
1587.3943914589117
1403.9348134583963
1405.8624857622963
1548.1735508569025
1386.3295551406275
1155.0083601025208
1412.7859889476813
1413.3861341493227
1446.3570910907404
1265.2241285725638
1288.9127098044285
1476.9141395139743
1345.266506395644
1343.1409156446775
1200.1276247151468
1302.270105296269
1521.4974102851827
1504.644002996229
1721.0938335226303
1155.6488653841916
1778.0127577060564
1587.4090549402772
1418.5941216206347
1573.1464111313244
1608.007598303814
1439.6846824649901
1676.4687062623343
1671.0567565873823
1519.5769687489171
1536.5063169673679
1011.861132648742
1597.1343338807171
1593.6764751614419
1416.5636714984596
1350.4600724097154
1453.353603539036
1392.1720336722617
1468.517398983862
1104.1780473793426
1311.2632066128701
1600.6669630509325
1641.9110702998867
1263.4977971132332
1722.0415667970235
1488.3037685229149
1169.689985964097
1496.058845903159
1644.3980178168576
1216.7951783053638
1627.8284336477275
1364.1496923393977
1005.981620878849
1323.9328183451232
1027.8101435354008
854.8133921007305
1601.8035264107082
1009.0604611543096
1657.1756814221383
1353.5182883520445
1415.263803835692
1676.8205503165027
1274.6841160389527
1418.3944916264782
1526.5431294129442
1111.5722421675669
1493.1312925501209
1114.5888873951644
1436.7811369510473
1542.161228986297
1588.7697388993704
1479.3805186756706
1627.6439057981872
1643.5338420797234
1651.1531896556344
1331.3893322739402
1505.9090228582697
1629.8970065100823
1437.8490251932608
1190.17578358162
1818.4511609665267
1639.1781780596673
1645.4717703554486
1214.3530568663452
1352.0724066110922
1556.0523984827635
1489.9667460381413
1677.0995858578808
1578.485662473847
1621.494422363676
1407.3569405912092
1685.2371021771487
1826.3197531343576
1547.744907546904
1677.1100315657457
1689.145787974492
1711.7623486487093
2019.9728974611087
1769.803337934524
1655.48097976635
1750.2964469127903
1674.564551165717
1607.4157227404692
1438.0105782178898
1939.2747113878552
1519.308768188148
1752.9990651691835
1986.0879203900076
2072.25683590388
1822.8469275381397
1399.842152733219
1637.382068966068
1684.0736761025028
1330.5582668221512
1121.07492609085
1904.5317366842926
1731.4361347753995
1537.5464142056153
1757.3033655176757
1547.6582426830964
1327.1209906892066
1448.158771524598
828.9087205019636
1777.3878750916172
1607.2305250680038
1454.762837812417
1859.6130172306346
1620.3548556075914
1572.8748992623866
1657.1045302568639
1841.9009160000678
1401.0972438763376
1407.3323529293318
1399.1379719376082
1831.2807446664149
1680.1873480631675
1600.781962197733
1441.1736704358752
2128.9825509519046
1391.121199381407
1640.2054147420788
1496.3507916979736
1520.3329388082436
1500.9726419758963
1579.6587208464534
1544.2787201456833
1289.046083978881
1547.1351290244093
1680.2779752099977
1367.0009748270952
1020.2842213542116
1675.3093793250412
1281.8985963192056
1452.6828915820809
1355.6966931886484
1054.3829438849618
1446.2752084348438
1478.7591165315862
1752.426565237474
1388.8772306082817
1912.7983646384737
1805.8943427349539
1593.5462325218361
1768.5824165142085
1576.7289324513888
1982.0628094917554
1532.6948121523958
1471.0742939415113
1451.7996191786879
1086.630011770513
1942.3544956016412
1736.2470174826412
1870.5669437015256
1845.1686944938117
1640.2870590360383
1199.0188551004906
1295.962747967422
1216.016210498897
1872.1053113024539
1724.4520578200247
1563.0602559582915
1358.5292523845637
1776.9882586672281
1690.3915942608935
1483.4358717735047
1700.6045376940854
1299.7027827723616
1294.8534454399385
1251.3087492264187
1580.5758290336025
1689.0988195796474
1484.431137559638
1412.5567514028826
1616.8547330680913
1455.1317560548034
1862.1851332355254
1786.0327558748597
1391.586268255778
1047.0927828546046
1625.39065307657
1319.7219963941227
1900.0341228433501
1201.5957302322233
1986.3688924818643
1262.4807054506364
1160.1760479993457
1665.676257262405
1031.3021165175194
1567.0687619976388
1682.0991772750813
1462.349350887144
1252.3071385755516
1384.9067839348752
1465.8713962184008
1307.8304721464883
1469.3097754910839
1177.1267872484593
1548.474284357642
1214.1213661401855
1413.5324100279006
1629.181573829076
1612.183324713484
1750.4468907699631
1308.4017792086454
1613.244553905938
1395.3479873147573
1862.3885606688725
1620.4726437858828
1676.7067411720293
1493.6774802774173
1441.02044368541
1569.3781756982228
1657.521992538275
1393.1426195791912
1630.4772569756112
1672.1883669566676
1756.8110159156847
1533.6503487636094
1027.536558985593
1625.4355259360298
1428.622042097573
1420.145635735689
1744.239103871698
1638.6809353194515
1336.3770311005087
1478.026933979307
1985.2115882381602
1733.5189101999085
1300.4443672856796
1078.2809059370518
1382.9992488000255
1760.7985771108633
1272.2481645326113
1150.570959952677
1534.0017444400785
1352.5647564360606
1430.4079508336365
1795.0268082132031
1603.5814661048655
1687.5578750474097
1391.4081058008408
1083.5180590777254
1602.6548838128447
1216.7869669267454
1608.8075130055724
1745.7210760753994
1723.8706346924762
1307.3084367663532
1582.3012901191887
1579.3265417343598
1478.5026017995922
1680.167053437767
1487.186023619547
1666.7980816050579
1358.3408233892112
1217.9824683331474
1517.4744633998505
1348.8249125911968
1926.3669714379278
1559.9516895261604
1270.8252154780528
1564.3202514519774
1546.289679784838
1804.9745345150177
1509.2312003469085
1914.8328666300838
1835.1062518108545
1685.224758572853
1776.1055728533431
1490.5684575611594
1785.3986668635744
1826.6711252701261
1421.2628230412622
1788.808238733426
1698.6892310634992
1684.8449949572284
1833.025938526416
1833.6886096638436
1964.0284762535475
1744.5555045707315
1755.9527552067696
1819.9485648275258
1902.349553097729
1758.8235575540637
1519.572756953251
1649.9308656134408
1910.5475420243145
1562.3634564450683
1258.4689739111393
1427.3696826319092
1421.613866370609
1693.8585742773494
1726.5851417380397
1398.833081558363
1907.565956828467
1758.446747216116
1576.8302421921637
1775.408194329115
1578.2381132684031
2047.6705029033992
1588.9718256492442
1278.3950165398758
1437.9163233883598
1802.065242954166
1465.0265857638167
1947.0636553835327
1670.6512464111674
1979.3060644357884
1795.3548131862565
1855.1043644231638
1943.979818367109
1682.877160353557
1916.9417035750596
1833.0394412605692
1416.461866616284
1618.6195217804132
2032.7052554160803
1933.6842651272107
1990.832663918147
1307.664257369197
1854.1475741785086
1560.0517556200782
1253.555063330569
1753.8748949715243
1562.9004573750972
1646.217999865056
1262.2669127510746
1301.1271600490975
1313.3718611125257
1492.968555351762
1476.836487134727
1669.7096554485913
1213.9183831566243
2009.2972421453362
1509.9563710888135
1540.2071568782646
1927.727077296128
1514.112953002583
1358.2753211443799
1267.9337438670884
1756.9170646062369
1801.0885199553557
1546.7591372539403
1319.390984734591
1635.5031657089285
1830.5041073427763
1710.4960506187133
1533.393180800295
1487.7438149832342
1557.4162242912007
1752.8015756223213
1200.1647888923155
1247.1839339053238
1757.9804568088873
1432.5782809398904
1898.2760454340116
1681.5434290531036
1291.844567240981
1801.889877041007
1755.1082850460455
1832.9872005291124
1749.0117082689887
1778.9342221591548
1655.0002221696461
1863.8347048742035
1607.8221153582326
1813.8517507736713
1527.5164411928781
1476.8975065260872
1511.377075769284
1358.9616394951543
1826.5513328491506
1904.4636268759562
1908.219174221804
1549.5737255466413
1654.864192911952
1484.4201531213018
2059.4169355819095
1650.2259991004994
1428.8668629437004
1667.8462405689645
1665.1492814631401
1745.217083659478
1891.1206011386896
1351.9291934947898
1435.7967690662665
1616.4825793227237
1534.1126873962883
1668.7965101389816
1328.8084205550806
1808.9589138571348
1754.5259366937328
1516.2350557295804
1586.4885271829864
1796.140526959688
1607.6541107083933
1903.0583490759127
1724.818386991653
1453.181412258739
1435.2649202230214
1791.8628192883077
1714.5752587649201
1728.9518560464348
1658.3865992870076
1685.6822686901894
1545.7430306809574
1453.8162420257343
2150.067080429423
1364.2619978662522
2147.421465149854
1947.1662801485554
1582.5108282979083
1747.4052565498448
1602.7907473273233
1397.7353344006945
1473.6339600594563
1531.4204614625776
1399.2866200439357
1759.803639157077
1546.5641335372522
1331.9356504086973
1419.476436696276
1725.4411112241048
1438.4726222304637
1452.8590706731845
1492.003408230414
1632.871997108801
1735.3491005697945
1190.1895898073174
1338.4391415260786
1519.2567517280386
1465.9416174665118
1525.075015215563
1340.7381833022444
1902.4714893696764
1578.91828427555
1440.6252508327468
1437.160113128925
1445.0044814241692
1218.3682205439525
1529.8076468768438
1943.9348767432937
1627.7579927634233
1551.0560939605969
1429.4427809741298
1743.659669597857
1941.212010024212
1745.5965342578565
1334.765889960231
1566.528691888275
1730.9167481861352
1190.076366691629
1395.3620668662413
1471.46119469962
1783.133789842179
1762.1805220692177
1521.2721227608388
1537.4230625389075
1686.426982972933
1463.8165565941606
1697.3607041683488
1506.1537330424887
1297.2332024129005
1392.971432783668
1754.1207413424181
1151.163904177566
1493.063764256125
1437.2256727967845
1146.7252385323036
1761.2409452248173
1617.5880498022452
1931.8204116050583
1556.7804675952902
1562.2052554117283
1360.6528340365076
1158.8341634779235
1496.2927277317804
1441.4462881476666
1702.5968462196797
1856.3554982588191
1226.8060172943508
1713.5406511708422
1583.694559505446
2039.23518721277
2024.3686632236588
1461.2962981636422
1534.3809675772143
1361.7890199859683
1213.1009211707917
1514.7387013449445
1504.3743608925834
1700.4071991312564
1507.8243236037224
1306.5210874728486
1941.4108534745048
1914.8447374782702
1845.7784155992883
1737.6468387717111
1600.2260952918061
1249.0705060376567
1777.7246279720787
1531.2425748710739
1709.8866679383154
1684.4339156947242
1526.6609741427494
1734.9331008377833
1320.6754583409186
1462.585410884494
1359.7017997187477
1684.882324089608
1695.3506836594681
1610.89076588992
1733.96830583323
1323.5940404644243
1430.3774873978266
1813.2840912664149
1809.786278488018
1689.270809771974
1733.0410333231018
1945.09807456206
2009.6686993506285
1739.24486371763
1345.5221343198755
1755.7960659750725
1762.5599252746008
1895.6668194957674
1447.5252165706695
1476.0586296448425
1863.8306407836656
1909.6088803513003
1621.7710894562024
2086.4720279333274
1868.7892035974
2016.5020950625715
1466.41819647833
1880.374246130441
1853.3157617537906
1799.199724692212
1802.9779486662849
1961.147565595641
1721.535798106367
1531.7322912504121
1953.1942085614676
1615.9174987163888
1218.6854082880752
1797.9682145937456
1768.8905016918445
1631.5939522427625
1954.6856470474004
1274.150514221779
1344.0445436139626
1975.766537014318
1997.3643996272376
1408.1817744272864
1500.81290069228
1841.8978953951157
842.7658131251438
1361.3186659180676
1808.5785281458632
1556.8966800936507
1863.286869055036
1857.42089769595
2082.814116858031
1891.3018490959512
1675.448308982246
1643.0293250244642
1721.4252211389846
2077.1953015361573
1842.491304215756
1577.7461170944173
1626.3432642476073
1477.2189240034588
1929.3260981391522
1835.8339539827148
1914.6936564590594
1428.2659597273105
1764.977191998316
1884.9220347912335
1622.7158173652135
2130.122969563932
1661.9518539483743
1269.9469548939046
1760.035432954908
1722.3372026298812
1940.6079870724643
2049.660249189748
1846.3407425598723
1838.5726795851606
1582.6751030782036
1943.9348767432937
1094.4460905395524
1738.7935671522216
1785.120395388026
1446.2670861131683
1872.2106105858413
1485.546326882717
1765.9268279301434
1557.5404996191144
1251.6326843698591
1688.1613759960385
1820.902797416312
1400.085890545571
1354.43180754733
1482.8607490695465
1532.890353505138
1361.0762236184612
1107.6829409210852
1526.727793753669
1706.422559322319
1931.9055009748843
2098.3901280074283
1698.2445586460865
1259.3145446751557
1789.9475904567123
1661.4884090504192
1441.8718498746657
1597.6948825096763
1326.4930331522532
1506.94615708998
1506.0428012993177
1984.9225895877944
1787.688748999787
2072.9789238466747
1861.813680435774
1922.9932479245797
1476.4288731424037
1871.933013302955
2127.596969385779
1796.372169742023
1011.7189781144992
2050.145249071494
1946.131029433932
1539.269043247575
1939.082982375274
1410.5058180198255
1460.7899212459843
1543.6174348600643
1942.442448320442
1313.9710640929873
1281.6701555922582
1848.9721110305902
1704.9741420419325
1741.195766381209
1979.4917702594546
1466.1704562334119
1815.166788968436
1662.5613110559905
1604.13861566113
1452.464919616885
1846.7326633729392
1843.5050269457913
1819.6357551523504
1809.3444569792493
1598.8030060101573
1472.620432697009
1868.2983649374812
1421.012539462242
1730.9279170436303
1769.0660211514023
1750.810231986184
1748.1380571130314
1680.9092383438049
1892.0064462595763
1759.2564696055927
1729.7755460474818
1746.3924383518313
1810.7469786734794
2083.8802138309807
2149.421996003344
1987.2118172491575
1661.670857225937
1669.1817825793667
1543.0878416723792
1888.3072525597343
1927.7866029024306
1579.9846542047187
1689.0820124318568
1600.2408132404046
1638.5108169809034
1821.396349510642
1658.2763226573973
1955.5327257890685
2032.9075585145085
1909.9696483492332
1767.4885724867763
1672.33657102294
1511.9081998252593
1991.368770095655
1462.2886757916488
1675.968014624929
1875.7823295980104
1709.493220052717
1623.816945600304
1519.325009093396
1562.4405868131237
1590.081566994187
1513.0806472818092
1417.0431432093956
1687.6597854188303
1204.8546233187483
1756.3866575789414
1549.393485257188
1994.7269202189418
1695.5998107467467
1968.7532594323723
1883.7114549046385
2056.694531582737
1887.917493148594
1931.1518906707706
1446.2679759644464
1828.357029499409
1300.598772653581
1932.7699547014029
1664.9487425402367
1699.0394181536446
1548.791164156274
1706.419086800816
1822.669916283873
1950.1855995308104
1971.3161873974834
2086.317270870519
1808.9706967402371
2082.9226108289063
1717.2611337923872
1242.333940105493
1783.0302448564923
1695.3609771411395
1669.0678676259731
1408.0981188925118
1892.672956043322
1793.6669010511403
1989.1855487626526
1903.2853146379348
1732.449797411656
1832.1940686304497
1854.516613727738
1878.450276200544
2017.6023225496044
1887.1725569942448
1575.4993856228464
1761.1505633122688
1858.878528494665
1477.6156042485175
1925.4995675865457
1666.3208045411056
1945.3784060454539
1950.8112326033097
1784.6647126500566
1898.643896846682
1922.0793918469542
2118.4548873158387
2264.8644127799557
1490.981324807752
1952.9463055133613
1968.7970707212517
2095.928968312575
1594.564840126263
1326.6718860522983
1649.3729269434455
1708.9908347569037
1887.600257236819
1478.4047004819665
1854.0091422351934
1575.4993856228464
1947.8292348630177
1935.4827162098718
1659.464858380009
1790.182608104062
1808.8741811703724
1859.7122215093843
1350.820548191354
1464.5727506240103
1310.1566197043921
1999.0150296968297
1651.0271231558334
1865.3592246598764
1895.555429050086
1433.4301197452444
1581.901274601749
1808.6541382724708
1852.0103047871053
2171.8756679554367
1883.7300287941662
1236.7569144134914
1620.3200126674617
1774.303808626439
1581.151344102196
1903.2853146379348
1439.2249923580941
1823.7981985536037
1116.6112203151008
1585.5194799346302
1987.724054451385
1482.7132153316572
1443.8319924620575
1685.9923185943637
1248.4252825756814
1373.1497813789174
1580.6451707561785
1525.231034383313
1718.040761850448
1958.9158274194206
1841.5549147984837
1515.91546883344
2035.0310870009444
1960.0005339722009
1871.4154406770085
1566.1068443732447
1403.7241970010639
2012.5613759293208
1540.083638341376
1423.550003135593
1547.486749394269
1606.1677020908446
1369.5401228323753
1928.499882579734
1943.463338618399
1896.6846587215557
2118.328950863159
1768.472042753662
1922.0793918469542
2170.7522363406983
2076.352441850753
2116.7285588048508
1900.6634100894435
1864.1548283702857
1653.4442052183483
2232.7691587925506
2118.328950863159
1658.9093458906775
1949.4124587029085
2098.3758416478886
2015.9900079506122
2066.807913288299
1947.285668074639
2253.8597280042254
1758.880035110693
2033.19906863941
1676.2648853029525
1983.6242446640547
1566.679624933451
1614.5727428601047
1668.2303340816964
1740.608804097176
1900.161385653637
1700.307699778784
2074.393087967625
1653.227881123786
1095.4061211553496
1494.7635434737902
1313.677146554942
1903.0247634357231
2011.2609296811167
1923.5671746771677
1767.9766342310302
1671.905574456233
1703.4905161839877
1464.702202890369
1371.7347070038622
1525.0050125432026
1610.085786720275
1620.3460825888153
1820.0000817308853
1796.9439692659262
1664.1488463073185
1667.453016101692
2043.6443034066058
1848.5292115198235
1870.1098753713088
1596.4507869223962
1889.8532633278703
1609.138819242461
1613.5523269067971
1510.327633151989
1725.07806274018
1894.5460528241329
2223.635108506781
1784.3734175106426
1850.8998267056922
1687.432232929695
1801.8395771201058
2070.080802034307
1529.6930488774367
2090.902849979839
2018.89648828117
1792.3234617397975
1900.089597860769
1769.9255313259255
2111.836501380874
2128.0983786856027
1842.5300919570936
2140.3828991622645
1941.470334568956
1446.802632021816
1362.9201708588382
1510.4883185428225
2010.238141190009
1781.6807583658483
1784.439954943177
1942.4564439503738
1809.7856274330968
1824.3553174518338
1798.605046880567
2144.3582424677566
1729.9282629369866
1605.2779093781166
2084.2657835844143
1436.9072608878214
2196.037828675564
1769.840996409009
1873.7074480426454
2102.607802598175
1706.0826259175008
2037.0004097971516
1902.1568271872045
1654.2098246497806
1976.0814231444094
2098.934772095023
1884.5803366819855
1957.7208429870234
2086.9913986479546
2010.275606789343
1867.1140128377492
1697.8742445034206
1972.1779328834343
1579.8684282726551
1969.6803166861837
2046.4556544433415
1604.9751096301495
2057.8984510452733
2170.851698422321
1892.972863322926
1695.8682102301761
1663.6385459162746
1825.047498868151
1989.6654575681234
1652.0578075480728
1810.8258202312445
1814.4157368450508
1852.9159491126138
1970.206031460385
1536.1333456466236
1787.5937899975786
1776.1762158877484
2160.2638725563106
1885.0425679350726
1857.6626677123586
1929.6954700649233
1987.174220062964
2045.539993870977
2149.91892539502
1860.0658535046502
1882.7233716925357
1412.3709547455855
1756.143567403703
1773.0627470893232
1796.6362336940622
2141.461710157801
1879.0351416951335
1890.3180514818625
1807.2195700859884
1997.4814491699437
1817.4144682168942
1746.6453440955956
1439.2377746997834
1733.335267641007
1483.9078273144721
1598.00214366133
1698.9715155634512
1831.507494703176
1656.676232620843
1630.6900557069873
1561.6835331014383
2110.745378198265
1739.3937153722393
1647.354270338852
1940.991510258972
1924.6049055383717
2039.0900280380774
1484.2009252900027
1958.8759064471353
1923.6632029319842
2116.7285588048508
1861.1966910695835
1207.0087687946434
1704.337337851726
1477.3286740048482
1772.0484834002816
1894.5548503867901
1861.407670533298
1719.502149788771
1916.5041733509597
1909.5144901888132
2123.2989796036372
2068.9225149774293
1731.969315316035
2080.486344455736
1667.656801534504
1966.9788204950748
1795.7988173036692
2023.0380046420078
1870.5707291771475
1792.8425252809175
1993.6419400507232
1565.0407496076868
1939.1492712114093
1804.079016174236
1944.4701581127904
1698.0649456401945
1619.6670874962622
1778.8764791624126
1543.684903800952
2087.4786529041844
1981.8603163216487
1837.5702171779878
1787.7059500569105
2209.5601794101194
1830.9163237377531
2036.2968611108263
1733.5043974318748
1818.952115494141
1705.2857072218096
1820.0933241270748
1679.5601966106276
1507.9589552406876
1754.3926018190566
1670.320036265325
1583.8631715402987
1610.0260637910258
1611.8549637791486
1520.8508471884022
1700.3801654724448
1599.8012367598305
1499.9163744046348
1712.54249518018
1403.1827676856553
1543.559073259574
2074.3986901912835
2059.5481340701704
1756.3869251560848
1997.3146899736628
2173.496116257854
2074.393087967625
2119.8814299809846
1711.490689181933
1543.8876204974774
1991.3497123564512
1465.2092329079917
1969.1214028588226
1711.2668973285029
1866.5223101788636
1563.5209120280015
1698.2630166638648
1691.8807634771704
1800.7088169326332
1692.687556017522
1731.5675230389882
1831.7407826267943
1763.731953408001
1904.8411726143343
2160.4461132855135
1652.166629864994
1714.6722915936214
1737.4407280251962
1592.5727596981822
1831.6491899681162
1838.3457209761254
1745.2860319430793
1722.760979723822
1394.2248383160338
1846.0612782156247
1945.3375868334672
1978.483152681354
1328.6367800985406
1615.5529417053592
1764.418690172614
1626.2853857447783
1547.755241058628
1577.26371512003
2003.4253713864846
1743.877747814396
1838.6600813320645
1829.8420849338893
1719.9287674113166
1939.1355991996477
1767.7860011652986
1720.38483399095
1633.6983597828737
1622.0593763015968
1848.7351900041065
1938.5124748234493
1676.9129590789087
1686.2919722989545
1841.4560294009286
1857.168332499126
1527.3442697722455
1784.6241179019514
1768.9975277291735
1880.809969933806
1692.5016944513802
1542.2374209344769
1857.3361497486767
1738.4801509736526
1660.3070425707492
1836.6926679349706
1684.0251116850523
1665.7874699023694
1787.7361476178548
1816.8670582646835
1686.201113972936
2023.0380046420078
2166.5162496502426
1669.7446556986436
1609.192085070965
2224.405248535475
1681.0344690526283
2035.719697514078
1947.724224113959
1830.220021643103
1840.9603491129956
1666.496654672732
1561.962867194991
1797.4775207372402
1482.1754966460012
1810.4419116321876
1663.952643697972
1785.9788969013377
2131.2807822507025
1767.8625737253908
2067.673953023473
1919.9574731509408
1842.6964514138192
1715.6376879128495
1969.9949531270497
1632.7222887223952
2013.4714255351364
1604.151770675956
1643.7902616965293
1678.0645590264128
1749.0932218145601
1422.8568728714138
1807.8312854846592
2042.7869939028124
1772.2476815214613
1623.435115707893
1608.1699141899344
1487.9718572862319
1587.4515136008358
1581.2360949309161
1759.9048503553631
1882.4795018632094
1507.0910410106933
1830.124183567167
1306.1142135300822
2143.408479917053
1797.6663571083416
1643.536836088103
1908.5560538189704
1615.8228899505173
2070.5966536606234
1831.4061354071791
1703.5128446808903
1663.734868335476
2016.3408823619748
1984.7794757215006
1972.707917325761
1958.0154907404637
1634.577975088787
1707.4829006286434
2013.3720834483183
1813.4805926397876
1509.9410787878796
1859.2336856032514
2049.0420678646224
2001.2302304199766
1661.6177205070064
1728.574831788161
1897.4182831479839
1740.8882398661701
1684.2197274615885
1832.8259013271042
1909.754660419634
1511.8312484881933
1883.1097541454703
1898.6364466318494
1662.6518700229406
1444.2529766848459
1963.5687363963305
2001.2302304199766
1904.3697990799665
1630.4356880127705
1628.9171760070983
1596.6731062996294
1644.884567878257
1667.6450420391975
1523.2794230518411
1452.7762988045254
1391.860760376397
1788.6029652326451
1771.535824717902
1904.1178324727598
2013.3703231441577
1880.360175425589
1797.2947303139172
1920.6686050920514
1882.7364161472678
2057.340603041938
1581.8513007403296
1790.6635193550474
1517.2068446516378
1551.368918596015
1574.5702885433684
1786.2620478011438
2141.461710157801
1742.2187514010557
1792.836899762252
2014.0909591904804
1800.5892634537156
1840.5562641647023
2098.02504330045
1472.6425643408259
2093.693789884846
2109.7771681424715
1739.3867200757652
1798.5774766127458
2087.778580840333
1928.2514380303153
2061.471926042294
1568.7243871004137
1993.3277336945175
2011.2341764986588
1728.5332209311034
1873.8626464573026
1857.523628411909
1909.426053416217
1960.76855453149
1809.1931826308103
2001.2720775643845
2118.60638259843
2118.60638259843
1954.1347791392236
1761.9131227708049
1826.578422287611
1987.8679466522399
1967.667252963666
1671.274288908309
1804.9751389497872
1868.2796552222308
1694.703177112596
1914.9628576670773
1696.6737177499335
1704.2985796337052
1735.9855302775804
2056.4471024543873
1699.3502166233266
1660.196860788936
1882.796541508728
1729.8009920886707
1529.484888110627
1533.6200195482443
1974.6218607877256
1768.4634154002517
1832.712005215779
1656.4374562612147
1474.6878674944908
1659.4411777817102
1613.3001629054088
1922.205154793588
1652.5093332162712
1617.1068275337966
1941.5801772108343
1727.6130238143285
2094.242351157144
1874.0834852923415
2002.096773722663
1756.7868323075306
1861.1519327890012
2046.4592036154065
1803.9041431082421
1690.6776270397274
1943.4758489920307
1821.245514166091
1852.298586982319
1865.1926423678788
1716.5606710235863
2096.0822989396997
1742.639446651657
1914.7018610832645
2045.0551754412575
1663.7045647809464
1774.9858752543241
1984.5031780201898
1895.9132863251332
1718.374498971959
1924.570854081808
1777.3049469568723
1877.5793086504775
1836.1915180645092
2146.1482770729817
1893.1494018480132
1955.750949670054
1852.8149060645312
2137.4608850382538
1886.314836351474
1921.5444654085534
1906.6663222982818
1814.2672956352853
1984.872074769664
1446.3244260772883
1800.20530426189
1717.3925959501685
1787.2924103829766
1913.8055127939072
1841.8229825509109
2214.4526776754574
1782.6360038864784
1951.4317626996587
1727.1561443156363
1542.9925271386082
1879.3737819567334
1944.0974058493157
1847.5214577052031
1747.0212266171147
1637.5230248686341
1772.7007184922404
1434.378457624591
1584.9466948770405
1673.1765221454498
1732.8832497968558
1654.7147795732133
2012.789905179521
1833.8119704457386
1626.1733417018975
1645.9237767036009
1642.0322327680979
1904.0306391552315
1537.2412143376225
1915.3605634737614
1931.7281084501674
1898.9073481830799
1738.248772984305
2011.6671443168198
2024.983707349965
1569.9877397187636
2001.2078919184814
1821.3490563064533
1950.5441890055301
1934.4129043465382
1900.879165879556
1858.3071602367334
1840.3268561854375
2045.5520534091936
1986.218822892116
1864.639926042609
1986.4200972934975
1656.210214620902
1955.750949670054
1979.3853816838011
1540.5050845064297
1608.423409788019
1710.5217990001977
2131.314323489608
1509.2452981382949
1429.95028978995
1783.7396522356642
1999.2139065851343
1999.6385424973653
1669.6665266952496
1975.9916458660425
1844.128624173967
1986.3652702823504
1631.22822094006
1751.2572750150239
1938.2215089363708
1620.6018176658165
1561.411488741274
1583.3006500622475
1533.3965162644408
1899.5433713628888
1555.9044508368006
1933.1791476814271
1555.6827760728245
1838.704966802602
1439.5578614038577
1468.6387989325149
1499.9145403038947
1947.7807050262911
1501.2012132968273
1878.9730589043168
1536.4010155233136
1824.4783229253542
1736.639187945693
1609.0163997256948
1973.0323366758703
1880.3327741601372
1762.7457259515734
2013.151603590496
1940.6474623354945
1415.0258790912358
1788.2373727029762
1639.0880243828367
1766.8948238295798
1602.0484846271765
1701.1762383020903
1559.441244515447
1741.9654572096645
1738.0687620943843
1643.6938662682267
1528.3062333232913
2033.2855994841939
1752.8699891751496
1671.432919025129
1758.2950925107405
1802.4265415833706
1816.6067508026015
2070.672312370319
1739.6928143723433
1520.117847449643
1620.9475555124757
1647.3190811890838
2094.900234570246
1536.790276354441
1906.918417593956
1620.0373322755065
1554.2202335372765
1627.1555884726492
1752.8349229221167
1714.0927217415801
1618.0486626388854
1928.3114845457476
1913.4785822389176
1657.4757578077804
1800.6130169242963
1163.2761162716974
1652.2512864875373
1624.7612099172811
1576.8062287595722
1796.8525662560266
1248.7943738836584
1670.0384425367656
1706.3451534786354
1830.3115650561979
1829.5382012378423
1648.0340761045402
1689.7541470963545
1433.1096494085534
1943.879030556271
1295.4998286861128
2097.5588067327344
1577.6700570335754
1754.4794892350849
1726.7686408504112
1223.8947996493805
1663.3787707219126
1897.7005298239012
1579.9467135719467
1333.0296533345834
1776.9631844159067
1180.2263957494852
1609.6032333514213
1950.5299032935952
2067.3707760602424
2125.554731136381
1493.8049643341974
1468.8690051754704
1621.1839228318313
1612.1568883274647
1744.6852283619917
1623.4082571177657
1409.5835726316134
1990.2363827440697
1912.7233872225236
2119.546596476343
1623.6653918006195
1461.6635452277635
1937.2101286226919
2140.230725487042
1451.8696707465135
1606.3592662123835
1821.0514847775587
2036.937657278838
1970.6768350914479
1888.685656739358
1926.2702151544875
2308.1705837225204
2025.2777101932297
2065.2306272385404
2213.0711703664197
1769.4580270103615
2055.9656048992606
1748.2214035868992
1655.0279028330897
2110.1676380508
2364.5273171435542
1989.2936154843517
1872.1044243714316
1693.8097319038695
1772.8295637291203
1692.7740143588255
1973.8530885426635
1428.4453373800998
1526.744819337803
1993.3279994641307
2088.438597922573
2113.787608035087
1711.5083708921154
1681.1217094750825
2090.5881415864287
1609.3503480861982
1874.6401219811971
1750.6747658233871
1819.0248907385612
2007.2299733646414
1568.8283108426128
1518.9427128404852
1714.2326670362952
1933.3747475947957
2174.3666886498404
1867.3977547882216
1775.6143852469568
1838.8084065212554
1784.57317282273
1754.3676793356565
2241.2262839878717
1735.4703704529175
1930.6214104547898
2072.3506385287583
2026.907205004646
1579.119113916399
1945.4053346781368
1644.0596346730226
1232.6784537427923
2051.964250329773
1653.8624643009925
1742.070033489009
1884.8711159677734
1509.4660300676217
1951.852061162037
1594.2167665608674
1940.8343189864327
1649.8068652699305
1693.1037022404046
1714.0119295232405
1774.4924533145575
1931.1078493980046
1951.2603904293267
1966.1587722733984
2114.202372825265
1603.790526163438
1857.5514313552258
1820.7883861401933
2114.1611146851596
1963.9749508194575
1810.6071057253096
1620.9170780771701
1766.965502923347
1820.1088782781164
1780.123264237947
1838.766429844624
1864.4614022135365
1800.4008274624066
1821.4713227160494
1635.947581631742
1528.0799898508355
2018.1003080367793
1840.2291780793294
1599.2120461457896
1574.76330056967
1642.2990586976564
1694.458629497418
1805.3222064344493
1870.2639474558746
1380.355755808632
1712.1574577204065
1510.7105936463577
1524.1657429975755
1666.5486030142158
1709.5461485241242
1821.2507080178184
1590.6045014473482
1540.8351622458486
1677.2367710436622
1741.0193675248202
1543.1915458087535
1777.6261262259104
1165.5326415003965
1603.764271351272
949.4623495941349
1386.1690896590028
1448.8570409588772
1654.3968323124927
1315.4240360428842
1634.8420708830047
1486.762317745317
1571.2926902232668
1201.7204146207116
1410.366078182283
1681.108940437789
1561.0820651774704
1319.8845047855764
1522.542877568894
1441.5879103945647
1567.7568338018589
1529.8750254041788
1565.2477015248232
1551.9719694311261
1568.707511877609
1897.5202574038085
1665.6028925235958
1598.9419652714507
1581.6607991774138
1214.9635961573015
1775.045266551736
1473.2402860856537
1611.6612736291415
1766.071904837356
1821.8784711499627
1734.8355656995361
1746.7247010457122
1674.9088490857318
1662.172985738922
1600.7773631796356
1655.4756488538767
1680.2075769492676
1759.6059515683035
1711.6022604016216
1481.761098532351
1822.6537759178336
1699.1358584026812
1835.2301897922562
1443.8990565406095
1553.143890526744
1872.772141278069
1679.3236519530562
1257.2859479286126
1440.3969355289466
1687.3794712759634
1819.2931663430525
1363.209872602916
1131.960715949571
1717.5782444454987
1368.5379749765632
1468.6995908534848
1404.7049594965317
1830.2100880663468
1756.3065922149399
1645.927321280781
1448.3728702317749
1647.7130698121764
1956.7842425331175
1742.6312952822336
1880.1182565984716
1432.5116049249125
1620.715192116333
1786.973497332011
1628.4157433787852
1909.2772074743045
1610.0788621799447
1763.306489327214
1465.6423988328124
1780.618815840041
1495.2334618874304
1655.5016498442812
1725.4168101082926
1388.452437143392
1653.294483157638
1228.943280300229
1544.7043239525321
1654.6534957366232
1572.558815694961
2202.726585554773
1311.8773080870967
1588.0957203930836
1502.13065982007
1740.1604329007903
1392.6542000683964
1293.4086836806844
1910.6564091586267
1332.825316259071
1290.7443650458772
1866.047039859227
1492.9055522458302
1118.4501886175237
1546.2827619350835
1255.6297311605742
1498.406951160431
1796.4400812693136
1154.8096375172272
1593.2920695227497
1587.45676396243
1627.2398074413907
1657.052460081193
1945.9875231876158
1954.618998852057
1878.115415534142
1622.2202131271931
2031.860632302961
2046.4104646826793
1595.6916003739027
2064.392633140237
1616.3644498899112
1674.9509497993988
1851.9399616498793
1628.4890922271832
1777.665501066589
1636.0946478489177
1915.5858700857768
2037.6451101241025
2268.9337367405046
1772.7071105151972
1583.6758803714438
1984.3715420084238
1865.8117929667244
1739.043919412544
2058.9331125806125
1550.7343122092489
1504.028213154101
2070.022206382167
2099.7613458609153
2020.891762288101
1386.2263756936034
1458.71002552809
1281.1808912960619
1694.214620945542
1615.1570262346238
2068.7958208961395
1665.0911532869266
2101.3230404470496
1683.7388334900836
1555.5555469576486
1390.1559831747209
2214.4526776754574
1748.4572991290377
1892.7362899455193
1579.9244609928867
1559.3859928892073
1611.33690256505
1839.5010349085433
1731.9253206902883
1826.1509558884738
1600.9253029195997
1288.002136122556
1733.0381524982638
1392.7708648133591
2048.214082529137
2045.4675264037567
1862.1677215011869
1997.929451870039
1936.0180223493687
1752.8874357030015
1749.7453666121194
1896.75101429019
2149.5405017540493
2020.9739300564268
1630.682954777476
2062.2069392113713
1822.2492463425626
1576.7687125539358
1805.3781644688552
1769.816617093786
1996.801722483294
1915.0951389856264
1998.3751900091036
1626.4472686835552
1810.345787707169
1964.733874413743
1792.3945074500496
2106.5791703644386
1896.7005127985196
1527.4611160000402
1776.9779896663185
1795.0394248355633
2180.3723265059584
1840.0248875090044
1885.916804842784
2027.5469878721308
1615.4982851532113
1490.9918013480883
1376.9223076466212
1840.478381757166
1807.5583161540487
1821.0702163875385
1974.1120733619694
1782.572380391568
1733.9315856808416
1937.021503225658
1514.7140377597752
1727.2487357014836
1705.905574382047
1580.9882336556284
1907.125791764632
1404.8081246728464
1456.778450250815
1073.4817123981484
1540.5733724264055
1644.2284192869654
1579.037790925718
1869.4095747964839
1638.3030886818196
1754.5227377162848
1742.4904692811613
1607.0234033821253
1942.3464230210404
2044.4620340198378
1677.9496727996739
1652.774995310021
1558.560057710553
1576.731780590247
1575.4870643181594
1751.5152437857723
1389.7139613327672
1680.848612358134
1673.905532203682
1620.5291212209584
1587.7890818175374
1417.870702497181
1822.5190599747627
1711.893437272891
1922.9896412085554
1505.502771595766
1873.3320128068237
1946.4486791137876
1783.6843896481416
1655.2056537081826
1857.6545740716172
1558.2262181911308
1650.3570071699912
1684.5154665564105
1659.0378187408562
1819.4581469315297
1252.8837246445619
1546.8915494535352
1646.525971298828
1702.6156664309863
1988.2633209514559
2042.9740159435853
1725.1105472138697
1852.446167160406
1515.7785942815462
1789.646434328504
1583.484466235596
1982.2877234452653
1613.4856176082128
1890.1225763301707
1613.0435264631942
1476.771637889303
1611.4543500517095
1374.6193449914417
1657.6147641401242
2041.3554506781445
1653.6194535553252
1946.0150997266292
1308.7398469648551
1686.7129516646173
1692.2516478547666
1846.4827453511045
1993.298333591237
1936.3088782715106
1197.3494632311204
1317.2856591335308
1325.3393093538293
1672.650545033597
1682.3070589490098
2085.663137696693
1871.794976417196
1848.2799633697516
1692.9424919254118
1618.4769631916781
1389.274345610684
1851.1571822934184
2039.8171950248613
1885.5848828283351
1766.4952265110308
1730.9782982337692
1436.0331442060763
1674.3800426322348
1740.658886871048
1218.2893809907189
1830.6855875234853
1878.2270314119494
2071.4802283387094
1697.832969228478
1733.4727457004776
1465.5203281960005
1804.4369898611665
1550.5190890083188
1807.4630701628087
1962.7728232103302
1948.9174806246745
1923.4615972173854
1667.213708306586
1852.5838379248962
2033.3399798915016
1898.7712140903266
1763.2226746352542
1945.2149653989593
1494.5830245430086
1741.0513326489647
2002.0279898094984
1865.571950250138
1859.5898598389756
1737.150865120062
1865.5115989308854
1324.3696523535025
1737.1685308933627
1595.9297633603373
1821.1940821893604
1389.548213366299
1378.4952861773954
1539.4661991458918
1381.5587895838937
1544.6876738608073
2016.3467990088602
2018.5331915162171
1794.7493313468522
1657.3339117655894
1958.9150874127433
1726.8838052489061
1919.965221685756
1882.543781273954
1925.8577980600483
1854.5653403128654
1849.1141715725842
1916.4775065647225
1931.2718798535418
1771.8880055445081
1675.3763837377476
1515.820503122404
1303.453555629365
1551.803783142717
1616.815866545254
1757.1668938988394
1470.197599435139
1255.6924473336933
1739.5660699937253
1813.5371560554715
1826.7624981869064
1784.6317498727292
1780.4855083175398
1502.677175405421
1628.3610956559876
1404.2189717509953
1788.102703838942
2068.745192788176
1912.6424452883414
1771.4166831445973
1878.7809805910847
1758.4283737393168
1713.1483757187846
1573.4763693375455
1657.1810235333867
1499.3021987132097
1821.577774188737
1900.1383231445895
1512.3399069176255
1497.725633976067
1772.5505154929854
1649.0119850069907
1814.3591726700254
1462.2849639592093
1587.7878905544069
1788.8445720155014
1696.0911950142824
1695.8507951661713
1643.346723841844
1612.1157234373266
1808.8727928333083
1668.3441060939342
1533.3679215537538
1835.1820367009086
2041.7464802941229
1772.6357016423908
1715.089909914255
1729.5631059450523
1981.1312194105894
1547.3244500799738
1886.4219856829006
1631.0091484374916
1949.7523496329484
2071.8922021437143
1794.020424211187
1630.6188666408887
1810.6259603305225
1717.0003659519016