186044.33599999992
177914.28900000002
171548.31899999993
178024.244
172859.989
195341.441
158615.51
157493.34500000003
183216.82699999993
173034.78999999998
183384.02200000003
175855.06100000002
187172.7999999999
183022.20599999992
208988.4999999999
189212.57500000004
170890.847
197404.74199999994
174994.15499999994
200650.08699999994
183148.091
186396.64299999995
184163.612
209930.12999999995
174949.89999999994
180292.84299999994
190073.882
195679.54299999998
196428.27599999998
189090.537
211817.41099999996
176887.50399999993
213839.86199999994
188294.20900000003
190473.206
211840.9839999999
187053.16100000005
208000.62699999995
194179.22500000003
192313.70299999995
209797.59199999992
211764.2499999999
221033.9790000001
189118.8660000001
226323.0290000001
210662.47699999996
197413.4779999999
193448.275
218245.01999999987
189136.14399999988
204249.36199999988
201636.05499999993
213842.21099999984
209775.738
203754.06700000013
183238.76499999993
192237.1469999999
218048.0959999999
229258.09100000004
189016.5610000001
185116.05399999995
199581.57800000004
198315.0689999999
215007.0949999998
220220.26499999987
193289.4029999999
209766.68699999992
193275.5579999999
207647.00699999995
195096.78
206556.559
188257.60099999994
177803.2939999999
209789.1799999999
211845.15199999994
196463.894
185994.24900000007
205530.44900000005
205724.66099999973
192015.06700000004
150915.05999999997
194024.10899999994
213693.88299999994
165662.03400000004
181991.0799999999
176921.3449999999
167749.22700000004
205872.534
179984.33499999988
165580.35600000006
195079.58700000003
199466.468
169749.08500000002
185066.37300000005
174822.209
175565.28799999988
180549.9039999998
194168.58699999994
192158.14099999995
186208.36399999988
199336.50999999978
151200.71099999998
182840.809
169897.95799999993
169689.39899999992
140836.37099999996
138557.41700000002
207617.7330000001
179835.0099999999
189070.35600000003
205796.82799999986
226341.4429999999
190139.6779999998
154145.73700000002
203463.74899999992
199181.2119999999
151758.77300000007
141657.59599999996
154401.7029999999
123498.86600000002
185035.4220000001
133143.796
164362.12000000005
171553.34800000006
160159.94499999992
232231.89200000025
182772.98500000004
201210.15999999997
134401.02899999998
129086.86499999998
185596.60400000002
106467.09899999997
130238.54500000001
183099.77299999975
210678.77299999975
165175.33500000002
123406.61900000002
147623.80100000004
162688.39599999986
131527.45500000002
156217.37600000005
172508.09099999984
158898.82400000005
205761.60400000008
202064.38000000003
172403.78499999995
109375.51100000001
105497.05099999999
140471.54
110616.45400000001
163997.67899999983
143735.918
145394.51899999994
145895.59399999995
126649.09499999997
129494.99700000003
130345.61599999995
137121.27999999997
117713.077
189070.63300000006
135961.66000000003
141673.91400000005
131538.09300000005
99389.39799999994
169159.50200000018
120511.98400000001
122885.04499999995
168279.7589999999
150317.45400000009
156008.06599999996
174703.789
150616.18199999994
143881.924
121028.75899999992
123918.07699999998
86582.75199999996
175205.76199999976
175367.96499999982
111561.254
140196.968
113002.70799999996
149927.28899999996
157647.39099999986
148135.66499999998
156509.84299999985
142194.40399999992
98923.44000000005
114807.82200000006
98341.19100000002
59854.21199999998
116197.78299999994
154479.77499999994
60980.82800000001
118932.48400000003
107079.06400000003
164191.36900000012
55755.882999999994
97842.45000000003
88978.427
118821.86200000008
189088.42900000027
169542.36099999992
91727.74099999995
150606.3429999999
98930.68699999995
74415.21199999997
108730.08799999997
131426.919
90593.58099999995
75081.35699999999
124798.99600000001
118640.53600000002
79743.07200000001
92600.00500000003
152419.33699999997
90873.29
109209.40700000005
96915.28800000004
145683.98800000007
47487.235999999975
121393.11699999995
112478.274
120891.67699999994
91647.06500000002
148203.81199999992
169974.0370000001
104047.06299999995
104047.06299999995
139017.64699999994
123458.83099999999
140185.25999999992
155995.39300000004
111176.47599999994
161834.6560000001
98870.59199999995
144019.78299999997
141408.955
90525.34000000003
111933.67299999994
98978.28199999995
83558.18299999999
92482.35400000004
114317.64900000005
95558.82500000003
114044.12000000004
95747.06500000003
98536.03099999994
86376.47199999995
118570.49699999996
175829.41699999978
109488.23999999999
125882.35199999994
117577.73699999995
136338.82000000007
112217.65699999993
145749.6929999999
109638.87799999994
155407.06500000006
128038.74399999989
134391.67599999992
116135.29700000004
72122.52500000001
127879.242
64994.118999999984
138191.77199999994
117329.41799999996
83111.77299999996
95417.65700000002
89382.35500000003
67008.01499999998
55394.12399999999
208189.84299999996
111474.0329999999
105319.28499999993
118820.58799999997
80530.495
64052.668999999994
81457.82000000004
120125.97699999988
52347.06299999998
109263.70900000005
141034.29800000004
73014.39199999998
68062.44499999998
145158.825
124015.21199999991
117853.44699999994
142450.50199999995
178130.8149999998
205246.58499999996
143257.822
78408.68599999997
143594.0769999999
110247.34399999997
166342.35199999998
139180.54899999997
101711.77299999996
102315.21199999993
146611.72499999983
87555.47299999998
125598.32499999994
172729.41699999978
99787.69900000005
106250.31700000001
90059.32799999994
103574.03299999994
201127.1519999999
126417.65700000005
121012.26599999996
93130.681
110923.05499999992
113933.53199999995
105569.23899999999
75587.236
128915.38500000007
102597.73000000001
103447.056
92670.59199999999
129682.35199999996
157879.91700000007
154662.27699999989
172384.98300000007
122548.33000000007
138958.825
100034.749
76401.265
165627.74199999997
168681.5450000002
166635.30199999988
125699.46099999995
117341.17699999994
128104.434
109470.59400000003
131871.48999999993
77170.59199999999
139044.11599999995
142615.20600000006
172873.53299999988
172873.53299999988
161104.8659999999
134368.1529999999
170918.9169999999
130687.26400000007
105011.13900000004
147240.363
114252.94500000008
121552.94500000007
89667.648
169723.53700000021
119341.18500000007
130315.21199999991
99338.73999999993
139385.80000000008
171913.03399999984
142058.823
89664.70200000002
100111.76000000001
156709.49999999997
132979.54900000003
138958.825
147240.363
88683.48500000002
106252.84600000002
114229.41500000002
183362.26400000005
154634.97500000006
194635.79099999985
129700.00400000004
139376.98000000004
104523.94299999993
151358.8229999999
149509.41000000003
81585.79299999999
124965.83200000004
137200.81000000008
152466.6469999999
127793.66100000004
152416.64800000002
173208.49699999986
118540.17300000007
106234.83500000004
164769.58999999994
141031.36200000008
133825.49200000006
99034.74900000001
132823.4400000001
117282.36100000008
138817.6570000001
156606.06400000007
138144.79499999998
161669.96100000013
107241.85700000003
92064.398
125738.91700000007
109132.36000000006
117302.94900000007
136086.78700000007
88850.676
191838.7399999998
140958.73700000002
171390.0479999999
120265.87999999995
130827.78299999995
182029.41699999975
105164.702
122822.52500000007
118601.93700000006
150297.061
194429.41699999987
116742.07899999998
137252.94500000007
119544.12200000006
120452.94500000008
119965.45400000001
103112.225
139538.73499999993
113082.85799999993
133385.79299999995
130188.73799999995
186962.27700000018
124015.21199999993
176338.7469999998
170138.74699999983
134129.41500000007
88044.402
136054.66999999995
167036.56799999988
124422.99800000007
142100.00800000006
132617.65700000004
163664.70699999982
117479.409
158517.10800000007
185150.00500000003
135858.82500000007
160555.8850000001
120382.36100000008
103141.17300000001
151276.473
135711.50200000004
172038.2919999999
125146.563
163962.27700000012
146496.30099999998
112376.92999999995
151549.86499999985
165343.6169999999
178471.7730000002
166673.533
168892.57699999993
137120.4530000001
110693.11500000006
67096.244
120282.31699999994
166288.7359999999
121056.37999999995
126108.416
131147.057
138655.347
112884.79499999994
163126.97200000004
177467.61200000008
102494.61899999993
160489.95700000008
162700.73600000015
146258.825
110026.97399999993
105750.49999999994
101456.38799999995
64994.119
161262.27000000002
176056.7460000002
115355.47799999996
140411.40699999998
145621.09199999995
164162.26700000005
166616.29899999982
103157.839
134958.82500000007
178988.2420000001
141917.657
136025.49200000006
190352.94700000001
150338.237
165171.8560000001
102017.64400000001
132082.351
150377.73700000005
137007.843
157394.11999999985
161513.7339999999
138958.825
196494.03200000004
140497.56699999992
173426.97199999975
182029.41700000013
151241.1780000001
177521.0950000001
189296.08400000012
182656.3850000001
148105.89199999996
145182.35199999998
185164.71100000013
150264.61699999997
144982.36099999998
123411.77299999999
117305.88900000001
149264.70900000006
157417.6520000001
160423.53700000016
151236.02799999993
144234.4789999999
181281.62699999992
185176.47500000012
143017.65699999998
137813.04200000002
111179.41700000004
94714.71200000003
138900.006
123592.77900000008
128846.42000000003
181425.92699999982
114276.47500000006
172873.53299999988
95976.375
147254.21
98835.30000000005
115311.14100000008
120400.00700000003
196510.95500000016
172811.77200000017
142928.88100000005
108044.12500000003
175350.5120000001
171073.71300000005
154402.9429999999
120618.79100000001
138134.48100000006
120547.05700000002
196529.41700000016
154760.69599999994
150418.11100000006
167735.3020000002
155371.4990000001
138992.45200000002
122527.74200000009
98835.30000000005
200158.352
128174.03599999996
191779.92199999996
171021.9120000001
169801.96900000016
128816.83900000005
132842.04400000002
123944.62599999992
145538.74299999996
158764.35700000013
172874.397
139303.45099999994
186819.00899999987
145574.03399999999
161015.2120000001
126179.91299999991
165123.0570000001
179426.9819999998
168664.6220000001
126500.009
99889.82800000002
135823.44799999997
146310.95700000008
132972.31400000004
182472.77100000018
127021.0959999999
145585.79699999996
142509.32699999996
155952.46399999995
188656.39200000017
124062.26599999992
167138.46999999988
160487.42700000005
160493.58200000017
162854.5820000001
178420.2849999999
161483.537
118325.49800000002
138823.53799999997
130694.12500000001
141917.65700000004
162932.05000000013
160982.57499999992
89570.59199999998
169688.2419999999
144070.59499999997
152270.5069999999
135717.65699999995
165861.82200000004
174326.9820000002
172360.8819999999
168809.05700000006
169700.00700000004
188656.39200000017
150790.86500000002
138805.892
157335.30199999988
162535.302
139817.11599999995
129517.657
87570.59199999998
91635.20699999998
93670.05199999998
98752.94699999997
167268.1480000001
146117.65699999998
147105.89199999993
140901.27699999994
135717.657
166611.77199999985
129779.70099999996
157332.35999999993
135717.657
150227.743
87547.06299999998
129558.833
157335.30199999988
95813.72999999998
92670.59199999998
156561.82200000004
114311.22299999995
142940.64599999995
113128.33799999996
148082.3619999999
162518.92199999987
148047.06699999992
83370.59199999998
156318.92199999996
165062.27700000006
137374.03799999994
148721.092
154815.21399999995
168138.74700000006
86458.82699999998
170159.33500000005
151721.09400000007
157832.86199999996
144526.97999999998
160885.80599999987
86447.063
89547.06299999998
100841.09099999997
154235.3019999999
142424.03899999996
154826.97799999994
92670.59199999998
95758.82699999998
158458.42499999996
128615.98200000002
132617.65700000004
157762.27700000012
110094.03299999997
137908.42700000003
163962.2770000001
136777.657
159429.05699999988
146538.29000000004
146088.05999999997
135130.644
124546.08600000002
154721.09900000007
148208.42699999997
141908.831
145036.02800000002
143274.44500000004
173203.45199999982
123532.64800000002
163048.01100000006
140483.84299999994
107183.33599999995
166083.21500000014
148532.8640000001
139988.241
111123.53700000003
157782.86499999993
134217.6149999999
138456.38699999993
165102.90800000005
120394.12099999997
145594.6229999999
179391.68700000003
139432.85699999993
191768.15699999998
146644.62300000002
174303.45200000008
149685.25900000002
176338.74699999983
173297.02800000008
187679.922
105176.47599999997
99070.59199999996
145703.45100000003
138591.59199999995
161156.39299999995
143632.85699999996
148785.79899999994
135917.657
152240.36999999994
151844.62800000006
186881.8839999998
167090.33200000005
92588.23999999996
145465.21700000003
143470.11799999996
134397.5629999999
182521.098
175340.8699999998
174317.61500000002
156885.80100000004
149186.214
157790.065
157731.24399999995
139319.47499999995
136284.17899999995
152289.1539999999
147096.71299999996
126505.89000000001
88570.59199999998
86458.82699999999
157332.3599999999
129144.6219999999
167226.9719999998
197941.68299999993
204094.6249999999
157903.44299999985
129517.65699999999
157461.76599999986
161637.23599999986
207863.1709999997
178069.95399999977
134373.57899999988
147258.8229999999
173863.7299999998
179242.3609999999
156029.91199999992
175917.65099999978
138958.82299999997
155411.2249999999
135876.46999999994
159669.13699999984
151188.2379999999
154326.4729999999
160494.11999999988
95700.00499999998
175894.84899999978
163570.59099999984
101900.00199999996
95711.76799999998
173920.59199999983
162614.70799999984
160485.29699999987
178027.74199999982
169029.4609999998
184473.57999999978
157651.7229999999
160751.72299999988
165790.36599999986
160988.73799999984
184486.2069999998
178241.22799999983
184358.8759999998
169005.3579999998
193510.95699999976
175923.53299999982
168746.11599999986
166632.35699999987
171786.56599999985
172944.12099999984
151289.50599999994
138897.05999999997
145091.17799999996
172800.00399999984
158631.5419999999
146302.12899999996
147163.03399999996
147151.26899999994
153425.65999999995
160497.06199999992
161594.12099999993
141947.06099999996
162655.07299999992
155343.71499999994
180170.45299999983
180106.34199999983
141914.709
162642.7159999999
155519.23799999995
164625.4739999999
144994.12099999998
152371.04599999994
175014.02999999985
107897.067
159542.71599999993
117200.00600000002
163758.68899999993
161525.47399999993
147086.69999999998
152373.39499999996
170895.6559999999
125452.94600000004
163625.47399999993
169779.68299999987
114017.65700000002
122380.68400000004
152295.43500000003
141912.49500000002
138954.66900000005
155673.85500000016
69965.97699999998
119267.65300000002
123352.94600000004
131561.40700000004
150189.20199999996
132629.41600000006
152301.94499999998
115166.67300000002
70970.59199999999
164973.03899999993
133747.51500000004
171228.919
107923.53600000002
155396.78899999996
165985.612
160658.68899999995
165933.07900000003
126588.23800000006
124655.88600000007
104873.53500000003
128582.99200000007
154362.03499999997
159667.10499999998
119394.98400000003
168278.91799999998
166170.73000000013
146281.35800000004
167446.56199999998
162033.81999999992
160032.31200000006
199314.21799999994
167384.80099999998
105963.73100000001
174564.21100000007
167156.201
147346.065
174558.6010000001
177352.44700000004
111026.47500000003
145468.15300000008
174314.21100000004
120276.47300000007
143278.5150000001
155452.80499999996
125471.85800000007
159940.68599999996
136188.74100000007
145424.0350000001
165087.74
121400.00300000006
111002.94500000004
121399.59600000005
97602.85500000004
144446.74900000007
85267.564
176304.16800000006
153715.02799999993
196941.495
156482.62299999996
188441.44699999996
189772.7670000001
176468.1510000001
89382.36099999999
164091.68300000002
182464.1659999999
193670.33199999994
172324.30099999992
173157.88100000008
167204.304
147598.47099999996
97646.976
175464.39500000002
177579.91499999998
176343.49000000005
70970.59199999999
167235.79699999996
161065.615
159912.10100000002
168086.61100000006
162049.5039999999
198984.34799999982
178704.90499999985
133841.90400000004
188890.86199999996
133234.72599999994
183702.44899999988
171198.6499999999
160840.23299999995
147432.62600000005
171449.50299999985
161024.035
156923.67299999998
169233.99000000008
173397.562
107177.65999999996
185582.53999999992
196926.29399999994
193008.32799999998
179521.40800000008
139389.23500000002
120835.79799999995
133197.56099999996
174467.14999999994
172391.68100000004
164122.674
118729.37499999993
121997.55999999994
130126.97299999998
122906.38799999999
146613.857
181649.91199999992
179484.12099999998
120928.84299999998
182513.75699999993
170436.92399999994
166115.024
169272.58200000005
88480.68600000002
117264.70900000008
175390.769
173231.03899999996
136620.767
104311.45899999994
137358.14799999996
149426.37800000003
180705.38499999986
178362.80699999997
162907.2410000001
158714.20599999995
106434.17299999995
142483.98799999995
162741.44800000003
162146.69999999995
150819.73300000004
149702.58099999998
125158.91599999997
49600.0
195095.7479999999
173178.468
134024.25600000005
161917.1499999999
136310.473
182893.5769999999
99084.94199999998
181736.1109999999
108478.19999999998
131150.99600000004
177983.25799999997
134332.72199999995
131318.64499999996
179919.415
148931.809
172574.97900000002
130376.658
140836.29199999996
149986.423
127157.86999999997
137407.87399999998
137324.65900000004
127062.89200000002
70545.941
167477.74099999995
107562.45099999996
138607.06499999994
154013.66199999998
142404.345
94883.39800000002
131993.57900000009
171068.96299999996
141684.79899999997
120332.35600000007
141048.59900000002
151483.48900000006
130179.646
143628.919
93811.41099999998
181627.6509999999
173940.72600000002
157879.92099999997
157912.27199999997
144038.96000000002
100745.39000000003
175372.58700000003
171146.11499999996
136089.37000000005
172392.3559999999
188805.794
82244.122
125868.15599999994
120865.20799999996
190914.30299999993
179119.77399999998
192484.29899999988
110100.50400000002
163747.96800000005
168292.75699999993
140418.82399999994
161138.10599999997
117782.85599999994
164150.81899999996
163184.80399999995
173278.46199999997
126994.61999999994
106458.7859999999
167147.0219999999
171041.04099999997
191775.5209999999
181764.20899999986
155861.26799999987
184461.22399999993
177640.6769999998
143525.9719999999
192490.18099999995
183285.65599999996
166835.566
176224.98199999996
182264.97699999998
183222.53499999995
194979.32299999983
150289.638
178104.18
181295.65499999997
165987.96399999992
125670.05100000005
146101.944
180663.85099999994
168160.40799999994
147881.8529999999
172947.33400000003
134866.24300000005
137206.604
188421.58899999995
154645.248
180699.9089999999
183240.18099999998
170218.32699999993
131264.213
180723.03099999984
133074.301
117449.05300000006
134301.909
171378.91499999986
171481.85399999985
161023.44299999997
148416.749
180447.78199999995
141196.514
172187.69099999996
173438.14399999988
138415.88299999994
115843.44199999994
146575.97299999985
134228.9339999999
157082.30899999992
168071.90599999996
122521.76600000005
143467.10899999994
187852.85099999988
171211.21999999997
178472.57899999994
178337.69199999998
161820.451
159772.75900000002
155529.00600000002
165149.50099999981
153923.36499999996
158967.41999999993
161930.72799999994
152599.73300000004
158684.12099999998
161729.77199999994
175320.1339999999
169286.57599999994
162891.73300000004
158618.28000000006
174037.23700000005
183775.97399999987
181434.74999999994
167146.471
133982.22100000008
164888.82799999998
212211.2239999998
155777.78599999996
141308.56499999994
175494.02699999989
158664.56799999997
191884.72299999988
175581.3139999999
194658.23899999994
168029.27199999997
180573.0299999999
182712.40099999987
166310.2749999999
126892.07800000007
149509.14099999997
189649.41599999988
139003.20900000003
179371.766
165863.30300000004
153540.17900000006
150585.02199999997
132941.44700000004
146376.74100000004
137059.54500000004
173056.15099999998
160688.77700000006
164171.08999999997
194621.14699999988
166238.7389999999
145347.325
168975.52099999992
161666.97199999995
159736.82999999996
169953.21
163800.26899999997
177125.472
151488.101
155572.52899999998
156691.98599999995
177224.251
167239.2509999999
164998.32599999994
143356.148
154566.648
163757.28300000002
167982.62199999992
163970.046
201734.29899999988
158637.23599999998
109184.297
158745.07799999995
157611.67500000002
146293.118
167875.47199999998
192496.06299999988
159770.947
152638.09399999987
161855.7429999999
181202.03499999986
127881.85000000006
114483.98000000005
189396.06299999988
185331.3579999999
119901.17899999993
187290.8169999999
163846.058
181265.66899999997
183275.47299999997
204072.58099999977
151506.149
152397.96600000004
161561.58799999993
185278.5979999999
185295.52099999998
172952.12699999992
181193.21199999982
175067.96299999987
184325.66199999987
172952.4479999999
178149.19199999992
185496.69899999982
171019.4149999999
184254.97799999994
170914.03099999987
142060.954
156836.3969999999
177277.56099999984
127043.76599999996
185509.77999999977
167001.63099999994
166823.8019999999
182233.40999999992
170851.85999999996
178104.9769999999
127725.4760000001
157536.92299999995
175113.70899999994
176148.46399999986
184402.49599999984
185354.5709999999
175056.65599999993
167926.92899999992
163736.15899999996
173210.95599999992
184272.62399999998
178135.47999999986
180267.91899999994
169975.61399999997
153460.63700000002
148228.87199999997
166867.1699999999
150266.92900000003
167843.44199999995
192451.58799999993
178078.77899999998
200804.0739999998
179097.8769999999
187390.63499999992
169793.12699999998
155393.941
181251.94599999994
183196.3369999999
178026.11199999994
161665.11699999994
155479.00799999997
156408.73799999992
167764.2559999999
177078.8719999999
162585.20799999998
172882.08499999988
159635.93199999997
161552.7649999999
172926.29299999992
181438.55199999997
157602.764
182410.951
169958.82899999988
177245.3909999999
182453.20099999988
162602.854
156443.75899999993
178068.6329999999
161688.73699999996
168821.57399999988
168873.2469999999
162702.07199999996
158499.0249999999
166776.02099999998
159545.389
167763.6249999999
172864.4389999999
158543.7159999999
147152.85599999997
163660.50099999993
161578.43699999995
182305.88799999983
165741.58699999997
164710.95399999997
159558.46299999996
198858.9909999998
180423.03199999995
148185.29899999997
161627.74299999993
147210.095
152426.20099999997
161601.18099999998
165791.46799999996
164757.56500000003
143126.475
142026.475
158471.73099999997
134912.62700000007
167789.19599999994
125613.44500000007
151308.555
173168.4639999999
124614.71100000005
155700.32400000002
137984.66200000004
130784.57200000007
156524.77699999997
152733.58700000003
139069.82200000004
155505.61299999998
157545.61299999995
159796.15499999997
139128.87000000008
149287.877
154370.321
142083.44300000003
135935.09000000008
143153.983
158613.03499999997
151385.97400000002
145132.35600000003
140137.33600000007
148422.72000000006
204261.22299999988
168840.5429999999
188619.85699999987
160555.6139999999
148264.16400000002
153493.44399999996
203076.01999999984
200975.6559999999
206189.72999999986
199978.05999999988
122552.03900000009
136969.86500000008
150328.14800000002
185575.83999999997
176546.79200000002
181546.56199999998
169346.70200000008
153399.63899999997
206221.22299999988
203040.63499999986
199942.39899999983
181509.14299999992
192589.50099999984
182353.39099999983
150276.383
188446.0619999999
118457.83000000007
181105.16399999984
165743.485
185281.53799999988
175086.25799999994
188439.36399999988
175952.9449999999
190483.84799999985
174035.29599999994
149270.40899999999
186364.16399999987
179180.86199999994
179052.6719999999
189648.05599999987
166749.7299999999
158569.868
172078.44899999994
165725.02699999994
179290.31499999992
140234.84400000004
174205.15799999985
127759.91400000005
179325.92799999993
189677.2879999998
153633.351
180178.5109999999
172943.57499999995
153429.612
176022.9869999999
116345.39100000002
175987.9659999999
180268.55399999992
104005.52500000007
177037.7839999999
190411.13199999987
139961.58900000004
179128.91799999986
178144.89099999983
186307.15399999986
127720.18500000004
179119.2479999999
163617.65099999993
154379.41499999998
143067.11000000002
163635.29699999996
151308.826
168779.3239999999
145114.71000000002
168810.09399999995
153382.357
178191.4939999999
166714.70899999997
185279.91199999987
168796.24699999992
183304.98199999984
175007.87999999992
175952.9449999999
188399.18899999984
172873.5329999999
190460.78899999982
179123.53299999988
187430.8359999999
144232.359
183458.73599999983
163750.00399999996
155561.67899999995
145264.70900000003
150529.01
193452.94599999982
174973.5329999999
156470.59199999998
193831.99799999982
187541.22799999986
184344.12099999984
176043.1409999999
192476.47499999983
151575.13499999995
160529.41599999994
186277.78599999985
186314.70999999985
191491.18099999984
185332.35699999987
188411.76899999988
158592.446
184211.76899999988
182199.02399999992
188658.73599999995
207072.99399999983
201981.95099999988
158649.91399999996
153382.357
171019.77699999997
214347.79099999985
199852.13099999988
174130.682
195941.22799999983
192080.32499999987
206294.57599999986
178393.14199999993
202118.5119999999
199296.70299999986
169271.04899999997
177386.16099999996
179448.329
196914.30299999984
189628.5999999999
203100.00399999984
196900.00399999987
192833.21699999983
185470.18499999994
187652.9479999999
193575.66199999987
195543.71599999987
195517.56099999984
191352.94599999982
155573.98899999994
179305.4789999999
162651.26999999996
190620.6399999999
187237.15899999993
178442.03999999992
183746.29599999986
210627.38299999983
142285.75200000004
177073.5329999999
193572.7209999998
191615.79999999987
185573.17399999988
185473.12599999987
192752.94499999983
160860.099
108205.88900000002
208277.3359999998
192835.58499999988
151317.64900000003
199881.54199999984
187690.77299999996
206151.1809999999
194848.32999999987
189673.53299999988
145123.53300000002
115482.35900000004
109218.63500000004
199175.2539999999
199129.37199999986
199172.3129999999
192832.23699999988
181858.06099999996
163347.56600000002
182853.85299999994
176324.79999999996
194845.5419999999
177358.826
177288.24099999992
180373.53499999995
173233.62499999997
186555.88799999992
195841.17999999985
197942.4469999999
188664.61799999993
198917.6509999999
186704.21099999992
195844.1209999999
211229.41699999978
198900.00399999984
142343.31100000005
137182.36100000003
186550.00599999994
183482.35799999995
195805.8879999999
196941.17999999988
195826.47499999992
183447.06599999993
152594.12499999997
198900.00399999987
194819.77699999989
143385.30000000005
117488.24000000006
195832.35699999987
198911.76899999983
198923.53299999988
193597.06299999985
198911.76899999983
199900.00399999984
183505.88599999994
192752.9449999999
164994.12199999997
154718.92100000006
201991.18099999984
184494.12099999993
180435.29699999993
187435.29799999986
186594.1209999999
119442.44900000004
131780.73600000003
130740.63900000007
105081.27800000003
123590.10000000006
187694.12099999993
180493.6449999999
180427.79299999998
188628.33399999992
196861.2279999999
147468.97100000005
172159.16899999997
188610.68699999986
151673.17900000006
194733.58599999986
187562.81399999987
193770.0509999999
223931.99899999992
182451.2309999999
174227.792
197869.51099999988
183460.1459999999
175263.08799999993
156717.839
136223.18100000004
124564.16900000005
180430.73399999994
185504.17299999986
183556.65599999984
137233.677
187584.7569999999
171186.61599999992
171192.49799999993
199275.35400000008
198339.08000000005
174266.02799999985
199378.29500000004
184691.14200000008
163293.22300000014
176356.39000000004
112246.15800000004
121475.93400000004
182629.37800000008
151774.03500000012
175738.74000000017
123541.18000000005
126629.41500000004
164362.27000000016
136437.928
179506.38800000012
170200.50700000007
123541.18000000005
193216.86700000014
175733.8520000002
175462.353
127093.72700000006
103147.06500000003
123821.26900000001
174678.6340000001
108100.00500000005
145397.06200000006
126963.085
134267.614
154862.27000000016
145571.09600000008
138477.958
142497.56500000006
168276.97600000017
148685.8000000001
152874.03500000012
151774.03500000012
143532.31900000005
154899.69100000008
167162.26900000012
164091.68200000015
161259.1620000001
154144.0830000001
174503.44500000004
136305.70500000005
176603.44500000004
174750.50500000015
136260.09500000003
177838.74000000008
176503.44600000005
148769.1330000001
172560.31100000002
178803.44499999995
169303.44499999992
153796.6550000001
181755.74499999994
200756.08200000002
181760.36000000002
182621.09300000008
186996.02100000012
175529.59700000004
193189.41300000003
161016.83500000002
183019.9590000001
193332.53800000006
169258.27999999994
155834.75300000003
182793.5739999999
135152.40500000003
185908.05199999982
147750.317
216921.406
192100.49999999977
195090.22900000002
197224.708
180770.85799999998
155741.179
198130.08899999992
191991.85299999997
176732.5520000001
190956.15599999993
209554.93599999996
183566.243
183641.90100000004
173367.916
174470.04399999997
194930.08899999995
196094.29799999992
185744.84200000003
195239.41500000007
176478.82400000008
179683.88899999997
194916.2439999999
187742.71399999998
185743.849
196279.72900000008
175523.6789999999
172294.38900000002
190956.20000000004
186763.30199999997
187768.64399999997
197183.53200000006
183572.76700000002
181742.35700000013
191065.34600000002
202424.70800000004
181496.382
183771.2730000001
171336.01900000012
176448.42200000005
208668.95899999997
181619.18600000005
191890.63399999982
191949.00199999998
166094.67600000006
183637.4659999999
186810.63300000006
183714.30400000006
190709.7669999999
178353.8859999999
140420.722
184634.15799999994
174249.27099999998
156581.3559999999
172186.23900000003
181555.47199999995
196277.01199999996
199290.94900000002
190033.03300000002
167397.657
187688.15599999993
167187.57200000004
220902.583
184413.93599999987
200042.98099999988
193012.03400000004
189759.4509999999
180484.339
182489.99299999993
185842.35400000002
188822.531
182620.326
194151.263
161032.93800000002
165197.693
179601.45100000006
207571.039
187916.05999999988
187788.456
185741.26400000002
149780.95000000004
198261.808
201406.06000000006
177703.75499999986
177714.79199999987
183603.43599999993
183950.8630000001
170469.77300000016
134349.50500000003
177428.91299999997
183726.243
143570.73000000004
180677.1019999999
171653.93300000014
193125.29400000002
184056.19900000008
182820.18000000005
182839.23099999974
170382.8069999998
158386.01999999987
174529.00499999986
192251.76100000006
185872.34900000007
165459.45600000006
165270.81599999996
146537.82700000005
186782.48199999996
190002.93899999995
173440.545
171477.78399999999
188911.553
181851.17700000008
187920.40800000005
200418.643
187908.86700000003
186737.601
183877.55700000003
194107.012
208604.299
180840.63099999988
185872.7179999999
165096.9240000001
186859.04999999993
184876.2900000001
202553.31100000002
195367.15000000005
201470.68500000003
184792.58200000005
182715.56800000006
187842.49699999986
193155.439
191023.086
169405.44099999996
190902.36599999995
173557.40099999995
166380.5889999998
189033.53900000002
177481.22700000004
152892.17800000004
172576.09600000008
181761.30099999992
188002.16900000008
120815.21299999997
194063.93099999998
176383.48299999992
192071.77500000008
190883.26400000002
174580.99499999997
184779.59700000004
197029.33000000002
182665.43000000005
183806.835
183802.48899999988
186905.7490000001
182656.515
131176.52299999996
207282.68000000005
201302.40600000013
181799.00600000002
187902.3509999998
189848.599
214801.63000000006
174630.49799999993
210599.64599999992
211892.35499999984
215519.87900000022
223817.91900000002
196870.58900000012
212371.22500000012
171039.095
186607.61700000014
202048.60100000014
185637.74600000025
175371.49900000016
184861.6339999999
149658.924
160083.53600000005
206226.16200000004
170387.6059999999
182555.66300000003
200066.49099999998
185651.49500000002
203252.19400000005
192883.44500000012
183517.74300000016
192841.90400000013
188839.73400000014
185696.11200000014
187833.0380000002
188706.52200000014
207238.46500000008
206221.9970000001
202143.98400000008
211513.21600000001
195149.052
179605.79800000007
207435.20600000015
201258.735
196972.12800000003
196995.65700000004
216630.13700000016
158740.17900000003
160860.76700000002
162835.97000000003
156659.50000000003
176527.41799999986
198069.63900000002
191848.0610000001
201204.79800000004
224061.6330000001
214554.89000000013
202487.285
175539.23500000004
203135.84100000004
204123.53000000003
171541.90199999997
181507.99800000014
211599.37200000015
193777.38400000005
211407.70000000016
209347.69700000013
193950.14300000016
202035.39200000017
221838.91899999994
208348.14900000018
198322.08499999996
185874.12099999987
202266.03900000014
192761.80900000007
215574.6680000001
183723.08000000007
199990.13800000012
184805.7470000001
198980.45600000003
217656.47700000022
204355.75200000012
186800.50400000004
207516.35800000012
194992.67600000012
193089.41599999997
154796.2090000001
199352.31300000008
201312.19300000006
193855.20800000007
198048.78500000015
196054.75800000015
196022.90200000015
184611.95100000015
204251.00200000012
195854.75600000008
187784.3470000001
183538.83100000015
208313.57900000009
209482.6710000001
195901.4530000001
206259.37300000008
194093.367
199282.22000000006
195820.45300000004
212544.4360000001
175393.98100000006
208501.58500000008
204213.26100000017
213457.37900000007
197894.75300000003
194946.558
209266.60900000017
191892.6770000002
207126.60700000005
197060.0990000001
195860.0690000001
193880.46000000017
133176.977
211448.14900000006
188012.94600000017
209432.53999999992
201055.29700000008
218756.92800000016
197984.49900000004
198940.90900000007
211509.0540000001
209421.996
188508.2390000001
201199.37200000006
191726.61300000004
201063.98800000007
211475.47800000015
213745.97900000014
207334.7520000001
216511.77500000017
206239.64400000017
219638.01500000025
204449.86800000016
223092.58300000004
209501.33300000016
140367.61200000005
225048.14900000006
210392.3740000002
202199.0500000001
213643.98600000018
208275.84100000016
191832.1320000001
206201.08900000012
195965.4310000001
128262.94699999996
171457.74000000002
199222.90200000018
212548.1490000002
209305.70700000032
193988.4190000001
193840.90900000007
205562.26899999985
195927.51400000002
184678.73900000012
201308.60400000025
203355.20800000022
210436.4810000002
177629.9590000001
190772.12900000013
199117.74400000012
209527.96700000012
187835.11700000011
200267.06200000015
143772.17400000003
191025.8850000001
224048.5990000001
205420.3330000001
186719.1880000001
203356.1090000001
175407.87700000012
213683.80100000004
204325.067
200147.6070000001
199181.81000000008
214585.0700000001
165118.595
206575.9280000001
201530.50099999984
188836.32199999996
167152.29500000004
189887.27400000006
205275.205
191862.26599999992
193807.515
190935.022
196925.97400000002
199004.43599999996
193961.36200000005
209608.73500000004
180584.74999999997
213665.02400000006
188805.97900000002
184795.66000000015
193877.74500000005
186863.2610000001
222962.44600000005
198041.27300000004
186772.5820000001
217694.3030000001
196050.14100000003
209537.92000000004
197998.92000000013
176484.93600000005
194936.29400000002
217758.2830000001
215604.57300000003
195917.83200000005
202273.0340000001
180611.04500000004
214493.8530000002
179579.10100000005
199041.36100000006
213573.80400000012
206217.83200000008
205227.92300000007
204310.81500000006
187867.9640000001
195324.70600000006
180615.42900000006
206527.6490000001
194923.17300000007
216520.00300000014
176348.91600000006
177512.48800000007
186781.3590000001
198147.78300000014
212611.22300000014
198054.7560000001
169162.99000000008
195088.73800000024
191957.74400000018
221816.84200000024
195916.93000000017
210427.0640000002
212496.42900000024
212696.9700000001
197017.83400000015
167235.3880000001
219719.55300000028
218703.08300000013
203371.99700000015
195114.5740000001
217778.41900000008
206343.48700000014
203377.5590000001
207526.7880000001
201208.46300000013
214677.39500000016
206296.29700000014
175651.858
198201.49699999997
201042.4480000001
191081.7230000001
198327.51400000005
211681.36000000016
223194.84200000018
173562.39900000012
208492.22100000022
199169.05500000014
223836.74800000025
205441.36100000015
202168.6940000002
189930.50200000012
206381.36000000007
204096.99200000003
207237.02000000005
210381.63700000022
169263.94200000004
197086.49000000017
201372.03800000018
195101.8140000001
204293.217
201173.75900000014
186869.95900000012
198189.5060000001
193209.51299999995
193998.10500000007
193933.033
209183.267
216524.16799999995
188748.55800000005
176431.40699999998
185684.3470000001
195107.87600000005
207243.172
200961.41100000008
209378.01599999997
193903.132
190838.78700000004
187619.782
195977.881
177284.5320000001
211344.71400000007
208325.47999999998
187837.69600000005
182543.26600000006
186663.81000000017
213412.40500000014
208113.0849999999
204161.54400000008
203908.46799999996
186680.7330000001
199030.865
210286.79300000003
188692.6740000001
211447.57500000004
214425.84300000005
199797.11200000002
222740.23
200082.17599999998
207087.88199999995
173214.34899999996
198874.84899999993
203109.86799999993
191775.752
209376.60699999979
168077.06800000003
192714.938
212360.18699999998
209209.87
187551.86100000003
225821.722
222755.207
188684.43800000002
194867.06099999996
182503.986
219595.61599999992
170126.40200000003
169963.48899999997
188472.9429999999
189580.00399999996
187538.46399999998
192550.95600000015
169041.3640000001
194700.63799999995
170062.90000000002
185602.80600000007
182372.3140000001
179374.663
175211.58700000006
182530.04800000013
174285.88400000002
182434.21300000005
192820.453
185403.08000000005
202914.03199999992
186482.4500000001
196843.08299999996
212485.88700000008
187697.246
187660.36500000008
176185.075
185590.139
213300.638
212418.19400000002
188695.93300000008
179345.976
190852.63300000003
152836.83500000005
181548.19100000005
180554.80200000005
202250.23200000008
198953.03899999996
214716.927
181778.64800000002
221862.67400000003
189683.21699999995
151746.33800000005
203366.56700000004
197202.80600000007
190788.692
191899.81900000002
205232.14799999987
202046.70500000002
198301.53700000004
200214.12799999994
168921.18099999995
218702.40099999995
192026.33500000002
204200.186
186604.68300000002
154954.84999999998
192761.49699999994
200152.05899999998
178356.67399999997
155941.982
206284.21500000014
198049.05400000003
210285.162
218700.09800000006
179731.31500000003
208331.76900000006
182422.537
219705.29699999996
203134.2089999999
179628.82799999998
195704.71099999986
193831.72299999994
218711.63099999994
200938.73899999988
213438.05699999986
178174.20899999992
196251.132
212701.13199999998
211698.59799999997
205592.30599999995
214778.01000000004
184667.51099999997
211389.3699999999
187785.4350000001
219785.47599999985
192164.11600000004
175596.56000000006
205546.33599999998
190952.40099999998
181692.71399999995
216654.61499999985
192085.57799999992
211503.4389999999
184730.49499999997
177502.265
179492.8970000001
180642.12900000002
191038.868
200156.74399999992
200328.82200000004
215341.5390000001
198166.69999999992
214420.9980000001
232237.59799999994
200431.67200000008
177536.19900000002
179574.75400000002
228917.01299999998
174285.52300000004
219501.72200000004
209338.0589999999
167008.5120000001
196819.00599999988
212448.19099999988
195098.36799999996
189833.75799999997
205413.12699999992
188270.59299999982
224105.75
190881.358
187746.06500000003
198923.1729999999
223856.56199999983
190695.9309999999
218668.23799999998
209586.66799999995
177502.80800000008
182604.437
186771.22699999998
216758.38400000022
211347.245
206036.69999999987
202085.11600000004
191795.20599999992
184512.764
201246.79100000003
212539.776
205369.86899999995
170385.56599999996
211578.00999999998
208514.56999999995
200043.89299999995
202185.52299999996
186740.18099999992
190764.5259999999
214589.50799999994
186786.15799999997
180144.079
208078.46999999994
208414.84399999987
172205.70799999998
215988.01600000012
174393.714
161140.68800000005
141115.21400000007
165041.0020000001
152858.74000000005
160792.76800000004
210571.99899999998
217549.514
197245.93500000003
173604.9780000001
201339.64099999997
196347.04600000006
164403.61900000006
200468.37300000008
198219.18900000007
196135.80000000016
200372.53600000002
184926.24300000007
173635.15900000004
176679.73000000016
179772.98600000012
214703.578
203461.99600000004
178802.1800000001
188126.56600000017
176921.09500000006
201351.53900000005
197198.377
196133.80000000002
181671.5380000001
183755.6600000001
208531.72500000003
200292.1810000001
190881.27600000004
200114.80200000003
190024.9820000001
216893.985
202538.96700000006
205242.69700000007
207516.31000000006
188887.06700000007
196078.64800000022
199148.10500000004
204473.51900000006
187951.81100000013
199276.06900000005
191857.83700000012
187967.1560000001
200483.02700000003
173550.32400000014
197310.64500000005
205270.00900000002
145665.21200000006
168678.46500000003
204599.85399999996
193997.967
195962.53800000003
186630.3690000001
182683.7620000001
200132.67900000006
167213.49300000002
155009.73599999998
167594.80100000006
138374.17399999994
187917.50500000006
178943.94099999996
192315.60100000005
180772.76800000016
193228.46400000018
221053.26200000005
223007.47100000005
209540.51600000006
202398.77
180646.42600000006
193253.549
205535.84300000008
197401.01499999998
176772.98600000003
195343.45800000004
198372.582
186889.36900000004
192115.14600000004
182020.81600000008
200113.173
203820.756
158361.94999999995
187017.86299999998
136160.95300000004
209661.919
191298.0110000001
177579.64000000007
183720.622
182805.19699999993
192285.05400000006
184184.38000000006
199378.87000000008
182754.439
163113.82000000004
182759.05400000003
191850.64000000007
199226.6130000001
209766.20600000006
206308.57099999997
190786.5700000001
160066.97400000013
212503.31400000004
191782.86100000006
195067.74500000008
180815.88799999998
177448.37800000006
194952.72200000004
190852.76600000006
147602.6320000001
156823.9450000001
217683.94099999996
186755.94800000003
197106.20300000004
194085.66100000005
204471.77000000008
189758.467
184986.38400000002
187894.16500000004
192924.25600000002
181687.1960000001
198207.09400000004
193864.034
187612.82599999994
195159.46500000003
191919.74100000004
190830.819
190726.15800000002
193052.88400000005
180517.397
203216.70300000004
201195.84000000003
193901.40800000002
204245.97800000003
186951.091
189931.95100000006
198049.1490000001
182830.821
185729.64199999993
192779.279
196021.7660000001
190772.35500000004
186629.73000000004
191842.54000000007
191006.626
187771.85800000007
190898.10600000006
177755.79500000004
155877.19500000007
177543.14299999992
187876.519
199267.37900000007
165234.16400000002
187797.60400000008
197085.0300000001
141411.45600000003
135185.71000000002
189965.22600000005
183787.92700000005
184669.82800000007
190761.95200000002
189917.33800000005
195007.74200000006
203383.53500000006
201169.64200000005
211378.781
194860.41199999998
199148.87100000007
187685.708
203357.87700000004
183624.84800000011
174375.25400000013
170286.3390000001
143279.00900000002
188951.13300000006
183770.45400000003
185716.97500000006
191964.12400000007
182715.97500000006
201213.48600000003
203372.90000000008
188869.6400000001
194077.56200000006
188898.55900000007
178450.90800000002
188966.29400000002
203265.02700000003
203203.48700000002
208336.48000000007
209520.41200000004
191923.67100000006
204273.67200000008
210557.87900000007
174277.42900000012
195001.99500000005
170233.48600000006
201093.39800000002
191927.19800000003
198081.407
155978.05700000006
180644.34600000008
213641.90600000005
191852.22000000003
148529.9180000001
198211.22700000007
189095.298
182732.49199999997
202171.31500000003
188733.48600000006
164124.1630000001
198185.14700000006
196107.62400000004
200251.4060000001
203253.26200000005
198186.16000000006
185677.96900000004
189836.02100000004
193093.12400000007
182674.1640000001
198142.1
201207.59100000001
176523.30300000004
198960.364
203316.41400000002
162995.65500000006
190852.35700000005
185790.22800000006
181704.93500000003
160226.21599999996
195920.321
192925.07
155872.12700000004
203023.80299999996
207247.90699999998
191694.38999999998
155736.83300000004
179652.52300000002
185641.043
196037.638
148487.23900000003
200258.58500000002
203142.31100000002
226938.59999999998
206310.44199999998
192027.186
176525.93000000002
171487.28700000004
178521.27100000007
203311.79900000006
195185.73700000002
178416.61000000004
179524.81800000006
186825.84400000004
204431.98
180486.61200000002
168307.42200000008
180529.6410000001
171074.485
171447.28699999998
185917.96600000004
170362.63200000007
153784.61600000007
177544.84200000003
213706.15599999996
167202.35500000007
199142.32399999996
213584.11700000003
189875.252
203221.58299999996
213661.03999999995
190055.92699999988
205425.294
174428.50500000003
177502.079
129784.85000000003
186785.56700000007
157895.1170000001
172381.8090000001
188791.629
163047.24400000004
168170.45200000005
172357.01400000005
206308.91199999992
199993.3459999999
187672.492
179332.49300000002
201232.89399999997
173219.143
163107.21399999998
176422.037
209360.62999999992
205290.04199999993
187879.33599999986
173265.915
204309.36499999996
196048.41499999995
188745.20899999992
174474.8409999999
196984.97499999992
197040.406
187836.92399999994
194001.31199999995
201076.96699999992
186813.429
169257.83000000002
169199.73400000005
197272.4739999999
201500.40800000002
199078.96099999998
194112.58099999992
208398.53899999987
213411.44499999986
206254.11899999998
197072.30699999994
175481.58299999984
155809.338
178583.66499999983
190894.20599999992
184759.68299999993
184721.89999999994
183823.25499999992
203237.96099999995
194128.63999999998
179558.86799999987
172356.20099999988
180714.3879999999
210427.87099999993
180732.77099999986
187974.47599999997
179673.00199999986
161020.7259999999
185808.6009999999
181675.30199999985
168360.90499999988
190976.24899999984
175380.32399999982
171432.10399999982
173529.60099999982
179588.01499999987
186913.2169999998
153774.0299999999
175480.81899999987
170273.66999999987
185660.68199999988
168210.94899999985
138278.00700000004
137302.80399999997
139420.45099999994
144444.25699999993
164017.46699999992
198024.03499999995
202203.811
212439.6909999999
170205.11299999998
208325.3889999999
197184.57599999994
197063.5379999999
202161.40399999998
199088.19199999995
173325.1599999999
208526.51700000002
213452.12699999992
221617.23999999987
202251.72
189849.14199999996
210401.36800000002
200143.712
211398.28399999996
203219.68599999996
203315.20299999998
212560.99699999997
222685.98999999993
210383.2569999999
216552.12799999994
212373.9809999999
212674.43399999995
208370.22699999996
202191.30899999995
217548.7779999999
211646.12399999995
218741.9159999999
190808.32899999988
205524.02699999997
196906.79499999998
196865.254
220664.29799999986
182479.915
214381.72499999995
198024.16700000004
176584.34299999985
200103.353
191920.36600000004
179662.26899999994
202127.32999999993
202473.53299999997
206385.7459999999
208586.23299999995
187666.74199999994
200216.01699999993
210306.28999999992
202242.897
203219.32299999995
213753.5149999999
181443.19
170378.6449999999
206447.74099999998
185668.419
194111.35799999998
198340.03299999994
180407.33400000003
197071.81099999996
200452.21499999997
168213.71299999987
201222.76299999992
209326.0199999999
209186.10899999988
214614.34299999988
209496.78299999994
198072.628
217857.4239999999
210652.62399999995
200359.23299999998
203336.92599999986
212714.30099999998
217925.61299999995
197311.44899999994
199243.75399999996
207303.84499999997
204254.20899999997
173601.59799999982
215739.23899999994
185615.4789999999
178526.83299999996
208281.9889999999
200127.783
194964.661
171120.64100000003
171152.10100000005
200138.68699999995
196005.15599999996
199111.03799999997
203223.98199999996
205346.697
188662.17299999992
180754.65899999993
194960.99199999997
206520.67699999997
184537.73899999994
194074.79799999998
201136.1549999999
176269.41700000002
206493.25699999993
202434.97399999996
167913.08199999997
194850.40799999994
190974.433
202177.32899999997
186792.53199999995
190730.5899999999
197009.77099999995
196994.52499999994
189563.84399999984
202346.69399999993
203485.746
194895.38299999994
193933.12399999995
194023.164
197974.7949999999
204273.52899999995
201184.841
208349.99999999994
206436.10999999993
203397.14499999996
199084.06999999998
191935.29299999998
203198.23499999996
200088.23299999992
211682.48499999993
208455.42899999995
214609.1879999999
216701.58499999985
192998.00399999996
206310.13499999992
208360.90599999996
199096.15699999995
201126.9209999999
201161.80799999993
214390.31599999985
202413.14199999996
206450.49499999997
195891.53999999992
200372.75799999997
213631.13199999995
213371.85499999986
203178.50899999993
218564.298
189020.311
207323.34700000004
211300.99900000004
204163.44100000005
200047.06200000006
212304.58500000002
211256.47200000007
204953.48900000006
208230.86600000013
226652.941
218541.54400000017
188872.1320000002
214516.83400000006
202028.59799999997
221754.74900000007
206119.45899999997
200123.80399999995
187756.4199999999
190762.58099999992
219975.216
228000.0429999999
219537.91699999996
231834.47799999994
208283.08099999998
218531.21899999998
208343.44000000006
210208.78100000005
204929.77599999987
204004.43999999992
172151.53799999994
222725.58
210259.36399999994
213594.661
209435.019
219442.07999999987
197785.61499999993
183750.992
191868.18799999994
207176.8019999999
215306.69699999996
201839.45699999988
187663.07399999985
211188.2359999999
180518.09699999995
194733.57299999983
208452.12800000008
205099.09599999987
185529.6109999999
190472.98599999983
178389.90999999995
197852.12700000004
197772.21799999985
189561.35699999993
182447.70799999993
192750.76999999984
179323.07499999992
187613.9339999999
195815.80499999985
186465.92599999986
208157.92099999991
209198.36999999997
210230.67899999992
213305.06799999997
209136.9239999999
201881.98899999983
217575.32399999996
197809.1859999999
195706.24399999983
205117.34499999994
183365.92599999983
179344.43499999988
196754.76699999982
220296.5609999999
199952.12599999993
203079.312
207133.21199999994
206064.265
208966.24699999994
173007.8739999999
198816.29200000002
198961.81300000008
206037.82700000002
194686.51599999992
180249.13799999986
179246.96799999988
207060.45399999997
193611.67499999987
177186.51499999984
171031.4899999999
213370.7089999999
176378.68299999993
207030.6779999999
194892.99799999988
185639.5889999999
217498.19899999988
198784.43299999984
214271.856
186343.6189999998
183352.93799999982
189533.9799999998
204088.56699999992
137283.331
201985.45899999986
212241.80199999985
200874.78399999993
193708.98699999988
198834.3299999999
181504.6479999999
189692.74899999984
173106.72799999986
213247.7869999999
184493.2139999999
203070.58799999993
179383.07599999988
176189.3669999999
153657.87500000006
167210.86100000003
212250.2259999999
177435.29299999995
193756.20299999992
203009.14500000002
226793.67699999994
209283.53499999997
212239.10199999998
188705.79499999998
205113.40199999997
216646.76299999995
203127.06399999995
202997.37999999983
198708.6899999999
217316.0219999999
217502.086
205022.98899999988
218766.58000000002
218792.76599999997
216634.7539999999
213590.05300000004
205398.3289999999
199155.43199999988
199271.544
200480.31699999992
196083.53499999995
222774.21399999986
177971.86199999982
221947.79200000013
184925.15699999998
164916.28999999998
172113.7549999999
213679.5530000001
178443.12600000005
210668.06400000013
193083.395
210398.9200000001
219747.2460000002
206615.071
215801.90800000008
225016.29400000002
221945.07300000012
208730.59199999998
164091.68100000013
237518.07700000028
203233.13100000026
197520.86100000003
215826.0720000002
204109.33200000017
212446.2520000002
162063.58100000012
236369.77900000013
153832.04200000013
236395.9390000003
226194.9410000002
225237.51400000008
208641.2730000001
211808.5150000002
227144.0800000002
163090.5930000001
207642.1810000001
208714.34900000007
222904.7150000002
222603.14100000018
222868.3330000002
230293.40000000014
234424.8910000001
211663.1310000002
156245.11700000006
212616.339
227192.31400000025
241550.8650000002
221568.87500000017
206361.99700000018
153740.77199999997
223548.78600000023
213402.08700000023
161963.8080000001
188687.6070000001
216331.95200000005
225645.31400000004
220609.87100000025
216368.87400000016
209050.86200000014
213436.61100000018
212504.1690000002
199811.77400000018
206048.78500000015
184612.13500000007
201050.74800000014
208502.72200000013
198654.93700000012
144314.98200000002
197840.5520000002
193766.7070000002
190574.31100000022
176379.73199999996
120844.62299999998
195908.6060000001
185585.5310000001
192814.22100000008
193855.7550000001
205222.5130000001
210288.1510000001
198892.76700000008
192662.5420000001
187625.62200000015
132165.12099999996
188655.84700000013
195897.38600000014
182811.67799999996
203161.36400000006
114762.27
212820.46200000006
186511.23200000013
203053.67000000004
204346.97400000005
205090.23200000002
194787.06600000002
196827.0650000001
182331.59500000012
204057.92600000018
193819.37500000012
194737.29000000007
202137.74400000006
189649.05600000013
199018.2560000001
190585.5310000001
187713.13000000012
186511.2310000001
197989.05500000005
162768.06500000015
185684.26000000004
174336.11700000017
191804.4390000001
195900.81400000007
193665.88800000012
185508.6030000001
209448.784
201071.49900000007
215738.2810000001
192654.21100000007
210543.98500000002
183419.3430000001
187491.67900000012
209553.3060000001
219856.74300000007
214679.824
173185.34600000017
197044.43900000004
144399.45799999998
185869.40999999997
198123.93900000004
199197.2000000001
182621.98900000006
194810.59500000003
208568.42100000018
197129.4160000001
190692.13300000003
213831.55800000002
183538.22800000012
213621.362
175538.0150000001
201439.73300000004
208615.61100000003
183442.99200000014
212626.9710000001
182644.25600000005
208866.021
186561.27200000006
191840.72900000017
181665.2560000002
185666.34100000016
193197.4690000001
196123.80500000008
214744.44000000012
220968.0590000001
174483.17500000008
218980.27600000004
198159.92300000013
173331.86500000008
184550.40900000004
212820.70200000014
186813.00900000008
214753.5010000001
139519.96000000005
206558.605
197238.71600000016
198034.21500000014
183542.9970000002
213802.6320000001
206697.1080000001
208624.80000000002
204418.4680000001
204560.00700000007
195905.88900000008
206385.43300000008
212586.65600000008
205447.5190000001
191891.498
192639.82200000013
210546.07100000014
218772.41200000016
211543.22400000005
192265.52400000006
210569.28800000018
208399.0180000001
170091.95200000005
217818.92099999994
210509.6910000001
213567.15600000005
208477.7880000001
177390.50600000014
197960.81700000004
185997.427
175958.022
210503.12900000004
201241.95599999998
148197.063
202179.51000000004
183117.47200000007
170928.51500000007
186320.00700000007
183615.21099999998
186315.39200000014
216522.12999999995
213572.22100000002
170793.67099999991
219712.49099999995
213453.49600000007
209327.25100000005
187556.84100000016
200146.70700000017
181235.302
207355.75099999987
218470.9089999999
219601.542
177298.64499999987
201204.43799999988
183474.66400000002
193840.815
195052.49099999995
201096.93199999997
181274.21099999998
174109.50499999998
164837.242
180250.59000000008
188732.03199999986
151480.99599999998
165869.41300000006
91519.072
214611.76700000002
183427.7800000001
202965.3500000001
219353.85299999986
213442.7709999999
210314.97799999992
216411.17899999997
221494.03000000003
191649.86800000007
196877.6980000001
140203.805
217588.10100000005
213417.33100000006
206050.86300000016
138065.885
219365.82600000006
128705.79400000002
219555.21700000006
218555.71199999997
219452.68000000005
211513.62399999995
217488.78100000002
213580.00200000007
109364.52500000002
212225.7960000001
216525.65600000002
216619.74100000013
193843.26100000014
196834.85300000015
208146.9950000001
198867.79500000013
187629.60100000005
183578.38200000004
185571.94999999998
174197.022
205327.6040000001
189647.87300000008
215263.40200000003
233017.91900000008
184370.04800000018
214325.70500000002
205041.3630000001
216354.93500000003
210354.24999999997
212345.78999999992
180270.95100000006
163981.76599999995
209143.57599999994
213266.69800000003
222494.02800000002
216299.54700000005
204897.9240000001
179304.79700000014
176195.0240000001
160773.89200000008
213206.79099999988
207114.74799999993
199891.58200000008
166979.4550000001
208030.7669999999
189622.802
213395.974
214256.01999999981
161764.707
176244.79600000006
168988.14500000016
214308.205
206998.46100000007
208124.61600000007
206131.2220000001
206988.32800000007
171037.69100000008
216327.24099999992
208065.067
174073.4840000001
164886.33900000004
200863.71700000012
174166.78800000006
216245.38600000003
154512.82100000008
212047.87499999988
158652.85200000007
164876.37900000013
224740.18500000014
164039.00300000014
209069.41399999996
182213.76
164712.49100000004
166960.00000000015
179235.65800000005
205057.91799999998
182450.40500000017
167750.68699999998
125826.774
187375.93300000014
210153.50500000003
203984.481
187302.08700000012
192553.91400000016
209155.792
178169.59800000006
214284.71400000004
189390.2340000001
207918.64500000008
195610.86400000015
191465.30000000013
188409.78000000012
199853.8560000002
201975.396
197747.79000000007
188500.00400000013
186278.01500000016
202905.79800000004
203924.26000000007
193636.92500000013
153541.09
216327.87500000003
183424.08100000006
185376.9290000001
187344.17000000013
194656.4750000001
166775.75200000007
183340.0080000001
203999.64700000003
208160.18800000002
213378.07399999996
171062.81000000008
188444.07700000014
206047.87800000008
178331.228
176134.75500000012
204922.1740000001
201863.62600000008
194784.16900000002
210054.02800000005
195556.93000000017
184165.70700000017
170811.2270000001
169934.21200000006
214357.10900000014
182263.98600000012
205975.56999999998
202941.08500000008
205989.86500000002
159543.44300000006
171964.52800000002
208059.14500000008
179175.39000000004
198729.86900000018
179119.37400000007
171769.78000000012
176084.07900000006
155384.89500000002
171799.91900000014
166758.92100000003
208062.74700000003
176028.69000000012
176107.06100000013
191641.2100000001
187388.2380000001
199863.11000000007
182263.6250000001
202818.64500000016
202855.57100000014
195644.25700000013
201099.0520000001
173020.814
213274.03200000006
206183.63100000005
183278.528
202815.56900000005
205963.2630000001
189429.50700000016
205924.79800000004
204950.95600000015
207202.75400000007
205977.11000000013
185187.24500000017
208122.6650000001
202866.34200000012
187342.08800000016
168793.31200000006
208061.72200000007
203874.03300000014
175040.77600000013
206129.78000000014
176202.9960000001
207284.08100000015
201089.78700000007
201893.49600000013
205220.45600000003
208101.72700000016
207044.8020000001
169012.68100000004
205983.716
183178.01500000016
206083.26700000002
208282.17900000012
178495.7260000002
185392.77100000015
206113.13700000005
183329.78200000006
212384.53899999993
209121.5500000001
203860.5120000001
204970.95700000008
206092.49699999994
206069.4200000001
192471.317
208085.3910000001
202836.07200000007
197148.89200000008
196982.5420000001
218771.62199999994
205085.39299999995
209169.42
180258.38200000013
206199.10100000002
211194.482
172984.53100000002
184330.71599999996
194672.40400000004
179184.08200000008
171980.97300000003
162864.26600000006
149154.216
176093.31200000006
168783.53700000004
209123.77700000015
164707.065
223477.69200000004
181242.35499999998
195652.31100000007
211041.63499999998
205085.47900000002
213440.56000000006
186611.26800000004
200797.37600000008
235006.33599999998
199010.32100000017
189854.75600000002
227022.84799999997
205052.21500000003
208054.48000000007
193667.60400000002
208399.01100000006
221551.08899999992
216274.98099999997
165852.13400000005
165849.11900000006
210191.94600000008
193745.748
215415.88399999993
207033.75499999992
195922.714
214296.10900000005
210189.00499999998
200862.89799999993
205909.41499999995
222755.52399999998
217623.35399999988
207107.87800000003
211252.49400000006
207164.6159999999
207134.03300000008
210234.93600000007
212345.78999999995
189738.1460000001
214269.36400000006
217356.244
207009.95600000006
193631.18200000006
219526.42599999986
200047.38
217246.16200000007
224857.10900000003
190670.994
195678.552
214257.92000000004
222773.08
203813.39399999994
194839.45700000002
182291.132
193688.14500000002
196890.40400000004
212163.84900000005
208512.76400000005
218586.34000000005
192675.74499999997
173921.54400000008
188357.56100000002
200794.02900000007
191544.52599999998
212072.85499999998
191485.61299999998
193737.3740000001
190583.45300000004
205966.741
199852.03399999996
207176.64699999997
196647.66400000008
188383.98200000005
188336.4750000001
197867.60499999998
215117.10499999992
196824.633
212206.33699999997
207983.936
217569.95500000002
213517.967
219686.87799999994
219714.34900000002
198114.49300000005
220775.43699999995
196661.546
190464.16400000008
167041.09099999993
156348.061
165611.22699999998
211443.169
160405.61700000003
187645.5310000001
199093.942
190764.98000000004
216577.10999999996
139842.36000000002
209391.1789999999
211473.98699999994
221732.4049999999
199878.95799999993
198137.87900000002
217529.41600000003
178069.41700000016
188692.4100000001
207319.10200000004
204225.98100000006
166884.52900000004
191733.85100000005
212392.495
198996.92900000006
218806.34300000002
188846.054
194592.30999999994
213335.307
201909.87099999996
162647.609
202219.91599999997
205089.32900000003
196054.73200000008
159437.29600000003
218937.292
222817.51199999996
230203.34999999995
182143.26900000012
197934.43700000006
214450.58999999997
214548.28299999997
202031.31700000013
199017.8310000001
154320.27299999996
191849.23400000003
200332.31700000007
160634.75700000007
170807.606
163553.31000000006
176152.76400000008
200985.08000000005
207060.0100000001
181045.44400000013
214499.05799999996
193908.97300000014
180761.3300000001
140093.49000000002
183643.71900000007
186649.3330000001
214600.824
194699.14599999998
157533.76200000005
194860.32499999992
208399.59799999994
208374.031
211386.78799999997
209490.27200000006
198980.00400000007
187536.38400000014
204280.69800000012
198787.78999999998
210458.46500000003
213493.84899999996
209225.252
208293.73500000016
209997.6189999999
214378.01
193405.25100000008
199642.58700000015
206252.62800000017
191779.34500000012
197701.1340000001
182531.22700000007
209433.40000000005
191748.82900000014
209411.86000000007
211347.37900000007
200139.88399999996
205218.379
210673.09799999994
185581.5470000001
209279.099
208280.58700000006
197661.55000000005
201037.01200000002
217425.67599999992
200801.72500000003
216305.3859999999
224815.11300000007
199025.74900000013
210290.00400000007
200952.1310000001
197811.40700000012
154274.84800000006
193906.1890000001
199909.86700000003
198710.9550000001
167781.54500000013
161463.08300000013
216539.58600000007
210122.74700000006
168715.98000000016
210307.36500000002
186630.85200000013
190413.4780000001
178083.71600000001
206236.78699999995
192570.59300000008
193451.36800000002
204133.27100000004
211401.7269999999
191879.46700000006
175394.21799999996
207200.18299999996
176402.99699999997
155642.90500000003
211522.58499999993
196649.91899999994
185672.22700000004
212703.44699999996
213613.48699999982
165835.84600000002
214611.4109999999
218916.0259999999
185840.28500000003
217870.9619999999
228949.05299999984
110590.77499999997
207557.74499999997
220843.1689999999
203234.398
198720.18700000003
205248.7849999999
209093.769
198887.87800000003
234045.16299999985
221479.09999999998
206034.62000000008
204010.95500000007
219586.87700000007
207398.01200000016
166629.41800000018
205226.1580000002
203987.8770000001
199916.92400000003
211202.2240000001
184488.96000000017
190434.30000000008
212547.37800000014
183122.63200000007
207124.80200000014
198781.53699999998
198945.79200000007
210236.97200000018
212321.90600000005
205979.23500000004
221612.03700000013
215369.1430000002
197703.4530000002
235175.56800000006
212392.49500000002
104148.32400000002
198067.70100000018
218637.37300000014
177389.15000000014
204263.76400000008
192954.39300000013
200136.4790000001
197849.50700000022
205378.3020000002
190630.9600000001
193599.01000000013
199237.06400000016
195146.4330000001
210525.25200000015
202070.19600000014
195991.04800000018
204695.41900000017
181127.9280000001
209191.8560000001
210986.15999999997
230926.33700000003
202955.5690000001
206524.742
194540.50900000008
205092.31400000013
202361.36000000004
193638.28800000006
79648.99800000002
191684.08100000006
159408.7400000001
180979.92200000002
223781.45899999997
198852.94600000003
180975.39500000005
187245.38999999998
222663.98700000002
203097.11000000002
207165.97800000006
225791.91799999992
104124.79600000002
192621.913
208194.3910000001
144903.27200000006
174798.38400000002
137669.51500000004
156311.7720000001
184410.05300000013
204069.683
157568.69800000006
163663.98400000008
215346.60599999994
146957.92200000002
191455.48300000007
213225.06799999994
141840.36500000002
211119.55
219671.76900000006
223923.93499999988
192557.74399999998
211259.95499999996
207302.9029999999
212451.8159999999
187369.78199999998
193658.8710000001
203117.91999999995
197605.16200000004
208410.1380000001
206126.56199999995
211334.56699999986
204058.36799999996
209070.0469999999
192607.966
202796.25
203854.21199999994
207076.80399999992
199810.13899999994
194699.51099999997
205941.09299999988
212295.03199999998
201952.639
200914.30299999999
189840.95699999997
204044.707
205976.15899999993
199832.40699999995
213558.55700000003
197970.23599999995
195743.80599999998
200003.168
204024.89299999992
205116.11299999995
199720.63899999994
206147.972
207043.6299999999
202858.14900000003
202852.37299999993
186622.35900000017
216652.99400000015
199184.94000000003
231256.11299999987
228928.59699999986
214486.2949999999
221930.1399999998
189564.80200000005
188809.37600000002
218930.18099999992
206621.91099999993
206340.457
203946.293
182698.8270000001
217732.40399999992
218747.698
216661.8169999999
206150.45899999997
237254.93499999976
209363.80599999998
240492.76299999977
203916.02399999995
198750.45900000003
188631.54500000007
207145.84399999995
127885.62099999997
232926.7889999998
209377.0189999999
209313.80499999985
207233.939
202080.27699999997
177995.39200000005
194545.38999999996
197608.46599999984
191350.00500000006
195629.05399999997
202973.53399999996
172885.58900000007
199096.018
207414.9759999999
198007.41999999993
201116.02499999994
188589.597
191465.97800000006
190600.86500000002
186520.186
182114.71000000008
189456.174
193561.81499999994
198745.3899999999
196897.06399999998
209365.97799999992
218558.2829999999
196913.49
200237.01899999994
197935.9769999999
191613.39999999994
193780.59199999995
191603.806
224768.7779999999
199943.58100000003
221691.50199999995
196864.169
187289.507
190597.063
208370.593
187684.22799999997
207323.1709999999
193730.397
197873.53399999993
180339.68099999992
220858.3009999998
170147.06599999996
219803.66699999984
218504.7989999998
209097.3499999999
199027.335
196913.48999999996
199739.10099999997
225864.16499999992
198070.04899999985
234371.81199999983
201014.87799999994
202833.61699999988
201016.25299999994
185667.56700000004
203307.64999999988
238382.67299999986
193814.30099999983
223680.54499999987
196638.286
199040.32299999992
212474.29799999984
226767.5129999999
199783.35
226504.53399999984
218321.40999999983
198973.6899999999
190482.76499999993
192505.47699999998
190667.421
182114.7099999999
185508.95999999993
193663.48899999997
201389.83799999993
196071.82899999985
190365.978
189601.58500000005
196998.80799999993
190764.19399999996
216919.4849999998
223933.8599999999
193912.9279999999
225831.6899999999
182145.70700000002
185194.12199999994
198982.85299999997
198846.19699999993
193450.005
192461.36299999992
193520.27399999992
222874.47899999985
198107.19599999994
200968.919
204263.4399999999
223983.1669999999
174000.10400000005
188692.95599999995
219888.19199999972
205161.40700000004
210385.519
189373.12800000003
201982.35800000004
185327.33500000002
187289.50699999998
205073.53400000004
198885.3000000001
221484.2989999999
196572.99400000006
197761.67800000004
195778.02900000013
224687.23999999993
201982.35800000004
213487.12200000003
233041.73599999986
215431.35700000002
216539.49000000002
204080.68400000007
221693.9839999999
228763.71099999992
235181.36999999985
188415.60000000006
190471.85900000003
222674.495
216669.28699999992
214630.315
214551.26499999993
213539.54399999994
187487.271
210150.77000000002
220614.97800000006
213332.30499999985
194170.18
216724.99199999997
214649.8339999999
189632.35800000004
224796.9239999999
216491.49300000002
191947.73600000003
212848.04999999987
216610.8589999999
213655.47499999986
221064.5529999999
228216.9959999998
204292.84799999997
212188.88299999994
212304.23799999978
220653.50199999992
212271.357
227752.35399999993
214152.39999999994
193611.946
215473.0319999999
196844.707
224918.13999999996
200162.58399999997
188495.02599999998
216786.96999999994
220852.85199999987
194810.954
224684.29899999985
190620.05299999999
204178.238
217600.1819999999
181119.77699999997
204089.507
192895.47899999996
226762.3099999999
201013.03600000002
211285.162
215430.906
195881.13700000005
217263.7109999998
201991.18099999998
193751.9669999999
218510.76999999981
232194.43899999995
218608.64399999988
190774.9789999999
201403.12499999994
237413.3509999999
183229.009
212538.96399999992
221584.3469999999
181136.56500000003
188400.86499999993
224898.64499999996
227779.68399999995
201856.52300000004
190487.38
230991.0419999999
193957.74599999993
221596.06499999994
212200.13799999998
189392.448
222442.30799999987
218701.13499999992
235181.81199999986
218614.5719999999
221673.03199999986
213401.54199999996
217183.75899999982
226803.75499999977
225628.91299999977
217267.91999999987
230111.44199999984
181265.69200000004
228071.4449999999
216517.1059999999
201983.353
221455.0649999999
221609.95399999997
220717.05899999998
221557.01499999987
226800.27199999997
219508.68899999993
218606.1999999999
182238.69099999996
221729.40999999986
224793.618
209178.09799999985
213320.04499999998
201109.137
216405.33899999986
185191.18099999992
189622.35699999996
201083.26999999996
187575.4970000001
226762.89599999995
215457.46799999996
220583.0769999999
215322.1269999999
223567.5129999999
217538.5079999999
220354.48099999988
201146.249
210296.51799999992
213561.99499999988
230093.57699999987
175941.18099999998
185276.76199999996
215399.00699999995
208000.13799999986
230325.16099999982
222569.6909999999
216298.59799999977
214460.72599999988
216578.7359999998
216629.65699999992
220605.3939999999
209529.18999999983
201127.24699999994
228965.89099999983
212713.40799999988
224047.69999999998
222873.27699999997
219850.6409999999
220606.15599999996
215698.10499999998
201126.74899999998
228148.96700000003
205532.858
213455.07399999994
190787.06499999994
218585.1619999999
221573.39699999982
221484.29899999988
216357.96099999984
221906.5769999999
210178.46399999986
218954.97900000002
212226.65599999984
220704.07499999992
215849.50699999987
208449.05199999982
229236.47399999978
227123.44199999995
223703.21299999993
216245.25199999986
210171.5479999998
190361.41499999983
223784.3989999999
205117.92199999996
215382.27099999983
201010.09499999994
217560.7259999999
216848.23899999994
211726.9760000001
209629.10600000012
211487.02000000005
209646.567
233196.11099999998
205963.48999999982
195693.31299999994
214427.60499999992
203126.249
202970.59299999996
231320.09399999984
227213.39900000006
207360.45900000003
213082.62499999988
188312.49599999998
219344.43399999983
192811.271
220731.8109999998
227958.7889999999
222929.7309999998
203337.74299999987
167115.21200000003
218845.705
216610.8179999998
204033.67600000004
208462.67100000006
201167.96499999994
211328.92199999993
221771.81399999993
225835.1339999999
200979.36599999986
187407.197
220778.95799999984
211362.35699999984
198920.59199999995
198905.88700000005
203167.15499999997
219372.1799999998
226803.2129999999
220614.97799999986
224656.20699999985
202077.02399999998
189546.51699999988
200004.88499999986
188701.35999999987
216555.3379999999
224910.5399999999
191718.91899999994
217599.4129999998
194855.29899999988
223928.86999999994
214310.0079999998
210210.8669999999
212436.427
206424.84800000006
220698.64599999995
231207.46899999992
223682.62699999992
216881.31999999992
208626.70399999997
234328.7849999999
222015.5419999999
200114.569
214580.543
214573.49
208606.11700000006
165070.11500000008
199315.21299999993
217378.01199999996
221732.21799999982
209741.37699999986
206412.81099999987
212428.05699999983
222084.00099999987
224015.8839999998
197976.48399999985
211122.12699999983
182203.232
201122.7199999999
218480.13899999973
228051.63299999986
207299.19099999988
215412.89699999982
187434.8909999999
219815.47699999978
185385.02399999998
207405.93400000004
213523.03499999974
186545.43600000007
215841.13599999985
199015.57100000003
217648.19099999982
179233.50399999996
214429.2769999998
217660.2279999999
206531.59099999996
184251.9979999999
180273.12599999996
212114.4389999999
207136.11099999992
173981.94899999994
213558.28099999978
182249.597
197334.17099999997
219675.1169999998
209073.08399999983
216587.12099999984
201010.09500000003
218487.24199999985
177085.29699999996
195059.73299999998
229882.6249999998
197139.55500000002
195844.12099999996
200020.59199999995
218860.4089999998
217574.29699999982
181211.4489999999
205495.1169999999
200028.284
212552.98499999987
185572.71699999992
179185.297
193197.5629999999
218507.82899999982
183238.2389999999
222600.32399999985
225920.0479999998
179038.239
180161.76799999992
216536.83299999984
191123.853
219657.42099999983
179284.07699999987
181239.00799999994
197074.97699999987
217540.2259999999
218842.5949999998
222929.73199999996
222739.77399999983
210239.3669999998
195946.20300000004
210562.94299999985
198914.65999999995
172009.00299999997
212604.58099999992
202008.5029999999
226931.53499999986
202204.80099999995
211596.10899999982
204429.2049999999
215457.82699999987
210246.06399999987
214678.86899999986
213315.8369999998
184643.486
212346.06299999973
216452.67199999982
223737.96699999992
213356.88199999987
213351.94599999985
200734.29899999982
211350.27099999983
208040.1809999998
181473.5329999999
184551.9639999999
214331.35699999984
201799.18999999986
195995.70399999985
212476.33499999988
212343.12299999988
214467.9179999999
194816.24299999993
212594.84299999988
212214.97799999986
177267.65299999996
206262.89799999984
192847.32899999982
210040.90799999988
185549.0029999999
190751.94399999987
204046.0639999998
211462.72899999985
190601.8579999999
206166.65199999986
214467.9179999999
215576.33499999982
188766.83799999996
216600.59099999984
213387.1219999999
199083.4859999999
212578.46299999984
185739.87200000003
212702.94299999988
208721.49399999995
209089.81799999985
204177.43499999994
204931.35800000007
209269.59200000003
205054.88799999992
185507.15600000008
203075.47599999994
193769.59499999988
212337.24099999998
197871.5899999999
192788.509
195883.48499999993
194668.46999999988
194726.79699999982
179288.15199999994
215399.0069999998
192569.5929999999
195757.82999999993
209251.94699999993
199006.15499999997
202931.35899999997
215416.65299999993
188474.30299999987
215419.59399999987
215437.24099999998
206106.84999999995
208065.67399999994
212319.5949999999
203054.88799999995
206122.53699999987
203125.52499999994
209251.946
205907.82999999996
201099.00499999998
197755.86999999994
175900.00700000004
207233.89499999987
203093.12199999994
188526.47600000008
209263.71099999998
215428.41799999986
215428.41799999992
206163.711
214537.41899999988
202975.47499999995
215423.8029999999
203054.88899999997
185663.70900000003
213303.90700000004
198846.0659999999
204969.27499999985
208154.88699999996
208620.4999999999
202970.85999999984
197957.2859999999
212372.53299999994
194916.245
188663.17
196893.12300000002
196876.02100000004
200088.96199999994
176322.89499999993
210272.53399999993
201078.41799999992
190749.00299999994
179404.212
198114.43599999987
204432.67099999991
199237.28599999993
203104.88599999985
200957.42199999987
178379.23199999996
203131.35699999996
188759.78599999993
215449.00399999984
205214.97699999993
206178.41499999986
172888.23799999992
201843.12299999985
209301.945
213298.02499999994
203072.17600000004
216547.3739999999
211372.53299999988
206064.9769999999
205075.47499999992
216564.03199999995
215460.76899999985
192767.37799999997
203087.23999999996
218520.912
208387.69099999988
195707.82699999993
205931.35799999992
206087.23899999983
206438.9589999999
208021.7189999999
208172.5329999999
212239.8259999999
209163.30299999996
220685.27899999992
201834.29799999998
202846.06299999997
193793.12200000006
209987.24100000007
204850.31699999984
199700.96600000001
205116.64999999997
183435.29900000003
206157.82800000007
169746.5180000001
203921.55399999995
203228.0549999999
210385.1579999999
204951.945
200999.0039999999
207910.7689999999
205068.6109999999
208264.9769999999
204314.69199999995
182607.28600000005
196954.88499999998
211367.91899999994
208419.59099999996
201945.52099999978
213374.83399999994
206211.75
195078.634
195865.147
205318.89999999985
208389.3669999999
211581.64299999998
181357.20500000002
181505.88500000007
176464.16800000003
197056.23700000002
206451.25199999992
205233.48199999987
170120.5
200054.88599999988
208175.47400000002
211457.82699999987
202961.05499999996
205907.82899999988
209296.06200000003
208203.5319999999
206986.00699999993
201982.67699999997
217367.09199999983
202810.7699999999
201043.11999999994
201863.70999999985
206977.4369999999
217517.91899999994
211275.47399999993
203975.47499999995
206169.59299999996
202189.63799999986
202846.0629999999
215322.62599999996
196910.41399999987
204121.00199999992
202046.40199999986
198893.1209999999
162066.02500000002
210520.9969999999
201962.4909999999
212254.8859999999
200750.27199999988
191535.02500000002
202873.79999999978
201978.51499999984
202848.59799999988
208273.43899999984
205096.5139999999
202863.7099999999
201074.2539999999
197150.7249999999
200401.36099999992
193843.57399999982
208327.7219999998
193912.70799999987
216500.96499999994
196783.8909999999
207210.11899999983
195029.5619999998
207545.28099999987
206189.62399999995
210206.85999999978
211484.88499999986
211191.5229999998
172236.6069999999
208205.8669999999
203238.09899999987
205348.3579999998
212231.35799999992
196719.59099999978
190531.35599999985
195596.0619999999
196624.93299999987
186354.9339999999
190766.64999999997
184533.483
192551.58199999988
185498.18899999995
201928.27099999992
167096.24499999994
196739.0469999999
201806.6959999998
199039.86199999985
185561.75899999985
220421.65799999985
211234.47599999985
194708.6849999997
182222.08299999987
195724.6579999999
220558.9739999999
219303.70999999982
204960.44999999992
207404.97599999988
200019.27399999992
207068.2059999999
217282.6249999999
194770.36099999983
214320.9029999999
193810.22699999984
209359.56799999988
208248.95899999986
214360.44999999984
208290.9509999999
192658.2819999999
215567.14599999986
217445.5229999999
212266.111
211367.1459999999
171311.4979999999
210193.4529999999
194891.03899999993
185997.375
223906.04399999982
150727.78600000002
207149.29099999985
206333.93799999994
214244.61499999993
203974.65899999987
158885.29499999998
216904.40600000005
194719.9099999998
192487.23999999982
120147.06599999995
201749.00399999978
191538.82499999978
218401.90099999987
172858.82800000004
117070.59499999996
174292.67099999994
212224.6899999999
179240.08999999997
144145.38799999998
180156.472
188593.75499999998
201846.5149999999
213177.43600000002
216268.77999999997
212010.22899999993
181057.29299999992
181134.93599999996
175964.7110000001
165564.71100000007
170696.0839999999
181200.19
149502.53499999997
200772.53299999988
219520.45299999998
217287.23999999987
167752.94700000001
196894.21099999992
197669.59299999996
215175.47599999994
149476.92599999998
160364.712
204900.86499999993
209028.41599999994
208051.9449999999
203974.66099999985
198702.03599999988
214063.7109999999
188270.59300000005
208963.71099999992
218206.8489999999
196749.0939999999
198669.59199999998
172879.41500000007
155219.6129999999
198540.1819999999
217140.1819999999
205879.7359999999
196631.357
199835.02399999998
199963.79999999993
206214.56999999992
192513.70899999983
192965.34499999997
184269.77499999988
211053.39499999987
201728.4169999999
219365.83899999992
190443.57599999997
197757.2869999999
206837.7449999999
194722.98799999987
212148.46399999998
212307.01899999997
208049.36800000002
211107.8279999999
167985.29600000006
156505.88400000005
177974.67200000002
216256.747
222610.769
201729.1439999999
201743.68399999998
212200.8639999999
195622.53499999997
147980.73599999995
216163.7109999999
181301.94299999997
202856.15399999992
208910.22999999998
198616.65199999994
158864.708
227069.6389999999
197394.11899999995
161968.642
221772.49399999995
208128.8669999999
194652.12299999993
194593.12199999997
141783.08600000004
216433.75799999989
160564.70799999998
192407.82899999994
159452.946
196657.28699999998
217460.136
207010.229
211122.6249999999
212104.16300000003
216269.86600000007
201651.94700000001
179129.77599999995
191610.76999999993
214231.54
219487.24000000005
206887.332
176136.53399999993
193743.28899999993
187286.69999999987
208108.10100000008
191463.7109999999
210105.251
210298.46300000002
184170.862
196687.24099999992
181251.9459999999
201977.46600000001
206240.17899999997
210342.14099999995
187608.236
207282.71300000002
190596.019
213330.315
191395.02199999994
203796.561
177192.80199999982
178431.35499999995
178511.26299999992
178414.97699999993
212274.47800000006
213274.93
181349.68099999992
193792.21499999997
195719.91
179282.03099999987
204033.3
178296.51299999986
195745.06499999997
155589.368
207091.76399999997
190762.32399999996
166827.87599999993
168017.9629999999
166806.74499999994
155761.221
165757.8289999999
165769.5929999999
168769.59299999988
174105.61499999993
168969.5919999999
173901.94499999986
162943.11999999988
162815.0279999999
163623.9439999999
168824.3929999999
167721.5539999999
175029.6829999999
176165.70099999983
169916.64899999986
141800.004
167587.2409999999
170854.88499999986
167825.47299999985
166787.23899999986
166951.40199999986
175922.53399999996
117145.439
175977.3339999999
173972.5319999999
176981.35599999985
166654.88599999988
185316.6499999999
188587.2369999999
178225.4719999999
174993.1209999999
180323.79899999985
169003.20899999992
179225.4719999999
184373.79899999988
172099.0019999999
170710.76999999987
216641.495
195978.917
188867.78800000006
180538.64900000003
190825.97599999997
173215.21200000006
169174.59400000007
170080.54199999984
196002.99200000003
198108.32899999994
163208.34700000013
171368.2349999999
164566.65099999993
163849.49799999985
169022.5309999999
204033.23200000002
185671.09300000014
194734.29799999986
187581.80999999988
158616.65099999987
167060.7639999999
211351.58599999995
179210.76699999988
202155.38799999998
171597.3810000001
166709.09399999987
197064.30100000004
175673.578
199020.09399999998
188628.46199999994
167728.41399999987
160630.4069999999
170966.6479999999
174197.70199999987
169893.1189999999
191613.75800000003
164849.9939999999
162954.2439999999
158844.8809999999
188931.53800000003
182360.4479999999
183344.1129999999
205972.6989999999
187963.439
201071.8519999999
186669.72499999986
164813.7059999999
189053.709
160935.20099999988
192926.79300000012
174415.16600000008
186913.14200000008
203381.04100000003
165841.44499999992
186827.94100000005
161671.3979999999
120991.85
176465.37899999996
187945.2960000002
171277.30800000002
191897.20000000007
180544.4400000001
170265.20900000006
189961.63100000005
195771.95200000008
192454.88599999988
183278.4139999999
198009.141
208431.857
217349.35499999992
164663.70799999987
198634.29799999995
194986.47299999997
184735.434
217604.86900000006
181155.24999999994
198925.87199999994
180149.27599999993
194859.33000000007
198679.76099999988
206964.69099999993
193717.63299999986
198902.67099999991
192541.52499999985
196618.61199999985
196703.3029999999
203781.53899999996
171928.7779999999
196001.22099999987
203850.27099999992
207858.10199999993
214416.8329999999
165059.14600000004
186814.07900000003
165154.77399999995
211445.79499999995
200157.10399999985
216431.3569999999
185461.40599999996
220534.48199999996
190431.81199999998
176351.9439999999
200177.89099999992
207910.7689999999
190473.9819999999
210166.69999999998
167834.5689999999
181360.1359999999
166732.62299999985
174040.17799999993
186387.42099999994
193621.71699999992
214433.27500000002
194082.4919999999
179146.2429999999
154429.6809999999
198691.98099999997
218446.154
211303.47200000004
191526.7279999999
184279.39699999997
182225.6549999999
192590.46699999992
203976.83299999998
210010.76899999997
219311.9159999999
191571.0409999999
204752.49200000003
187363.79999999984
182242.50399999996
191422.98799999995
223860.82100000005
203062.1810000001
207214.94000000012
219532.76299999992
172981.5369999999
174043.11899999986
209314.30299999999
182286.42199999987
217655.38800000004
205185.5649999999
205488.55900000007
189634.38999999996
229140.18600000005
232287.9280000002
229080.27700000006
212345.70900000006
211289.3870000001
172010.94799999992
187694.88599999994
188810.586
195840.90700000006
206431.857
208688.14499999996
222149.50400000002
200978.96099999998
177379.68099999987
234326.2510000001
179396.69799999995
211754.57299999997
180545.2479999999
189769.05099999992
222078.91700000002
207787.83600000007
215029.32600000015
178744.65899999999
217053.02800000002
206564.301
224092.58000000007
200102.44700000004
193926.33900000004
208292.8260000001
192812.0890000001
190843.98600000003
230264.21099999995
216532.58700000017
202302.446
194903.08400000015
199097.019
200459.14600000004
199376.43000000002
195237.83099999998
178500.1349999999
209690.95400000003
210432.31400000007
199455.749
202302.901
194314.163
183758.32599999997
190793.80500000002
205940.63599999997
178157.96500000005
207234.12099999987
211239.82300000006
210277.6949999999
209673.216
224023.127
178418.36999999994
203149.45999999993
202159.45899999994
205332.58700000003
213473.30899999998
191645.16399999996
152272.53199999992
203161.22299999994
193763.48599999992
195693.39500000005
209966.33699999997
170060.7669999999
181451.17900000003
189931.94900000002
205161.18200000006
189005.93100000004
218546.93000000002
197031.81199999998
198305.3860000001
216612.13100000005
213781.67699999997
217725.79699999996
173294.84599999996
201207.7880000001
222672.12799999988
204398.51199999996
205328.55399999992
173188.825
222703.7640000001
209465.62200000018
186737.739
208190.9570000001
235107.79100000008
219838.5539999999
192151.81900000008
148218.50900000002
137012.083
177061.31200000003
214138.10199999987
201795.8389999999
193489.20099999986
193518.10199999993
185212.49199999988
203911.96599999996
192449.27699999983
220693.89699999994
208226.34200000006
203022.76299999995
184216.24599999987
146122.531
149113.709
188937.73900000003
143118.60999999996
219858.73599999995
212696.56300000008
212301.94599999985
219060.37900000007
201362.17800000013
215443.17600000004
207290.45299999995
175227.61700000006
188313.89199999988
200658.28299999997
192413.7109999999
221605.8290000001
185496.42599999992
239524.51499999998
199872.5349999999
213723.127
220993.17200000005
196859.24000000005
209203.26200000005
185205.06899999987
204826.337
206126.78999999995
207129.5370000001
191692.14299999992
198929.68399999986
143051.94299999997
191617.81499999997
182591.70700000005
180453.74300000005
169126.018
203229.61300000004
178400.999
188915.79300000006
209344.48600000006
224724.8020000001
242426.3420000001
218801.72200000015
192727.01599999997
237275.61500000005
205265.0310000001
219823.8550000001
216934.79800000004
220709.05800000016
228073.128
230102.63000000015
218876.79600000015
225873.1280000001
214744.0790000002
205570.27500000017
216884.17300000016
200376.4300000002
215855.21000000014
215796.20700000017
210689.95700000005
197363.7590000001
205639.43300000005
202397.29200000016
226938.10700000022
217821.85900000005
224885.25700000016
206523.05600000016
186672.53800000003
222867.3370000002
190902.27000000014
211682.58700000015
231990.9570000001
224979.6470000001
226754.03200000012
219424.80200000014
200082.2230000001
194820.64000000013
195718.91900000008
203051.45100000003
205199.2830000001
213491.22900000008
223837.92400000006
192967.97100000014
188805.4830000001
208314.9400000002
206605.66000000012
219917.7910000002
198214.84800000011
209620.45700000014
200365.21100000018
213632.3140000002
208631.8620000002
187755.84300000005
207356.7440000001
219979.28100000022
205198.9810000002
198180.41400000016
214535.62000000017
201100.50600000014
212419.55500000014
204344.4410000002
203195.93100000013
217544.1700000002
195056.02300000013
219773.85400000022
206273.13100000017
207976.92400000012
238367.8820000001
202221.8130000001
201234.6370000001
208350.1420000002
188876.42800000007