14471.162162162162
14833.849315068494
15476.507246376812
14833.369863013699
15105.430555555555
13911.376623376624
16186.373134328358
16356.651515151516
14472.613333333333
15212.295774647888
14378.684210526315
15110.87323943662
14343.706666666667
14667.534246575342
13059.156626506025
14279.04
15281.661971830987
13848.285714285714
15144.323943661971
13591.60759493671
14666.438356164384
14194.22077922078
14440.64
13098.658536585366
15144.549295774648
14764.931506849314
14339.891891891892
13909.09090909091
13796.48717948718
14279.866666666667
12972.626506024097
15186.2
12980.878048780487
14403.418918918918
14155.078947368422
11626.987654320988
14534.04109589041
13088.4578313253
14208.337837837838
14181.48
13169.864197530864
13109.876543209877
12708.518072289156
14467.109589041096
10985.488372093023
13071.036585365853
13765.294871794871
14059.736842105263
12607.441860465116
14372.094594594595
13880.324324324325
13561.39240506329
13049.716049382716
13169.938271604939
13499.113924050633
14568.405405405405
14273.22972972973
12796.156626506025
12241.919540229885
14372.68918918919
14802.464788732394
10624.47435897436
13900.78947368421
12884.204819277109
12551.406976744185
14240.378378378378
13170.123456790123
14061.25
13453.641025641025
13998.223684210527
13408.443037974683
14499.397260273972
15151.957142857143
10205.691358024691
13180.4125
13878.727272727272
14568.013698630137
13364.2625
11807.185185185184
14368.164383561643
17844.827586206895
14118.853333333333
10118.825
14042.161764705883
11467.416666666666
14970.416666666666
15860.283582089553
13288.58024691358
14667.743243243243
15686.942028985508
14086.4
13868.302631578947
15316.74647887324
14503.45945945946
13540.885714285714
15572.358208955224
15160.347826086956
14208.418918918918
14182.706666666667
14665.638888888889
13955.213333333333
13297.41935483871
15088.40579710145
13803.782608695652
15546.507246376812
17901.683333333334
16760.70909090909
13377.101265822785
15083.371428571429
14279.92
11917.759493670887
9614.658823529411
9558.901408450703
17542.98305084746
13740.894736842105
9176.27027027027
15593.0
16463.535714285714
13177.532258064517
20561.196078431374
13192.8
15082.018867924528
16100.90909090909
15594.308823529413
16669.20634920635
9468.345238095239
9941.283582089553
12356.472972972973
13087.7
16081.354166666666
11626.537313432837
21451.595238095237
13284.98
14976.828571428572
11658.654320987655
16773.803278688523
16022.64
18547.418181818182
11072.57627118644
20181.21568627451
13194.868852459016
10441.21875
15304.745762711864
7355.75
7457.756756756757
12168.89393939394
15021.488888888889
20868.840909090908
5594.56
9785.452380952382
12791.209677419354
12008.157894736842
16292.767857142857
14028.017543859649
18927.340425531915
10731.433962264151
1021.0416666666666
10545.38
12239.92857142857
11283.154929577464
10532.843137254902
12177.05357142857
8429.64
18998.238095238095
12678.655737704918
11575.553191489362
14471.681818181818
12469.5
5199.076923076923
9322.966101694916
6670.376811594203
3134.6181818181817
9944.30357142857
9013.489361702128
13834.979166666666
12279.78125
8470.79365079365
4612.8387096774195
15848.25
2925.340425531915
22520.934782608696
7538.0344827586205
4965.7962962962965
263.7142857142857
11602.309090909092
2822.6382978723404
7604.588235294118
3999.75
16200.785714285714
17365.0
4090.891304347826
256.72549019607845
27266.17391304348
3858.8888888888887
10310.216216216217
2887.186440677966
110.83333333333333
189.40625
4620.0625
3604.690476190476
955.6231884057971
2980.3333333333335
193.73333333333332
579.0192307692307
737.3428571428572
1151.5714285714287
1176.0243902439024
5940.851063829788
4278.8
1072.9642857142858
721.8863636363636
587.4878048780488
5238.032258064516
114.53333333333333
2706.4901960784314
1464.8333333333333
799.7692307692307
877.5714285714286
1172.7818181818182
1523.6315789473683
738.5348837209302
431.7894736842105
788.4186046511628
194.6
262.9591836734694
607.4237288135594
184.64705882352942
184.64705882352942
113.64444444444445
114.6
3194.72
2992.6785714285716
114.0
466.6545454545454
113.5
166.48936170212767
3145.64
507.2258064516129
248.05405405405406
541.7647058823529
841.9333333333333
115.86666666666666
487.0769230769231
115.93548387096774
116.02702702702703
113.87096774193549
3976.818181818182
115.14285714285714
586.4634146341464
115.19298245614036
621.8421052631579
3391.931818181818
645.1463414634146
3465.9607843137255
611.9487179487179
3496.561403508772
7004.090909090909
1323.6
3460.195652173913
818.5
179.57894736842104
1106.851851851852
3283.7272727272725
111.71428571428571
618.8333333333334
114.21052631578948
117.4074074074074
117.48387096774194
116.06896551724138
821.0416666666666
117.66666666666667
2180.239436619718
840.3
1045.5641025641025
584.1219512195122
381.6666666666667
553.4090909090909
1006.7666666666667
1647.938775510204
117.05882352941177
800.6410256410256
3148.64
504.4
5852.5
113.91489361702128
772.8181818181819
804.0714285714286
694.4
2561.7419354838707
2282.1971830985917
649.42
1249.2666666666667
3132.176470588235
3620.6486486486488
987.5081967213115
842.26
116.06060606060606
898.2162162162163
3074.596153846154
280.8965517241379
173.17073170731706
115.28571428571429
3900.909090909091
3785.0833333333335
992.2727272727273
4162.5
728.4788732394367
115.65853658536585
787.4651162790698
771.2424242424242
4142.7441860465115
1324.2954545454545
7200.4358974358975
1064.607142857143
653.0222222222222
1230.1025641025642
648.7777777777778
113.73333333333333
114.19047619047619
641.709090909091
652.2962962962963
637.7666666666667
174.325
114.08888888888889
3898.3636363636365
208.12
159.66666666666666
159.12727272727273
114.81481481481481
6061.928571428572
114.10526315789474
850.695652173913
622.0
491.8888888888889
114.48
113.44444444444444
693.28
114.41071428571429
114.41071428571429
7075.224137931034
3319.6875
200.51785714285714
3019.5581395348836
3753.457142857143
164.45833333333334
114.10810810810811
3235.925
112.72413793103448
114.8
176.87179487179486
884.8510638297872
918.9444444444445
706.0816326530612
157.375
114.0
112.75862068965517
3896.3333333333335
563.1851851851852
3288.8936170212764
114.08888888888889
164.45833333333334
437.1
250.88571428571427
114.32432432432432
851.7121212121212
1010.3157894736842
549.6567164179105
114.04761904761905
706.1428571428571
940.421052631579
113.75510204081633
627.3269230769231
545.0
1147.595744680851
940.54
619.4716981132076
396.4418604651163
619.7924528301887
924.7142857142857
751.5
450.80555555555554
584.2982456140351
3148.66
2953.1363636363635
3971.6363636363635
3007.9545454545455
114.63157894736842
115.15555555555555
434.5660377358491
619.5833333333334
467.6727272727273
752.8157894736842
4570.941176470588
665.9545454545455
3583.4444444444443
114.44736842105263
578.5531914893617
871.125
553.8181818181819
167.54347826086956
678.1333333333333
1270.5217391304348
226.46511627906978
115.01694915254237
112.3529411764706
3560.0
751.0
163.53061224489795
114.6984126984127
535.7
524.8085106382979
355.675
113.8974358974359
3721.6136363636365
459.4
705.0204081632653
1236.7674418604652
730.0
744.195652173913
835.7910447761194
772.8181818181819
590.1967213114754
606.4745762711865
534.0
4694.96875
429.60869565217394
495.7719298245614
3162.5853658536585
268.6808510638298
115.3953488372093
114.0754716981132
112.86842105263158
2516.8846153846152
114.81666666666666
114.18181818181819
114.21153846153847
114.51282051282051
3785.676470588235
114.3265306122449
277.8888888888889
406.4655172413793
1276.125
623.7543859649123
635.8627450980392
432.13157894736844
789.3333333333334
1028.1803278688524
935.876923076923
114.57407407407408
2686.0508474576272
808.8163265306123
1210.8333333333333
221.77272727272728
3879.804347826087
655.2586206896551
787.1162790697674
661.8636363636364
542.5333333333333
5756.096153846154
1381.0681818181818
665.1929824561404
2597.2258064516127
896.5675675675676
1325.032258064516
2606.163636363636
214.58333333333334
1263.2380952380952
1041.7435897435898
962.2702702702703
111.71428571428571
863.8620689655172
239.5
241.31578947368422
3106.4489795918366
682.4705882352941
622.561403508772
2430.909090909091
3786.029411764706
5664.533333333334
114.75862068965517
115.04347826086956
8259.304347826086
153.6451612903226
163.24489795918367
2685.9298245614036
112.9090909090909
489.2888888888889
163.0
2889.3333333333335
114.70588235294117
2471.698113207547
114.08888888888889
152.765625
3191.78
597.1333333333333
115.01694915254237
114.57142857142857
2596.2741935483873
2129.516129032258
574.3174603174604
114.91666666666667
113.74468085106383
114.73333333333333
163.9795918367347
115.19148936170212
115.0
114.42105263157895
213.10204081632654
114.54901960784314
115.07692307692308
2662.1
600.78
2442.7258064516127
114.66666666666667
2772.063829787234
168.95555555555555
113.97222222222223
192.2258064516129
114.53333333333333
3320.1190476190477
500.70454545454544
721.671875
113.89189189189189
114.41071428571429
4090.9375
164.27083333333334
113.875
6582.820512820513
114.35897435897436
152.59375
114.78571428571429
2773.574468085106
114.42857142857143
629.7704918032787
448.4655172413793
114.06
3296.4
323.82608695652175
113.07692307692308
152.40625
5141.090909090909
2800.470588235294
2385.3636363636365
348.78846153846155
272.2173913043478
174.5
113.875
2382.2571428571428
3459.195652173913
554.1212121212121
448.2758620689655
2388.4285714285716
338.8837209302326
279.27272727272725
773.3636363636364
683.0196078431372
2781.090909090909
242.26315789473685
706.6530612244898
2481.6
682.7843137254902
632.0
811.3333333333334
2768.0344827586205
582.516129032258
159.3272727272727
114.97560975609755
7533.764705882353
276.55555555555554
360.9387755102041
436.5777777777778
575.2857142857143
758.8
682.7058823529412
694.0
2912.2181818181816
561.0769230769231
772.4545454545455
729.9830508474577
513.7272727272727
385.5925925925926
2690.3928571428573
621.6451612903226
206.71698113207546
3317.641025641026
115.11111111111111
3019.093023255814
115.04347826086956
666.4561403508771
4963.736842105263
113.86206896551724
115.01818181818182
166.0
211.9
115.27272727272727
416.9107142857143
2637.55737704918
2867.063492063492
534.1034482758621
114.94545454545455
561.0769230769231
706.7924528301887
115.24444444444444
115.09803921568627
160.52830188679246
2831.5652173913045
115.52380952380952
4420.241379310345
195.1
4144.580645161291
114.75
613.6896551724138
215.58333333333334
165.29166666666666
167.7608695652174
115.27272727272727
114.96296296296296
3075.093023255814
115.11764705882354
115.27272727272727
164.0408163265306
4420.517241379311
115.19047619047619
115.09803921568627
4092.875
113.73333333333333
434.2830188679245
488.8205128205128
2773.4893617021276
6691.0526315789475
115.08333333333333
160.66037735849056
115.33333333333333
114.14814814814815
162.64705882352942
2768.0862068965516
3254.8367346938776
671.4615384615385
651.3333333333334
2723.169491525424
114.14285714285714
606.3559322033898
661.5094339622641
642.0
730.5098039215686
632.7857142857143
114.28571428571429
114.13793103448276
188.33333333333334
115.2
694.58
651.2592592592592
113.73333333333333
113.74193548387096
207.90384615384616
172.33333333333334
115.3953488372093
642.4363636363636
182.25
2935.195652173913
623.7543859649123
223.2
298.9056603773585
891.8301886792453
216.25
629.063829787234
3161.0
651.925925925926
262.8979591836735
115.1086956521739
2768.4375
509.40816326530614
598.4
3220.121951219512
6999.35593220339
5628.941176470588
7052.972222222223
6885.083333333333
672.6923076923077
2829.413043478261
114.5
642.3090909090909
3321.6041666666665
754.9387755102041
2768.551724137931
114.41025641025641
682.6470588235294
582.7096774193549
705.7551020408164
554.1818181818181
3073.596153846154
2637.688524590164
3018.830188679245
590.1967213114754
2678.032786885246
598.1538461538462
10521.083333333334
11132.558823529413
7730.584905660377
8076.470588235294
7073.913793103448
3131.1176470588234
3063.0377358490564
8259.717391304348
212.0
7453.836363636364
8003.567164179104
2765.2203389830506
114.66666666666667
683.5098039215686
3132.549019607843
3319.4791666666665
575.047619047619
629.9180327868852
2638.27868852459
685.6363636363636
7559.549019607844
7199.824561403509
7200.175438596491
8033.058823529412
8191.08
7416.2692307692305
7660.08
114.92682926829268
197.24137931034483
114.14285714285714
115.11764705882354
797.0869565217391
613.9310344827586
541.25
529.1571428571428
641.5636363636364
115.52380952380952
114.25490196078431
592.9642857142857
2256.0694444444443
398.65
954.0204081632653
164.20833333333334
2306.2631578947367
2440.3606557377047
2911.418181818182
114.66666666666667
114.08888888888889
2564.1176470588234
114.04545454545455
2738.981818181818
114.93877551020408
114.58
114.61538461538461
114.38709677419355
2310.9137931034484
114.67924528301887
114.12121212121212
114.25806451612904
2305.6140350877195
160.0188679245283
114.67307692307692
156.24137931034483
411.12280701754383
387.14516129032256
388.0566037735849
382.9074074074074
290.3454545454546
632.1607142857143
498.42857142857144
396.56666666666666
387.7741935483871
2517.6491228070176
265.9375
114.63157894736842
2432.410714285714
114.83333333333333
158.14285714285714
2347.8947368421054
2660.92
114.55555555555556
114.40425531914893
114.85714285714286
342.50943396226415
361.0
164.91666666666666
165.0
304.2549019607843
114.59615384615384
205.77358490566039
114.82608695652173
293.9074074074074
209.92156862745097
655.4126984126984
316.68333333333334
115.06521739130434
669.9473684210526
5011.018867924528
585.1578947368421
115.1063829787234
352.05882352941177
2679.451612903226
115.85714285714286
679.9464285714286
115.36842105263158
743.6034482758621
593.6428571428571
3033.519230769231
745.6666666666666
682.5166666666667
174.34146341463415
627.578947368421
610.3220338983051
116.27027027027027
175.75
352.6470588235294
2825.1702127659573
424.25531914893617
731.3090909090909
220.1304347826087
177.51282051282053
115.5
337.29545454545456
2977.9056603773583
115.30232558139535
620.5283018867924
3402.5789473684213
114.8695652173913
1030.2459016393443
225.11363636363637
1000.7301587301587
115.6
2917.981818181818
883.65
754.719298245614
2884.7166666666667
3145.9761904761904
3260.5714285714284
115.26470588235294
3133.6744186046512
656.1296296296297
797.140350877193
357.05
1115.6031746031747
881.4166666666666
769.3269230769231
3126.421875
3117.1311475409834
1018.0338983050848
1064.445945945946
1250.984375
3787.027777777778
1179.878787878788
1053.8548387096773
969.6481481481482
1083.7384615384615
973.723076923077
115.41666666666667
683.4901960784314
986.890625
115.43589743589743
3048.92
734.2363636363636
174.21951219512195
3126.616666666667
719.1875
683.7843137254902
1029.6065573770493
3237.225
115.63888888888889
236.075
192.25
731.156862745098
203.21428571428572
477.01666666666665
938.125
773.3428571428572
690.0363636363636
563.8153846153846
523.2461538461539
589.4754098360655
116.06896551724138
622.9824561403509
2633.892307692308
2452.176470588235
2717.8360655737706
819.8225806451613
614.1379310344828
719.0384615384615
191.78125
629.2295081967213
2595.951612903226
590.639344262295
114.8695652173913
613.8793103448276
2775.375
2736.509090909091
453.2280701754386
1044.5833333333333
2489.1408450704225
2919.910447761194
824.7291666666666
862.9852941176471
3371.6041666666665
947.179104477612
897.6451612903226
868.2931034482758
5377.981132075472
999.5396825396825
631.9464285714286
806.0535714285714
2682.3050847457625
597.3
7071.5526315789475
4459.641791044776
2558.2676056338028
911.2714285714286
582.1290322580645
840.24
788.8604651162791
731.3617021276596
986.078125
637.6333333333333
622.9649122807018
3694.953488372093
3611.25
744.6521739130435
828.6136363636364
3073.980769230769
922.939393939394
796.671875
3667.3863636363635
786.7692307692307
1038.079365079365
882.9166666666666
760.0666666666667
198.3448275862069
114.78947368421052
949.015625
819.6290322580645
1569.7818181818182
942.1842105263158
937.82
3102.9814814814813
959.3333333333334
2711.84375
667.6666666666666
839.4561403508771
982.7948717948718
1193.0925925925926
669.3333333333334
1044.0166666666667
3284.5438596491226
1221.842105263158
1007.9782608695652
110.0
934.1830985915493
819.7096774193549
957.6122448979592
937.6610169491526
3305.1020408163267
4648.782608695652
736.1714285714286
1019.3582089552239
1022.175
1469.0
1254.0
5885.42
970.5
2813.0151515151515
1151.517857142857
855.0967741935484
1150.734693877551
1162.9433962264152
1107.982142857143
1041.4255319148936
3418.098039215686
3338.98
903.8478260869565
14122.034482758621
3193.3076923076924
1236.3902439024391
1138.3076923076924
935.375
1307.1818181818182
827.6470588235294
924.375
681.2166666666667
3459.6296296296296
114.94871794871794
747.62
789.7777777777778
886.531914893617
1147.2962962962963
4339.454545454545
923.0757575757576
324.4310344827586
641.709090909091
641.5090909090909
462.7755102040816
189.03030303030303
629.983606557377
2681.616666666667
858.4081632653061
961.4444444444445
863.6911764705883
205.2962962962963
813.6888888888889
788.6279069767442
887.6521739130435
473.8360655737705
520.5757575757576
562.9473684210526
626.6140350877193
909.4754098360655
1167.5471698113208
3011.35593220339
804.6428571428571
853.4915254237288
3076.3606557377047
819.1612903225806
759.0
4061.5128205128203
841.6166666666667
681.7166666666667
757.1029411764706
2810.820895522388
1076.7413793103449
712.6
972.2153846153847
1147.9444444444443
520.5454545454545
539.4285714285714
618.0344827586207
477.78333333333336
578.0952380952381
539.9206349206349
842.2857142857143
2977.698113207547
2481.688524590164
616.3333333333334
658.3620689655172
960.695652173913
640.5490196078431
2778.757575757576
910.2131147540983
1196.2857142857142
601.6
774.0625
940.1
2487.030303030303
777.0363636363636
2778.242424242424
539.8253968253969
720.4
1230.04
959.2424242424242
1134.64
963.2558139534884
3636.9423076923076
999.9206349206349
999.3650793650794
977.9830508474577
674.6346153846154
759.359375
877.1176470588235
751.4098360655738
922.7936507936508
1140.75
1071.1162790697674
1129.3818181818183
3321.0416666666665
921.140350877193
453.3157894736842
980.1555555555556
646.28
899.0147058823529
790.9180327868852
834.8125
731.3174603174604
711.3333333333334
678.2857142857143
208.68627450980392
923.1166666666667
3230.0689655172414
837.3684210526316
465.43636363636364
743.6851851851852
473.64814814814815
592.2321428571429
740.7096774193549
4805.606557377049
2854.603448275862
474.5925925925926
560.7666666666667
946.8059701492538
721.625
730.5593220338983
823.6458333333334
2850.101694915254
640.0
478.54716981132077
3310.7884615384614
948.109375
722.4107142857143
2592.768115942029
2894.4615384615386
2416.794117647059
690.8983050847457
860.9692307692308
2775.582089552239
2956.7868852459014
1177.8333333333333
2936.0
629.1212121212121
710.8775510204082
583.741935483871
659.5862068965517
2922.8888888888887
709.4716981132076
735.4468085106383
3077.3653846153848
809.3265306122449
600.9833333333333
512.3090909090909
622.5087719298245
2416.779411764706
655.551724137931
686.3529411764706
2684.5254237288136
339.1666666666667
678.7678571428571
609.3220338983051
626.561403508772
553.4426229508197
399.1764705882353
610.0
809.0357142857143
663.4354838709677
2764.2203389830506
581.9298245614035
3135.0196078431372
654.8148148148148
505.39285714285717
2725.8474576271187
503.05357142857144
502.9710144927536
601.1272727272727
801.3333333333334
2865.8928571428573
2828.327272727273
639.2745098039215
576.0862068965517
520.5151515151515
2822.0714285714284
744.0
711.1228070175439
507.241935483871
854.2173913043479
982.7857142857143
526.8307692307692
570.9375
1274.5652173913043
271.69354838709677
626.2631578947369
2522.2698412698414
539.6349206349206
721.6388888888889
664.8679245283018
352.62745098039215
206.39622641509433
462.5079365079365
462.3333333333333
485.9830508474576
507.2903225806452
633.2295081967213
272.9672131147541
241.96491228070175
278.35593220338984
674.876923076923
448.94827586206895
501.1904761904762
327.42105263157896
561.9591836734694
3105.5344827586205
662.4354838709677
3426.288888888889
568.96875
843.45
618.1034482758621
2483.8888888888887
2520.7241379310344
513.7377049180328
709.6
766.6964285714286
2600.8032786885246
592.5081967213115
4359.421875
570.6875
281.37931034482756
330.10714285714283
248.59259259259258
4552.372881355932
501.0952380952381
2481.55737704918
2560.3809523809523
2560.844827586207
573.3207547169811
406.72
2604.035087719298
2710.66
331.125
2339.9545454545455
398.6
635.7571428571429
357.85
601.3692307692307
244.92857142857142
209.9607843137255
2522.063492063492
428.9193548387097
279.7118644067797
339.037037037037
347.86538461538464
162.23529411764707
331.94642857142856
2439.5333333333333
160.41509433962264
242.71929824561403
429.1296296296296
206.45283018867926
242.26315789473685
6365.107692307693
4918.773584905661
6310.8125
6687.315789473684
6439.15
10021.507692307692
160.30188679245282
301.78846153846155
4348.779661016949
2561.814814814815
4575.535714285715
4673.603448275862
4789.163636363636
2516.5576923076924
375.05357142857144
160.80769230769232
2562.9473684210525
242.82456140350877
207.34615384615384
165.1875
380.07272727272726
2471.2830188679245
6256.311475409836
291.05454545454546
204.0
298.07547169811323
7564.628571428571
6402.476923076923
114.35416666666667
205.58490566037736
164.58333333333334
2706.098039215686
205.96226415094338
2473.2909090909093
6921.440677966101
2771.276595744681
114.23913043478261
7146.12962962963
484.4782608695652
6786.810344827586
3396.931818181818
260.44
6601.7
3160.0
13498.362068965518
476.93617021276594
547.2222222222222
9421.763636363636
13731.61403508772
424.2340425531915
2656.3076923076924
2828.909090909091
7114.421052631579
3070.5208333333335
357.52
257.7450980392157
269.29787234042556
5651.347826086957
367.375
474.35185185185185
535.5192307692307
114.1063829787234
371.6595744680851
7597.056603773585
4054.5416666666665
413.42105263157896
13223.470588235294
252.26415094339623
406.48
2749.4423076923076
564.3285714285714
634.5285714285715
653.25
2455.239436619718
680.7906976744187
528.7234042553191
2891.8076923076924
674.0153846153846
909.421875
923.5151515151515
974.3870967741935
305.1764705882353
653.0416666666666
564.6571428571428
669.4714285714285
824.0153846153846
519.6363636363636
577.2698412698413
163.89795918367346
563.7692307692307
752.1666666666666
2278.133333333333
418.82142857142856
462.4920634920635
2601.245901639344
563.8923076923077
114.45614035087719
2413.2272727272725
2561.75
213.51020408163265
2328.6825396825398
357.1333333333333
238.38983050847457
629.2727272727273
247.12727272727273
2609.056603773585
6629.932203389831
2474.4
2520.6935483870966
8008.489795918367
6575.426229508197
3187.813953488372
6392.677419354839
6064.615384615385
7366.377358490566
4369.672131147541
366.2931034482759
2658.607843137255
362.06779661016947
177.73684210526315
240.39655172413794
2400.5081967213114
392.4
320.8135593220339
380.921875
220.32608695652175
237.6271186440678
278.54237288135596
193.72131147540983
396.5348837209302
2358.633333333333
114.37735849056604
114.22
2772.574468085106
114.26415094339623
114.10204081632654
158.61818181818182
114.23404255319149
158.25454545454545
162.56
2398.15
114.31481481481481
233.7704918032787
158.4181818181818
312.9016393442623
2351.9655172413795
114.45614035087719
231.48387096774192
114.41071428571429
2173.873015873016
2272.1525423728813
4195.3650793650795
315.5208333333333
2362.516129032258
248.42592592592592
346.88461538461536
264.9166666666667
2799.6470588235293
152.95238095238096
156.75438596491227
161.6078431372549
480.5151515151515
382.92063492063494
272.7704918032787
2309.6206896551726
191.20634920634922
2841.8076923076924
114.38461538461539
194.04918032786884
193.65573770491804
229.5079365079365
233.19672131147541
231.32258064516128
207.0
154.76666666666668
2236.55
454.140625
2140.957142857143
398.6029411764706
342.49056603773585
162.56
326.2631578947368
2123.876712328767
2158.791044776119
322.3965517241379
510.9850746268657
753.8676470588235
556.6901408450705
2478.6393442622953
499.39130434782606
700.8285714285714
646.5254237288135
550.0819672131148
470.40983606557376
474.92537313432837
416.4375
2204.217391304348
2266.731343283582
517.0151515151515
348.0483870967742
2521.4848484848485
265.59375
190.15625
190.421875
114.64516129032258
346.7307692307692
355.78333333333336
159.81132075471697
378.765625
4145.145161290323
2478.1475409836066
642.65625
701.9054054054054
416.0416666666667
197.63793103448276
265.609375
2297.2615384615383
459.55555555555554
348.03225806451616
411.5076923076923
509.6545454545454
315.22222222222223
488.61971830985914
2336.151515151515
114.04081632653062
366.86567164179104
491.625
459.72857142857146
443.6212121212121
416.109375
114.17021276595744
3501.8205128205127
6931.27027027027
604.304347826087
604.7101449275362
604.3188405797101
2336.212121212121
820.4
892.1525423728814
783.2
476.55
4131.835820895522
436.03333333333336
436.43333333333334
431.1639344262295
482.7118644067797
421.06349206349205
407.0
438.67164179104475
454.109375
402.6865671641791
2405.078125
406.9848484848485
386.61971830985914
402.7761194029851
558.1020408163265
525.3191489361702
421.0952380952381
425.93548387096774
407.1818181818182
2266.5223880597014
407.07575757575756
426.1290322580645
485.96153846153845
402.7761194029851
443.8333333333333
508.3469387755102
299.5897435897436
407.04545454545456
402.7164179104478
402.65671641791045
265.390625
402.7164179104478
366.6865671641791
425.80645161290323
411.5076923076923
459.10714285714283
524.3584905660377
398.5147058823529
386.8709677419355
430.8196721311475
270.19354838709677
420.85714285714283
176.02564102564102
8497.555555555555
3019.6744186046512
7189.555555555556
9037.238095238095
2367.328125
8262.4375
6370.603174603175
4256.030769230769
2267.5373134328356
7647.538461538462
8623.83606557377
4256.123076923077
7457.925925925926
5946.955882352941
4293.661538461539
2300.181818181818
640.9487179487179
6311.140625
6575.868852459016
4073.4117647058824
6273.140625
8486.209677419354
5053.290909090909
8207.367346938776
3161.4146341463415
6370.587301587301
6215.984615384616
4395.765625
8157.918367346939
2368.546875
6683.3
6683.266666666666
5890.763888888889
7588.986301369863
6575.6557377049185
5910.931506849315
2557.230769230769
2927.813559322034
590.0983606557377
245.32432432432432
3237.6
2557.484375
661.1698113207547
842.5396825396825
113.9
113.90243902439025
2885.813559322034
853.8775510204082
582.0806451612904
606.1186440677966
113.9
4382.901408450704
945.53125
844.8412698412699
6150.723404255319
3888.8285714285716
3503.6136363636365
4777.0
113.88571428571429
409.57142857142856
608.2272727272727
3321.25
651.0370370370371
682.8039215686274
5690.32
694.08
2722.3728813559323
671.6923076923077
740.5185185185185
661.1698113207547
3132.5882352941176
773.5818181818182
614.3103448275862
622.9824561403509
2933.896551724138
5259.8421052631575
668.5573770491803
3219.4791666666665
698.5483870967741
880.8571428571429
576.2340425531914
868.875
699.0967741935484
5367.2037037037035
6675.825396825397
831.28125
646.5084745762712
569.5094339622641
821.6615384615385
4355.9078947368425
821.6153846153846
574.5079365079365
933.0441176470588
738.3225806451613
909.4857142857143
631.7857142857143
2772.0597014925374
908.3
760.1
849.8571428571429
884.5151515151515
3183.531914893617
873.0597014925373
1083.6727272727273
1022.8125
944.5285714285715
840.8
864.4788732394367
858.7384615384616
478.5660377358491
736.8142857142857
754.9411764705883
2855.1384615384613
790.7205882352941
824.48
644.328125
747.9230769230769
2677.6721311475408
778.0645161290323
648.5735294117648
2450.1304347826085
774.8787878787879
2623.3521126760565
699.8548387096774
794.828125
2414.1323529411766
701.530303030303
672.4615384615385
898.2112676056338
2750.2698412698414
749.7049180327868
790.8676470588235
738.060606060606
2593.731343283582
864.6760563380282
536.3650793650794
921.5454545454545
2694.7428571428572
876.931506849315
2596.6875
847.8636363636364
789.2295081967213
589.655737704918
4187.24358974359
719.609375
2521.0
852.3478260869565
2806.4406779661017
748.1076923076923
837.6567164179105
2667.757575757576
889.4202898550725
937.1538461538462
1283.8148148148148
1007.5
987.90625
2872.109090909091
963.2380952380952
923.7727272727273
1077.4109589041095
1064.945945945946
2730.0285714285715
6896.0
2665.573529411765
2917.9836065573772
3989.9634146341464
608.09375
946.4520547945206
911.0285714285715
924.1014492753624
960.8333333333334
887.7121212121212
2735.720588235294
863.3970588235294
2776.0597014925374
1057.4583333333333
977.8474576271186
2922.6666666666665
795.4375
1059.1688311688313
993.0434782608696
994.0869565217391
970.8235294117648
1110.2857142857142
2783.2933333333335
1167.828947368421
1068.9545454545455
1164.2089552238806
850.0
2872.6376811594205
1137.546875
1208.1764705882354
872.9375
848.8181818181819
905.7884615384615
959.5151515151515
6756.5970149253735
6074.197183098591
6335.558823529412
982.5074626865671
981.955223880597
935.0967741935484
7212.370967741936
985.578125
6143.8493150684935
1063.7536231884058
1229.8095238095239
921.4833333333333
892.2830188679245
1029.3188405797102
6177.56338028169
817.4032258064516
895.1451612903226
2697.5797101449275
920.9848484848485
897.9264705882352
943.5068493150685
898.2647058823529
738.4242424242424
945.5074626865671
967.943661971831
4102.355263157895
1054.597014925373
2664.865671641791
2847.135593220339
837.2686567164179
909.4029850746268
10612.855263157895
6043.027397260274
10645.473684210527
811.1969696969697
784.723076923077
6231.3
6093.625
6144.0
6803.53125
6107.811594202899
8493.40909090909
987.2950819672132
6194.957142857143
660.4032258064516
3044.4727272727273
4812.109375
4559.484848484848
9628.267605633802
789.0232558139535
9395.5
700.516129032258
6109.549295774648
4367.826086956522
882.6349206349206
709.5846153846154
5939.450704225352
785.0
2738.208955223881
946.3582089552239
836.7611940298508
785.2153846153847
972.2916666666666
5694.066666666667
5887.7733333333335
921.4848484848485
898.5147058823529
827.2941176470588
921.7948717948718
984.390625
5641.896103896104
1013.9102564102565
5485.480519480519
811.725
773.5714285714286
638.5945945945946
898.9354838709677
6233.220588235294
599.1
673.2
2675.548387096774
909.1641791044776
876.8333333333334
1017.5932203389831
557.2394366197183
828.2295081967213
681.875
2383.214285714286
2666.6716417910447
2420.847222222222
719.8823529411765
644.421875
720.2794117647059
764.7462686567164
775.1515151515151
800.955223880597
664.8636363636364
618.9861111111111
557.3802816901408
694.4225352112676
760.24
840.5142857142857
897.0
801.6081081081081
820.7083333333334
676.1594202898551
676.0434782608696
687.9078947368421
599.3636363636364
633.6785714285714
547.4464285714286
563.5
806.3968253968254
737.2714285714286
656.179104477612
728.2816901408451
809.95
663.1466666666666
876.5616438356165
738.1774193548387
660.3380281690141
720.875
6714.539682539683
4517.338461538461
759.4933333333333
480.8181818181818
578.2739726027397
645.054794520548
683.6323529411765
500.0289855072464
703.9230769230769
678.2739726027397
2520.4647887323945
2665.417910447761
2454.3055555555557
818.4202898550725
2300.0131578947367
747.3076923076923
570.7536231884058
811.1363636363636
605.7826086956521
2235.1710526315787
810.8493150684932
634.723076923077
7289.9324324324325
746.0
909.9714285714285
2957.672727272727
5889.097222222223
7489.513888888889
583.9850746268656
5881.914285714286
5929.840579710145
710.7246376811594
2631.742424242424
625.3943661971831
511.7014925373134
801.3731343283582
644.09375
2323.5205479452056
736.0
612.9264705882352
557.1408450704225
2520.623188405797
795.9295774647887
613.6470588235294
727.8266666666667
2675.7096774193546
768.6081081081081
625.8169014084507
605.1621621621622
541.9264705882352
747.0289855072464
551.6666666666666
755.3529411764706
524.1971830985915
2415.68115942029
2378.5882352941176
684.1911764705883
731.5106382978723
670.5945945945946
2731.376811594203
644.5616438356165
633.5285714285715
2337.076923076923
2380.840579710145
505.9264705882353
670.2567567567568
2358.9594594594596
562.4461538461538
727.9718309859155
554.5909090909091
535.0144927536232
670.527027027027
2362.0526315789475
711.6164383561644
2199.64
557.2957746478874
592.1052631578947
810.4109589041096
840.0375
2358.108108108108
3193.48
2280.2875
3948.7297297297296
9101.972602739726
783.2368421052631
585.1666666666666
656.3880597014926
2320.152777777778
711.3188405797101
1250.9183673469388
2756.098360655738
795.9718309859155
727.6
645.3287671232877
683.5882352941177
584.0149253731344
776.1369863013699
612.8382352941177
710.0461538461539
820.0555555555555
752.5694444444445
5620.0
766.5238095238095
693.0597014925373
2487.9014084507044
735.5405405405405
800.8805970149253
854.0138888888889
1145.1666666666667
886.072463768116
809.9875
2489.472972972973
738.2878787878788
844.2191780821918
845.1428571428571
783.1842105263158
719.4861111111111
667.2142857142857
2487.281690140845
2331.4210526315787
812.6779661016949
5723.026666666667
5884.693333333334
4348.686567164179
4799.830508474576
4312.238805970149
778.4931506849315
656.3134328358209
584.4477611940298
4410.5142857142855
676.5942028985507
703.2428571428571
683.6323529411765
824.2933333333333
757.640625
783.2368421052631
2482.8636363636365
909.4776119402985
2450.0
2628.582089552239
757.5189873417721
2452.6714285714284
837.5223880597015
655.4473684210526
710.3623188405797
735.527027027027
640.6521739130435
589.311475409836
648.2058823529412
743.0649350649351
720.0263157894736
612.8235294117648
787.0972222222222
651.4603174603175
572.0675675675676
689.968253968254
605.4202898550725
695.32
557.5211267605633
591.5492957746479
719.6527777777778
800.9701492537314
2622.943661971831
757.5
833.8783783783783
2414.3823529411766
598.7866666666666
590.4918032786885
767.7936507936508
737.9242424242424
736.8714285714286
815.2368421052631
640.231884057971
531.0172413793103
2485.31884057971
754.8382352941177
2243.3205128205127
2378.044117647059
611.4246575342465
637.581081081081
814.9473684210526
675.6231884057971
613.9310344827586
680.2077922077922
623.4605263157895
5754.472222222223
840.6
742.8831168831168
652.0138888888889
752.7222222222222
801.1486486486486
728.3380281690141
2330.907894736842
556.8028169014085
843.3492063492064
736.3857142857142
535.2173913043479
789.8823529411765
2589.027777777778
846.6447368421053
2402.716049382716
816.258064516129
768.2837837837837
701.7142857142857
641.7307692307693
777.013698630137
694.0422535211268
2591.75
744.4246575342465
2244.342857142857
712.1369863013699
703.6081081081081
646.7118644067797
2486.657142857143
910.2739726027397
745.1304347826087
811.3561643835617
728.1549295774648
836.6865671641791
830.4366197183099
1000.5352112676056
2591.4
684.1176470588235
455.15492957746477
598.6533333333333
664.7121212121212
806.6349206349206
775.2121212121212
840.7142857142857
712.082191780822
434.4117647058824
736.3648648648649
684.0147058823529
2557.25
598.7692307692307
2658.527777777778
661.7741935483871
578.6849315068494
678.4383561643835
801.0597014925373
575.0793650793651
2557.848484848485
605.3108108108108
390.8142857142857
625.943661971831
328.0
2557.681818181818
605.4927536231884
612.2739726027397
665.0
2293.0810810810813
572.5540540540541
367.35820895522386
673.5
667.9
425.5
483.0169491525424
403.07462686567163
564.0142857142857
656.8805970149253
826.0133333333333
689.1355932203389
621.0
638.2972972972973
551.875
599.1538461538462
2186.0
2212.5
665.1363636363636
648.8676470588235
2557.9375
592.4078947368421
2641.5254237288136
369.0701754385965
562.6307692307693
524.5846153846154
2446.3076923076924
412.9384615384615
648.4067796610169
548.8507462686567
720.8833333333333
673.6615384615385
576.2063492063492
691.7301587301587
631.1311475409836
785.876923076923
2715.983870967742
575.8571428571429
720.3235294117648
569.625
465.81159420289856
2484.3846153846152
577.7647058823529
2328.72
2594.179104477612
2594.134328358209
591.4754098360655
2520.4153846153845
512.7808219178082
638.1081081081081
664.6363636363636
691.968253968254
2557.1176470588234
979.3035714285714
720.03125
2707.492307692308
877.8356164383562
505.6764705882353
921.8461538461538
2740.4242424242425
788.7974683544304
524.0153846153846
1023.5
752.5555555555555
864.4225352112676
692.6268656716418
755.3382352941177
2282.239436619718
499.8695652173913
829.8732394366198
10812.465753424658
412.2456140350877
711.9090909090909
851.1304347826087
625.7183098591549
2483.3230769230768
892.0
517.8181818181819
2382.3285714285716
2558.483870967742
5176.736842105263
2319.5416666666665
737.3714285714286
612.4383561643835
623.3421052631579
895.9692307692308
678.3698630136986
2558.59375
680.3636363636364
660.5070422535211
795.03125
407.9848484848485
584.2537313432836
711.8311688311688
434.5882352941176
605.2702702702703
512.4918032786885
898.2676056338029
814.8157894736842
2426.1973684210525
866.1216216216217
2396.2077922077924
2557.4307692307693
671.0
898.7205882352941
2305.423076923077
1035.661971830986
1046.3692307692309
953.7333333333333
790.8235294117648
821.9692307692308
775.2597402597403
2727.225352112676
760.3733333333333
910.6268656716418
2747.78125
691.1904761904761
2632.9375
2626.1739130434785
855.1111111111111
944.2191780821918
722.0
830.6197183098592
753.1842105263158
970.4588235294118
1031.1081081081081
1070.121212121212
897.3384615384615
824.719512195122
884.3809523809524
501.93333333333334
645.1780821917808
950.4098360655738
677.231884057971
728.6
1024.263888888889
2520.1641791044776
5710.41095890411
114.62295081967213
3855.2716049382716
791.0735294117648
801.4179104477612
2346.4347826086955
2246.974683544304
591.3636363636364
623.7105263157895
2425.0533333333333
871.375
785.0769230769231
837.2089552238806
2333.4805194805194
578.7123287671233
2250.056338028169
598.8
4240.298507462687
606.40625
2488.5
727.7333333333333
4019.8888888888887
828.4754098360655
759.8
768.4324324324324
668.3857142857142
4075.7042253521126
6194.909090909091
6068.298507462687
8634.337662337663
4465.838235294118
2482.5
5614.767123287671
2391.6486486486488
4773.873015873016
7055.1125
4695.793650793651
7092.7213114754095
7961.469387755102
6927.133333333333
9518.421052631578
7078.896551724138
4083.181818181818
5448.115384615385
2622.777777777778
1120.7692307692307
727.0985915492957
4323.194444444444
960.6333333333333
942.8767123287671
830.2676056338029
2449.5942028985505
853.5555555555555
2700.776119402985
2897.5625
908.328125
2742.923076923077
750.9473684210526
843.3013698630137
831.265625
6192.235294117647
4699.907692307693
820.1111111111111
674.3188405797101
2521.0857142857144
822.4615384615385
746.9538461538461
768.1216216216217
761.4225352112676
692.1641791044776
667.7142857142857
2661.7391304347825
858.7564102564103
964.4324324324324
4021.222222222222
4090.76
764.4776119402985
710.463768115942
702.0
4144.310810810811
897.8676470588235
4222.888888888889
2447.805970149254
800.0895522388059
4231.698630136986
816.1935483870968
2622.472222222222
686.0833333333334
811.3269230769231
1112.3492063492063
4229.789473684211
781.3768115942029
711.4782608695652
530.0625
681.015625
2382.442857142857
729.3728813559322
891.6071428571429
1050.241935483871
3290.68
4428.955882352941
2917.373134328358
6125.222222222223
755.859375
909.2142857142857
900.75
840.5125
2425.4533333333334
5854.1866666666665
859.6461538461539
2691.605633802817
866.2972972972973
2687.328767123288
1007.6153846153846
4356.708333333333
920.8611111111111
836.8656716417911
4374.742857142857
6391.761194029851
4144.859154929577
8958.435897435897
7205.35
9693.057142857142
577.0425531914893
2490.2631578947367
1068.6338028169014
871.25
4530.5970149253735
6373.794117647059
4458.416666666667
8080.857142857143
887.2083333333334
884.969696969697
5005.533333333334
884.9242424242424
656.3582089552239
796.169014084507
909.8026315789474
2389.6301369863013
590.9545454545455
907.551724137931
2328.88
554.1060606060606
745.6231884057971
957.8030303030303
660.8064516129032
648.25
692.5223880597015
718.8461538461538
686.2181818181818
743.4675324675325
4375.954545454545
771.6571428571428
4305.5
2521.7702702702704
2446.8333333333335
2769.720588235294
898.3382352941177
719.8676470588235
822.276923076923
4257.0
583.9402985074627
2446.153846153846
2624.3098591549297
4332.333333333333
692.776119402985
591.5909090909091
4340.7
2634.0625
2490.1369863013697
821.4027777777778
684.3529411764706
719.9722222222222
933.3529411764706
2662.536231884058
2452.7285714285713
884.2727272727273
874.4776119402985
620.8656716417911
807.1142857142858
693.3432835820895
739.3484848484849
656.4776119402985
2626.478260869565
801.820895522388
692.1641791044776
2817.523076923077
849.625
4666.692307692308
898.4264705882352
888.1388888888889
921.85
801.6119402985074
4201.642857142857
743.14
769.8125
2591.794117647059
4440.292307692308
2481.046875
591.1969696969697
6103.164179104478
746.1884057971015
844.0
728.4366197183099
671.2162162162163
649.1323529411765
796.9577464788732
2521.2727272727275
4133.054794520548
643.71875
2637.655737704918
2720.1
7859.081632653061
6158.205882352941
6304.727272727273
2519.5538461538463
755.0588235294117
2704.2727272727275
821.3194444444445
2488.5890410958905
764.8507462686567
780.6666666666666
764.4477611940298
729.8888888888889
861.9558823529412
753.4722222222222
754.0277777777778
2392.189189189189
824.84
755.3382352941177
719.7222222222222
792.2266666666667
557.8
746.2028985507246
719.9166666666666
633.3571428571429
755.4117647058823
737.2142857142857
963.9824561403509
859.723076923077
783.3026315789474
756.0882352941177
672.7115384615385
2521.1971830985917
2695.927536231884
885.2272727272727
694.3521126760563
664.9848484848485
853.4915254237288
4257.236111111111
4281.521126760564
854.6111111111111
753.5277777777778
2590.0
673.0923076923077
728.9104477611941
815.695652173913
785.123076923077
2521.9718309859154
4156.055555555556
806.2222222222222
606.1304347826087
4133.712328767123
666.7543859649123
692.5671641791045
774.6666666666666
822.0153846153846
3051.677966101695
2451.8695652173915
719.7794117647059
849.5535714285714
564.6571428571428
4001.4794520547944
555.2121212121212
731.3272727272728
4590.9384615384615
673.4615384615385
5951.742857142857
673.7884615384615
4233.821917808219
660.3943661971831
802.8395061728395
4079.972972972973
6090.657142857143
806.0793650793651
895.016129032258
729.2063492063492
4133.753424657534
4314.816901408451
622.0806451612904
2596.285714285714
737.5
4144.675675675676
2558.5238095238096
800.05
652.2857142857143
448.1896551724138
895.4354838709677
872.8955223880597
4808.403225806452
3002.4363636363637
767.6190476190476
4074.518987341772
729.7118644067797
2623.5479452054797
954.525641025641
827.2941176470588
845.4794520547945
2555.4556962025317
2795.788732394366
1040.1973684210527
884.063492063492
2890.439393939394
8605.266666666666
2556.848484848485
641.9272727272727
749.311475409836
863.7058823529412
666.0701754385965
689.0338983050848
749.4262295081967
923.7333333333333
856.9027777777778
598.6769230769231
471.5245901639344
1000.0675675675676
598.8833333333333
2852.0
807.2380952380952
913.3552631578947
956.1733333333333
4515.285714285715
4646.672131147541
988.3066666666666
991.0555555555555
2699.246376811594
1085.123076923077
957.7916666666666
957.4305555555555
2800.8571428571427
969.0140845070423
913.013698630137
4421.223880597015
2760.8
2682.101694915254
9217.72
7484.961038961039
2557.1111111111113
6059.583333333333
4104.0921052631575
871.6623376623377
2525.0266666666666
2624.527777777778
1047.9538461538461
2913.7272727272725
1033.6666666666667
981.4428571428572
2771.9411764705883
1006.8088235294117
1134.2898550724638
1020.9466666666667
2725.1111111111113
997.1363636363636
2938.96875
2914.676470588235
965.9090909090909
2914.970588235294
1084.7428571428572
2884.089552238806
751.438596491228
6316.887323943662
6426.028985507246
3090.359375
6180.109589041096
6603.121212121212
8568.454545454546
6675.075757575758
6483.191176470588
6297.805555555556
696.9444444444445
6614.731343283582
6777.692307692308
6302.1
909.8688524590164
757.0816326530612
806.2857142857143
840.6
597.98
741.3793103448276
5947.246575342466
5834.72972972973
5604.346153846154
720.3
5729.602564102564
6017.973333333333
5999.783783783784
967.527027027027
889.6805555555555
923.5396825396825
2587.0779220779223
871.2597402597403
790.8860759493671
967.0540540540541
923.3623188405797
4084.6103896103896
945.6301369863014
849.0657894736842
2621.96
2621.04
985.5897435897435
2343.7375
881.25
861.5
817.5657894736842
5625.0759493670885
944.921052631579
967.6216216216217
830.5512820512821
7175.5822784810125
2464.525
2628.1739130434785
5799.545454545455
475.13432835820896
475.53731343283584
821.2911392405064
465.2258064516129
572.7567567567568
640.6521739130435
805.8095238095239
667.8857142857142
655.9402985074627
2594.968253968254
879.4794520547945
5873.960526315789
5747.184210526316
8805.051282051281
803.044776119403
5899.459459459459
794.48
967.0945945945946
934.3918918918919
8618.2
2440.8709677419356
935.258064516129
8868.615384615385
875.1940298507462
2725.0138888888887
9184.906666666666
544.016129032258
4335.123287671233
5938.026315789473
909.7049180327868
5866.391891891892
826.5733333333334
738.4324324324324
5564.101265822785
997.025974025974
2590.625
7001.185185185185
5686.493670886076
5918.6
5821.866666666667
5624.7594936708865
5518.308641975309
5996.783783783784
5932.027027027027
891.44
901.5945945945946
4854.893939393939
8543.975308641975
875.4626865671642
2782.5846153846155
859.28
945.8219178082192
2692.8888888888887
447.67241379310343
2600.6610169491523
2590.219178082192
991.3194444444445
979.2191780821918
934.4864864864865
955.7066666666667
864.6617647058823
4679.691176470588
2626.042253521127
5768.194805194805
711.876923076923
4392.513888888889
822.0555555555555
2477.9666666666667
4166.960526315789
5874.434210526316
330.26785714285717
843.1571428571428
4453.014084507042
879.2465753424658
1029.144927536232
792.9705882352941
957.6944444444445
2691.054794520548
731.5373134328358
5854.386666666666
5842.184210526316
843.0
877.1142857142858
968.9295774647887
832.7746478873239
901.4864864864865
2623.027027027027
858.8
5746.789473684211
1020.0533333333333
889.9583333333334
946.4142857142857
2557.4594594594596
856.2361111111111
5655.848101265823
4147.12987012987
5540.282051282052
7027.2375
1003.2676056338029
923.6133333333333
858.6933333333334
889.5833333333334
2557.150684931507
912.5205479452055
753.7105263157895
9034.052631578947
2587.842105263158
808.2714285714286
5918.786666666667
954.1923076923077
785.6842105263158
845.8630136986301
799.4102564102565
2830.3380281690143
977.0657894736842
761.9333333333333
812.5616438356165
856.0
2330.4133333333334
579.5205479452055
395.40579710144925
585.3194444444445
722.1625
2272.3636363636365
2627.705882352941
2462.74358974359
2524.4657534246576
953.7654320987655
836.8108108108108
4277.918918918919
994.3623188405797
888.7246376811594
6952.168674698795
5272.144578313253
852.6962025316456
736.8658536585366
858.76
883.4050632911392
858.48
705.1756756756756
688.8888888888889
2458.6164383561645
639.7333333333333
2406.2345679012346
881.9736842105264
1036.1518987341772
997.2987012987013
769.0897435897435
2454.542857142857
1134.6666666666667
1037.9859154929577
2492.866666666667
722.25
697.056338028169
900.4264705882352
762.8133333333334
960.6666666666666
748.6521739130435
4146.428571428572
779.986301369863
2667.89552238806
594.0151515151515
936.5692307692308
833.4225352112676
739.7857142857143
829.6911764705883
2706.6666666666665
818.5507246376811
798.09375
900.7352941176471
2524.0
740.8787878787879
771.1216216216217
827.4
794.88
786.0394736842105
738.581081081081
790.2222222222222
3953.0506329113923
739.5857142857143
713.6811594202899
2491.9864864864867
750.5846153846154
797.734375
2418.246376811594
563.0657894736842
856.9583333333334
7424.851351351352
804.1621621621622
5727.92
554.125
712.8196721311475
704.8857142857142
2557.9861111111113
747.3835616438356
748.8840579710145
760.75
693.5396825396825
713.9589041095891
686.8676470588235
770.8095238095239
792.2950819672132
5549.181818181818
1011.4461538461538
714.2739726027397
2626.4084507042253
971.8088235294117
5498.1
705.2857142857143
665.32
638.9692307692308
750.7846153846153
2523.3582089552237
2525.0135135135133
5774.0
4169.657534246576
8684.26923076923
5803.591549295775
4308.9857142857145
4134.742857142857
4561.984848484848
6144.405797101449
4693.129032258064
697.72
813.9242424242424
846.5616438356165
797.484375
702.5806451612904
938.4464285714286
2989.967741935484
730.1333333333333
973.5538461538462
783.3768115942029
755.5416666666666
8196.0
826.6133333333333
546.4520547945206
864.1911764705883
687.1805555555555
5502.354430379747
845.9589041095891
755.5972222222222
608.2898550724638
568.12
830.5897435897435
688.25
2464.0625
963.1
860.7179487179487
2429.2987012987014
954.9066666666666
888.9722222222222
795.8732394366198
2716.56
806.3714285714286
2343.175
156.56896551724137
2307.53164556962
1005.0
814.6440677966102
751.8688524590164
783.0526315789474
730.1428571428571
791.1866666666666
910.4571428571429
793.3733333333333
679.974025974026
1090.1168831168832
805.4545454545455
942.1951219512196
2434.2345679012346
2647.5
622.9824561403509
2298.3837209302324
2489.753424657534
1128.6351351351352
805.1558441558442
529.0857142857143
728.24
708.1929824561404
931.7441860465116
696.1111111111111
2267.5176470588235
2375.0365853658536
1095.202380952381
942.578947368421
2425.1973684210525
882.0731707317074
782.1551724137931
2554.25
2521.75
672.1410256410256
2279.8987341772154
2277.53164556962
5263.552941176471
5175.337209302325
758.88
1072.7068965517242
815.421052631579
2345.6585365853657
866.0229885057471
618.5324675324675
744.3972602739726
569.8679245283018
2183.3205128205127
605.5
2733.5178571428573
561.3538461538461
507.8918918918919
2187.5443037974683
649.6363636363636
507.56756756756755
553.3611111111111
5498.08
5529.746666666667
2312.2028985507245
558.7605633802817
2631.318181818182
2420.112676056338
5682.276315789473
405.04477611940297
460.0816326530612
542.1764705882352
584.4626865671642
2334.5538461538463
2786.65625
788.7906976744187
807.6571428571428
673.5538461538462
2557.695652173913
782.3333333333334
2423.3698630136987
794.3333333333334
798.7887323943662
621.6716417910447
598.5846153846154
783.2765957446809
766.1492537313433
612.9117647058823
6373.294117647059
845.7534246575342
3835.8333333333335
5623.493670886076
530.859375
755.2916666666666
5789.466666666666
2424.3972602739727
747.8840579710145
677.4202898550725
2482.6666666666665
626.943661971831
684.8823529411765
748.4057971014493
879.1369863013699
2594.279411764706
2557.4444444444443
2486.626865671642
801.955223880597
530.859375
832.169014084507
547.3392857142857
874.6865671641791
778.6451612903226
2521.676470588235
2591.9718309859154
2524.2608695652175
568.78125
4115.636363636364
2557.5890410958905
973.7088607594936
621.9701492537314
5641.831168831169
2521.1875
600.0923076923077
996.1818181818181
932.5375
922.4358974358975
710.8688524590164
5958.916666666667
861.6923076923077
6299.214285714285
5945.41095890411
5911.54794520548
1078.7205882352941
747.768115942029
1027.4805194805194
1045.027397260274
792.8823529411765
4115.5
4487.939393939394
953.9230769230769
946.921875
1083.52
1109.3333333333333
644.953125
984.9230769230769
2775.1194029850744
2766.0625
839.6268656716418
946.7714285714286
2741.090909090909
971.1911764705883
1177.164383561644
989.9444444444445
921.8974358974359
1060.5731707317073
882.9206349206349
1119.5853658536585
5965.891891891892
2754.3548387096776
912.0746268656717
4104.46835443038
6230.705882352941
5586.8375
968.1764705882352
1006.8815789473684
4290.152777777777
831.7042253521126
643.9375
5661.378048780488
1170.525641025641
1109.128205128205
4273.0
2712.6493506493507
2592.112676056338
922.6933333333334
901.4675324675325
866.8513513513514
946.3
722.2647058823529
879.4736842105264
5490.111111111111
8696.506329113925
1209.9315068493152
5687.822784810127
5706.662337662337
720.9333333333333
993.1125
792.4133333333333
783.75
2523.684210526316
661.016129032258
832.4788732394367
968.6029411764706
6499.016393442623
2524.4415584415583
5888.2
114.27083333333333
694.0845070422536
195.96666666666667
327.0
310.2258064516129
6322.537313432836
310.2741935483871
776.2597402597403
3988.2597402597403
328.4736842105263
2370.9367088607596
5573.102564102564
5675.818181818182
599.3846153846154
5811.971428571429
506.2903225806452
2491.266666666667
713.7922077922078
767.8076923076923
6500.859375
2556.123287671233
6289.953846153846
6002.101449275362
4358.916666666667
7489.733333333334
506.0
559.3
582.8070175438596
545.3064516129032
2699.217391304348
789.3518518518518
658.8103448275862
8175.354838709677
838.2727272727273
851.2878787878788
5781.465753424657
5387.7692307692305
2430.7012987012986
4085.4935064935066
2336.6363636363635
529.5131578947369
555.4848484848485
577.6617647058823
370.9148936170213
656.2236842105264
2297.0133333333333
558.6901408450705
2934.2391304347825
3753.6184210526317
171.83333333333334
5385.974358974359
5442.658227848101
5386.782051282052
847.9473684210526
2304.038961038961
5547.12987012987
10101.078947368422
546.5205479452055
861.6153846153846
7022.873417721519
4307.771428571428
5961.666666666667
7263.413333333333
5872.380281690141
6232.742857142857
8105.60294117647
6286.405797101449
6616.65625
868.1756756756756
829.1323529411765
5487.74025974026
2295.440476190476
713.0769230769231
664.8533333333334
2425.1643835616437
689.9736842105264
881.3421052631579
2397.1710526315787
760.5
2965.983333333333
647.1095890410959
697.6533333333333
675.4230769230769
690.4473684210526
2285.2676056338028
797.9375
809.015873015873
868.8793103448276
607.0675675675676
804.3243243243244
765.0
951.3770491803278
681.0
924.9130434782609
785.25
665.36
938.8305084745763
911.890625
2914.1935483870966
2333.7894736842104
621.1527777777778
680.1643835616438
746.4520547945206
525.1549295774648
681.7833333333333
690.2105263157895
680.7945205479452
781.516129032258
2849.084745762712
2200.544117647059
886.1269841269841
600.96
3040.375
548.054794520548
2945.8947368421054
2849.6271186440677
697.6708860759494
964.0666666666667
2220.3888888888887
685.0625
702.2586206896551
843.5666666666667
798.46875
2424.6849315068494
887.5909090909091
331.51785714285717
6122.363636363636
2289.746031746032
3950.445945945946
627.5774647887324
384.968253968254
2260.153846153846
3982.945945945946
624.0967741935484
2265.8933333333334
2373.5384615384614
491.63380281690144
408.90909090909093
342.234375
456.15625
4051.5942028985505
2314.6428571428573
440.17910447761193
562.5846153846154
310.5483870967742
465.94202898550725
430.72463768115944
585.776119402985
698.8703703703703
600.16
537.3492063492064
461.015873015873
270.85483870967744
445.1515151515151
374.5357142857143
427.01612903225805
430.0144927536232
489.4225352112676
2297.2933333333335
680.7666666666667
563.2
3890.385714285714
2635.809523809524
592.1311475409836
593.8732394366198
2315.6285714285714
548.1492537313433
519.5972222222222
2228.621212121212
274.327868852459
328.0175438596491
2643.271186440678
2195.2567567567567
2560.46875
559.2253521126761
661.9154929577464
559.1971830985915
429.5
526.1186440677966
2254.3888888888887
472.5409836065574
404.2089552238806
2441.4918032786886
158.32142857142858
478.55
2747.264150943396
2392.0175438596493
374.5357142857143
3921.5833333333335
479.15
592.4262295081967
4241.820895522388
494.15625
4099.828571428571
466.758064516129
364.3235294117647
363.97058823529414
2227.3939393939395
728.7746478873239
712.4426229508197
512.917808219178
2320.4444444444443
2363.935483870968
364.3529411764706
461.2
306.92063492063494
461.5571428571429
395.3768115942029
3953.902777777778
461.07142857142856
234.45901639344262
5588.625
363.86764705882354
270.93548387096774
287.7142857142857
490.32394366197184
328.2352941176471
2351.0689655172414
3988.277777777778
477.3833333333333
2356.5068493150684
4110.985915492958
5721.246376811594
778.7808219178082
390.8285714285714
425.9
531.7586206896551
461.1142857142857
313.8360655737705
460.0857142857143
678.5616438356165
2634.4603174603176
2366.6031746031745
5656.347222222223
427.06451612903226
10333.226666666667
3887.7361111111113
5677.0142857142855
395.18840579710144
460.0
460.2142857142857
414.0153846153846
391.07142857142856
2129.926470588235
2486.1428571428573
675.7971014492754
3829.4935064935066
494.7
455.28169014084506
2481.4193548387098
557.2816901408451
579.972602739726
2519.64406779661
4360.015625
444.93939393939394
356.56666666666666
2560.728813559322
2773.6491228070176
213.89795918367346
360.64406779661016
287.89285714285717
2146.6338028169016
461.625
644.6410256410256
722.78125
2454.2753623188405
3919.0675675675675
592.6478873239437
2430.3766233766232
839.3731343283582
635.8714285714286
728.6626506024096
5847.728571428572
6123.058823529412
962.0
870.1756756756756
586.8611111111111
784.0
768.9054054054054
3830.721518987342
2270.4605263157896
539.9122807017544
2646.0701754385964
705.5945945945946
783.5942028985507
721.5921052631579
620.9861111111111
901.1971830985915
665.28
705.6081081081081
635.4714285714285
559.830985915493
842.4
2433.215189873418
713.5616438356165
579.3561643835617
713.3561643835617
2214.549295774648
612.8356164383562
817.578947368421
828.4705882352941
754.421052631579
658.3026315789474
621.125
4264.898550724638
2307.5
2523.4583333333335
5424.974025974026
696.7088607594936
793.5
713.9420289855072
2400.4155844155844
673.1794871794872
629.0281690140845
843.1285714285714
2635.0615384615385
686.4852941176471
867.4366197183099
547.1095890410959
2457.52
624.171052631579
913.5
324.01724137931035
345.8412698412698
635.9285714285714
758.5735294117648
2263.4324324324325
2451.2537313432836
783.7391304347826
2559.6029411764707
655.1111111111111
670.2714285714286
804.027027027027
2418.8985507246375
667.9848484848485
456.84375
833.1267605633802
542.4054054054054
2558.549295774648
5506.5
587.7638888888889
744.4415584415584
870.5974025974026
767.1666666666666
2371.1012658227846
5925.305555555556
2339.8987341772154
2345.014705882353
594.060606060606
950.5409836065573
302.2307692307692
419.42857142857144
848.6578947368421
253.22641509433961
2521.060606060606
797.1267605633802
2628.159420289855
687.8815789473684
221.0
2492.5131578947367
670.2567567567568
2309.3797468354433
765.0
830.8450704225352
566.1733333333333
279.03389830508473
6160.970588235294
5716.355263157895
5768.986486486487
616.448275862069
657.0149253731344
544.986301369863
605.5217391304348
2336.3846153846152
4393.691176470588
651.2794117647059
5499.453333333333
501.0
423.5090909090909
878.2054794520548
2283.3098591549297
5951.5
2563.9245283018868
6964.5875
2342.6
5238.535714285715
6313.8125
738.2142857142857
663.7466666666667
752.1315789473684
695.1971830985915
797.7464788732394
656.2777777777778
4331.898550724638
5855.263888888889
511.6545454545454
568.8305084745763
250.0
591.8196721311475
4064.2714285714287
3955.4583333333335
6299.4098360655735
5491.486842105263
9452.185714285713
8221.328358208955
659.3469387755102
6339.632352941177
11528.779411764706
10157.910256410256
7716.20895522388
519.0370370370371
11133.171428571428
7258.2027027027025
5611.164383561644
670.8378378378378
824.9066666666666
703.1571428571428
702.9545454545455
2456.0
2272.529411764706
792.76
784.328947368421
645.945205479452
5661.08
2259.3561643835615
753.4078947368421
377.3076923076923
4004.235294117647
652.5555555555555
4287.485294117647
643.3913043478261
2557.546875
735.8783783783783
554.3030303030303
2358.3513513513512
671.2702702702703
2589.821917808219
8959.613333333333
7196.684210526316
567.8125
645.4657534246576
770.081081081081
4024.910447761194
729.5352112676056
3909.576923076923
331.2238805970149
690.2894736842105
863.5679012345679
702.7714285714286
517.5555555555555
434.3529411764706
439.5074626865672
257.96078431372547
4261.434782608696
571.0869565217391
297.8484848484849
330.9642857142857
206.83018867924528
5427.394736842105
3902.849315068493
158.83636363636364
3901.205479452055
4329.815384615385
6008.21875
397.65
8947.837837837838
303.3125
4071.1692307692306
7390.666666666667
578.027397260274
655.6567164179105
738.741935483871
619.0277777777778
699.5322580645161
607.4814814814815
933.3636363636364
2191.0
672.6307692307693
726.4
869.7792207792207
539.8421052631579
662.28
5413.2692307692305
4456.5970149253735
9904.180722891566
824.4878048780488
3986.682926829268
8836.5
902.4
7422.777777777777
297.75757575757575
590.9859154929577
5555.569444444444
505.8970588235294
2266.3571428571427
3831.493670886076
460.62857142857143
429.8550724637681
768.0
7293.013333333333
114.85185185185185
2423.6438356164385
530.0571428571428
669.2
2152.347222222222
813.7727272727273
594.1060606060606
5529.36
2282.5409836065573
425.15714285714284
799.7042253521126
703.6571428571428
2327.527027027027
4022.025974025974
360.15942028985506
705.7435897435897
2301.5789473684213
5840.35294117647
2297.364705882353
544.986301369863
183.6764705882353
639.8985507246376
882.5316455696203
660.6774193548387
7388.916666666667
719.3382352941177
7525.704225352113
9287.87323943662
10559.306666666667
11329.202898550724
7753.2835820895525
10754.293333333333
10978.684931506848
7198.171052631579
2455.972222222222
4282.197183098591
7390.3875
6334.809523809524
646.3424657534247
3919.2837837837837
765.5365853658536
5825.533333333334
13408.531645569621
5926.477611940299
4069.4246575342468
965.6351351351351
4309.5
1555.3125
2449.417910447761
161.8846153846154
6299.868852459016
9786.543209876543
403.0149253731343
4280.0
154.4262295081967
3888.962962962963
5708.542857142857
424.95714285714286
2251.9625
183.91176470588235
5997.880597014925
770.7027027027027
7758.64
6509.4915254237285
5548.434782608696
162.66666666666666
4452.469696969697
721.3611111111111
7205.879310344828
744.051724137931
632.6266666666667
593.8823529411765
6056.558823529412
607.2027027027027
563.4897959183673
485.625
680.7532467532468
892.9629629629629
2414.8805970149256
672.4324324324324
712.0
637.972972972973
270.64516129032256
585.9850746268656
660.887323943662
441.67164179104475
2391.837837837838
653.9722222222222
762.08
721.9444444444445
2292.4657534246576
622.5820895522388
4045.676056338028
2246.942857142857
2288.097222222222
572.4492753623189
5990.228571428572
5682.561643835616
450.30555555555554
5745.557142857143
536.3188405797101
827.5147058823529
2318.1267605633802
360.18840579710144
367.17910447761193
695.44
2306.470588235294
407.8484848484849
2310.550724637681
430.0144927536232
494.7142857142857
261.22727272727275
459.77142857142854
2141.2428571428572
364.1470588235294
2206.550724637681
530.015625
597.5733333333334
2487.478873239437
2411.294117647059
824.939024390244
572.1216216216217
871.4
417.0
2482.9545454545455
962.5875
2521.693333333333
2457.7027027027025
430.768115942029
2631.4615384615386
743.2597402597403
2337.153846153846
597.5333333333333
2174.6428571428573
827.6941176470589
550.7638888888889
894.4597701149426
327.94117647058823
297.6666666666667
2329.96875
425.15714285714284
852.0434782608696
706.6463414634146
645.068493150685
645.6438356164383
619.3055555555555
3979.2608695652175
156.43103448275863
2103.671875
226.46153846153845
114.66129032258064
2147.6615384615384
363.04411764705884
2348.5789473684213
702.7571428571429
711.1643835616438
2380.782608695652
534.5507246376811
2330.4375
2135.2063492063494
4130.3125
6137.920634920635
114.52542372881356
4117.841269841269
265.734375
2116.530303030303
2266.7462686567164
3885.2361111111113
2204.1710526315787
2266.791044776119
5811.471428571429
5837.691176470588
4144.123076923077
5937.545454545455
2216.75
2282.375
2235.8970588235293
8365.197530864198
2267.5223880597014
154.18032786885246
6006.03125
5586.125
4292.123076923077
5644.890410958904
7757.075757575758
5814.328358208955
15513.787878787878
9845.963414634147
4675.593220338983
5434.6125
6956.166666666667
5581.13698630137
505.0735294117647
2266.791044776119
261.04545454545456
833.2098765432099
923.1111111111111
988.1627906976744
5755.0
9094.569444444445
5779.371428571429
2520.0
844.4383561643835
875.4883720930233
584.1641791044776
729.0
263.46153846153845
5848.2
2461.3636363636365
2221.9125
367.7910447761194
5225.75
5419.051282051282
7563.942857142857
2256.125
304.1875
487.0153846153846
114.52542372881356
2365.714285714286
4068.723076923077
9133.082191780823
7669.811594202899
153.59677419354838
525.0
5959.722222222223
7860.432835820896
8499.30487804878
6828.463414634146
5980.764705882353
2251.7875
2237.3333333333335
114.56666666666666
505.4852941176471
799.2535211267606
152.96825396825398
191.33333333333334
266.15625
922.9753086419753
2451.7
434.20588235294116
988.1333333333333
2436.0243902439024
8564.416666666666
6141.985074626866
2494.5185185185187
494.22857142857146
8797.52
192.58064516129033
398.55882352941177
233.29508196721312
154.18032786885246
394.42028985507244
402.85074626865674
619.3766233766233
2111.1846153846154
334.3030303030303
2226.560606060606
698.2911392405064
398.55882352941177
2429.948051948052
2233.277108433735
721.3157894736842
3939.6923076923076
429.4492753623188
790.1392405063291
660.8125
2297.7176470588233
4156.873015873016
2256.25
2279.3924050632913
2525.4625
1005.2278481012659
923.4487179487179
954.6282051282051
4245.28125
705.7837837837837
736.7307692307693
2431.5454545454545
2658.042253521127
2463.0379746835442
2524.721518987342
416.328125
781.625
776.5064935064935
755.1617647058823
1222.111111111111
860.9871794871794
1035.5822784810127
4070.1785714285716
3909.3882352941177
811.5342465753424
2331.306666666667
3977.1315789473683
2340.73417721519
729.9866666666667
2256.777777777778
574.918918918919
375.66153846153844
808.0649350649351
475.7910447761194
943.0731707317074
667.1142857142858
2250.3968253968255
1023.825
902.4125
443.8787878787879
698.3037974683544
2334.1384615384613
528.7714285714286
744.2337662337662
155.57627118644066
429.40579710144925
619.6567164179105
636.3544303797469
433.9852941176471
761.9733333333334
631.7866666666666
511.2686567164179
568.5733333333334
398.5147058823529
2299.9242424242425
713.4675324675325
893.6666666666666
2402.6708860759495
591.1515151515151
819.5694444444445
903.5
195.01666666666668
901.8701298701299
705.974358974359
155.40677966101694
231.4516129032258
862.9876543209876
690.9875
2165.3970588235293
2256.078125
765.2682926829268
4393.236111111111
705.7948717948718
546.986301369863
192.4516129032258
588.2337662337662
2401.5569620253164
807.3095238095239
798.7692307692307
790.3924050632911
785.1184210526316
2170.133333333333
803.8765432098766
668.1518987341772
568.5733333333334
952.1190476190476
4328.737704918033
932.6626506024096
776.3376623376623
2240.3333333333335
706.9230769230769
705.8076923076923
2404.2375
706.0384615384615
721.125
682.1298701298701
798.8974358974359
235.33333333333334
872.9625
781.8
738.3918918918919
697.3733333333333
822.2361111111111
689.7105263157895
114.58333333333333
416.671875
7492.971830985915
2368.234375
721.3375
808.077922077922
736.9615384615385
632.8266666666667
643.974358974359
744.7662337662338
562.6184210526316
534.3188405797101
794.2
2493.7948717948716
2320.3012048192772
114.52631578947368
2201.8360655737706
721.4605263157895
491.1830985915493
1026.6941176470589
5346.4625
600.6933333333334
663.8533333333334
2400.5384615384614
2463.5569620253164
5406.725
2491.157894736842
2348.114285714286
6698.940476190476
5602.076923076923
2495.879518072289
2405.0493827160494
2495.074074074074
736.7692307692307
719.1184210526316
632.8
771.3333333333334
776.2739726027397
511.4931506849315
692.8059701492538
798.8974358974359
705.9487179487179
619.3766233766233
690.2236842105264
3959.5975609756097
705.5405405405405
880.253164556962
2331.2533333333336
820.7215189873418
1053.5875
944.078947368421
979.9047619047619
961.289156626506
728.8481012658228
600.9733333333334
5598.066666666667
6009.21875
5366.121951219512
779.6438356164383
5511.602564102564
434.0
656.5657894736842
1023.35
758.5333333333333
2490.5263157894738
577.6301369863014
1077.7948717948718
864.8571428571429
4037.4109589041095
4097.298507462687
753.2236842105264
563.9142857142857
363.05882352941177
998.2
1037.654761904762
617.9861111111111
514.8219178082192
2168.8225806451615
594.5921052631579
517.2727272727273
820.620253164557
5298.702380952381
922.5432098765432
1019.8266666666667
614.5862068965517
962.875
860.8589743589744
5724.611111111111
857.6533333333333
912.0410958904109
7172.064935064935
872.675
6778.819277108434
823.0277777777778
270.53225806451616
2403.5
2429.092105263158
402.67164179104475
402.74626865671644
2278.285714285714
5387.628205128205
721.1125
736.7307692307693
5311.617283950617
5791.361111111111
525.2
764.0140845070423
664.969696969697
776.1688311688312
943.0
448.9076923076923
2433.3544303797466
547.7313432835821
2374.7283950617284
5518.8441558441555
5621.881578947368
816.8157894736842
651.1527777777778
820.8354430379746
922.4166666666666
728.9367088607595
2584.5185185185187
856.1466666666666
2384.593023255814
2371.3875
855.6944444444445
838.8441558441558
2331.592105263158
856.24
2768.344827586207
795.1267605633802
657.9605263157895
789.9746835443038
4196.810126582279
744.082191780822
816.9473684210526
2494.390243902439
2435.731707317073
5926.652777777777
580.9041095890411
2236.55
534.4347826086956
713.7142857142857
772.1481481481482
522.5915492957746
721.4736842105264
270.241935483871
932.85
349.0
617.6388888888889
870.6493506493506
421.3015873015873
890.2435897435897
505.13235294117646
829.6410256410256
2357.35
753.1973684210526
743.8571428571429
743.1369863013699
2242.0163934426228
2316.483333333333
2263.2027027027025
524.0845070422536
199.17543859649123
870.3636363636364
235.2
863.3098591549295
680.7012987012987
5631.16
2400.2051282051284
434.0
713.5714285714286
197.56896551724137
647.2941176470588
713.6543209876543
674.6086956521739
406.9848484848485
2234.9117647058824
962.8125
830.1282051282051
276.05
776.6849315068494
570.2753623188406
815.9868421052631
459.44444444444446
237.0677966101695
814.5797101449275
713.4805194805194
194.91666666666666
5346.225
832.9753086419753
114.46551724137932
196.22033898305085
776.1948051948052
885.3478260869565
767.5641025641025
356.0
275.76666666666665
675.3623188405797
744.8701298701299
3964.2625
922.5432098765432
759.3164556962025
705.2027027027027
2378.455882352941
964.6623376623377
798.8450704225352
407.1551724137931
2586.493670886076
880.2876712328767
883.9024390243902
2589.6216216216217
933.038961038961
2522.2432432432433
721.1973684210526
2327.3783783783783
2461.6153846153848
697.3733333333333
710.3846153846154
729.4
2336.155844155844
3813.8
2365.4473684210525
697.1333333333333
538.0144927536232
761.64
587.3194444444445
2440.2580645161293
2403.6666666666665
664.9866666666667
4079.718309859155
900.4647887323944
816.6184210526316
729.4133333333333
752.9868421052631
747.9130434782609
901.6233766233767
639.9054054054054
436.55
835.7972972972973
817.8260869565217
2259.4520547945203
2595.621212121212
792.6323529411765
721.625
4007.8552631578946
2411.9545454545455
746.2739726027397
752.9868421052631
807.4415584415584
560.3230769230769
2400.4615384615386
2365.0263157894738
889.4444444444445
901.7142857142857
672.276923076923
1065.9493670886077
1188.4810126582279
647.4383561643835
2457.219178082192
594.0845070422536
737.6621621621622
688.0
459.73015873015873
755.0694444444445
783.1449275362319
729.44
2524.211267605634
818.1159420289855
808.0857142857143
6010.366197183099
7700.6760563380285
471.4590163934426
721.4605263157895
622.7910447761194
713.1159420289855
737.7432432432432
798.0845070422536
662.1971830985915
721.3815789473684
562.9538461538461
721.3684210526316
721.2894736842105
2391.301369863014
2325.246575342466
729.52
755.1666666666666
746.4794520547945
845.972602739726
737.7432432432432
560.1408450704225
2489.472222222222
5885.0
114.7719298245614
803.2162162162163
754.9861111111111
344.46031746031747
737.6891891891892
721.328947368421
721.328947368421
746.2876712328767
923.5641025641025
661.9859154929577
721.3684210526316
755.1666666666666
2666.716417910448
2298.24
704.5571428571428
688.7222222222222
680.082191780822
1027.1948051948052
2352.8591549295775
2523.760563380282
729.28
842.4285714285714
2630.220588235294
773.4142857142857
577.6911764705883
855.875
701.0483870967741
704.972972972973
2489.5694444444443
792.6470588235294
470.655737704918
831.2394366197183
987.08
977.945205479452
754.9305555555555
730.2253521126761
510.7704918032787
754.8055555555555
2629.3970588235293
721.2368421052631
779.1917808219179
746.2191780821918
114.32142857142857
600.9428571428572
737.5135135135135
2298.266666666667
2422.6944444444443
776.2597402597403
2362.173333333333
654.3888888888889
687.9027777777778
2400.602564102564
721.1842105263158
517.7878787878788
755.0138888888889
5443.025316455696
2458.92
615.0588235294117
560.0281690140845
654.2638888888889
922.5333333333333
587.4861111111111
2324.5068493150684
5558.026315789473
646.9589041095891
3860.3924050632913
600.9857142857143
566.3857142857142
783.0289855072464
520.4027777777778
594.6338028169014
2313.31884057971
687.7083333333334
426.19354838709677
746.3150684931506
371.36842105263156
2319.2676056338028
845.5342465753424
793.76
593.9859154929577
729.9859154929577
492.01408450704224
2355.527777777778
770.3783783783783
7390.546666666667
8151.20895522388
773.1142857142858
761.56
4059.3333333333335
2387.5915492957747
10191.320512820514
7325.5675675675675
14176.45945945946
7671.666666666667
5757.653333333334
858.24
7169.532467532467
12049.222222222223
6312.629032258064
8444.790322580646
9347.07142857143
7326.421052631579
779.1643835616438
489.37931034482756
763.7746478873239
679.986301369863
4007.6447368421054
2353.154929577465
2250.9718309859154
737.5405405405405
2393.554054054054
5648.575342465753
5814.821917808219
5423.727272727273
566.5571428571428
729.7746478873239
600.8428571428572
2288.7916666666665
744.8571428571429
672.2837837837837
627.9295774647887
746.2602739726027
4168.232876712329
566.3857142857142
632.64
9295.805555555555
9014.648648648648
12325.297297297297
5849.285714285715
7026.245614035088
2459.592105263158
696.2253521126761
639.7027027027027
537.9565217391304
341.796875
566.2714285714286
5814.958904109589
566.4142857142857
770.5135135135135
687.9027777777778
566.3
822.3611111111111
956.3333333333334
1031.054054054054
782.8840579710145
4060.24
9424.478873239437
2335.6233766233768
2489.942857142857
4048.4864864864867
2625.3380281690143
4134.736842105263
4035.246575342466
3996.7466666666664
933.8831168831168
3964.36
523.8474576271186
5637.959459459459
845.3698630136986
4157.0
639.8108108108108
579.4411764705883
593.6060606060606
514.3880597014926
2345.9411764705883
532.21875
792.5588235294117
813.5
623.0746268656717
777.0454545454545
9081.743243243243
495.49122807017545
678.5797101449275
697.2535211267606
889.8888888888889
875.9701492537314
3816.4871794871797
2363.3333333333335
843.9
467.19354838709677
615.0588235294117
2276.346153846154
594.8684210526316
688.7638888888889
890.6
856.4027777777778
2358.3972602739727
568.5066666666667
2488.695652173913
665.1866666666666
2523.376811594203
7234.896103896104
2460.2266666666665
753.75
2459.96
722.0882352941177
807.6493506493506
2304.7662337662337
3931.6133333333332
761.7733333333333
788.8032786885246
2328.0135135135133
747.5652173913044
1062.536231884058
3900.9268292682927
578.3076923076923
2358.0
835.5675675675676
574.2567567567568
628.0140845070423
471.462962962963
2523.9625
748.463768115942
520.560606060606
116.56410256410257
502.8985507246377
2524.25
2273.779220779221
114.5
116.52631578947368
778.8064516129032
3931.8933333333334
584.3870967741935
165.48936170212767
545.8225806451613
2558.582089552239
2458.125
2229.9054054054054
600.8666666666667
2193.328767123288
4381.0161290322585
2361.590163934426
2309.7758620689656
160.03703703703704
2345.8928571428573
6297.901639344263
355.24
537.8260869565217
682.077922077922
568.4666666666667
331.0357142857143
2417.217391304348
544.1323529411765
542.0405405405405
355.5
115.46153846153847
4024.5555555555557
553.7916666666666
587.2638888888889
628.0140845070423
508.25
481.7671232876712
114.62295081967213
2221.4444444444443
2137.48
579.1323529411765
508.5735294117647
114.375
2564.9411764705883
509.22058823529414
476.85135135135135
7327.315068493151
2345.3088235294117
2385.657142857143
669.2857142857143
746.1095890410959
520.4242424242424
2694.225352112676
2484.46875
486.22222222222223
503.0
594.421052631579
380.578125
2455.1
5649.958904109589
748.4347826086956
2263.027027027027
3931.5333333333333
490.7323943661972
580.931506849315
329.625
161.37254901960785
8387.098360655738
3850.5394736842104
674.7307692307693
2317.0857142857144
2242.5652173913045
3932.4533333333334
615.4852941176471
7612.48
509.4189189189189
2521.7936507936506
566.3571428571429
2222.2638888888887
508.8382352941176
471.5925925925926
882.9634146341464
1043.3698630136987
589.4107142857143
2373.6875
2394.2837837837837
749.2608695652174
550.4925373134329
2826.1063829787236
2336.220779220779
114.15384615384616
520.969696969697
297.92452830188677
2419.0
2236.934210526316
2358.945205479452
580.7123287671233
547.7534246575342
508.4864864864865
503.3768115942029
693.7936507936508
757.7794117647059
2196.445945945946
682.1688311688312
526.0281690140845
2714.3492063492063
7738.3
2524.318181818182
586.5416666666666
2451.194029850746
519.2361111111111
2395.2933333333335
609.59375
678.4202898550725
722.484375
789.2083333333334
745.931506849315
2394.786666666667
899.9852941176471
802.8243243243244
793.2647058823529
785.6315789473684
660.0298507462686
629.0281690140845
770.7301587301587
834.875
935.6923076923077
2782.8615384615387
729.68
786.1052631578947
1021.7462686567164
970.0422535211268
2593.507042253521
900.3076923076923
2525.2027027027025
2712.53125
902.3098591549295
2996.2678571428573
2493.44
6145.422535211268
2845.55
910.983606557377
4803.932203389831
731.2545454545455
774.3559322033898
2809.0169491525426
651.3389830508474
4697.730158730159
762.65
561.5333333333333
896.2372881355932
9010.633333333333
6963.169491525424
4766.466666666666
2727.6271186440677
633.2786885245902
2639.5967741935483
609.5084745762712
115.91304347826087
577.7758620689655
568.8813559322034
692.0
733.2033898305085
4845.666666666667
594.2131147540983
9486.7
4577.5161290322585
561.1333333333333
554.2459016393443
619.0689655172414
571.015625
2485.5151515151515
624.2903225806451
633.4590163934427
759.90625
650.0169491525423
585.2903225806451
608.515625
751.7868852459017
569.7118644067797
860.7435897435897
900.6056338028169
764.7462686567164
651.8888888888889
981.2428571428571
598.3333333333334
4717.627118644068
831.2622950819672
711.2028985507246
923.0694444444445
2850.9137931034484
4811.523809523809
585.5087719298245
856.0847457627119
762.35
4103.054794520548
567.515625
650.4852941176471
703.3636363636364
2945.8596491228072
731.6271186440678
761.7866666666666
585.3709677419355
879.054794520548
6713.793650793651
618.7758620689655
865.9859154929577
1045.4307692307693
889.9027777777778
767.0
576.948275862069
2861.7017543859647
568.2372881355932
2717.3709677419356
609.6440677966102
757.9117647058823
815.3898305084746
896.9491525423729
3096.9322033898306
1050.142857142857
684.484375
750.8307692307692
3990.0694444444443
992.4782608695652
822.75
839.2686567164179
584.0350877192982
1049.2428571428572
978.4915254237288
619.7611940298508
2714.7903225806454
2628.6567164179105
933.5135135135135
659.6896551724138
6230.911764705882
827.9137931034483
1082.3111111111111
910.71875
897.6617647058823
4769.451612903225
2520.8970588235293
652.031746031746
605.7457627118644
826.75
808.4571428571429
520.7272727272727
539.6190476190476
2523.0985915492956
858.2
3817.4868421052633
584.9298245614035
508.75
2625.43661971831
710.1384615384616
3815.5
394.0
4086.3623188405795
433.8524590163934
547.5970149253732
4039.25
3956.4444444444443
6023.357142857143
606.8985507246376
4158.0
2345.6323529411766
2344.8088235294117
432.3333333333333
408.2586206896552
807.3571428571429
531.8428571428572
393.14285714285717
664.3066666666666
698.6724137931035
836.9701492537314
4881.932203389831
670.6891891891892
855.3611111111111
689.5
569.046875
650.2727272727273
380.640625
2786.625
4277.0675675675675
492.01408450704224
488.9076923076923
705.5945945945946
456.0701754385965
615.6825396825396
618.6379310344828
560.75
2408.28125
586.5223880597015
2264.866666666667
2591.2285714285713
473.6885245901639
655.7037037037037
3988.2388059701493
625.6578947368421
3963.56
4194.878787878788
4407.8
467.93548387096774
2414.7462686567164
4009.450704225352
520.2916666666666
2174.4868421052633
2375.378787878788
293.8382352941176
495.03125
2404.048387096774
342.90625
2375.5061728395062
564.0142857142857
619.0972222222222
681.974025974026
485.8135593220339
560.7333333333333
826.3466666666667
578.047619047619
829.7564102564103
779.3287671232877
2421.2876712328766
2594.044117647059
823.1951219512196
733.3048780487804
741.9876543209876
3834.698630136986
2151.3888888888887
526.6271186440678
702.0151515151515
2697.8695652173915
511.8358208955224
922.68
1026.8961038961038
1030.158536585366
535.8550724637681
872.953125
912.4470588235295
583.1129032258065
1096.1898734177216
959.9848484848485
827.7058823529412
1030.4512195121952
5734.662337662337
5584.075
6488.439393939394
5592.506024096386
1007.1447368421053
1049.0602409638554
945.5479452054794
781.9855072463768
2459.4266666666667
620.3432835820895
791.7794117647059
951.0238095238095
598.6533333333333
966.472972972973
746.5797101449275
797.0985915492957
2520.222222222222
976.6438356164383
1110.3835616438357
834.0625
995.0909090909091
792.9866666666667
976.4246575342465
877.6164383561644
1143.164383561644
946.8955223880597
888.0869565217391
655.0555555555555
397.8333333333333
712.7123287671233
762.2933333333333
794.12
995.3116883116883
971.5731707317074
936.0461538461539
2556.6486486486488
5789.708333333333
777.6575342465753
784.5526315789474
2450.1492537313434
620.7169811320755
845.7671232876712
6002.420289855072
5910.926470588235
520.3888888888889
6735.327868852459
923.9848484848485
1015.1142857142858
5712.479452054795
4392.617647058823
712.961038961039
5958.916666666667
4299.86301369863
775.2987012987013
4030.871794871795
5470.911392405063
10404.140625
2622.4189189189187
759.6075949367089
5788.8133333333335
5734.9324324324325
483.5762711864407
2343.4625
5697.282051282052
935.1911764705883
770.4864864864865
2298.0823529411764
5507.108433734939
9461.472222222223
5335.245283018868
8146.64
320.6779661016949
574.9459459459459
502.39130434782606
2379.1492537313434
586.6567164179105
462.36507936507934
4057.5
414.44615384615383
736.1666666666666
770.1756756756756
661.5915492957746
609.375
640.4117647058823
630.9230769230769
4479.757142857143
3136.921568627451
932.6125
984.5769230769231
729.6
2523.641975308642
726.943661971831
2300.657894736842
2356.6301369863013
2752.4126984126983
457.34375
332.8059701492537
520.939393939394
3736.5194805194806
674.4307692307692
3724.3977272727275
764.6478873239437
1034.8987341772151
901.375
577.3823529411765
2290.5479452054797
462.9047619047619
594.6478873239437
746.6164383561644
4048.689189189189
2593.710144927536
798.4507042253521
650.82
4288.794117647059
8161.621212121212
4463.888888888889
648.1694915254237
2489.4657534246576
4540.571428571428
862.4117647058823
736.7702702702703
781.9375
762.4069767441861
881.5949367088608
721.1764705882352
827.4823529411765
685.875
765.7564102564103
1023.0
648.8701298701299
932.2650602409639
873.7469879518072
796.525641025641
833.1604938271605
921.6666666666666
1038.7894736842106
4024.775
2588.027397260274
2492.8227848101264
2554.6625
1046.5384615384614
1043.1780821917807
4239.8441558441555
876.7260273972603
802.6296296296297
912.0253164556962
780.725
2455.6486486486488
635.5538461538462
2277.493670886076
2556.6029411764707
846.5263157894736
735.5365853658536
779.9125
636.3417721518987
502.6
763.2676056338029
443.8939393939394
512.9104477611941
661.3802816901408
686.4305555555555
695.8533333333334
2312.175
719.2352941176471
2557.4477611940297
678.3698630136986
1006.671052631579
849.5822784810126
830.2816901408451
911.0131578947369
760.830985915493
869.4545454545455
856.0533333333333
700.8484848484849
711.5205479452055
931.5875
2423.4794520547944
736.2428571428571
662.9733333333334
534.7101449275362
637.972972972973
719.0833333333334
845.5205479452055
656.5394736842105
745.8260869565217
679.8441558441558
2390.027397260274
491.40845070422534
719.2738095238095
597.7
2418.788732394366
678.3561643835617
765.0298507462686