63769.3
35636.18918918919
44353.53658536585
39276.2
47654.86842105263
56564.970588235294
46499.1282051282
46498.4358974359
36213.8
48459.4375
48875.37837837838
37985.31578947369
29016.91891891892
31927.22
44351.65853658537
32401.70731707317
38718.045454545456
46496.61538461538
26087.384615384617
37525.510204081635
37526.02380952381
33936.97435897436
23968.35
30365.795454545456
41501.72727272727
36713.348837209305
34610.76190476191
36552.88888888889
35505.42307692308
40023.836734693876
29476.7
34482.04347826087
32018.425925925927
21171.804347826088
21744.882352941175
34376.28
30795.673076923078
28441.01923076923
34885.24528301887
28047.875
27480.12962962963
33802.936170212764
25640.69811320755
30188.08064516129
25986.212765957447
13278.052631578947
30260.584905660377
30963.910714285714
24260.5
19721.947368421053
23730.115384615383
35506.230769230766
29518.898305084746
36152.35294117647
31593.762711864405
22943.533333333333
25641.830188679247
27872.672413793105
18985.17910447761
23728.653846153848
26168.859649122805
32614.315789473683
30964.5
27873.568965517243
27747.926470588234
26590.928571428572
17841.046875
31926.52
17607.846153846152
23261.384615384617
24263.516129032258
20312.6935483871
27804.73015873016
22289.354838709678
23289.830508474577
27027.242857142857
23584.03125
16941.382352941175
22945.233333333334
22945.727272727272
23649.068965517243
15723.2
28512.727272727272
31107.7
10565.377049180328
13667.60606060606
15930.359375
23916.031746031746
25278.685714285715
13248.55
17430.797297297297
19140.372881355932
19784.154929577464
14387.112903225807
19083.62162162162
18084.73015873016
16733.91304347826
16142.888888888889
18744.117647058825
6421.31746031746
18743.691176470587
19310.739726027397
11283.557142857142
13342.235294117647
8100.560606060606
22346.382352941175
10310.396825396825
17843.555555555555
18985.328358208953
12464.905405405405
17036.75
15776.162162162162
13184.014492753624
9152.581081081082
10699.48
12915.694915254237
15141.5
12598.09589041096
20813.5223880597
12883.760563380281
15951.780821917808
17633.698630136987
16359.483870967742
10486.012987012988
12987.024390243903
11408.188405797102
11496.19512195122
13841.8
13115.975308641975
27026.18
10592.28947368421
17159.283582089553
7014.463414634146
23729.5
17379.772727272728
13814.578947368422
12329.653333333334
13185.492753623188
13118.395061728395
10069.107692307693
12600.054794520547
9337.180555555555
14017.21875
12098.734375
15954.109589041096
7434.48
6984.6
14275.082191780823
7638.708333333333
14013.71875
7157.547169811321
10920.698630136987
12987.085365853658
5595.5125
9464.056603773584
7244.410256410257
11278.771428571428
5253.922222222222
10307.15873015873
12987.731707317073
8734.73417721519
8656.65
18057.859154929578
17571.087719298244
27477.0
5285.179775280899
16666.596153846152
27025.50909090909
4419.307692307692
12597.739726027397
4232.791666666667
7015.268292682927
16819.65
4474.0952380952385
5937.180555555556
3878.703296703297
5558.024691358025
5842.0
6033.785714285715
8462.209677419354
6141.35294117647
8013.820895522388
4606.033898305085
2529.78125
5595.8375
2534.8571428571427
8364.654761904761
7854.724637681159
7333.294117647059
4801.685185185185
4260.140845070423
4256.69014084507
2533.8125
6361.96875
4211.6164383561645
2535.2985074626868
18504.739130434784
5138.340425531915
2529.6315789473683
2533.7083333333335
22947.416666666668
2533.3544303797466
2530.05
2531.590163934426
4256.478873239436
7064.888888888889
2530.4
2536.4
2533.8928571428573
4260.267605633803
2531.0
26491.347826086956
5142.489361702128
20308.032258064515
2529.6071428571427
2530.16
4336.044117647059
2535.21875
2529.7619047619046
2530.46
2528.1111111111113
11718.725
2531.0
4124.935064935065
2529.78125
2534.4285714285716
2539.625
2534.887323943662
26491.347826086956
2531.0
4684.543859649123
2535.8813559322034
2536.877551020408
2535.8
5087.145833333333
2528.1111111111113
2530.072727272727
2530.785714285714
2529.7419354838707
2534.970588235294
2534.1475409836066
2529.734375
2529.470588235294
2529.9322033898306
2535.1641791044776
2533.5714285714284
26491.347826086956
26433.658536585364
2535.95
19091.405405405407
16664.865384615383
4757.218181818182
4716.928571428572
2529.7727272727275
2529.7619047619046
2530.923076923077
2531.0
2535.0588235294117
2534.1935483870966
2533.3333333333335
2540.0
2540.0
2535.114285714286
2532.2558139534885
2529.8636363636365
2529.7619047619046
2533.6071428571427
2535.5714285714284
2531.0
2531.0
2530.6470588235293
4683.2807017543855
2529.5
2530.22
2530.657142857143
2530.25
2536.413043478261
4443.28125
2532.2272727272725
4418.9384615384615
2535.0434782608695
2534.887323943662
2531.220588235294
2529.7903225806454
2534.140625
2532.5
2533.377358490566
18503.608695652172
14626.654320987655
2534.7368421052633
2534.3375
2533.423076923077
2535.1641791044776
2530.4418604651164
2529.170731707317
6136.39705882353
5674.217948717948
2535.65
2535.0434782608695
3879.3846153846152
2538.5
2534.313432835821
2532.409638554217
2531.0
2531.0
2534.926470588235
4610.35593220339
2535.181818181818
4235.083333333333
2529.818181818182
2529.78125
2529.5555555555557
2529.904761904762
4443.328125
2533.366666666667
2533.4065934065934
2532.5949367088606
2536.75
2535.72131147541
4443.875
2529.714285714286
2529.7678571428573
2529.65
4570.766666666666
2529.7
2529.5
2530.0
4537.475409836065
2529.6271186440677
2530.0689655172414
2529.7619047619046
2530.0
4102.705128205128
2531.716417910448
2529.967213114754
4474.063492063492
2529.728813559322
2532.150684931507
2530.910447761194
2532.6463414634145
2531.1973684210525
2531.4347826086955
2530.4285714285716
2530.6190476190477
3990.3333333333335
2533.4395604395604
13029.171428571428
13665.5
20774.382978723403
19623.04651162791
6084.855072463768
6363.078125
22945.809523809523
16398.471698113208
12886.450704225352
2535.0298507462685
2535.2985074626868
2535.1641791044776
2534.3947368421054
2535.2923076923075
2535.5737704918033
2535.3125
2535.640625
2535.5
2535.2272727272725
4235.430555555556
2529.677966101695
2529.6935483870966
2531.2876712328766
2535.2923076923075
2531.0434782608695
4358.358208955224
2529.8870967741937
2534.6164383561645
2535.5
2535.3125
4145.644736842105
2535.153846153846
2533.3076923076924
2534.0384615384614
2530.478260869565
2533.086956521739
2530.076923076923
2535.4328358208954
2534.1923076923076
2529.875
2533.2021276595747
2534.970588235294
2534.6164383561645
2533.3076923076924
2532.170731707317
2529.7
3941.425287356322
2533.6043956043954
2530.3823529411766
2534.1125
3925.2954545454545
2534.970588235294
4336.470588235294
4336.308823529412
2533.823529411765
2533.2580645161293
2533.494382022472
3909.7303370786517
2533.282608695652
2533.084210526316
2533.823529411765
2533.5172413793102
2534.5915492957747
2535.0153846153844
2531.8571428571427
2533.5227272727275
2531.4109589041095
2532.5882352941176
4025.817073170732
2533.6162790697676
2533.3076923076924
2534.0
2533.6162790697676
2533.740740740741
2534.3076923076924
2534.0
2534.887323943662
4479.3015873015875
2535.5714285714284
2534.6428571428573
2534.0
2534.155844155844
2533.258426966292
2535.4285714285716
2535.5
2534.2763157894738
2534.2763157894738
2534.1666666666665
2533.8846153846152
4084.506329113924
2533.883116883117
2533.4827586206898
2533.6470588235293
2531.3802816901407
2532.12
2533.3
2531.134328358209
2531.1846153846154
3909.3595505617977
2533.4418604651164
3974.576470588235
2533.3023255813955
2533.4418604651164
2533.6117647058823
2532.423076923077
2533.3333333333335
2534.1153846153848
2534.4583333333335
2533.3863636363635
2533.8481012658226
2534.16
4281.214285714285
2534.805970149254
2531.6857142857143
2533.73417721519
2533.4
2533.2921348314608
2533.6385542168673
4104.384615384615
2532.2972972972975
3894.1111111111113
2533.7073170731705
2533.703703703704
4281.042857142857
3879.098901098901
2533.743902439024
2531.391304347826
2531.4615384615386
2533.258426966292
4281.214285714285
2533.9625
2531.676056338028
2531.0
2533.602409638554
2533.5116279069766
2530.6029411764707
4332.029411764706
3850.4193548387098
2531.4347826086955
2531.385714285714
2530.4626865671644
2530.769230769231
2531.4411764705883
2531.0
2531.1739130434785
2531.230769230769
2531.181818181818
2533.3928571428573
2532.987951807229
2532.8846153846152
2532.5925925925926
2533.121951219512
2533.1882352941175
2532.9875
2531.75
2532.6363636363635
2532.518987341772
2534.4583333333335
2530.8695652173915
2532.12
2533.4137931034484
2531.9
2532.246753246753
2531.6716417910447
2531.391304347826
2531.3636363636365
2531.4714285714285
2533.406976744186
2533.3720930232557
2531.9166666666665
2532.4605263157896
2531.625
2533.206896551724
2531.7285714285713
2534.125
2533.25
2534.4225352112676
3909.61797752809
2531.8636363636365
4359.089552238806
2533.7176470588233
2533.3720930232557
3909.325842696629
2533.366666666667
2534.375
2535.6451612903224
2535.95
5800.413333333333
2533.8076923076924
2535.1428571428573
2535.5245901639346
2535.5
2534.75
2531.214285714286
5841.7972972972975
4256.901408450704
2531.7285714285713
2531.176470588235
2535.2380952380954
2533.181818181818
2533.5054945054944
2532.6626506024095
2535.190476190476
5982.267605633803
2531.8260869565215
2531.409090909091
2531.2608695652175
2531.179104477612
2531.7846153846153
2532.0434782608695
2531.7714285714287
4332.823529411765
2531.8333333333335
2531.3088235294117
2532.285714285714
2532.1666666666665
2534.3380281690143
4332.382352941177
2534.8028169014083
2532.0298507462685
2531.89552238806
2531.6617647058824
4167.053333333333
2532.157142857143
3974.423529411765
2532.8987341772154
3878.901098901099
4209.739726027397
2532.184210526316
2531.7714285714287
2531.625
4281.342857142857
2531.9295774647885
2531.7611940298507
2531.821917808219
2531.913043478261
2532.1470588235293
2531.7391304347825
2532.3521126760565
4082.8860759493673
2532.7763157894738
2531.695652173913
2532.2608695652175
2532.0714285714284
2531.8823529411766
2532.285714285714
2531.986301369863
2532.2676056338028
2532.0746268656717
2531.970588235294
2532.25
2532.4583333333335
4257.69014084507
2532.56338028169
2532.3285714285716
4281.857142857143
2531.8333333333335
2531.9850746268658
2531.8142857142857
2531.695652173913
2532.181818181818
2531.7714285714287
2532.125
2531.7285714285713
2531.7916666666665
2533.0344827586205
2531.492537313433
2531.3088235294117
2532.3333333333335
4332.382352941177
4281.842857142857
4281.842857142857
2531.5142857142855
4756.2
4716.410714285715
2531.6617647058824
2530.6
2531.8630136986303
2531.529411764706
2531.782608695652
2531.9
2532.3098591549297
2531.6428571428573
2532.109589041096
2532.2916666666665
2532.25
2532.2916666666665
2532.3714285714286
2531.8823529411766
2531.875
2532.27397260274
2532.0
2532.1408450704225
4360.298507462687
2532.0
2531.9
2532.5652173913045
2532.2916666666665
2532.4794520547944
2532.2985074626868
2529.5849056603774
2532.056338028169
2531.9565217391305
2532.014705882353
2529.5
4233.5
2532.4166666666665
2532.279411764706
2532.625
4124.584415584415
3991.535714285714
2533.1428571428573
2532.109589041096
2531.7846153846153
2531.051724137931
2533.267441860465
2532.824324324324
2530.3571428571427
2533.4074074074074
2532.2
4307.217391304348
2532.25
2533.364705882353
2533.3863636363635
2529.5272727272727
2529.44
2529.44
2529.4444444444443
2529.5263157894738
2533.775
2533.3164556962024
2529.408163265306
2529.4716981132074
2534.0
2533.92
2533.64
2529.5555555555557
4797.351851851852
4884.5192307692305
2529.5
2533.961038961039
2534.162162162162
2534.0405405405404
2533.6117647058823
2529.5283018867926
2534.4520547945203
2529.470588235294
2529.44
2534.1643835616437
2533.3414634146343
2530.2075471698113
4931.235294117647
2533.5185185185187
2529.38
2533.4
4884.634615384615
2530.6181818181817
2533.8076923076924
2534.038961038961
2534.0
2533.9594594594596
4084.025316455696
2534.0
2530.3888888888887
2529.408163265306
2529.32
2533.5822784810125
2534.1285714285714
2534.2083333333335
2534.1643835616437
4145.710526315789
2533.957142857143
2534.1216216216217
2533.5875
2533.7272727272725
2534.0416666666665
2533.560975609756
4104.192307692308
2529.3529411764707
2534.1184210526317
2533.84
2534.0
2533.5822784810125
2533.5925925925926
2534.375
2529.38
2529.340425531915
2530.3333333333335
5080.708333333333
2533.6962025316457
2529.408163265306
2534.2432432432433
2530.019230769231
2531.2105263157896
2533.8783783783783
2530.3333333333335
2529.5882352941176
2529.470588235294
2529.3469387755104
2533.6202531645567
2530.8928571428573
5080.770833333333
2533.423076923077
2529.9245283018868
5081.875
2533.96
2533.6666666666665
2534.2083333333335
2534.2571428571428
2534.0833333333335
2534.042253521127
2531.984375
2533.73417721519
2534.0416666666665
4309.057971014493
2534.0
2533.671232876712
2533.957746478873
2533.0
2530.5882352941176
2533.7083333333335
2533.5185185185187
2533.6923076923076
2534.042253521127
2534.1714285714284
2534.75
4259.6760563380285
2534.5
2534.375
2534.0
2534.626865671642
2533.5925925925926
2529.2391304347825
2533.85
2533.6103896103896
2530.830188679245
2534.402985074627
2534.1323529411766
2533.8815789473683
2535.125
7568.287671232877
5080.583333333333
2529.2272727272725
4083.9493670886077
2533.7162162162163
2533.76
2534.0845070422533
2532.534090909091
2532.4634146341464
2532.3295454545455
4256.4647887323945
2529.92
2530.82
2529.6875
2529.2272727272725
2532.2972972972975
5714.558441558442
2532.846153846154
2533.576923076923
2533.423076923077
2533.8815789473683
2532.5616438356165
2530.785714285714
23645.01724137931
2532.6714285714284
2532.3561643835615
2533.5
2532.774647887324
2532.4794520547944
4233.722222222223
2532.849315068493
4211.58904109589
4123.532467532467
2533.32
2534.2727272727275
4124.480519480519
4189.486486486487
4684.228070175439
4026.951219512195
4125.012987012987
2533.5774647887324
2534.48
2534.315789473684
2534.9661016949153
2533.6052631578946
2534.5753424657532
2533.6493506493507
2534.527027027027
2533.6582278481014
2534.24
2534.718309859155
4144.144736842105
2531.6153846153848
2534.3552631578946
2534.718309859155
2534.53164556962
4124.987012987013
2534.608108108108
2534.44
2534.3846153846152
2534.24
2530.782608695652
5842.635135135135
2531.9166666666665
2534.1923076923076
2533.3376623376626
2533.5714285714284
2531.6716417910447
2534.311688311688
4065.0625
2533.8875
2535.714285714286
2531.818181818182
2532.6363636363635
2530.2881355932204
4540.901639344263
2530.032258064516
2531.134328358209
2531.65625
2534.0
4210.479452054795
4388.409090909091
2532.318181818182
2532.4142857142856
2532.75
4258.239436619719
2531.6363636363635
2530.7096774193546
2530.55737704918
12599.0
2533.6301369863013
2533.013698630137
2533.1692307692306
2532.2916666666665
2533.0833333333335
2532.5416666666665
2530.5384615384614
2531.4225352112676
2532.181818181818
4360.567164179104
16309.3625
17467.353658536584
18033.898734177215
16139.925925925925
17840.125
4332.161764705882
16139.074074074075
2532.5454545454545
2530.072727272727
2529.8947368421054
18232.166666666668
2529.9473684210525
15201.793103448275
2532.2727272727275
2530.0588235294117
2530.035714285714
18053.50704225352
18230.97435897436
16309.4
15770.31081081081
15812.361445783132
15973.524390243903
2530.0943396226417
17467.060975609755
4679.0526315789475
2531.4363636363637
2530.1923076923076
18860.6
2530.7413793103447
2534.3802816901407
15349.720930232557
13925.686046511628
16609.77011494253
15653.642857142857
17501.777777777777
2530.22
15349.89534883721
2534.24
15654.285714285714
16140.185185185184
14337.722891566265
15349.720930232557
4064.95
4124.558441558442
2534.1973684210525
2534.157894736842
4211.753424657534
2530.1176470588234
2534.311688311688
2533.961038961039
4104.089743589743
15202.310344827587
14513.619565217392
2534.082191780822
4189.2027027027025
10284.164556962025
14779.933333333332
14645.516483516483
8814.320512820514
2534.5
2534.4520547945203
5415.2588235294115
2534.1184210526317
13666.647727272728
15654.07142857143
2530.265306122449
2534.4347826086955
2534.6176470588234
16773.616279069767
2534.4583333333335
8735.12658227848
4145.986842105263
14629.32098765432
4167.333333333333
2534.2432432432433
2534.1643835616437
4235.666666666667
2534.6666666666665
2534.194805194805
2534.311688311688
2534.718309859155
4235.347222222223
2534.2027027027025
4212.232876712329
17113.25
4885.615384615385
2532.5454545454545
8979.71052631579
2534.48
7185.126582278481
2534.3380281690143
2534.676056338028
12739.261904761905
2534.157894736842
15654.964285714286
2534.44
2534.0
11077.686046511628
4027.560975609756
14779.833333333334
14060.023529411765
4211.54794520548
2534.2535211267605
15812.939759036144
15813.265060240963
16773.232558139534
16310.225
14779.95
13926.03488372093
2533.0149253731342
4189.1621621621625
2534.4583333333335
2534.28
2534.4583333333335
2534.2083333333335
2534.5
4027.5365853658536
2533.32
15812.975903614459
15057.90909090909
7069.925925925926
15844.91304347826
2534.2027027027025
2534.5526315789475
2534.698630136986
15813.373493975903
15202.48275862069
2534.7397260273974
2534.6521739130435
2534.5833333333335
2534.3076923076924
2530.2978723404253
2530.3125
2534.10843373494
2534.3797468354433
2534.608695652174
2534.6428571428573
2534.25
2534.9295774647885
14060.094117647059
2534.4583333333335
22017.988636363636
4335.735294117647
2534.582089552239
2534.8507462686566
2534.75
2534.5342465753424
2534.5833333333335
2532.673076923077
2534.8260869565215
4212.109589041096
2534.7714285714287
2534.695652173913
12741.154761904761
2534.75
11388.518072289156
2534.6176470588234
2534.7285714285713
15094.564102564103
2534.573529411765
2534.8636363636365
2534.9692307692308
11836.468354430379
11720.45
2534.75
2534.4225352112676
2534.5652173913045
11388.843373493975
2534.3333333333335
2534.6716417910447
2534.6
2534.890625
2534.716417910448
2535.0
2534.4411764705883
15096.910256410256
2534.6617647058824
2534.626865671642
2534.6716417910447
2534.6
22287.74193548387
7368.3026315789475
4363.104477611941
2534.6363636363635
2534.75
5936.319444444444
12331.44
2534.6176470588234
12464.0
15093.948717948719
17653.83950617284
4309.405797101449
2534.9850746268658
13667.48051948052
4419.338461538461
2535.014705882353
2535.0615384615385
4448.34375
2534.521739130435
2534.782608695652
12463.837837837838
2534.9375
2534.923076923077
2535.107692307692
2534.7714285714287
2534.557142857143
14780.175
2534.5915492957747
12464.22972972973
16485.708860759492
2534.6716417910447
2534.818181818182
16485.556962025315
16485.822784810127
16847.85714285714
15975.390243902439
14780.2125
16485.86075949367
16848.16883116883
15813.192771084337
16140.888888888889
15597.226666666667
16311.1625
16664.46153846154
17036.67105263158
2535.4761904761904
6485.854838709677
2535.4
2535.125
2535.217391304348
2535.359375
2535.181818181818
2535.0153846153844
2535.0153846153844
2535.0746268656717
2534.6716417910447
2535.208955223881
16665.03846153846
16486.240506329115
2535.2
2535.1911764705883
2533.6470588235293
2531.0
2534.7611940298507
2534.926470588235
8979.828947368422
2534.8333333333335
23410.69318181818
2535.014705882353
7434.36
13669.545454545454
2534.7714285714287
16486.07594936709
17112.940476190477
15094.794871794871
21265.55294117647
17288.192771084337
17287.68674698795
16940.75294117647
16311.1625
2530.425531914894
2535.1470588235293
2534.521739130435
2530.3863636363635
15594.946666666667
16310.9
16310.8625
16311.2375
17841.5875
2534.6923076923076
17652.123456790123
2534.521739130435
15975.280487804877
4308.144927536232
2534.3478260869565
2534.681818181818
18034.708860759492
15654.92857142857
2534.805970149254
4259.887323943662
2534.7391304347825
2534.818181818182
2534.573529411765
2534.7619047619046
2534.681818181818
2534.7377049180327
14277.890410958904
22946.595238095237
19586.493670886077
20456.951219512193
2534.89552238806
2535.125
2535.014705882353
2534.782608695652
25587.694117647057
2534.923076923077
2534.6176470588234
18765.0843373494
4390.727272727273
2534.6290322580644
2534.8571428571427
4335.470588235294
5984.577464788732
2534.890625
14780.925
11038.902777777777
2534.8695652173915
4449.03125
2534.9692307692308
17469.20731707317
16141.37037037037
2534.970588235294
2534.7384615384617
2535.3125
2534.7258064516127
4479.428571428572
2534.9523809523807
2534.65625
2535.107692307692
2534.6363636363635
16848.324675324675
2534.9523809523807
6245.893939393939
18648.53947368421
2535.1129032258063
4510.903225806452
2535.25
2535.27868852459
17633.23287671233
4390.424242424242
2534.967741935484
2535.377049180328
2535.1428571428573
16310.5625
16848.090909090908
17428.432432432433
19083.35135135135
18646.736842105263
16310.4125
15596.706666666667
16846.727272727272
2535.0169491525426
18035.303797468354
18863.36
6361.984375
18648.03947368421
17230.2
23702.11111111111
2534.876923076923
2535.4285714285716
17842.541666666668
18235.423076923078
2535.190476190476
17632.835616438355
2535.5254237288136
19166.913580246914
20679.0
19805.32051282051
7859.086956521739
18035.316455696204
22946.809523809523
8658.65
2534.0789473684213
2535.2096774193546
7499.445945945946
13251.5875
2533.0224719101125
5196.20652173913
3956.9186046511627
2535.0476190476193
4336.161764705882
2533.1428571428573
2535.21875
17427.702702702703
6661.123595505618
2533.470588235294
25498.2125
20677.716049382718
9634.36231884058
2534.809523809524
2535.0476190476193
4165.28
4124.428571428572
2535.1803278688526
2533.1666666666665
2534.7741935483873
2535.189655172414
2533.6447368421054
2533.8
19083.432432432433
2533.7567567567567
5633.898734177215
2533.917808219178
2535.169491525424
2533.4146341463415
4102.74358974359
2532.8333333333335
11717.975
2533.753424657534
2535.169491525424
2535.190476190476
4083.7974683544303
5799.36
4233.791666666667
2533.2875
2532.8636363636365
2532.0454545454545
2532.8169014084506
4445.890625
2532.9859154929577
17035.013157894737
9243.86301369863
2533.0675675675675
2532.5
18742.382352941175
4717.0
2532.9545454545455
2531.904761904762
2532.265625
2533.181818181818
19754.46875
2532.7727272727275
4188.513513513513
2533.2741935483873
2532.9545454545455
4258.084507042254
2531.9523809523807
16662.846153846152
18982.86567164179
18278.428571428572
20810.985074626864
17155.537313432837
9632.710144927536
26391.597402597403
2531.65625
2532.576271186441
2533.4626865671644
2533.34375
25394.906666666666
8977.192982456141
15597.88
27028.0625
13814.96052631579
26085.73076923077
27699.068493150684
15096.48717948718
18983.0
11040.291666666666
14442.041666666666
12333.12
11159.633802816901
11283.328571428572
12465.013513513513
4211.6164383561645
17036.157894736843
4282.285714285715
2529.375
12333.32
11606.925925925925
11955.461538461539
9912.192771084337
2533.957746478873
13525.820512820514
2533.958904109589
2531.7868852459014
2533.4324324324325
11836.810126582279
2533.8
12078.246753246753
13965.013333333334
10591.671052631578
18037.59493670886
10700.2
18035.46835443038
2534.3970588235293
7183.9240506329115
17841.7375
16310.0375
13249.0375
4259.098591549296
16140.518518518518
2534.3970588235293
12204.342105263158
2534.0
4419.153846153846
9633.536231884058
4103.589743589743
2534.5625
2534.328125
2533.5945945945946
2534.6774193548385
2534.5
2534.75
2534.6666666666665
2533.7631578947367
2533.5945945945946
2534.65625
2535.032786885246
2534.8225806451615
2534.369230769231
2534.703125
2534.1285714285714
2534.904761904762
2534.904761904762
2535.1186440677966
17036.394736842107
2534.0405405405404
2534.7846153846153
2535.0819672131147
2534.95
14196.416666666666
4478.857142857143
4188.878378378378
7305.051948051948
6708.568181818182
13183.608695652174
2534.876923076923
6362.203125
4478.6349206349205
2533.675675675676
2535.064516129032
2533.224719101124
4576.55
2534.8360655737706
2534.915254237288
4576.65
2535.0862068965516
13419.544444444444
23289.389830508473
2534.0394736842104
2534.0
2534.0759493670885
2533.925
2533.670731707317
2532.9285714285716
2532.7926829268295
2533.132530120482
2533.2105263157896
2533.3333333333335
2533.3376623376626
2532.6744186046512
2532.939024390244
2533.4
2533.4615384615386
4103.551282051282
2533.064935064935
2533.112676056338
2533.6341463414633
2532.682926829268
2532.4430379746836
3924.75
2532.265060240964
2532.575
2532.925925925926
2532.276595744681
4124.2467532467535
2534.123287671233
2534.2535211267605
2533.1290322580644
2534.076923076923
4233.597222222223
2534.549295774648
2535.6271186440677
2535.8
2535.909090909091
2534.1139240506327
2534.2957746478874
4189.472972972973
2534.4520547945203
2533.478260869565
2533.769230769231
2533.769230769231
2534.304347826087
2533.8783783783783
4124.1558441558445
2533.0806451612902
2533.5416666666665
2534.0416666666665
2534.304347826087
2534.134328358209
2535.842105263158
4124.545454545455
2534.1267605633802
4282.885714285714
2534.5131578947367
2533.084745762712
4188.756756756757
2533.7236842105262
2534.1643835616437
2533.9583333333335
2534.346153846154
2533.657142857143
2534.0
2533.08
2533.554054054054
2534.0845070422533
2534.123287671233
2535.5789473684213
2534.0375
4211.260273972603
2534.1363636363635
2533.657142857143
2534.0394736842104
2532.9166666666665
2534.2083333333335
2534.076923076923
2533.5135135135133
2532.5454545454545
2534.0
2533.064935064935
2534.8
2534.64
2534.3552631578946
2533.735294117647
4145.763157894737
2533.012658227848
4283.614285714286
2533.475
2533.7272727272725
2534.311688311688
2534.0
2535.5
2534.176470588235
2532.764705882353
22399.18918918919
2533.2747252747254
2535.655172413793
2534.4285714285716
2533.769230769231
4026.1463414634145
2533.435294117647
2536.181818181818
2535.0
2533.16
2534.1111111111113
2533.6296296296296
2534.2876712328766
2533.565789473684
2533.230769230769
2533.961038961039
2533.5443037974683
2533.9240506329115
2531.875
2533.487804878049
4103.615384615385
2533.6301369863013
2534.157894736842
2533.8076923076924
2535.2
2534.0416666666665
2532.814814814815
2532.27397260274
2533.3493975903616
4188.743243243243
2533.8
4306.144927536232
2533.284090909091
4166.4
3991.690476190476
2532.56
4145.684210526316
2533.8192771084337
4233.708333333333
2533.3289473684213
2533.8481012658226
2533.4583333333335
2534.391304347826
2532.253164556962
2535.551724137931
2534.2368421052633
2532.521739130435
2532.107692307692
2533.6071428571427
4257.450704225352
2532.75
2531.6338028169016
2533.417910447761
2533.375
3924.340909090909
2532.662162162162
2532.9891304347825
2532.5348837209303
2532.784810126582
2533.4166666666665
2533.1
2532.4814814814813
2532.2073170731705
2533.608695652174
2532.779069767442
2531.6486486486488
2530.955223880597
2531.75
2532.344827586207
2533.731343283582
2532.943181818182
3864.108695652174
2532.6704545454545
2534.169014084507
2533.0795454545455
2531.36
2532.6285714285714
2531.925925925926
2533.0689655172414
2532.6853932584268
2532.846153846154
2532.3953488372094
2533.0886075949365
2532.16
2532.225352112676
2532.5
2532.608695652174
2532.6615384615384
2532.8705882352942
2533.1612903225805
2533.0224719101125
2533.021052631579
2531.818181818182
2532.2972972972975
2533.189189189189
2532.3571428571427
2532.8333333333335
2532.4634146341464
3957.5116279069766
2532.608695652174
2532.409638554217
2532.4457831325303
2532.5348837209303
4233.305555555556
2532.3928571428573
3973.752941176471
2532.7386363636365
3990.0833333333335
2532.1927710843374
2532.8076923076924
3924.840909090909
2532.7241379310344
2532.25
2532.913043478261
2532.5180722891564
2532.3764705882354
2532.360465116279
2532.551724137931
2532.5
2532.5180722891564
3864.1847826086955
2532.6363636363635
2533.820895522388
2532.6235294117646
2532.535714285714
2532.3764705882354
2532.3764705882354
2533.0675675675675
2532.5569620253164
2532.814814814815
2532.9333333333334
2532.5542168674697
2533.413043478261
4008.240963855422
2533.086956521739
2533.1847826086955
2532.7045454545455
2532.4457831325303
2532.85393258427
2532.78021978022
2532.764705882353
2532.7727272727275
2532.4074074074074
2531.909090909091
3991.6428571428573
2532.3928571428573
2532.3214285714284
2532.05
2532.7865168539324
2533.108108108108
2532.8072289156626
2532.3058823529414
2532.7608695652175
2532.5731707317073
2532.4823529411765
2533.3823529411766
2533.0795454545455
4025.378048780488
2532.360465116279
2533.6769230769232
2532.4117647058824
2532.060975609756
2532.4457831325303
2533.1666666666665
2533.0333333333333
2532.7727272727275
2531.9493670886077
2532.5
2532.6
2532.8088235294117
2532.1481481481483
2532.6428571428573
3835.755319148936
4388.151515151515
2532.6516853932585
2533.095238095238
4446.546875
3836.031914893617
3850.0967741935483
4334.588235294118
2533.1098901098903
2532.5569620253164
2532.2954545454545
2532.8076923076924
3956.8023255813955
2532.2705882352943
2533.1847826086955
2532.904761904762
2532.3703703703704
3908.9438202247193
2531.5675675675675
2532.78125
2532.03125
2533.103448275862
2532.4827586206898
2532.9333333333334
4025.560975609756
2532.464285714286
2531.8414634146343
2533.086956521739
2532.682926829268
2531.8354430379745
2533.1573033707864
5315.738636363636
2532.5542168674697
4043.753086419753
2532.4634146341464
2532.551724137931
2532.2558139534885
2533.190476190476
4009.024096385542
2533.0344827586205
2532.185185185185
2532.964285714286
2531.779220779221
2532.8
2532.793103448276
3956.4302325581393
2531.951219512195
2532.1927710843374
4025.378048780488
2532.9156626506024
5633.189873417721
2532.8837209302324
2534.1428571428573
2532.9655172413795
2531.9375
4007.867469879518
2532.6428571428573
2532.551724137931
2531.0416666666665
4063.475
2532.317073170732
4008.4578313253014
2532.3928571428573
2532.7191011235955
2531.926470588235
2531.576923076923
2532.9411764705883
2531.925925925926
2532.44
2532.0813953488373
4507.532258064516
2531.2083333333335
2532.0975609756097
2531.1216216216217
2533.0689655172414
2531.7894736842104
2532.6206896551726
2533.206896551724
2533.0795454545455
2532.875
2532.1927710843374
2532.027397260274
4186.4324324324325
2532.222222222222
2533.054347826087
2531.2763157894738
2532.9310344827586
2532.6428571428573
2532.953488372093
2532.4117647058824
2532.448275862069
2532.3214285714284
2532.4137931034484
2532.9
2532.48
2532.764705882353
2532.1688311688313
2532.5348837209303
2532.4444444444443
2532.535714285714
2532.6744186046512
2532.5176470588235
2532.887640449438
3956.4651162790697
5414.117647058823
2532.120481927711
2531.7012987012986
2532.682926829268
2531.935064935065
2532.626506024096
2531.7974683544303
2532.3058823529414
2532.5542168674697
2532.125
2532.1625
2532.3953488372094
2532.6046511627906
3924.3295454545455
2532.4050632911394
2531.8289473684213
2531.4583333333335
4143.776315789473
2532.7926829268295
2532.9024390243903
2532.5
4123.064935064935
2532.5862068965516
2532.5394736842104
2532.764705882353
2532.9156626506024
2531.9324324324325
2533.0689655172414
2532.1012658227846
2533.0823529411764
2531.878048780488
2532.7619047619046
2532.8947368421054
2531.6338028169016
2531.3552631578946
2532.6071428571427
2532.8571428571427
2531.4166666666665
2532.3783783783783
2532.9186046511627
2532.52
2532.814814814815
2531.92
2532.987951807229
2532.4210526315787
2531.96
2533.012658227848
2532.12
2531.8630136986303
14384.0
15158.19587628866
2533.0117647058823
2531.6666666666665
2532.1447368421054
2531.9615384615386
2532.1772151898736
2532.6849315068494
4257.478873239436
2532.7916666666665
2532.1408450704225
2531.557142857143
4122.961038961039
8733.379746835442
2532.72
4257.605633802817
2531.549295774648
2532.3714285714286
15202.034482758621
2531.044117647059
8506.536585365853
15653.32142857143
2531.6176470588234
2531.8260869565215
16608.459770114943
8893.701298701299
17111.511904761905
15201.0
2532.2236842105262
17466.69512195122
15973.59756097561
2531.6617647058824
2530.909090909091
2532.1666666666665
2531.695652173913
16449.579545454544
15349.232558139534
16309.5125
2531.2957746478874
15057.636363636364
15974.182926829268
15653.25
2531.6857142857143
15812.144578313253
15499.929411764706
16483.240506329115
4281.0
17466.439024390245
15348.53488372093
7706.2535211267605
14627.432098765432
5933.694444444444
16608.80459770115
15499.505882352942
15811.783132530121
15653.607142857143
2531.4347826086955
11492.365853658537
15812.578313253012
2530.492307692308
15972.719512195123
2530.6363636363635
15347.906976744185
16483.772151898735
15201.655172413793
16138.814814814816
15348.779069767443
15811.349397590362
15974.548780487805
14778.1875
14195.952380952382
15499.4
15972.792682926829
2531.125
14335.518072289156
15201.172413793103
14778.6
2529.7619047619046
2531.2535211267605
14917.022471910112
2531.044776119403
2530.597014925373
14916.61797752809
15973.560975609756
16482.936708860758
15092.28205128205
2531.5
10788.921348314607
8977.342105263158
2532.1688311688313
4232.666666666667
10483.597402597403
2531.315789473684
12986.085365853658
22286.68817204301
10483.584415584415
2530.9166666666665
2530.3333333333335
2532.2375
16309.025
2529.753846153846
4444.015625
17467.29268292683
16483.164556962027
2530.8714285714286
2531.089552238806
14933.025316455696
2530.34375
2531.1216216216217
23893.476744186046
4473.6349206349205
2530.9142857142856
2529.7704918032787
2529.7619047619046
19234.102272727272
19822.647058823528
14114.986486486487
7365.3421052631575
24144.729411764707
14629.283950617284
11953.884615384615
6080.202898550725
21135.40506329114
10187.3
19584.12658227848
19232.44318181818
19583.151898734177
17034.184210526317
12461.405405405405
11953.435897435897
2529.78125
13521.128205128205
21948.073170731706
14481.378048780487
13118.0
17840.775
2529.935483870968
19164.024691358023
18763.373493975905
14481.30487804878
15593.226666666667
2529.9384615384615
23189.10843373494
2530.076923076923
15976.085365853658
15594.28
2529.7619047619046
2530.9142857142856
14603.81690140845
12735.625
19585.113924050635
16137.027777777777
18643.57894736842
16844.272727272728
81259.78571428571
11386.674698795181
11282.964285714286
5932.847222222223
2529.78125
4331.882352941177
4386.045454545455
17032.486842105263
5981.295774647887
2529.734375
4331.573529411765
22433.725
10383.576923076924
11606.148148148148
10697.92
11719.7375
15976.487804878048
21583.722222222223
2530.614285714286
8813.01282051282
2531.4166666666665
2531.364864864865
16141.422222222222
2530.6417910447763
2530.470588235294
22501.08695652174
13795.298850574713
19046.0
14197.559523809523
2531.3380281690143
13542.67415730337
16308.6125
17466.365853658535
16309.0625
13382.73417721519
16308.6875
5932.527777777777
2529.714285714286
16138.592592592593
14335.481927710844
16309.175
18568.52380952381
16308.4625
16309.025
15811.060240963856
15091.602564102564
7241.7692307692305
15972.865853658537
16661.615384615383
14933.291139240506
15811.024096385541
16845.012987012986
16661.653846153848
18033.189873417723
16482.74683544304
16845.363636363636
15255.077922077922
14932.79746835443
14118.648648648648
15254.844155844155
24935.768292682926
24664.819277108432
15652.464285714286
16483.278481012658
22432.925
20238.590361445782
15811.204819277109
24549.73033707865
22501.217391304348
12464.243243243243
22016.613636363636
24145.011764705883
25055.908045977012
15498.517647058823
17336.0
15498.8
22241.264367816093
22944.714285714286
22016.579545454544
16138.592592592593
14778.6
22944.833333333332
13031.814285714287
22240.58620689655
12202.723684210527
16448.727272727272
13183.434782608696
14935.974683544304
11952.615384615385
21374.362637362636
15810.77108433735
14933.291139240506
22944.071428571428
15811.421686746988
23648.48275862069
15092.179487179486
21045.60465116279
17425.22972972973
15057.227272727272
15200.862068965518
16308.1625
16292.1797752809
17286.9156626506
16139.444444444445
15348.290697674418
14335.518072289156
16308.9125
15811.024096385541
15653.142857142857
16661.73076923077
8893.233766233767
16138.925925925925
15811.168674698794
16308.5375
15972.5
15653.642857142857
23648.58620689655
12862.939759036144
17841.079545454544
19232.30681818182
14058.117647058823
22469.383720930233
17466.463414634145
15348.290697674418
19231.909090909092
15348.32558139535
16608.96551724138
15348.5
17839.7375
17651.16049382716
8098.681818181818
14626.913580246914
2530.203125
16139.061728395061
16448.852272727272
13666.34090909091
15810.807228915663
15653.25
2530.2615384615383
15200.827586206897
14195.202380952382
15811.349397590362
2529.7619047619046
15653.857142857143
15652.892857142857
15973.853658536585
15348.918604651162
15654.0
15348.67441860465
13960.093333333334
16449.784090909092
16139.148148148148
2530.390625
16609.735632183907
13924.290697674418
13299.241758241758
15091.52564102564
15811.024096385541
15058.352272727272
15972.975609756097
14916.483146067416
11384.253012048193
14777.625
18859.36
15201.862068965518
14384.774193548386
14644.10989010989
15973.268292682927
2529.7903225806454
15989.901098901099
15348.290697674418
17467.268292682926
15201.965517241379
15058.181818181818
15652.857142857143
14513.097826086956
6907.630952380952
9999.121951219513
15347.802325581395
13067.440860215054
4473.68253968254
5415.2235294117645
2529.753846153846
2529.753846153846
2529.95
2529.7704918032787
15200.862068965518
15972.060975609756
2529.8571428571427
15348.290697674418
2529.78125
14778.933333333332
2529.78125
2529.7903225806454
15653.07142857143
16136.986111111111
15769.662162162162
14335.12048192771
2529.72131147541
6240.80303030303
19538.847222222223
6480.241935483871
17226.12
16482.86075949367
2529.78125
18231.23076923077
2529.7704918032787
2529.7419354838707
18644.28947368421
16661.423076923078
2529.809523809524
15498.552941176471
2529.7419354838707
15498.8
15810.33734939759
16309.1
4473.6349206349205
16138.296296296296
14626.58024691358
15200.965517241379
18053.50704225352
15972.170731707318
16308.725
15810.807228915663
15653.42857142857
15254.727272727272
17837.916666666668
17628.23287671233
15254.805194805194
15347.872093023256
19079.135135135137
16308.2
16482.86075949367
17839.9
16661.26923076923
15810.987951807228
14932.569620253165
16138.481481481482
16661.26923076923
17466.621951219513
18644.11842105263
17032.486842105263
2529.7704918032787
16138.777777777777
15811.349397590362
16308.6125
16482.518987341773
17225.8
17650.04938271605
14777.325
15972.975609756097
16308.275
15056.647727272728
15810.33734939759
17286.349397590362
16772.25581395349
13540.011235955057
18230.9358974359
15201.0
16308.725
16308.6125
15347.732558139534
15348.151162790698
15347.662790697674
16138.592592592593
14626.802469135802
15348.32558139535
16138.481481481482
17839.075
15498.411764705883
18568.72619047619
15973.012195121952
16139.25925925926
15652.82142857143
15056.988636363636
16308.125
13793.022988505747
15200.51724137931
17628.19178082192
16608.149425287356
16138.888888888889
14479.621951219513
15498.30588235294
17466.39024390244
14626.58024691358
15200.689655172413
14626.32098765432
15056.375
16482.518987341773
15347.976744186046
17837.916666666668
16844.77922077922
15498.870588235293
15498.870588235293
15972.975609756097
16482.632911392404
2529.8196721311474
16661.23076923077
15810.987951807228
16139.0
14916.247191011236
17628.27397260274
14778.0
16661.19230769231
13540.247191011236
16608.701149425287
17466.365853658535
15498.764705882353
15811.168674698794
15973.085365853658
15056.545454545454
14627.172839506173
13924.5
14057.905882352941
16308.65
17424.175675675677
18053.549295774646
15811.277108433735
16139.148148148148
16483.01265822785
16308.8
14933.291139240506
17837.916666666668
16308.7625
15652.964285714286
13923.976744186046
18959.59756097561
16939.576470588236
16138.481481481482
6298.292307692308
16482.78481012658
15652.714285714286
16772.011627906977
15498.764705882353
16771.767441860466
16138.74074074074
15811.421686746988
16308.6125
15973.048780487805
14195.130952380952
16483.20253164557
15348.418604651162
15498.552941176471
13924.046511627907
15091.98717948718
15652.82142857143
15254.57142857143
16138.481481481482
15652.75
16844.727272727272
15499.223529411765
15652.714285714286
15201.0
16138.62962962963
16772.081395348836
15498.764705882353
16138.777777777777
15811.240963855422
15347.976744186046
16845.285714285714
16139.0
17466.40243902439
15057.09090909091
15972.975609756097
15652.892857142857
2529.809523809524
14335.55421686747
15652.785714285714
16482.936708860758
13793.356321839081
16308.4625
14626.913580246914
14057.69411764706
14777.9625
4044.037037037037
2531.0833333333335
13792.988505747126
15653.107142857143
13924.081395348838
17110.154761904763
16608.83908045977
15201.172413793103
16328.704225352112
15989.802197802197
16939.34117647059
15056.886363636364
27881.103448275862
13793.747126436781
15347.418604651162
15498.094117647059
17837.958333333332
15810.807228915663
15700.559139784946
14916.1797752809
2530.614285714286
2529.7619047619046
2531.423076923077
11602.703703703704
10606.538461538461
2530.8285714285716
2530.8285714285716
15200.241379310344
12985.682926829268
2531.3947368421054
14479.0
2529.714285714286
16608.011494252874
2530.6911764705883
14335.012048192772
14933.189873417721
11281.464285714286
11078.10465116279
11834.303797468354
11718.3125
14337.012048192772
13794.885057471265
5887.219178082192
12739.119047619048
10284.556962025317
10092.888888888889
2529.8196721311474
16311.125
12861.927710843374
18034.822784810127
14628.802469135802
14481.707317073171
16941.63529411765
11718.5
2529.9523809523807
11718.7625
13384.974683544304
15812.867469879518
7934.279411764706
16484.87341772152
13249.55
24144.65882352941
15093.679487179486
14628.296296296296
4386.227272727273
15500.835294117647
11494.451219512195
14337.89156626506
11494.487804878048
11604.567901234568
12201.355263157895
14779.7
18960.975609756097
18382.035294117646
18570.14285714286
13026.757142857143
2530.4461538461537
17652.64197530864
18382.0
19585.151898734177
20903.1875
18763.156626506025
11718.4625
11494.341463414634
9528.457142857143
17468.439024390245
11834.759493670887
20028.071428571428
13523.51282051282
20454.756097560974
12075.922077922078
13523.371794871795
14934.39240506329
17841.3625
18961.69512195122
13249.4125
17112.964285714286
11717.9875
19164.024691358023
11718.35
13117.296296296296
11834.417721518987
23893.476744186046
11718.35
21263.29411764706
22943.809523809523
22469.3488372093
17112.690476190477
15423.934210526315
17841.1375
24402.380952380954
10283.987341772152
11605.407407407407
10186.925
11953.461538461539
20028.535714285714
11605.037037037036
11605.0
15092.02564102564
13249.0
15423.921052631578
6132.382352941177
11834.151898734177
11953.615384615385
22468.89534883721
22239.919540229886
21045.81395348837
24144.729411764707
21262.95294117647
22703.694117647057
13248.8875
16449.75
24144.717647058824
22469.372093023256
22944.059523809523
23647.96551724138
19372.275
17287.807228915663
18762.33734939759
21714.349397590362
18034.67088607595
23893.406976744187
11604.888888888889
11718.425
17652.679012345678
11494.487804878048
22704.188235294117
15974.658536585366
12075.805194805194
23893.581395348836
16661.80769230769
25859.47619047619
14628.358024691359
14337.289156626506
16308.6875
18034.78481012658
22943.630952380954
21045.616279069767
16308.6875
18763.77108433735
22944.233333333334
24401.821428571428
22703.376470588235
23647.793103448275
17288.373493975905
16845.81818181818
7365.6578947368425
11834.303797468354
24401.678571428572
17424.45945945946
5632.0
15972.939024390244
19425.344827586207
11833.594936708861
15769.905405405405
11834.303797468354
16138.925925925925
20675.185185185186
23408.238636363636
13247.8
21262.84705882353
23647.96551724138
15972.609756097561
17839.675
21045.220930232557
19584.620253164558
20027.940476190477
20027.833333333332
22943.60714285714
18197.825581395347
15813.12048192771
23173.460674157304
26723.012345679013
22703.529411764706
18960.353658536584
20675.88888888889
20675.777777777777
16310.7875
22016.125
22944.333333333332
22469.68604651163
17650.753086419754
22240.264367816093
16661.923076923078
15202.183908045978
17669.74157303371
22016.43181818182
23893.6511627907
17840.25
23407.965909090908
16483.12658227848
17839.75
22943.678571428572
15653.035714285714
24304.944444444445
22704.36470588235
12987.658536585366
16483.01265822785
17651.58024691358
15973.475609756097
14626.469135802468
15255.077922077922
16308.9875
22469.24418604651
13248.6875
15812.795180722891
22469.127906976744
16773.18604651163
17466.365853658535
18762.409638554218
15974.439024390244
17112.416666666668
22944.266666666666
23408.06818181818
25055.83908045977
17286.385542168675
16308.9125
16308.9125
16308.9125
16138.814814814816
14628.987654320988
11494.487804878048
22469.24418604651
20238.265060240963
23647.96551724138
23173.494382022473
17839.9625
16308.9875
20454.378048780487
23173.73033707865
21045.10465116279
21714.33734939759
16845.987012987014
16483.08860759494
16662.5
22016.409090909092
15422.421052631578
16483.20253164557
21948.182926829268
9062.973333333333
21797.494382022473
17466.536585365855
22469.383720930233
23648.206896551725
8813.205128205129
25211.40740740741
23893.720930232557
22469.488372093023
19371.0125
14932.79746835443
15770.837837837838
2532.0135135135133
22240.03448275862
23893.476744186046
21263.647058823528
23647.931034482757
15973.19512195122
15973.926829268292
24143.917647058825
21797.629213483146
16309.25
16309.1375
16609.83908045977
15200.344827586207
17650.962962962964
16308.8375
16483.506329113923
17227.0
16308.8
16662.076923076922
23893.68604651163
19821.517647058823
17034.105263157893
17650.567901234568
17227.32
16845.48051948052
16138.62962962963
23647.701149425287
22469.3488372093
2531.315789473684
18503.565217391304
17467.39024390244
21263.435294117648
5632.329113924051
19584.21518987342
17227.4
22469.20930232558
16845.51948051948
16845.51948051948
18232.05128205128
17227.48
17034.026315789473
20238.265060240963
21947.670731707316
18570.214285714286
27582.840909090908
21486.54761904762
10484.545454545454
11718.8
7125.2
2531.818181818182
4122.363636363636
7242.884615384615
5798.04
2531.52
9822.75
12881.422535211268
10383.73076923077
19621.441860465115
4186.689189189189
13249.0
15500.423529411764
11494.560975609756
14196.607142857143
10092.62962962963
11954.192307692309
2531.6666666666665
12739.047619047618
17652.679012345678
22469.441860465115
5672.423076923077
11604.888888888889
8812.115384615385
2531.972972972973
11718.425
11953.576923076924
10383.615384615385
11605.148148148148
11536.64705882353
2529.96875
17468.19512195122
2531.6666666666665
4306.782608695652
14780.0625
22703.117647058825
11718.6875
13117.271604938273
4209.287671232877
18569.0
23408.06818181818
2529.8947368421054
14935.0
22703.729411764707
23893.616279069767
2531.44
15972.756097560976
15093.679487179486
17837.875
12862.5421686747
2531.942857142857
7801.806451612903
10609.010989010989
2533.413043478261
2533.3932584269664
2533.366666666667
2533.2921348314608
2533.3406593406594
3957.4767441860463
3957.5813953488373
3925.659090909091
2533.7241379310344
2533.6511627906975
5317.022727272727
2533.6162790697676
2533.505882352941
3957.6162790697676
2533.5862068965516
2533.5172413793102
2533.5862068965516
2533.6428571428573
2533.576470588235
2533.5862068965516
2533.284090909091
2533.5
2533.689655172414
2533.5280898876404
2533.5227272727275
2533.505882352941
2533.535714285714
2533.5116279069766
2533.625
2533.602409638554
2533.5172413793102
2533.325842696629
3974.364705882353
2533.4606741573034
2533.4814814814813
2533.5280898876404
2533.344827586207
3957.779069767442
2533.435294117647
2533.5813953488373
2533.6206896551726
2533.6470588235293
2533.4886363636365
2533.3372093023254
2533.4137931034484
2533.448275862069
2533.310344827586
2533.590909090909
2533.5662650602408
2533.505882352941
2533.5
2533.4886363636365
2533.541176470588
2533.3595505617977
2533.6162790697676
2533.541176470588
2533.551724137931
2533.541176470588
3941.3793103448274
2533.4827586206898
2533.6117647058823
3957.813953488372
2533.4578313253014
2533.406976744186
2533.3372093023254
2533.310344827586
2533.5054945054944
2533.4886363636365
2533.4886363636365
2533.5280898876404
2533.505882352941
2533.6746987951806
3974.670588235294
2533.6162790697676
2533.505882352941
2533.4204545454545
5196.271739130435
2533.590909090909
2533.4886363636365
2533.516129032258
2533.5172413793102
2533.714285714286
3925.159090909091
2533.3793103448274
2533.470588235294
3894.4333333333334
2533.590909090909
2533.625
5349.206896551724
2533.3928571428573
5196.239130434783
3991.690476190476
2533.435294117647
2533.464285714286
3974.4
2533.344827586207
5225.428571428572
2533.6206896551726
2533.6206896551726
11462.854166666666
3957.8488372093025
2533.777777777778
16004.66
10435.967741935483
12633.350515463917
14644.505494505494
15158.103092783505
2533.5714285714284
2533.6071428571427
2533.6071428571427
2533.5301204819275
2533.5243902439024
2533.5301204819275
2533.6428571428573
2533.4767441860463
13895.896907216495
2533.6071428571427
2533.5
2533.4444444444443
4027.378048780488
3957.9883720930234
2533.560975609756
2533.714285714286
2533.6385542168673
2533.5975609756097
2533.6296296296296
2533.817073170732
2533.4146341463415
2533.7073170731705
12845.873684210526
2533.487804878049
2533.5301204819275
2533.6625
2533.5
2533.4074074074074
2533.4939759036147
2533.5243902439024
2533.6296296296296
2533.475
2533.602409638554
3991.5119047619046
3974.635294117647
2533.560975609756
2533.5822784810125
4027.0243902439024
2533.487804878049
2533.5975609756097
2533.4939759036147
2533.6071428571427
2533.5822784810125
2533.4285714285716
14013.96875
2533.5662650602408
2533.6428571428573
2533.6746987951806
6616.2444444444445
15423.526315789473
17684.21649484536
15424.494736842105
13181.967391304348
2533.535714285714
4027.0243902439024
2533.3214285714284
2533.505882352941
2533.4886363636365
2533.535714285714
14512.608695652174
2533.464285714286
2533.535714285714
13793.540229885057
14778.833333333334
2533.214285714286
2533.3571428571427
2533.3493975903616
2533.5116279069766
2533.602409638554
15158.226804123711
14134.589473684211
2533.3928571428573
13298.648351648351
14644.307692307691
15057.193181818182
13067.63440860215
15289.854166666666
2533.5116279069766
14513.358695652174
11953.516483516483
10979.367816091954
10434.258064516129
5415.011764705882
2533.329411764706
2533.541176470588
2533.5662650602408
15844.739130434782
14258.946808510638
13067.698924731183
21472.288659793816
15844.608695652174
13182.130434782608
3974.294117647059
4009.2048192771085
21870.863157894735
12846.094736842106
3941.183908045977
14384.58064516129
3941.1494252873563
13299.373626373626
14258.446808510638
2533.5
13665.454545454546
14384.763440860215
16864.925531914894
2533.541176470588
2533.378048780488
9336.955555555556
3974.329411764706
13895.98969072165
14644.802197802197
13067.827956989247
14258.255319148937
15989.868131868132
15289.760416666666
14916.1797752809
14384.677419354839
2533.546511627907
21089.878787878788
2533.5
2533.6341463414633
3957.8488372093025
2533.5714285714284
13182.16304347826
14258.287234042553
15424.526315789473
2533.670731707317
2533.5301204819275
2533.487804878049
2533.5243902439024
15057.193181818182
2533.560975609756
2533.5243902439024
10697.833333333334
14258.31914893617
2533.5301204819275
3957.953488372093
2533.5301204819275
19118.0
9738.517647058823
13796.114942528735
10981.034482758621
2533.5443037974683
22945.53125
10791.38202247191
20209.721649484534
11079.046511627907
4009.3132530120483
2533.4074074074074
17842.0
19293.273684210526
12388.494252873563
11179.576470588236
10884.84090909091
10980.965517241379
10699.633333333333
4027.4146341463415
11495.256097560976
9573.275862068966
14386.20430107527
10609.934065934065
10590.381578947368
3974.294117647059
8297.811764705883
9493.21590909091
6662.471910112359
14645.45054945055
9738.941176470587
19840.021739130436
22076.86170212766
10884.90909090909
11282.57142857143
10791.41573033708
3991.8214285714284
2533.5555555555557
2533.6071428571427
2533.6746987951806
2533.5975609756097
12058.633333333333
21669.572916666668
2533.5125
5381.7441860465115
14258.54255319149
2533.560975609756
2533.5925925925926
5415.623529411765
2533.55
5449.690476190476
2533.55
5415.011764705882
4064.275
2533.6071428571427
2533.602409638554
6856.64705882353
4009.5662650602408
2533.746987951807
12276.886363636364
3974.670588235294
10885.28409090909
4009.2168674698796
8366.535714285714
11719.1375
22076.925531914894
12060.41111111111
20210.20618556701
22528.85714285714
2533.6746987951806
5521.158536585366
2533.5125
2533.602409638554
2533.6341463414633
6756.517241379311
2533.560975609756
12167.314606741573
4027.1341463414633
5558.148148148148
11180.0
10980.87356321839
14384.451612903225
5634.708860759493
2533.6625
7015.012195121952
21871.052631578947
14645.032967032967
2533.883116883117
2533.73417721519
5520.743902439024
2533.6493506493507
10883.40909090909
2534.04
2534.0845070422533
2533.9189189189187
4027.6341463414633
2533.703703703704
6708.227272727273
5520.743902439024
14014.21875
4065.0125
2533.775
2533.9605263157896
2533.730769230769
2533.775
2533.85
9336.988888888889
14916.786516853932
14384.741935483871
2533.844155844156
2533.6666666666665
14135.031578947368
15990.725274725275
2533.8481012658226
2533.6296296296296
2534.125
2534.0405405405404
2533.925
14778.466666666667
14258.063829787234
2532.425
5381.441860465116
2533.7631578947367
14644.34065934066
13540.516853932584
16608.77011494253
15057.022727272728
14644.274725274725
2532.4430379746836
14916.483146067416
14916.41573033708
15056.920454545454
14257.77659574468
2532.5584415584417
2532.3026315789475
4082.987341772152
16448.75
13924.53488372093
2533.73417721519
13182.45652173913
2533.740740740741
13541.426966292134
16139.111111111111
14916.011235955057
10788.8202247191
2532.246753246753
15347.872093023256
14513.391304347826
2532.3076923076924
14384.709677419354
16139.244444444445
15057.15909090909
13418.422222222222
13299.472527472528
9491.602272727272
14645.098901098901
15990.857142857143
14779.533333333333
14779.1
14916.651685393259
2532.12987012987
15200.620689655172
2532.4634146341464
13665.863636363636
14779.266666666666
15349.023255813954
14779.466666666667
14513.358695652174
14644.802197802197
14384.41935483871
14258.382978723404
14384.612903225807
15424.410526315789
14384.387096774193
14779.6
16293.08988764045
14384.709677419354
14779.166666666666
14384.870967741936
4064.5
13666.545454545454
15201.379310344828
14512.967391304348
14644.604395604396
14644.967032967033
15561.287234042553
15701.09677419355
14644.802197802197
13418.988888888889
14779.733333333334
16140.377777777778
13067.989247311827
14644.703296703297
13540.651685393259
14779.566666666668
14384.41935483871
15701.20430107527
15424.378947368421
14645.065934065935
14384.677419354839
14917.191011235955
2533.740740740741
17018.655913978495
11077.546511627907
14513.489130434782
16293.292134831461
14645.296703296703
2533.814814814815
13666.647727272728
5415.15294117647
14384.677419354839
14778.9
14513.260869565218
16771.906976744187
14513.228260869566
14916.8202247191
15561.255319148937
14258.41489361702
14645.164835164835
15201.724137931034
15561.31914893617
14645.296703296703
4064.3875
14917.426966292134
13418.722222222223
15701.591397849463
15058.181818181818
17501.411111111112
14917.258426966293
13299.538461538461
15991.087912087913
15200.965517241379
15200.793103448275
15348.39534883721
15057.125
16449.43181818182
15057.704545454546
16140.444444444445
15348.081395348838
16448.897727272728
16608.77011494253
15201.172413793103
15057.568181818182
14779.433333333332
15653.32142857143
16608.701149425287
15057.363636363636
15348.639534883721
21472.443298969072
15348.255813953489
15348.46511627907
15201.172413793103
15057.261363636364
13793.12643678161
13541.67415730337
14057.835294117647
20969.56989247312
21374.615384615383
22500.92391304348
21797.573033707864
22719.879120879123
17337.30769230769
15652.785714285714
20969.11827956989
23603.064516129034
21169.82608695652
21870.2
15498.870588235293
22076.031914893618
15498.905882352941
15811.602409638554
15653.357142857143
15811.56626506024
16449.329545454544
22501.021739130436
20028.703296703297
22720.472527472528
15498.870588235293
19621.558139534885
22720.30769230769
15653.035714285714
22944.3
15972.426829268292
22720.01098901099
18569.0
21583.78888888889
16138.407407407407
20421.404494382023
16939.623529411765
15652.964285714286
15652.714285714286
15498.588235294117
20223.044444444444
15498.8
15348.255813953489
18862.4
21045.03488372093
20421.43820224719
21374.0989010989
15811.240963855422
15498.835294117647
11384.722891566265
16450.227272727272
7068.567901234568
4164.373333333333
21583.5
20624.80681818182
15652.42857142857
21583.166666666668
24304.67777777778
21374.351648351647
21169.369565217392
20223.11111111111
20421.932584269663
20223.21111111111
22016.397727272728
23173.29213483146
19231.534090909092
15653.285714285714
19232.68181818182
16138.703703703704
15972.792682926829
15811.024096385541
15652.857142857143
15652.642857142857
16939.235294117647
15811.024096385541
20832.44827586207
14479.073170731708
14335.698795180722
18380.50588235294
16771.976744186046
15653.25
2530.3478260869565
2531.3
2529.8196721311474
15973.231707317073
15653.392857142857
14479.548780487805
22500.989130434784
19424.48275862069
16771.767441860466
15653.67857142857
16482.556962025315
15652.880952380952
19231.965909090908
22016.545454545456
18381.058823529413
15973.085365853658
18569.571428571428
2529.7419354838707
15348.116279069767
16940.035294117646
15653.75
15973.524390243903
17287.24096385542
16662.30769230769
27025.933333333334
13795.620689655172
13667.636363636364
12060.566666666668
11180.0
9573.344827586207
11079.46511627907
9573.448275862069
2533.5443037974683
10980.356321839081
10699.3
10791.348314606741
11079.43023255814
12620.082352941177
13926.767441860466
12276.545454545454
10884.84090909091
11179.576470588236
9655.058139534884
14781.366666666667
15059.40909090909
9824.25
11282.285714285714
16141.844444444445
15702.924731182795
10980.896551724138
15059.886363636364
15203.0
15703.21505376344
20774.59574468085
20224.344444444443
19293.4
21871.178947368422
2533.846153846154
10791.38202247191
2533.6582278481014
17671.38202247191
13543.022471910112
22945.354166666668
10609.76923076923
11078.348837209302
10884.602272727272
11179.258823529412
11281.642857142857
10698.3
14918.23595505618
10884.397727272728
15059.0
15702.591397849463
19838.565217391304
14780.8
20392.96875
20581.389473684212
13793.67816091954
16292.247191011236
15056.886363636364
13540.38202247191
15560.840425531915
14778.433333333332
14778.333333333334
13417.922222222222
13665.556818181818
17668.47191011236
16139.177777777777
14778.633333333333
15348.151162790698
14916.752808988764
15200.724137931034
15990.098901098901
13665.59090909091
16448.93181818182
16292.955056179775
14384.58064516129
14779.266666666666
14916.112359550561
15056.852272727272
15057.193181818182
15653.57142857143
15348.011627906977
16939.694117647057
14778.866666666667
16608.701149425287
13924.290697674418
15348.011627906977
14916.247191011236
15056.75
16772.3488372093
15347.802325581395
15057.125
14779.033333333333
15700.36559139785
15056.71590909091
14778.466666666667
15056.647727272728
15057.261363636364
14383.741935483871
16292.078651685393
16448.897727272728
14778.666666666666
15056.988636363636
15200.551724137931
2532.4050632911394
2532.269230769231
2532.230769230769
14643.813186813188
15056.681818181818
13299.10989010989
14916.348314606741
14644.406593406593
13665.147727272728
14644.10989010989
14916.112359550561
13540.044943820225
15700.043010752688
2532.4805194805194
15056.78409090909
2531.68
15347.976744186046
16448.454545454544
17175.630434782608
15348.046511627907
8655.2875
14916.348314606741
14778.833333333334
13924.081395348838
15200.793103448275
15498.658823529411
15347.837209302326
16139.31111111111
15057.125
2531.935064935065
15347.732558139534
14057.8
15200.586206896553
13793.505747126437
14916.247191011236
2531.779220779221
15989.65934065934
15347.906976744185
14778.766666666666
13793.298850574713
15990.461538461539
15700.913978494624
22286.129032258064
14915.876404494382
17840.852272727272
14916.685393258427
15348.186046511628
15056.78409090909
11603.37037037037
10185.6375
5712.896103896104
22286.0
14916.078651685393
15057.5
14778.633333333333
14779.166666666666
15200.965517241379
18336.15053763441
14778.8
14258.063829787234
14644.604395604396
21169.630434782608
14778.8
15843.83695652174
17842.447916666668
21279.04081632653
15057.022727272728
16139.644444444444
18861.566666666666
22076.191489361703
14916.41573033708
16139.733333333334
14916.61797752809
15056.71590909091
16292.943820224718
20969.645161290322
20581.547368421052
14644.10989010989
14779.066666666668
21669.0
19292.168421052633
22076.31914893617
19471.0
14918.640449438202
21870.831578947367
16451.284090909092
14780.733333333334
19292.673684210527
14780.9
13542.348314606741
16448.522727272728
17175.239130434784
15348.220930232557
14916.1797752809
16139.511111111111
21870.4
16293.078651685393
19652.913978494624
21471.82474226804
17019.763440860213
18004.242105263158
19470.808510638297
16141.277777777777
9493.181818181818
14644.670329670329
22286.483870967742
15057.227272727272
16449.56818181818
14060.835294117647
13419.822222222223
14512.641304347826
14779.466666666667
19653.301075268817
16141.744444444445
13795.885057471265
15991.395604395604
19838.989130434784
15200.655172413793
15203.241379310344
15703.172043010753
17177.119565217392
11954.714285714286
10884.329545454546
16292.707865168539
14779.133333333333
15843.771739130434
17175.82608695652
14916.14606741573
14513.29347826087
20581.55789473684
15201.172413793103
15845.858695652174
15991.912087912087
15056.988636363636
15057.261363636364
14779.266666666666
16140.066666666668
14916.41573033708
16139.577777777778
18683.46153846154
12388.080459770115
10884.431818181818
17018.870967741936
15702.720430107527
16713.57894736842
14258.255319148937
14779.633333333333
15990.560439560439
14644.802197802197
14384.677419354839
14513.195652173914
15424.157894736842
17017.989247311827
14258.41489361702
15424.22105263158
14513.16304347826
2533.703703703704
15158.80412371134
2533.5925925925926
16714.084210526315
14513.45652173913
9654.255813953489
14779.666666666666
2533.714285714286
2533.6962025316457
2533.923076923077
2534.0
2533.8815789473683
2534.0375
2533.6493506493507
2533.6923076923076
2533.8815789473683
2533.917808219178
2533.9210526315787
2533.883116883117
2533.9210526315787
10883.34090909091
2533.6923076923076
2533.8125
4045.641975308642
2533.775
14645.164835164835
20774.09574468085
13182.097826086956
2533.8125
17842.3125
14513.58695652174
17501.7
2533.8481012658226
20209.628865979383
10885.318181818182
19292.326315789473
10885.386363636364
10981.206896551725
11282.785714285714
9738.905882352941
10884.806818181818
15991.956043956045
14646.648351648351
11078.918604651162
11180.141176470588
12503.56976744186
11387.903614457831
9655.302325581395
9655.093023255815
6961.1325301204815
20394.364583333332
17530.071428571428
22287.064516129034
12059.288888888888
17338.527472527472
22287.032258064515
19471.031914893618
12276.852272727272
11388.048192771084
11179.611764705882
11079.32558139535
11387.77108433735
10981.080459770115
21670.15625
20582.031578947368
22287.09677419355
10885.25
22286.967741935485
21669.9375
19293.18947368421
11180.105882352942
21472.938144329895
11283.214285714286
11180.35294117647
4084.4303797468356
11079.43023255814
11079.360465116279
20582.36842105263
15991.241758241758
22735.268041237112
11079.151162790698
11495.878048780487
11387.903614457831
11282.607142857143
10094.925925925925
19046.808988764045
11179.435294117648
24920.602150537634
11179.858823529412
21870.968421052632
20774.191489361703
10002.060975609756
9912.265060240963
22077.244680851065
11282.392857142857
21871.052631578947
16451.022727272728
11282.642857142857
20773.90425531915
10980.965517241379
11387.939759036144
20969.935483870966
11179.682352941176
17502.78888888889
9654.988372093023
13668.21590909091
23833.380434782608
22501.934782608696
11282.714285714286
21871.305263157894
22077.021276595744
11079.290697674418
11387.867469879518
9738.623529411765
11387.686746987953
11282.785714285714
13542.8202247191
19653.21505376344
10981.103448275862
11179.541176470588
9738.658823529411
11079.360465116279
12620.435294117648
11281.857142857143
16293.47191011236
11495.951219512195
18683.53846153846
16295.101123595505
23832.706521739132
15561.0
15701.043010752688
16140.466666666667
18167.32978723404
15991.208791208792
17018.354838709678
17841.666666666668
16293.483146067416
17176.054347826088
14916.955056179775
16140.377777777778
18335.333333333332
17175.967391304348
20970.09677419355
17337.186813186814
11282.392857142857
11387.759036144578
16295.078651685393
15701.838709677419
13299.010989010989
20393.635416666668
22077.18085106383
17501.4
15561.882978723404
15844.445652173914
17018.83870967742
17842.55681818182
15201.275862068966
14644.934065934065
14384.774193548386
14779.5
14644.934065934065
15844.58695652174
14513.391304347826
14917.595505617977
14779.733333333334
14779.6
17669.539325842696
14917.393258426966
23603.78494623656
13540.988764044943
18682.68131868132
14645.098901098901
14513.652173913044
18167.957446808512
19653.064516129034
18167.67021276596
14917.651685393259
13796.229885057472
11387.975903614459
17336.703296703297
16449.772727272728
14917.460674157302
14645.164835164835
14645.362637362638
16140.833333333334
13666.545454545454
13666.306818181818
14644.967032967033
14513.423913043478
17336.703296703297
19653.182795698925
14645.164835164835
15844.684782608696
15201.448275862069
15057.943181818182
14779.966666666667
11177.776470588235
16140.8
14135.189473684211
6855.764705882353
13541.426966292134
14645.164835164835
14779.666666666666
9491.636363636364
14384.838709677419
2533.740740740741
14779.8
14645.263736263736
14384.612903225807
14645.197802197803
20773.968085106382
13796.12643678161
18683.23076923077
17336.85714285714
13418.622222222222
14645.329670329671
14779.1
14384.709677419354
15423.968421052632
14513.58695652174
14917.123595505618
16140.044444444444
15990.956043956045
15057.636363636364
17337.054945054944
15844.228260869566
14014.1875
6959.831325301205
14513.391304347826
14513.228260869566
15990.758241758242
14644.934065934065
15561.627659574468
14384.548387096775
14513.097826086956
15057.636363636364
20774.41489361702
9491.636363636364
11281.892857142857
21170.228260869564
19292.905263157896
19292.378947368423
12332.8
17842.03125
15844.684782608696
15701.677419354839
18682.802197802197
21375.14285714286
16140.68888888889
13815.078947368422
22076.86170212766
13815.078947368422
14384.58064516129
14916.685393258427
13665.625
14384.258064516129
14258.478723404256
15843.902173913044
15561.382978723404
14779.066666666668
9412.955056179775
15990.593406593407
15701.225806451614
13067.31182795699
16863.712765957447
14014.0625
14258.095744680852
14134.336842105264
14384.09677419355
12955.255319148937
7975.777777777777
14258.31914893617
13895.525773195875
12955.510638297872
15057.5
16292.887640449439
15423.652631578947
16713.21052631579
13298.483516483517
14013.5
2532.746835443038
14513.45652173913
14383.870967741936
12955.702127659575
15844.260869565218
14257.77659574468
14644.967032967033
14644.34065934066
14779.566666666668
15561.063829787234
14513.097826086956
14644.472527472528
12955.0
14645.032967032967
15349.162790697674
15057.431818181818
14258.382978723404
2532.8846153846152
2533.222222222222
5316.556818181818
14644.538461538461
15058.147727272728
15990.978021978022
14916.651685393259
14779.4
15349.093023255815
15812.144578313253
14916.988764044943
13418.58888888889
14916.651685393259
14779.6
13540.988764044943
5556.864197530864
13665.625
15990.296703296703
15499.541176470588
14778.9
15057.5
14916.651685393259
15201.379310344828
15057.806818181818
14917.52808988764
14779.533333333333
14916.38202247191
15057.704545454546
2533.0384615384614
14512.869565217392
13665.65909090909
14779.266666666666
14512.804347826086
16609.137931034482
14644.472527472528
12955.127659574468
2533.2125
7857.673913043478
2533.3863636363635
15654.607142857143
13895.340206185567
15348.848837209302
15201.689655172413
16940.223529411764
15057.90909090909
14512.804347826086
15653.785714285714
16772.46511627907
15499.223529411765
15654.0
15499.329411764706
17111.928571428572
14916.449438202248
6707.340909090909
3924.1363636363635
2532.7922077922076
11952.626373626374
3940.32183908046
14257.77659574468
11750.075268817205
16139.544444444444
15499.329411764706
15653.607142857143
16773.058139534885
15973.890243902439
6660.449438202248
8434.397590361446
14383.645161290322
8098.875
17112.214285714286
15812.036144578313
14383.806451612903
11077.372093023256
4026.439024390244
2533.3023255813955
14916.213483146068
15811.493975903615
16140.037037037036
14916.044943820225
16138.851851851852
14479.987804878048
2532.1666666666665
10787.943820224718
2531.942857142857
15973.19512195122
15811.204819277109
16138.962962962964
15972.756097560976
14778.1875
9652.011627906977
4007.6626506024095
14512.152173913044
2532.342105263158
8162.459770114942
4043.679012345679
16139.037037037036
2532.0875
14057.69411764706
9151.68918918919
11176.717647058824
4165.28
14933.253164556962
13923.941860465116
9821.130952380952
16845.948051948053
15498.411764705883
15811.060240963856
16662.153846153848
15498.764705882353
15200.620689655172
10881.977272727272
8505.768292682927
13924.290697674418
15973.256097560976
13540.14606741573
14057.905882352941
15498.764705882353
14916.044943820225
14195.166666666666
16138.74074074074
15255.42857142857
2531.974025974026
2532.4415584415583
14644.439560439561
13418.288888888888
2533.0689655172414
6483.5161290322585
3925.3522727272725
2533.215909090909
5316.886363636364
2533.2580645161293
2533.1573033707864
2533.4065934065934
10519.673913043478
2533.1976744186045
2533.318181818182
15811.927710843374
11462.822916666666
2533.1724137931033
9412.314606741573
2532.9285714285716
2533.0795454545455
2532.734939759036
2532.703703703704
2533.2087912087914
2533.4204545454545
3909.7191011235955
2533.6071428571427
2533.4606741573034
4008.3132530120483
2532.9
2533.1573033707864
7800.5268817204305
2533.3720930232557
2533.5555555555557
2532.843373493976
10607.527472527472
11751.010752688173
2533.366666666667
2533.3804347826085
2533.0625
3925.090909090909
12530.265306122448
6906.5
3822.2105263157896
3956.7093023255816
2532.9411764705883
6804.186046511628
15348.186046511628
2533.6341463414633
3991.6071428571427
2533.3720930232557
2533.5
2533.232558139535
4064.2375
2533.6428571428573
14513.489130434782
4008.89156626506
9047.340425531915
5348.505747126437
4008.9638554216867
2533.6296296296296
2533.3863636363635
11385.156626506025
6615.433333333333
9047.212765957447
2533.6785714285716
2533.25
15423.28947368421
13895.680412371134
2533.3793103448274
6756.241379310345
5519.609756097561
8036.7191011235955
11385.156626506025
9047.5
2533.6746987951806
14779.366666666667
12845.968421052632
16484.367088607596
13299.208791208792
4008.421686746988
13540.685393258427
9262.164835164835
2533.3863636363635
7976.144444444444
2533.5813953488373
14135.252631578947
13895.773195876289
14384.731182795698
9189.032608695652
2533.318181818182
2533.344827586207
2533.406976744186
2533.214285714286
2533.4065934065934
3925.3863636363635
4009.2168674698796
2533.3595505617977
2533.4137931034484
9262.417582417582
2533.6428571428573
3941.0114942528735
2533.5714285714284
2533.4418604651164
5316.75
2533.3863636363635
2533.224719101124
2533.1758241758243
2533.793103448276
3957.813953488372
2533.6385542168673
3992.035714285714
2533.670731707317
2533.6428571428573
2533.6071428571427
2533.4578313253014
2533.6582278481014
4008.855421686747
4009.0
2533.6385542168673
2533.740740740741
3941.0114942528735
2533.6470588235293
4045.8888888888887
2533.8860759493673
2533.670731707317
2533.277108433735
2533.451219512195
2533.670731707317
2533.8536585365855
2533.6202531645567
2533.6823529411763
2533.5243902439024
2533.6296296296296
9571.643678160919
2533.743902439024
4026.8414634146343
2533.625
2533.5862068965516
4008.9277108433735
2533.5862068965516
2533.470588235294
2533.6117647058823
2533.3793103448274
2533.294117647059
5381.476744186047
2533.3928571428573
2533.6341463414633
4045.679012345679
2533.04
2533.535714285714
4009.0722891566265
2533.5975609756097
2533.7804878048782
2533.5555555555557
2533.775
5934.319444444444
2533.4333333333334
2533.6823529411763
2532.5789473684213
3991.2976190476193
2533.5925925925926
2533.6493506493507
4064.275
2533.5125
2533.670731707317
12845.968421052632
2533.5925925925926
2533.6923076923076
5449.0952380952385
4045.8518518518517
2533.5243902439024
2533.4578313253014
2533.602409638554
2533.6582278481014
2533.4074074074074
2533.5714285714284
2533.740740740741
2533.5
2533.5662650602408
2533.6202531645567
2533.6153846153848
2533.743902439024
2533.1758241758243
3941.0459770114944
2533.494382022472
2533.4395604395604
3957.1976744186045
2533.3522727272725
3850.483870967742
2533.4606741573034
2533.6470588235293
2533.406976744186
2533.5
2533.406976744186
13299.945054945056
2533.364705882353
2533.7
2533.5185185185187
2533.7241379310344
2533.214285714286
3957.813953488372
2533.5862068965516
2533.4767441860463
5349.275862068966
2533.6071428571427
2533.670731707317
3974.1176470588234
2533.535714285714
2533.5662650602408
2533.546511627907
14384.0
15289.90625
2533.5172413793102
2533.4827586206898
2533.406976744186
3941.080459770115
3894.3333333333335
2533.551724137931
2533.470588235294
2533.5227272727275
2533.3720930232557
2533.4418604651164
2533.4418604651164
2533.318181818182
3956.9883720930234
3957.6511627906975
2533.5116279069766
3924.8863636363635
2533.6385542168673
25983.468085106382
2533.3406593406594
2533.4269662921347
2533.3372093023254
2533.344827586207
2533.5
4103.076923076923
12429.080808080807
2533.4146341463415
2533.5862068965516
3909.4269662921347
2532.9772727272725
2533.3076923076924
14258.127659574468
14258.255319148937
10267.621052631579
7915.846153846154
2533.3932584269664
2531.9166666666665
13895.958762886597
2533.4827586206898
2533.7613636363635
14135.157894736842
14513.29347826087
14134.968421052632
14013.96875
13895.525773195875
6660.7191011235955
14134.242105263158
14513.358695652174
14258.351063829787
2533.5662650602408
13540.85393258427
13182.423913043478
8229.302325581395
13418.655555555555
14513.619565217392
14258.22340425532
14135.284210526315
13067.79569892473
14644.802197802197
15561.063829787234
14258.63829787234
14258.510638297872
14134.873684210526
13182.521739130434
15424.094736842106
15990.648351648351
16139.9
16140.41111111111
14258.670212765957
14013.78125
14257.840425531915
14512.902173913044
14135.063157894738
15029.612244897959
13895.865979381444
7916.472527472528
14014.15625
14013.65625
15561.691489361701
15158.19587628866
14779.233333333334
14134.905263157894
8036.955056179775
2533.775
13067.247311827958
14014.15625
14258.63829787234
19117.3125
13839.338461538462
6959.975903614458
13299.34065934066
3974.6470588235293
14513.489130434782
14779.8
14384.838709677419
15289.854166666666
14013.84375
16565.666666666668
14134.715789473685
14384.516129032258
14917.056179775282
2533.9240506329115
15845.065217391304
14384.645161290322
14258.31914893617
15423.684210526315
14917.426966292134
14644.538461538461
13299.10989010989
14645.263736263736
14513.45652173913
14644.868131868132
2533.475
15701.172043010753
13665.829545454546
14644.901098901099
13540.651685393259
14779.066666666668
14779.4
10979.172413793103
14779.5
15990.725274725275
9491.636363636364
2533.7631578947367
2533.837837837838
14645.329670329671
2533.6103896103896
15057.568181818182
14916.8202247191
4083.6455696202534
14917.08988764045
14917.08988764045
12274.295454545454
14645.131868131868
14513.489130434782
2533.84
14645.164835164835
15057.943181818182
14916.988764044943
15561.446808510638
14917.32584269663
4009.0
14645.065934065935
5484.361445783133
2534.0810810810813
2534.16
2534.0
2533.9210526315787
14644.967032967033
2533.961038961039
9653.511627906977
16140.144444444444
16139.844444444445
14917.191011235955
15990.923076923076
2533.9605263157896
15057.602272727272
15499.541176470588
16449.465909090908
14916.955056179775
14644.703296703297
2533.7272727272725
15057.636363636364
15201.827586206897
15348.709302325582
12501.127906976744
17669.550561797754
2533.837837837838
14917.191011235955
16140.733333333334
2533.52
16140.244444444445
14384.677419354839
15057.977272727272
16449.44318181818
14917.292134831461
2533.7123287671234
2533.9620253164558
2533.842105263158
2533.7662337662337
14917.292134831461
13794.436781609196
16140.41111111111
2533.769230769231
14917.258426966293
13419.18888888889
13925.441860465116
15201.862068965518
15844.097826086956
16140.477777777778
13541.494382022473
14779.8
15057.636363636364
15057.943181818182
15057.5
14916.921348314607
15201.793103448275
15201.551724137931
14916.752808988764
16139.844444444445
15990.362637362638
14644.868131868132
16292.213483146068
16772.883720930233
15057.363636363636
14916.887640449439
2533.5443037974683
16140.833333333334
15058.011363636364
2533.7662337662337
15201.793103448275
2533.6153846153848
4083.7974683544303
15349.302325581395
13794.747126436781
14917.292134831461
16293.58426966292
15057.602272727272
16449.840909090908
14916.921348314607
14779.666666666666
14645.296703296703
14917.123595505618
15844.45652173913
14513.16304347826
14645.131868131868
14779.8
14644.835164835165
16292.786516853932
14645.032967032967
14384.838709677419
14779.566666666668
15057.772727272728
14779.566666666668
14917.224719101123
16864.468085106382
13182.489130434782
14779.8
14917.393258426966
14917.460674157302
14779.666666666666
2533.7
14513.391304347826
13067.698924731183
2533.962962962963
15202.103448275862
16293.58426966292
13541.123595505618
13541.460674157302
14780.033333333333
14779.866666666667
2533.844155844156
14513.0
13299.274725274725
13299.505494505494
14779.7
14917.52808988764
14779.666666666666
14779.366666666667
2534.155844155844
8229.616279069767
2533.846153846154
14513.619565217392
2534.1973684210525
13182.195652173914
14644.967032967033
14779.866666666667
14644.703296703297
13298.978021978022
17175.456521739132
16140.711111111112
15991.12087912088
14645.0
14512.967391304348
14384.612903225807
10883.545454545454
14383.935483870968
14779.733333333334
2533.8481012658226
14644.868131868132
15058.28409090909
15057.704545454546
14917.494382022473
14644.802197802197
14384.483870967742
14134.810526315789
15560.489361702128
14134.463157894737
16140.0
14257.808510638299
14779.1
14779.666666666666
14916.955056179775
14013.875
15423.936842105262
16140.277777777777
13541.460674157302
13925.546511627907
13418.822222222223
2533.846153846154
15201.48275862069
14779.8
13540.887640449439
14917.32584269663
14779.866666666667
16139.844444444445
2532.6363636363635
15201.724137931034
14644.868131868132
14644.835164835165
15201.724137931034
15990.626373626374
15057.704545454546
14644.901098901099
13793.954022988506
14779.433333333332
2533.9154929577467
2534.5454545454545
14644.736263736264
2532.170731707317
14644.373626373626
13181.282608695652
2532.1923076923076
13665.454545454546
2532.2705882352943
13418.555555555555
4082.3164556962024
14644.142857142857
11279.785714285714
14257.893617021276
15201.51724137931
16293.258426966293
15202.137931034482
16293.123595505618
15348.46511627907
15201.655172413793
15348.988372093023
13541.292134831461
4063.325
14257.77659574468
13418.18888888889
14512.576086956522
16139.877777777778
14778.622222222222
14778.533333333333
15990.21978021978
16139.6
14257.393617021276
5518.987804878048
15057.5
14779.433333333332
9570.333333333334
13418.155555555555
14383.741935483871
4063.45
7068.2962962962965
2532.35
16608.735632183907
22287.064516129034
18684.076923076922
6755.310344827586
14514.95652173913
13299.10989010989
14386.161290322581
17843.102272727272
18336.8064516129
22076.989361702126
13927.32558139535
8434.759036144578
20581.610526315788
11179.30588235294
14781.5
10981.103448275862
10884.431818181818
10884.15909090909
11078.767441860466
11079.53488372093
11388.409638554216
11496.463414634147
11283.035714285714
11079.360465116279
11079.151162790698
13420.155555555555
17502.98888888889
22501.608695652172
18862.944444444445
20029.384615384617
22721.494505494506
18336.78494623656
15654.67857142857
14647.043956043955
15201.724137931034
15348.848837209302
14916.58426966292
15700.752688172042
14779.4
15349.511627906977
16292.921348314607
14512.641304347826
14779.566666666668
16140.433333333332
15349.093023255815
6804.313953488372
2532.2289156626507
18507.282608695652
14779.533333333333
14196.809523809523
15654.464285714286
13666.40909090909
15201.931034482759
14917.191011235955
2532.275
15499.823529411764
18863.5
15989.703296703297
14917.08988764045
15057.397727272728
15500.070588235294
15812.289156626506
2534.205479452055
2534.1739130434785
5634.050632911392
15349.093023255815
2534.0833333333335
17112.714285714286
2534.609375
2532.5
10977.965517241379
2532.259259259259
2531.987804878049
2532.6923076923076
11076.709302325582
20393.072916666668
8364.214285714286
6854.988235294118
16142.2
16942.058823529413
15349.058139534884
16448.886363636364
16609.344827586207
20393.15625
14778.766666666666
21375.472527472528
15500.564705882352
19839.57608695652
11953.010989010989
14916.247191011236
15812.578313253012
15201.51724137931
16448.352272727272
15348.953488372093
15349.372093023256
22502.293478260868
19839.347826086956
15348.53488372093
16484.07594936709
15499.894117647058
15653.892857142857
15348.848837209302
2533.0384615384614
14644.307692307691
14778.333333333334
22501.804347826088
18683.571428571428
4143.986842105263
9821.988095238095
2532.3636363636365
15654.214285714286
2532.7432432432433
2532.6329113924053
22946.066666666666
23603.94623655914
23604.107526881722
15654.214285714286
16449.272727272728
15348.39534883721
17019.537634408603
22501.510869565216
11955.098901098901
11952.560439560439
19839.706521739132
17841.010416666668
15700.494623655914
20029.494505494506
8162.83908045977
15700.677419354839
2532.25
4044.938271604938
14644.802197802197
20774.212765957447
15348.60465116279
15202.034482758621
14779.033333333333
19118.104166666668
17176.597826086956
23160.21052631579
13183.923913043478
6855.305882352941
14513.20652173913
23379.41489361702
20582.147368421054
20393.46875
20582.336842105262
2532.120481927711
20029.01020408163
2534.65625
13794.471264367816
14916.685393258427
16139.344444444445
2532.1012658227846
2531.9166666666665
2531.8571428571427
14257.58510638298
15348.67441860465
15057.636363636364
9570.12643678161
3972.7764705882355
14644.34065934066
22076.606382978724
2532.2
15654.142857142857
16940.84705882353
22287.16129032258
20029.32967032967
19425.44827586207
15348.46511627907
15499.4
17111.964285714286
13924.709302325582
15499.682352941176
15974.0
16140.518518518518
15654.642857142857
15812.180722891566
15974.512195121952
16310.75
15812.5421686747
14480.536585365853
15499.29411764706
17018.0
15812.0
15200.620689655172
15200.551724137931
15811.313253012047
15201.034482758621
14915.808988764045
15499.188235294117
15499.505882352942
15056.84090909091
13539.91011235955
15056.852272727272
14778.633333333333
15056.613636363636
16772.04651162791
15200.758620689656
16291.741573033707
14778.366666666667
14643.945054945056
16291.741573033707
15653.857142857143
17112.47619047619
14058.29411764706
15811.530120481928
15973.59756097561
13924.290697674418
15498.870588235293
15498.623529411765
15200.724137931034
2532.090909090909
15201.0
13924.046511627907
14057.941176470587
13793.333333333334
15057.193181818182
14336.277108433735
15811.277108433735
15348.220930232557
15348.151162790698
15498.729411764705
14058.470588235294
15498.658823529411
15653.785714285714
14479.768292682927
15348.046511627907
15348.011627906977
15811.349397590362
15653.464285714286
15499.011764705883
14195.238095238095
15200.586206896553
14195.202380952382
15653.142857142857
14336.024096385541
14480.060975609756
15498.870588235293
15498.835294117647
15811.132530120482
16139.296296296296
22720.43956043956
19232.625
15499.082352941177
15973.560975609756
16139.296296296296
16939.90588235294
15498.447058823529
15653.5
17652.11111111111
15093.294871794871
22945.066666666666
22944.633333333335
15498.447058823529
22241.310344827587
22720.967032967033
15652.785714285714
15811.855421686747
17111.261904761905
22017.590909090908
15653.07142857143
17466.975609756097
15498.517647058823
15810.951807228916
16310.075
22242.149425287356
23174.370786516854
23648.724137931036
20833.97701149425
22016.988636363636
21798.370786516854
15652.892857142857
14779.05
16139.148148148148
16139.666666666666
22720.406593406595
21584.355555555554
19426.379310344826
19622.488372093023
24066.615384615383
22016.988636363636
21797.6404494382
15974.256097560976
18570.10714285714
16484.189873417723
15974.329268292682
21045.54651162791
24800.55681818182
19822.36470588235
19425.666666666668
16141.377777777778
20772.72340425532
20772.85106382979
14627.32098765432
15973.414634146342
14627.728395061727
22016.94318181818
21583.98888888889
16941.4
22017.829545454544
11078.418604651162
12166.426966292134
2532.2631578947367
18862.6
15200.793103448275
14645.538461538461
13542.640449438202
20773.510638297874
19652.68817204301
17841.94318181818
9413.842696629214
2532.0263157894738
16294.303370786516
9654.116279069767
20625.81818181818
18018.563218390806
16141.388888888889
22076.09574468085
19234.147727272728
4063.9
12388.114942528735
15811.277108433735
17670.70786516854
16941.470588235294
12739.380952380952
14780.9
23174.101123595505
17670.044943820223
22944.666666666668
23603.483870967742
17652.16049382716
20581.042105263157
2532.682926829268
15653.57142857143
9736.376470588235
10881.738636363636
8295.141176470588
2532.879518072289
2532.779069767442
2532.243902439024
3973.3411764705884
6755.413793103448
5483.493975903614
12617.64705882353
3956.639534883721
8163.3218390804595
7013.0
16864.925531914894
6958.746987951808
2532.4268292682927
2532.5365853658536
17500.37777777778
15056.71590909091
11177.105882352942
2532.784810126582
7012.890243902439
2532.879518072289
12275.806818181818
9572.551724137931
11281.833333333334
10698.933333333332
12276.068181818182
19233.977272727272
8295.423529411764
9652.709302325582
17335.76923076923
9492.15909090909
23603.139784946237
9910.22891566265
15201.103448275862
10790.370786516854
14259.372340425532
5414.435294117647
9491.375
10788.943820224718
9736.941176470587
7126.025
15349.53488372093
9413.842696629214
10608.747252747253
2532.9285714285716
9263.0
11387.722891566265
10188.4625
3956.6046511627906
9823.357142857143
11605.962962962964
9738.235294117647
9337.7
11719.85
14645.923076923076
6661.696629213483
10697.31111111111
3973.5882352941176
11952.824175824177
4045.4074074074074
8100.568181818182
13299.54945054945
2532.6071428571427
2532.4285714285716
2532.9186046511627
3924.306818181818
11178.729411764705
14933.177215189873
5414.705882352941
15350.139534883721
8655.475
9737.670588235294
27036.5
2533.232558139535
2532.7093023255816
4143.1973684210525
2532.4050632911394
2533.269230769231
3940.448275862069
2533.3372093023254
2533.123595505618
2533.576470588235
2533.3132530120483
2534.2608695652175