1.2295555555555557
1.5234234234234234
1.3761951219512194
1.4435833333333334
1.3260701754385966
1.2813725490196077
1.3629230769230771
1.356700854700855
1.4529666666666667
1.3546666666666667
1.3343243243243244
1.4328771929824557
1.5852792792792798
1.502893333333333
1.3551544715447152
1.3442601626016264
1.4093484848484843
1.3070427350427352
1.5320769230769231
1.4035782312925171
1.4188730158730163
1.4772820512820515
1.5282166666666663
1.4018484848484847
1.3833636363636364
1.4598294573643413
1.5096190476190476
1.415296296296296
1.4327820512820513
1.382666666666667
1.4935466666666668
1.450376811594203
1.453456790123457
1.618289855072464
1.5767973856209154
1.4396666666666664
1.5071538461538467
1.4883076923076923
1.4568176100628927
1.4957222222222226
1.4869753086419761
1.4865957446808509
1.5443270440251573
1.4564193548387097
1.5784113475177302
1.679122807017544
1.4565157232704407
1.4625000000000004
1.520236559139786
1.5989590643274858
1.544461538461539
1.4461923076923076
1.5327118644067792
1.4289542483660136
1.4707796610169488
1.5339444444444448
1.4815220125786166
1.54367816091954
1.597393034825871
1.5124615384615379
1.5128538011695913
1.4418479532163746
1.4680238095238103
1.5037011494252877
1.4972745098039217
1.547357142857144
1.5862604166666674
1.4786800000000002
1.6114256410256418
1.6106769230769238
1.5675698924731187
1.5916774193548395
1.5210793650793655
1.594870967741936
1.5138644067796612
1.5076857142857147
1.5354791666666674
1.6059215686274515
1.4774666666666671
1.5458383838383836
1.544735632183908
1.6164307692307702
1.4833737373737377
1.4309444444444446
1.668316939890711
1.6063737373737377
1.6183854166666676
1.5205396825396837
1.551685714285715
1.616566666666667
1.6141801801801803
1.6056158192090408
1.588544600938968
1.5882795698924734
1.5690630630630638
1.564296296296297
1.5825314009661842
1.61200925925926
1.6080588235294133
1.664962962962964
1.5837058823529413
1.5753515981735164
1.6835142857142864
1.6521960784313734
1.685222222222223
1.6040784313725498
1.687121693121694
1.5862962962962968
1.6197512437810955
1.632936936936938
1.5699649122807013
1.6443963963963975
1.6823671497584554
1.658531531531532
1.6461600000000003
1.6640225988700563
1.5916960784313736
1.62462100456621
1.5965174129353241
1.636300469483569
1.546858447488585
1.5975981735159819
1.5447096774193554
1.605238095238096
1.6310569105691057
1.6825314009661851
1.6567642276422763
1.6755589743589736
1.6144279835390947
1.45972
1.6608771929824568
1.5974129353233837
1.6485284552845534
1.583141025641026
1.5584444444444436
1.6671929824561418
1.605475555555555
1.6534299516908213
1.6496872427983533
1.6639692307692309
1.5828767123287673
1.657064814814815
1.6169895833333325
1.6364583333333325
1.5497899543379006
1.7174222222222226
1.6902545454545468
1.5798173515981748
1.7202500000000005
1.642156250000001
1.6515220125786165
1.6634885844748857
1.6061951219512194
1.6620166666666663
1.7073459119496859
1.6504358974358986
1.6423428571428562
1.6607703703703698
1.654529100529101
1.6258943089430893
1.6198987341772169
1.6390250000000002
1.5907699530516437
1.5641169590643271
1.4128271604938274
1.668254681647941
1.528166666666667
1.4123636363636372
1.7028205128205143
1.597041095890412
1.6806018518518515
1.690357723577236
1.631133333333333
1.6856931216931232
1.7078518518518522
1.67345054945055
1.6791111111111119
1.669801801801802
1.6771999999999996
1.6902150537634413
1.655392156862745
1.6462587064676635
1.6941807909604512
1.6985208333333326
1.6781333333333344
1.7207809523809543
1.6663730158730157
1.6544541062801936
1.666705882352942
1.7047530864197542
1.7226854460093908
1.682450704225353
1.7132333333333345
1.699979166666667
1.6714885844748864
1.7183880597014927
1.4916908212560405
1.70531914893617
1.6819181286549723
1.6730925925925924
1.4303611111111116
1.7022784810126599
1.699466666666668
1.7066120218579235
1.6760469483568066
1.6013827160493828
1.6641333333333341
1.7058000000000006
1.7304523809523815
1.7225164319248845
1.7511531531531526
1.4502028985507252
1.6755886524822705
1.4594516129032253
1.682226190476192
1.7066666666666674
1.6994215686274525
1.718677083333335
1.6903280423280418
1.7154266666666675
1.6109629629629632
1.6819750000000009
1.7520540540540543
1.7036017316017336
1.6953958333333339
1.6448452380952376
1.6874166666666666
1.72961502347418
1.4494782608695655
1.7525045045045047
1.6915906432748529
1.7239774011299438
1.72043537414966
1.7221555555555568
1.628486111111111
1.6097283950617283
1.7098181818181832
1.7519682539682544
1.6859032258064535
1.7248137254901954
1.6538469945355188
1.6940937500000008
1.6770849673202612
1.7042146892655365
1.7230447761194028
1.723482993197278
1.4505652173913048
1.4074308943089426
1.7250111111111115
1.6713333333333331
1.6452435897435898
1.704812121212122
1.67909523809524
1.700272727272727
1.6897989417989434
1.7556923076923074
1.7538558558558557
1.719000000000002
1.6602795698924726
1.6371111111111107
1.6886881720430107
1.6913763440860217
1.728228571428573
1.7447751937984504
1.6955454545454534
1.6895343915343934
1.6939126984126989
1.727089947089948
1.7447592592592587
1.751153153153153
1.6866470588235296
1.6342807017543857
1.6826153846153853
1.7143333333333348
1.6931619047619055
1.62075
1.681942028985507
1.6667812500000017
1.7490151515151515
1.7028615384615393
1.728357487922706
1.7296150234741805
1.6942058823529407
1.6891290322580639
1.6619791666666663
1.6893643410852717
1.651283018867925
1.5067149758454121
1.54724279835391
1.6541286549707601
1.7105500000000018
1.7377179487179488
1.7198109452736337
1.7193178294573637
1.654910569105691
1.6466666666666667
1.6699316239316262
1.7170777777777775
1.728599033816427
1.688322344322344
1.7019298245614032
1.69305472636816
1.6975742971887549
1.7594035087719302
1.7611578947368423
1.7194215686274514
1.7266327683615827
1.713646464646466
1.6672500000000008
1.7025454545454544
1.695916666666666
1.681641975308642
1.6914603174603167
1.676416666666666
1.6933111111111108
1.6965274725274722
1.6996624472573847
1.7069166666666662
1.726677595628417
1.685437499999999
1.6892698412698406
1.6870714285714286
1.6929999999999998
1.664422222222222
1.6907777777777775
1.6755641025641026
1.688433333333333
1.6625901639344256
1.684158192090395
1.688965517241379
1.6900634920634914
1.6741871345029236
1.6667094017094017
1.6818109452736312
1.6899562841530047
1.6659788359788357
1.6920677966101694
1.68179908675799
1.6888557213930346
1.6879837398373974
1.69428947368421
1.6775555555555544
1.6843492063492058
1.6836296296296294
1.6732539682539673
1.6925494505494507
1.6592095238095235
1.6823131313131305
1.7243687943262411
1.7262480620155038
1.6821062801932378
1.7103333333333333
1.6912539682539685
1.7156100628930822
1.7089295774647892
1.7200597014925367
1.7223681592039797
1.7260298507462684
1.7093947368421052
1.7250974358974356
1.7227759562841531
1.7187499999999996
1.7272291666666668
1.7276770833333335
1.728727272727273
1.6870740740740746
1.6889604519774006
1.6893978494623652
1.6897990867579904
1.727917948717949
1.69063768115942
1.6937810945273628
1.692698924731182
1.7112328767123288
1.7167222222222223
1.724739583333333
1.6889649122807013
1.7198974358974357
1.6892014652014649
1.6998547008547003
1.6915748792270522
1.6870217391304352
1.6930153846153844
1.727412935323384
1.7103247863247866
1.6913020833333325
1.689482269503546
1.7257941176470588
1.719159817351598
1.6904835164835166
1.6958292682926828
1.6841111111111102
1.6899693486590042
1.7039047619047611
1.6936176470588236
1.7133500000000002
1.6849469696969699
1.728245098039215
1.725735294117647
1.7042156862745104
1.6999529411764707
1.6954336917562733
1.6906891385767786
1.6873932584269655
1.6889347826086951
1.6939087719298247
1.7046588235294122
1.7002375478927194
1.70637558685446
1.7116923076923078
1.688147186147185
1.6974242424242418
1.6864383561643834
1.6934352941176467
1.6729999999999994
1.6945038759689923
1.6924981684981684
1.7046899224806211
1.6996821705426366
1.6913497942386833
1.7029658119658126
1.7008943089430897
1.7182441314554
1.6963597883597878
1.7199470899470903
1.7150666666666663
1.697575
1.7070216450216444
1.6895131086142323
1.723312169312169
1.7201249999999997
1.704350877192982
1.7036929824561409
1.691083333333332
1.7023589743589742
1.6967679324894516
1.6944069264069257
1.692819923371647
1.6942666666666673
1.6901032863849765
1.6886755555555553
1.6905851851851852
1.687751243781094
1.6851282051282048
1.6727340823970034
1.6888837209302332
1.682972549019608
1.683403100775193
1.6875271317829463
1.6948549019607848
1.686435897435897
1.6883629629629633
1.7049829059829056
1.7104259259259256
1.690227272727273
1.6978734177215187
1.7031999999999998
1.660390476190476
1.7068756218905465
1.6822666666666666
1.6909113924050632
1.694474074074074
1.687505617977527
1.6888995983935742
1.6935470085470077
1.6888378378378377
1.6743629629629626
1.6884390243902443
1.690115226337448
1.6691333333333334
1.6721904761904762
1.695292682926829
1.681420289855072
1.6732205128205122
1.6855805243445694
1.6646761904761906
1.698141666666667
1.686713615023474
1.6922535211267602
1.6827309236947794
1.6925116279069772
1.6868921568627444
1.6582058823529413
1.693060931899642
1.6864927536231884
1.6892761904761902
1.688895522388059
1.682861538461538
1.6855882352941176
1.6845990338164247
1.6863574879227052
1.682051282051282
1.6888585858585856
1.681071428571429
1.6878714859437747
1.6879572649572647
1.6840987654320982
1.6823170731707313
1.683960784313725
1.6897250000000004
1.6887870370370366
1.678398268398268
1.692970464135021
1.7085740740740734
1.694917874396135
1.6886755555555555
1.689946360153257
1.6881142857142855
1.6857922077922072
1.6830547263681588
1.686734299516908
1.686656565656566
1.6911809523809527
1.6878604651162792
1.6847596899224802
1.6872314814814813
1.6856929824561406
1.6894166666666663
1.683900383141763
1.6872666666666671
1.6955462962962962
1.6850606060606053
1.6974553990610328
1.6853483146067414
1.679363636363636
1.6627263681592033
1.6932
1.6857829457364337
1.6721722846441938
1.687622222222222
1.7057962962962963
1.7200322580645167
1.720844444444445
1.6812355555555554
1.6872478632478636
1.7086878306878308
1.7225027322404376
1.7258709677419357
1.7091960784313731
1.6853999999999996
1.6641081081081075
1.6627605633802818
1.6939333333333337
1.6879019607843138
1.7079682539682541
1.6850075757575758
1.6927838827838824
1.6883052208835339
1.7168888888888885
1.6816056338028165
1.6859710144927538
1.675616161616161
1.6861835748792267
1.684766169154229
1.6772102564102562
1.6832077294685985
1.688285714285714
1.658127450980392
1.6853796296296293
1.6850294117647053
1.6825999999999992
1.687592592592592
1.6932300469483565
1.6596372549019607
1.7053333333333338
1.6792139303482585
1.6826268656716419
1.6820490196078421
1.6812888888888888
1.682533333333333
1.6827372549019608
1.684978902953586
1.6728717948717946
1.6619634703196347
1.688201754385965
1.6868571428571426
1.6917314814814812
1.6606952380952376
1.6866103286384977
1.6810646766169153
1.6876073059360726
1.683140096618357
1.6874019607843136
1.6859033816425124
1.6790610328638498
1.6621012658227845
1.6841228070175431
1.6926666666666665
1.6832753623188406
1.6788952380952378
1.6821176470588233
1.6837904761904756
1.6847031963470318
1.68093896713615
1.6740597014925367
1.6841470588235294
1.6825648148148142
1.685638888888889
1.6757183098591548
1.6770798122065724
1.6773619047619046
1.6609619047619049
1.685379629629629
1.6851840796019897
1.6897142857142857
1.6822801932367146
1.6772323232323227
1.6842380952380949
1.6771759259259256
1.6863809523809516
1.6883240740740741
1.6872950191570875
1.6811741293532338
1.6855196078431371
1.6865000000000003
1.6566960784313722
1.6817999999999995
1.685609523809524
1.685771428571428
1.6562181818181818
1.6554761904761903
1.6859705882352938
1.6784666666666666
1.6908036529680366
1.6859019607843133
1.6758260869565211
1.6864476190476188
1.6828169014084509
1.6875047619047614
1.6879634703196347
1.683259259259259
1.6811759259259256
1.6807129629629631
1.6809333333333336
1.6857941176470586
1.6867685185185182
1.6825479452054795
1.6801203703703702
1.6818122065727694
1.6568159203980102
1.68475
1.6857333333333326
1.6698840579710146
1.683490740740741
1.6849589041095885
1.6753731343283582
1.6753584905660375
1.6909014084507041
1.6797584541062798
1.680960784313725
1.6842068965517232
1.6789722222222216
1.678
1.6791372549019605
1.683685185185185
1.6807186147186148
1.681706349206349
1.694253968253968
1.6902465753424656
1.6861846153846156
1.6676896551724136
1.6835968992248065
1.6830720720720718
1.6817499999999999
1.6773004115226342
1.6837238095238092
1.6781835748792266
1.6830277777777778
1.6775450980392148
1.6870075757575762
1.6807272727272724
1.6736666666666666
1.6739999999999997
1.6816419753086411
1.6827953216374265
1.6836166666666663
1.6786160337552745
1.6714693877551017
1.6816477987421379
1.6921471861471868
1.689928888888889
1.672915555555555
1.681641975308642
1.6588395061728392
1.6489999999999996
1.6701153846153842
1.6972813852813848
1.6914594594594594
1.6925225225225227
1.6896156862745095
1.675358490566038
1.7036986301369872
1.6689150326797382
1.6729999999999998
1.695187214611872
1.6832439024390244
1.6757106918238995
1.669071895424836
1.6853251028806586
1.6753333333333327
1.6785
1.6506025641025643
1.6742666666666666
1.6859658119658116
1.6891168831168832
1.6863684210526317
1.686216216216216
1.671856540084388
1.6914122807017542
1.674049382716049
1.6677278911564626
1.6793333333333331
1.6800000000000004
1.692857142857143
1.6887314814814807
1.6922831050228309
1.6816491228070172
1.6737428571428565
1.6851531531531527
1.6881416666666667
1.6823463203463198
1.686814814814814
1.6864065040650393
1.6833504273504274
1.671202614379084
1.6932280701754387
1.6794844444444448
1.6925087719298244
1.6730379746835442
1.6813251028806586
1.6993796296296302
1.68
1.6689219858156024
1.6765185185185185
1.638319444444444
1.680270042194094
1.6735102040816325
1.6959639639639648
1.6732692307692303
1.6739649122807014
1.6796846846846856
1.6792962962962965
1.6745620915032675
1.6839477124183009
1.669428571428571
1.684852320675106
1.6805119047619044
1.6328611111111107
1.6812051282051281
1.676251572327044
1.6616527777777772
1.6851022222222225
1.6826172839506177
1.6884999999999997
1.6881619047619043
1.6907500000000002
1.684244131455399
1.6746874999999997
1.6857552742616042
1.6824166666666667
1.6604444444444448
1.6808738738738735
1.6684109589041094
1.682131455399061
1.6825066666666668
1.6688104575163405
1.6693888888888877
1.6807078189300413
1.6798290598290602
1.680553990610329
1.6848285714285716
1.690104166666667
1.699511737089202
1.6799898989898991
1.6918055555555556
1.6895466666666668
1.6858009950248758
1.6883209876543213
1.6693768115942027
1.6943916666666667
1.6801818181818182
1.6700880503144653
1.6834925373134326
1.6824117647058818
1.6870263157894736
1.705875
1.688109589041096
1.6376249999999997
1.6608787878787874
1.6626329113924052
1.6764684684684674
1.680595555555555
1.6791455399061035
1.6943484848484844
1.6943170731707313
1.6944318181818177
1.6799906103286384
1.673613333333333
1.6636533333333334
1.6659027777777773
1.662772727272727
1.7022252252252266
1.6911428571428573
1.7046581196581205
1.7038888888888892
1.7010512820512826
1.713973684210527
1.7080547945205495
1.6913238095238108
1.4707586206896552
1.7080095238095252
1.704109589041097
1.7053425925925936
1.7091079812206584
1.7016621004566224
1.6722407407407418
1.7031598173515992
1.6903926940639282
1.7011082251082266
1.707715555555557
1.7122164502164512
1.6952380952380963
1.6948018018018025
1.6740467836257316
1.687219512195123
1.7126926406926417
1.7096713615023487
1.7210400000000012
1.7069210526315808
1.6822937853107343
1.710561403508773
1.7129954337899558
1.710891774891776
1.7141441441441454
1.6998649789029538
1.7067555555555567
1.7109014084507055
1.6769473684210545
1.693282051282052
1.7104298245614047
1.7127793427230054
1.7204725738396627
1.702562770562772
1.7088018018018032
1.7181511111111123
1.7170085470085483
1.7052000000000016
1.6876038647343006
1.6971351351351367
1.6972870370370385
1.7116068376068387
1.7064415584415602
1.7182645502645506
1.7002587064676626
1.715896103896105
1.697808333333334
1.7060000000000008
1.6967976190476197
1.7226181818181818
1.708474747474749
1.7004180790960464
1.7159453551912573
1.6980752688172054
1.7030348258706478
1.7117500000000008
1.706876190476192
1.6901735159817366
1.7107979797979813
1.7181818181818198
1.7112095238095255
1.7068703703703711
1.7041220657277008
1.6932222222222233
1.6943440860215062
1.6826120218579237
1.6911780821917821
1.7094155251141567
1.7100730593607323
1.7044923076923086
1.7096851851851864
1.710703703703705
1.7000925925925943
1.685794871794873
1.6973145539906114
1.7007575757575768
1.6905074626865686
1.5372833333333347
1.5288536585365864
1.5298987341772168
1.5368806584362156
1.5118916666666684
1.673401960784315
1.538181069958849
1.7039292929292942
1.7086060606060611
1.6956608187134505
1.5075213675213686
1.6977076023391822
1.5499846743295027
1.715656565656567
1.6970196078431377
1.7060357142857148
1.5008356807511745
1.5053333333333343
1.533800000000001
1.5288378378378398
1.532353413654619
1.5425365853658548
1.7083773584905668
1.508325203252033
1.707497076023392
1.7022303030303043
1.7114615384615386
1.507600000000001
1.7066551724137942
1.6915211267605639
1.5461550387596894
1.5576201550387596
1.5325440613026824
1.538611111111111
1.533674074074074
1.7100000000000009
1.54762015503876
1.6982133333333338
1.5365634920634936
1.5261481481481496
1.5587710843373497
1.5469302325581402
1.6832833333333341
1.6879393939393945
1.701657894736843
1.698807017543861
1.6705570776255718
1.7104183006535953
1.7096796536796544
1.6920865800865814
1.6722222222222227
1.5399080459770125
1.554297101449276
1.6939817351598188
1.6803873873873878
1.6128354430379748
1.5514222222222218
1.5606593406593405
1.6236752136752137
1.7012314814814824
1.704840182648403
1.671317647058823
1.7025350877192988
1.5581590909090914
1.5352619047619054
1.7184081632653068
1.69640579710145
1.7003725490196093
1.5244728682170543
1.7056296296296312
1.6401350210970473
1.6956842105263168
1.5540987654321003
1.6869066666666679
1.709576576576577
1.6963287671232892
1.7012129629629646
1.7059259259259274
1.7066493506493514
1.7075757575757584
1.7143568075117388
1.6795000000000009
1.6947747747747761
1.697123287671233
1.541841269841271
1.6725769230769234
1.7019090909090913
1.6228771929824568
1.714213333333334
1.663181434599157
1.69581220657277
1.7045633802816917
1.577325396825397
1.7055438596491235
1.5356507936507953
1.7053244444444464
1.7111843137254903
1.5928449612403104
1.6983821138211384
1.5462370370370366
1.5611215686274518
1.6747671232876713
1.6911173708920193
1.5272690763052217
1.54158232931727
1.537821705426357
1.5361750000000007
1.5557583333333347
1.5716279069767451
1.7035522388059705
1.6794864864864876
1.6986851851851867
1.7039288888888904
1.703944444444446
1.6925370370370374
1.7019259259259267
1.690902439024391
1.709048888888889
1.531775100401607
1.556022727272727
1.659176954732511
1.5393333333333334
1.7007927927927935
1.7123070175438613
1.7160273972602758
1.5409799196787164
1.5535095785440611
1.7090136986301385
1.7003381642512088
1.7030833333333344
1.7114529914529926
1.7178581560283688
1.7212638888888898
1.7088915662650601
1.7079662447257393
1.6993719806763297
1.713161904761906
1.699481481481483
1.7158967136150252
1.5592705882352946
1.7088055555555564
1.5335151515151515
1.683313725490197
1.7018308457711446
1.7101094527363203
1.704539215686276
1.7157351598173523
1.7159814814814824
1.7310384615384626
1.7117584541062811
1.6918082191780819
1.7094190476190485
1.7071014492753636
1.684730158730159
1.70779411764706
1.6951887550200808
1.7042254901960792
1.7091809523809538
1.5445042735042753
1.702509803921569
1.7027878787878798
1.707148717948719
1.6934852320675107
1.688091666666666
1.706990196078432
1.7017464788732402
1.697198067632851
1.6928915662650612
1.6970000000000007
1.708049751243782
1.6960857142857149
1.7033854166666673
1.6939402985074632
1.7096060606060615
1.7015294117647066
1.6554358974358978
1.6966960784313732
1.7043880597014935
1.6976716417910456
1.7093523809523816
1.5524157706093182
1.6475701754385972
1.6971144278606978
1.6991111111111112
1.7082156862745104
1.6630925925925937
1.5838666666666674
1.7056960784313735
1.5879549549549563
1.5425555555555568
1.5549135802469143
1.677178743961354
1.7114228855721407
1.5711168831168845
1.6924000000000008
1.7095784313725506
1.7054256410256423
1.672875000000001
1.698579710144928
1.7114492753623203
1.5833873873873876
1.7028645833333345
1.7042564102564117
1.706707692307694
1.7091809523809534
1.710780952380954
1.563375000000001
1.7122441314554
1.6006486486486493
1.5405063291139258
1.6969253731343288
1.7080202020202029
1.5289029535864986
1.5290801687763727
1.529800865800867
1.5494308943089439
1.5544750000000016
1.52965400843882
1.5286233766233777
1.540176706827311
1.5481893004115237
1.538364444444446
1.5356000000000012
1.532230769230771
1.5295263157894745
1.7135978835978847
1.6686774193548393
1.7128333333333345
1.7096354166666672
1.7241449275362328
1.7175208333333347
1.7154141414141426
1.7115076923076935
1.711251282051284
1.726776119402986
1.7095422885572154
1.7093233830845787
1.546512820512822
1.542430379746837
1.714584615384616
1.7247058823529422
1.7333594771241843
1.7556576576576581
1.6999104477611953
1.7055882352941185
1.629394736842107
1.7165740740740754
1.5537196969696985
1.717529411764707
1.7097066666666683
1.6665454545454554
1.710133333333335
1.5517637130801702
1.533833333333335
1.5539658119658135
1.5722823529411771
1.5358473895582336
1.5290522088353418
1.53123137254902
1.5447083333333351
1.7281418439716318
1.7174215686274525
1.697198067632851
1.7123939393939394
1.5373688888888897
1.5439666666666683
1.5288750000000015
1.526133333333334
1.5197666666666678
1.691507692307693
1.5132674897119354
1.7014782608695658
1.5445528455284565
1.6934106280193246
1.6892270531400968
1.6919292929292935
1.515586497890296
1.5429365079365087
1.6958208955223888
1.704910798122067
1.7049951690821263
1.7117373737373747
1.7086372549019624
1.700222222222223
1.6947070707070706
1.681169398907104
1.5681278538812797
1.5423492063492072
1.5361603375527442
1.540634146341465
1.7120995024875634
1.7102291666666676
1.7095784313725506
1.7110338164251218
1.534752941176469
1.7020205128205141
1.7023333333333341
1.5428353413654627
1.700565656565658
1.6816344086021506
1.6994285714285722
1.6782745098039225
1.6678309859154945
1.699479166666667
1.5587250000000017
1.5925092592592605
1.71393236714976
1.7076770833333341
1.7043282051282056
1.5460731707317084
1.5404526748971206
1.7068823529411772
1.69868717948718
1.7129062500000012
1.6831290322580648
1.7041269841269846
1.6923597883597898
1.6888020833333344
1.7052410256410262
1.6981717171717179
1.5296103896103908
1.6958730158730169
1.6573232323232336
1.5264035087719312
1.697913978494625
1.697774193548388
1.7056111111111116
1.703377049180329
1.5346210045662112
1.6753636363636366
1.6963010752688177
1.703180327868853
1.7064550264550276
1.546708333333334
1.5125714285714293
1.5058288288288293
1.4931801801801807
1.4961666666666669
1.533016666666667
1.5452888888888903
1.5246147186147192
1.6910508474576282
1.5227426160337554
1.5283377777777791
1.651885416666668
1.510912280701755
1.5284533333333343
1.5309876543209882
1.6992717948717955
1.7154497354497367
1.5150740740740751
1.5349230769230777
1.6996507936507947
1.518785388127855
1.7047683615819214
1.5922139917695484
1.5887407407407423
1.5173675213675228
1.6296521739130447
1.5263122362869215
1.5554444444444453
1.6327333333333338
1.7135964912280712
1.7035591397849472
1.7104234234234255
1.679633333333335
1.6912808988764059
1.6856666666666682
1.6661550387596893
1.7053227513227525
1.705460784313726
1.6857222222222223
1.710489583333335
1.531387387387389
1.6399026217228472
1.6877960784313726
1.5262000000000007
1.518189300411524
1.623536231884059
1.694666666666667
1.6977248677248682
1.68760888888889
1.6744415584415582
1.6938907103825143
1.6800092592592597
1.6876989247311829
1.6852643678160921
1.6731491228070179
1.6775466666666665
1.4879009009009017
1.6729279279279283
1.6380675105485234
1.6776712328767125
1.690564971751413
1.6857398373983747
1.6671367521367522
1.6773333333333327
1.567075
1.6687031963470318
1.6936723163841816
1.7027513227513245
1.6645654008438822
1.6710400000000007
1.6835000000000002
1.6857333333333337
1.6732929292929295
1.6789292929292934
1.6802629107981226
1.672916666666667
1.6735868544600938
1.4987719298245619
1.5869497716894976
1.683198198198198
1.667811111111111
1.509049019607845
1.650369047619048
1.67689898989899
1.6715978835978837
1.6782187499999999
1.66820202020202
1.4804687500000007
1.677333333333333
1.658027027027027
1.6565268817204302
1.6715959595959597
1.6512112676056336
1.6759047619047616
1.511452991452992
1.476208955223881
1.4890761904761904
1.4792437810945274
1.49771144278607
1.6521835748792273
1.5029437229437237
1.675322916666666
1.6619322033898303
1.6717711442786067
1.6709166666666673
1.5121600000000004
1.6203742690058482
1.6027377777777778
1.497558333333333
1.6515701754385963
1.4949401709401704
1.478164383561644
1.6391965811965814
1.473293532338309
1.6648518518518516
1.6679259259259256
1.6729511111111108
1.665530516431925
1.6730571428571428
1.6734864864864858
1.666465753424657
1.5117017543859657
1.6528952380952386
1.6695277777777775
1.6745688888888892
1.6636954732510292
1.6701965811965818
1.6717429718875494
1.6721690140845074
1.6498888888888887
1.6754520547945209
1.6777595628415303
1.678657657657658
1.666683544303798
1.6824355555555561
1.6635844155844153
1.642764444444444
1.6287807017543858
1.6015358649789033
1.6783022222222221
1.4908016877637127
1.6854901960784314
1.6251645569620254
1.5008916666666663
1.508225
1.5351333333333332
1.658413145539907
1.509621399176955
1.6874509803921574
1.6689561403508766
1.6793866666666668
1.6911179487179482
1.5984541062801931
1.6582136752136758
1.682552083333333
1.6741458333333337
1.6703873873873876
1.68447311827957
1.6863030303030302
1.6806111111111108
1.6868042328042328
1.6793508771929824
1.6771441441441437
1.6815833333333332
1.686513661202186
1.6930752688172046
1.6784307692307687
1.6909583333333336
1.6834
1.6919047619047625
1.6905820105820106
1.6854802259887007
1.5089736842105272
1.6775585585585588
1.6953538461538464
1.685967213114754
1.6848555555555556
1.533134920634921
1.6747619047619045
1.6604684684684685
1.6220952380952383
1.6569090909090904
1.5575845410628024
1.6926769230769236
1.6588229166666673
1.6659365079365074
1.6763063063063066
1.6953010752688178
1.6859550561797747
1.6877666666666669
1.6815191256830604
1.6849152542372885
1.6877666666666662
1.6906436781609195
1.5877629629629635
1.4265988700564975
1.706359649122808
1.7008373983739846
1.7021518987341784
1.6982
1.7039186991869928
1.7005793650793661
1.685544715447155
1.702273092369479
1.7012280701754396
1.6960576131687248
1.7047099567099573
1.6983333333333344
1.7044471544715447
1.6920750000000009
1.7093846153846164
1.689965811965813
1.705238095238096
1.7085352112676069
1.7073739837398385
1.6978861788617896
1.6960168776371314
1.685303030303031
1.6902891566265061
1.6942250000000008
1.6832427983539102
1.6505531914893627
1.6832727272727284
1.7132602739726037
1.7127511737089218
1.69789247311828
1.711119658119659
1.6566296296296308
1.707953051643194
1.7011751412429386
1.7012363636363639
1.700412121212122
1.7086919831223637
1.7200281690140864
1.7066936936936954
1.709735159817353
1.7132560386473437
1.70971794871795
1.7101452991453003
1.7234975845410645
1.7091621621621635
1.6991861471861491
1.7143333333333335
1.7125185185185194
1.715722222222224
1.7215652173913056
1.717900497512439
1.7096842105263168
1.711645021645023
1.710807511737091
1.6947333333333345
1.715096491228072
1.7108474576271187
1.698540540540542
1.70821052631579
1.7150867579908684
1.7239907407407418
1.7127350427350443
1.704600000000001
1.7121316872427992
1.7149244444444454
1.7085855855855874
1.7065821596244142
1.7166849315068504
1.7011228070175444
1.7083500000000011
1.687068493150686
1.7103737373737384
1.7088857142857157
1.7072368421052644
1.7090185185185194
1.7132407407407415
1.7113333333333345
1.7020540540540554
1.7039292929292933
1.7111645569620262
1.7078354978354986
1.7244977777777792
1.72376888888889
1.7097719298245626
1.7201666666666675
1.6959824561403527
1.6992067510548532
1.6992857142857156
1.7087416666666677
1.71543722943723
1.7161125541125553
1.7000166666666678
1.6948452380952386
1.7088529411764712
1.702421568627452
1.6765945945945948
1.6945128205128206
1.7068965517241395
1.7150909090909099
1.7124957264957272
1.6678292682926836
1.703513725490197
1.7122303030303039
1.7228019323671506
1.702764444444445
1.7101316872427987
1.699053497942388
1.714237442922376
1.7061754385964927
1.7033418803418812
1.7053852813852828
1.7065569620253174
1.7033586497890307
1.6935833333333343
1.7024390243902452
1.7029572649572662
1.7071324200913256
1.7064210526315806
1.7184786324786336
1.7039444444444458
1.7108611111111125
1.7017942386831284
1.6926940639269419
1.6969638554216875
1.7093063063063079
1.711013333333335
1.6687536231884068
1.701242424242425
1.697315555555557
1.6816904761904763
1.6974044444444454
1.6985526315789485
1.6995421686747008
1.700833333333335
1.7126315789473698
1.706886075949368
1.7145370370370387
1.7283285024154604
1.702438818565402
1.7091149425287362
1.7127807017543875
1.7013236714975855
1.7053435897435913
1.6980793650793657
1.6790234741784047
1.707564814814816
1.69761502347418
1.7106567164179123
1.7115277777777789
1.6770000000000005
1.7113603603603615
1.6887826086956543
1.6947906976744194
1.7085822784810138
1.7131481481481494
1.7027333333333348
1.6844526748971214
1.6871463414634154
1.7205700483091804
1.6837131782945756
1.6983693693693702
1.7039601990049755
1.6953921568627464
1.6959233716475108
1.7083084577114447
1.6875530303030308
1.6952391304347834
1.6904242424242428
1.7211361502347429
1.6849545454545463
1.6876355555555564
1.6975333333333344
1.6967160493827171
1.6988735632183918
1.697438202247191
1.695904761904763
1.6941550387596906
1.7051139240506346
1.693724444444446
1.695765258215964
1.6907209302325599
1.7051884057971032
1.711200000000001
1.6931529411764714
1.6914910394265248
1.6909063670411992
1.6994736842105267
1.6929090909090918
1.6832072072072084
1.7028288288288302
1.6916825396825408
1.701379629629631
1.6844146341463424
1.6808527131782958
1.7112270531400975
1.6924096385542169
1.6847791164658645
1.696341085271318
1.6838518518518528
1.6881111111111136
1.6850980392156871
1.6931287878787886
1.6715555555555557
1.6860722891566278
1.6819145299145306
1.6843712121212129
1.688613026819925
1.6846825396825402
1.708222222222224
1.6900562248995994
1.6901882352941187
1.6972558139534888
1.6923908045977014
1.7113529411764712
1.6924658634538168
1.67508695652174
1.6938333333333342
1.7229850746268678
1.689905882352942
1.6899523809523824
1.6894039215686292
1.6935215686274512
1.7070450450450458
1.687696202531646
1.6829794238683131
1.6874148148148154
1.6898554216867478
1.6889855072463782
1.6695100401606435
1.6917318840579718
1.698978260869566
1.6908560606060612
1.6851807228915674
1.6917378277153565
1.695355311355312
1.686039215686275
1.6878257575757596
1.6864526748971205
1.703141414141415
1.7034206349206362
1.692277777777779
1.6890476190476207
1.687800000000001
1.691685393258428
1.709747747747749
1.6887630522088368
1.6964078431372553
1.6961086956521754
1.683658536585367
1.687694117647061
1.7163529411764715
1.6919621212121216
1.6788699186991884
1.6941550387596906
1.70034871794872
1.7044901960784322
1.691357723577237
1.687188755020082
1.690111111111111
1.6922814814814835
1.6887727272727282
1.6888776371308027
1.6955658914728695
1.6948518518518534
1.7129607843137273
1.6890123456790131
1.6858412698412704
1.6771205673758869
1.6842626262626281
1.6980000000000002
1.711502645502647
1.7088541666666683
1.6926099290780148
1.6884301075268842
1.7029705882352955
1.6890989010989015
1.6864303797468359
1.6965151515151526
1.6984615384615394
1.6915891472868223
1.6903294117647065
1.6923260869565235
1.719555555555557
1.6924197530864202
1.7004719101123604
1.6875585585585595
1.7158333333333344
1.7137187500000017
1.691892720306514
1.6965517241379329
1.6935259259259277
1.6684146341463426
1.690349206349207
1.696731707317075
1.69372463768116
1.6928048780487817
1.6917721518987345
1.686838951310863
1.6608181818181835
1.6884497991967888
1.6773415637860096
1.6874634146341476
1.6910498084291197
1.6950697674418613
1.713619047619049
1.683863453815262
1.6922222222222232
1.6879835390946523
1.682436507936508
1.6889523809523819
1.685881481481482
1.6957547892720308
1.6738837209302333
1.6955691056910587
1.6935020080321292
1.6739918699187
1.6862650602409643
1.6823881856540093
1.684736434108529
1.7248359788359806
1.6904980842911879
1.6931583333333347
1.6926827309236963
1.6929841269841277
1.687409961685826
1.6914074074074081
1.6888500000000009
1.6882195121951227
1.6696224899598404
1.6910873015873027
1.6877528089887648
1.700852941176472
1.6941367521367532
1.68046274509804
1.6967160493827167
1.6750222222222237
1.6975348837209319
1.676698924731184
1.6900833333333347
1.6885121951219528
1.6925495495495504
1.684229885057473
1.6905877192982468
1.6888045977011503
1.689839080459771
1.6887424242424254
1.6899621212121219
1.6939036144578312
1.683333333333334
1.6940090090090099
1.6929794238683136
1.6962608695652173
1.6973596491228076
1.6891034482758625
1.6850476190476198
1.6818294573643426
1.6909725490196084
1.6931034482758625
1.6898412698412704
1.6911877394636021
1.6863037037037043
1.6815288888888895
1.6889803921568634
1.68291774891775
1.6946511627906975
1.6908312757201647
1.687968253968255
1.6927674418604661
1.6935764705882361
1.6900524344569299
1.6752403100775206
1.6712313725490213
1.6948514056224908
1.6915497835497848
1.6883902439024399
1.6853939393939408
1.6883052208835352
1.6940928270042206
1.6952313725490205
1.687646586345382
1.6882750000000013
1.6926500000000004
1.6922170542635664
1.6946511627906995
1.694712121212122
1.685949367088609
1.6888333333333345
1.6851203703703719
1.6870877192982465
1.6870243902439033
1.6842357723577241
1.6940750000000009
1.6825887445887457
1.689900383141764
1.6842192982456154
1.687803921568629
1.6858072289156636
1.6879729729729742
1.690934865900383
1.6842953586497902
1.677968627450981
1.6953089430894321
1.7100317460317478
1.68280701754386
1.6874178403755875
1.6936929824561413
1.6913968253968266
1.6875396825396836
1.6920648148148159
1.6880000000000006
1.691906976744187
1.6861955555555566
1.6817448559670785
1.6903288888888903
1.686867469879519
1.683500000000001
1.6901688888888893
1.6830801687763717
1.6811200000000008
1.6866940639269412
1.5464516129032255
1.5366391752577322
1.6789490196078438
1.6901111111111116
1.6881403508771937
1.6876923076923094
1.6835105485232078
1.6820547945205484
1.6823943661971836
1.6775000000000007
1.6848638497652593
1.6864857142857155
1.6647272727272726
1.611063291139241
1.680764444444445
1.6787042253521132
1.6908732394366204
1.676171428571429
1.536980842911877
1.6897941176470592
1.6153170731707318
1.5286904761904765
1.6822254901960791
1.6893526570048314
1.5171187739463596
1.611471861471862
1.509976190476191
1.5336245210727968
1.6868859649122812
1.5021138211382121
1.521829268292683
1.681558823529412
1.6864444444444446
1.6841203703703709
1.6849371980676335
1.5192727272727273
1.536410852713179
1.5137666666666674
1.6844037558685454
1.537136363636363
1.5234227642276432
1.5288333333333344
1.6896476190476197
1.5229156626506029
1.5321019607843145
1.516143459915613
1.6633523809523816
1.5089105691056917
1.5316279069767436
1.619896713615024
1.5337119341563799
1.644231481481482
1.5174712643678159
1.5263921568627448
1.5250120481927714
1.5276111111111117
1.6872173913043484
1.5857317073170736
1.5262971887550212
1.6906666666666677
1.5254390243902445
1.6865555555555567
1.5318837209302332
1.510320675105486
1.5341379310344825
1.5254238683127581
1.5270852713178302
1.5263935742971892
1.5229837398373998
1.5399666666666676
1.551650793650794
1.5232549019607853
1.5265121951219516
1.6940185185185195
1.5406586345381539
1.5320076628352493
1.534308333333334
1.6895343915343932
1.6912112676056343
1.536187265917604
1.6881791044776127
1.68921393034826
1.5365917602996253
1.5191300813008142
1.5170801687763722
1.5537606837606848
1.6902777777777784
1.5874307116104864
1.60961403508772
1.6874632034632038
1.6896296296296307
1.5904155844155854
1.6925964912280715
1.5594471544715462
1.5202508960573475
1.6156363636363644
1.6914074074074081
1.679513227513228
1.6910416666666674
1.513950000000001
1.6956923076923092
1.684729166666667
1.538178861788619
1.5123459915611823
1.6911523809523819
1.6864378109452747
1.5340506329113934
1.688395833333334
1.6936756756756763
1.5275736434108536
1.6702539682539694
1.6882952380952392
1.6851584699453557
1.691915343915345
1.5952651515151521
1.5792784313725503
1.5462522522522542
1.632526315789475
1.5180627450980404
1.639333333333334
1.677324786324787
1.6433236714975856
1.5642700421940938
1.680300000000002
1.5332151898734188
1.5334696969696986
1.5216624472573852
1.5648508771929837
1.621981981981983
1.663940170940171
1.6938333333333342
1.5635555555555567
1.5538861788617895
1.6423170731707326
1.6794156378600835
1.5859666666666676
1.6851720430107542
1.5868312757201657
1.590224899598394
1.646121951219514
1.5306844444444458
1.6962769230769248
1.5199759036144591
1.6935282051282063
1.630861788617887
1.5638577777777793
1.6905925925925942
1.6875809523809537
1.5460845070422546
1.5682685185185203
1.5823291139240516
1.52576851851852
1.5028684210526329
1.521575757575759
0.741952380952381
1.6836144578313263
1.6969523809523817
1.6716759259259266
1.6943541666666682
1.6849803921568638
1.6914444444444456
1.5213859649122816
1.6843661971830999
1.6914895833333343
1.6895000000000007
1.543733333333334
1.6847606837606846
1.6875144032921818
1.6738488888888896
1.6791083333333336
1.6260081300813014
1.5492222222222227
1.691257142857144
1.6641880341880346
1.6913703703703709
1.685693693693695
1.5989259259259265
1.6904577114427874
1.6912352941176478
1.5365579710144928
1.646467432950192
1.5815056179775293
1.6388174603174623
1.6930892018779355
1.6513932584269677
1.5176750000000017
1.5047886178861796
1.5120750000000012
1.5491561181434612
1.5214833333333346
1.6547592592592604
1.691121693121695
1.5232510288065852
1.543815261044178
1.5227583333333345
1.4996349206349215
1.520325000000001
1.5199333333333347
1.5260240963855431
1.5374786324786338
1.6288290598290611
1.5210243902439038
1.514427350427352
1.532481012658229
1.5366104417670692
1.5173939393939404
1.5152820512820528
1.5088776371308033
1.5205485232067524
1.5151948051948065
1.5264848484848499
1.5373080168776383
1.63727927927928
1.526796536796538
1.515048780487806
1.518409638554218
1.5349920634920642
1.5201518987341787
1.5176916666666675
1.5253092369477923
1.5261365461847405
1.5175805243445692
1.5416811594202893
1.680702702702703
1.5374924242424244
1.5162666666666667
1.512283524904215
1.5320313725490202
1.5456849816849816
1.5305725490196078
1.5443065134099614
1.5271269841269852
1.5329469696969695
1.5189300411522646
1.5400833333333348
1.5382888888888888
1.6802952380952392
1.532582375478928
1.679122807017545
1.5170075757575758
1.6858067632850255
1.6564894514767934
1.669015384615385
1.5366593406593412
1.5283212851405636
1.5381772151898745
1.5151984126984144
1.5224337349397608
1.5206053639846744
1.5300854700854718
1.5285426356589151
1.502801801801803
1.5405227272727282
1.5408505747126444
1.5268750000000015
1.5270411985018741
1.51894779116466
1.5166584362139932
1.5291937984496131
1.5448755020080334
1.5163916666666684
1.5242168674698813
1.5323492063492077
1.517692307692309
1.6075497835497852
1.5248641975308654
1.5282891566265078
1.522883333333335
1.5267479674796764
1.5170952380952396
1.524681992337165
1.6575261044176708
1.5457272727272724
1.5330378787878787
1.5509960784313725
1.5219689922480624
1.5220243902439046
1.531713178294574
1.522121212121213
1.5284186046511634
1.5342911877394645
1.5294961240310083
1.520066666666668
1.5054567901234583
1.6786565656565662
1.5346584362139934
1.6880625000000016
1.535316872427985
1.5355303030303034
1.542386363636364
1.5317349397590376
1.5252619047619067
1.6918051282051296
1.5349118773946369
1.5442301587301606
1.5282008032128527
1.6956190476190491
1.5293095238095253
1.5288650793650806
1.522495934959351
1.5345038759689926
1.5301587301587312
1.5361395348837217
1.5612000000000013
1.5225984848484848
1.516748971193417
1.6824062500000017
1.5235938697318012
1.5520387596899226
1.5575897435897443
1.5366239316239334
1.528433734939761
1.5374545454545454
1.5233170731707333
1.5376104868913867
1.587028112449801
1.5386333333333344
1.5074844444444453
1.5389808429118776
1.545727598566308
1.5467619047619057
1.527495934959352
1.6896666666666673
1.5308498168498175
1.5371395348837213
1.5150487804878066
1.5325210727969352
1.5348863636363632
1.5292063492063503
1.5454492753623195
1.6496666666666677
1.6039105691056914
1.533961240310078
1.5578207885304656
1.663375661375662
1.657113725490197
1.6990256410256421
1.6946666666666677
1.6789111111111124
1.6843387978142088
1.5379770114942528
1.532617886178863
1.6866984126984146
1.5297751937984503
1.693312500000001
1.5450000000000002
1.6969583333333347
1.6885913978494635
1.529119047619049
1.5260000000000011
1.529711711711713
1.5488674698795195
1.6818797814207662
1.6478080808080817
1.4846203703703715
1.6340860215053776
1.5131555555555567
1.51681012658228
1.6943541666666684
1.526931623931625
1.6876174863387994
1.6883225806451627
1.4963771929824572
1.5168717948717962
1.696148148148149
1.5365411764705885
1.6848279569892486
1.5311607843137267
1.5365301204819288
1.5149916666666683
1.6639047619047627
1.5319259259259272
1.5386008230452692
1.5376475095785447
1.4973145539906119
1.5294227642276441
1.520025000000002
1.5281204819277123
1.5344444444444458
1.530848484848487
1.5028796296296312
1.5089771689497735
1.531341991341993
1.5376976744186048
1.4939909909909925
1.5227083333333353
1.515333333333335
1.499600000000001
1.5193760683760698
1.5269718875502025
1.5382447257383987
1.5221646090535
1.5144615384615399
1.5026666666666681
1.5172631578947378
1.5216052631578965
1.684612021857925
1.520222222222224
1.528546184738957
1.5208000000000017
1.5185316455696212
1.5116977777777791
1.5148148148148164
1.5424166666666683
1.5247398373983752
1.5233333333333348
1.5412045454545455
1.5278955823293183
1.5173012048192784
1.51501550387597
1.5576029962546816
1.5049059829059839
1.5282605363984687
1.5183583333333353
1.5266333333333348
1.5382248062015513
1.535868217054264
1.5335193798449631
1.5197530864197546
1.5415967078189317
1.5355891472868213
1.5194897119341582
1.5081500000000012
1.531780392156863
1.5173095238095247
1.5237235772357742
1.5218930041152274
1.5327777777777791
1.542689393939394
1.5307750000000016
1.5537471264367821
1.5372413793103459
1.5094337899543395
1.5207892720306528
1.5264526748971208
1.5438780487804893
1.5360392156862752
1.5246097560975627
1.5412757201646106
1.542659003831419
1.5434238683127588
1.5435075757575765
1.5227510548523226
1.5363953488372093
1.5070462962962976
1.517489177489179
1.5269019607843153
1.532000000000001
1.523317073170733
1.5171139240506346
1.6922622950819681
1.5131794871794888
1.5303855421686767
1.5191028806584383
1.5388164794007495
1.5153698630136998
1.5369333333333346
1.522521367521369
1.5567715355805247
1.5178007662835256
1.5066178861788633
1.5307686274509815
1.530899598393576
1.5340894308943107
1.5383106060606067
1.5417695473251043
1.5488527131782945
1.549513725490197
1.5212750000000022
1.5144594594594607
1.5034178403755885
1.5281445783132548
1.525950617283952
1.5198227848101278
1.519458333333335
1.5297383966244744
1.505425925925927
1.5212750000000015
1.5350158730158743
1.551100775193799
1.5127317073170743
1.536776470588237
1.5258683127572032
1.6464102564102578
1.5243459915611837
1.534111111111112
1.51994573643411
1.5278274509803937
1.5241007751937994
1.5204279835390966
1.5271967871485959
1.5278833333333348
1.5277886178861806
1.5507222222222228
1.5138227848101282
1.5495038759689925
1.5304627450980404
1.5492170542635664
1.5248376068376086
1.5339682539682555
1.53013852813853
1.52051851851852
1.52954761904762
1.5318874458874474
1.533537254901961
1.533714285714287
1.5341992337164758
1.5246913580246932
1.5188372093023257
1.5311607843137274
1.5290699588477379
1.5355180722891582
1.5342635658914738
1.5108051948051964
1.5193086419753103
1.5121056910569122
1.531946969696971
1.5223008130081317
1.5312460317460324
1.6990582010582027
1.5432690763052226
1.5290079365079383
1.5216624472573854
1.5712490421455942
1.5147000000000017
1.5428888888888908
1.5511686274509815
1.5318750000000017
1.6909958847736641
1.6918703703703715
1.5493409961685827
1.5332857142857155
1.5494108527131787
1.5190317460317477
1.5195785440613034
1.5304750957854418
1.524751173708922
1.532080586080587
1.5175450980392162
1.5354393939393953
1.6554942528735637
1.5493333333333337
1.5388372093023264
1.5361254901960792
1.5107500000000014
1.528321285140564
1.5337777777777788
1.539700374531836
1.694352380952383
1.6908571428571442
1.6917264957264984
1.583967078189302
1.5958095238095242
1.6948952380952402
1.6991809523809542
1.5434022988505758
1.571617886178863
1.6961052631578966
1.5461788617886196
1.6905925925925942
1.5178084291187754
1.694980392156865
1.5512208835341381
1.5695611814346009
1.6878095238095259
1.6780775193798467
1.6843713080168792
1.6772166666666692
1.6334216867469904
1.6498927203065148
1.6901826484018283
1.6672857142857165
1.681248945147682
1.684485596707821
1.6887103825136627
1.629700000000001
1.6670602409638573
1.6069282700421952
1.6526255144032937
1.6452764227642294
1.6133725490196105
1.6833166666666688
1.6911957671957687
1.6869750000000017
1.6565738396624488
1.6295020080321303
1.6630686274509818
1.6203122362869213
1.6831500000000013
1.5233019607843155
1.6383076923076936
1.6319176954732533
1.6947979797979813
1.6520784313725505
1.683731707317075
1.665004016064258
1.6800731707317096
1.666699588477368
1.6607894736842126
1.621416666666668
1.5707479674796763
1.5918588235294138
1.5745396825396847
1.5626952380952392
1.6962358974358989
1.607407407407409
1.5973490196078448
1.5852827004219425
1.5618916666666682
1.5947309236947804
1.6776916666666686
1.679609756097563
1.6283333333333345
1.6272845528455295
1.6793333333333353
1.5750634920634936
1.6642905982905996
1.578308943089432
1.6564155844155861
1.6393333333333346
1.6471729957805918
1.6101166666666678
1.5835934959349605
1.6584000000000017
1.632198412698413
1.6627666666666687
1.5872427983539108
1.682841666666669
1.6821563786008247
1.680421940928271
1.5269922480620168
1.677841666666668
1.5563058823529428
1.5450952380952399
1.5275891472868237
1.6137301587301602
1.6199912280701767
1.6129166666666674
1.5354365079365089
1.6808016877637149
1.6750288065843644
1.6863750000000022
1.6879829059829075
1.5629841269841285
1.6855555555555573
1.6816460905349815
1.5293846153846167
1.6626000000000012
1.6415964912280714
1.6666666666666679
1.6860000000000017
1.6880427350427363
1.523108527131784
1.5450574712643692
1.5791472868217065
1.5231607843137267
1.5415294117647078
1.5496392156862753
1.6617083333333351
1.6209166666666688
1.5438509803921576
1.54125581395349
1.5440158730158746
1.5295325670498103
1.582700000000001
1.590642570281126
1.5218313253012061
1.5533253012048205
1.6094008438818572
1.5300387596899239
1.681588477366257
1.6785250000000016
1.5988230452674912
1.683121951219514
1.5369725490196091
1.6290162601626033
1.65657142857143
1.5229767441860478
1.5109145299145315
1.5050079365079374
1.6460740740740751
1.6487550200803227
1.5264833333333352
1.6027088607594953
1.5369047619047636
1.5630465116279075
1.5221083333333347
1.588586345381528
1.5321037037037053
1.5181904761904772
1.5436470588235311
1.5239233716475111
1.6060883534136563
1.5239307359307372
1.633526315789475
1.6843713080168787
1.5217063492063505
1.5109819819819834
1.6552067510548538
1.524333333333335
1.574835249042148
1.6041012658227862
1.528936936936938
1.6845822784810143
1.525069958847738
1.5172592592592604
1.528196969696971
1.5549083333333351
1.5383372549019625
1.5239770114942546
1.5310731707317085
1.5030250000000018
1.5250852713178313
1.590109704641351
1.558238095238097
1.563142857142859
1.5258333333333345
1.593534883720932
1.6276626506024108
1.5305617977528105
1.5053909465020583
1.5261490196078449
1.5243577235772372
1.5726584362139933
1.5686913580246924
1.6200000000000017
1.5510151515151527
1.5273407407407429
1.5383178294573656
1.5019917695473266
1.5438773946360171
1.5101196581196592
1.6142145593869754
1.5792209737827732
1.549848484848486
1.5231705426356603
1.532283333333334
1.5301212121212133
1.5205147679324913
1.501416666666668
1.5193412698412714
1.531301587301589
1.5204592592592607
1.5302196078431383
1.6637235772357737
1.5134936708860776
1.5347078189300425
1.5399105691056922
1.5500658436214005
1.5347099567099585
1.5234750000000017
1.5217209302325598
1.6249166666666681
1.6264899598393594
1.5456046511627923
1.5783100775193801
1.5112926829268307
1.520883534136547
1.6297154471544724
1.5861349206349213
1.5324740740740759
1.523356060606062
1.5070574712643692
1.5117349397590372
1.5201416666666678
1.5275833333333346
1.5197250000000009
1.5235720164609068
1.6471851851851862
1.676617886178864
1.5252093023255822
1.5179678714859455
1.5274252873563234
1.5344943820224741
1.5201833333333346
1.525975000000001
1.533414634146343
1.5274831460674176
1.5443178294573665
1.5189799196787157
1.502943722943724
1.5129198312236303
1.5176239316239335
1.5298636363636382
1.5283333333333353
1.5148776371308028
1.548455284552846
1.6058044444444466
1.5492659176029977
1.5200487804878062
1.5295271317829473
1.5258620689655178
1.657196581196582
1.518090534979425
1.5210930232558155
1.5266744186046524
1.5160583333333342
1.5370970464135034
1.5183423423423434
1.6887117117117127
1.5277701149425307
1.5204031007751946
1.5564705882352952
1.5291494252873574
1.5175365853658553
1.5710406504065055
1.5296392156862757
1.5532509363295894
1.5258833333333344
1.5198416666666679
1.6187432950191587
1.5405823754789287
1.5281399176954749
1.5234166666666682
1.5225907172995794
1.5106400000000015
1.5230000000000012
1.5138119658119675
1.5181860465116293
1.5331294117647072
1.5126929824561421
1.5056378600823057
1.5086044444444462
1.5174199134199147
1.5208395061728404
1.5109348659003845
1.5279767441860483
1.6888684210526328
1.503574879227055
1.5517560975609774
1.559105882352943
1.6744810126582295
1.5076371308016894
1.511555555555557
1.524240310077521
1.5094112554112569
1.5096277056277072
1.4998888888888904
1.5086666666666684
1.5153245614035105
1.5241927710843386
1.5013658536585375
1.573801587301589
1.362333333333334
1.5511587301587315
1.6294372294372304
1.674950000000002
1.6916750000000018
1.6905281385281408
1.6900173160173178
1.6856837606837622
1.6836888888888908
1.6863644444444466
1.685761904761907
1.6867042253521136
1.6756324786324803
1.5759534883720951
1.6703693693693706
1.6632250000000017
1.6335764705882367
1.6813495934959373
1.630134920634923
1.6827242798353932
1.676589743589745
1.6891851851851867
1.6637142857142881
1.6054074074074085
1.5430542635658924
1.6862222222222247
1.681176954732512
1.6304273504273514
1.6893243243243259
1.682483333333335
1.6829145299145314
1.6762136752136774
1.6835555555555572
1.6784901960784326
1.6915625000000012
1.6043008130081315
1.68964814814815
1.6844347826086974
1.6383666666666674
1.513333333333335
1.6746833333333355
1.6563292181069977
1.6715251141552527
1.5259126984127003
1.5364242424242436
1.6883508771929834
1.6392405063291153
1.5434196078431386
1.525496124031009
1.6931911111111126
1.5240162601626033
1.6423675213675226
1.502185185185186
1.6597108433734953
1.6828761904761924
1.6840000000000026
1.6888205128205138
1.6946014492753627
1.691250936329589
1.6928074074074086
1.690449438202249
1.6935970695970708
1.670441860465118
1.6782480620155051
1.6992727272727273
1.6995785440613047
1.6914573643410868
1.6722954545454563
1.6945038759689934
1.6891137254901978
1.6797984496124037
1.6914789272030666
1.693969348659006
1.6964597701149444
1.6878730158730177
1.69538823529412
1.6985670498084302
1.6899318181818188
1.702437037037038
1.6978544061302696
1.6996779026217241
1.6955303030303037
1.693231372549021
1.6862301587301598
1.6890232558139544
1.6925530303030314
1.689301204819279
1.6976091954023003
1.6923220973782784
1.6705647058823547
1.6955580524344585
1.6746255144032933
1.6936853932584282
1.6912337164750975
1.6850465116279085
1.6840156862745115
1.6915968992248076
1.6997164750957872
1.6882431372549032
1.6917424242424262
1.6909069767441876
1.6942988505747139
1.6895095785440633
1.6917547892720328
1.6910378787878806
1.6860883534136561
1.687545098039218
1.686031746031747
1.6971818181818195
1.6864235294117664
1.6984494382022486
1.6945038759689937
1.6917176470588242
1.6960766283524922
1.6918588235294134
1.6917088122605373
1.6955019157088134
1.6872078431372561
1.6937674418604662
1.6884417670682743
1.6915426356589158
1.6883875968992261
1.6959693486590057
1.6969450549450564
1.695340909090911
1.6917424242424262
1.6928014981273425
1.6916627450980404
1.6907068273092383
1.6945568627450995
1.6976046511627916
1.689505882352943
1.6975606060606077
1.692007246376812
1.6916060606060626
1.6896590909090923
1.697734767025091
1.6985670498084295
1.6936269841269858
1.676803030303031
1.692521072796936
1.6906823529411785
1.693400000000002
1.6976136363636376
1.69728787878788
1.6848505747126452
1.684642857142859
1.692188405797102
1.6744603174603188
1.6902352941176482
1.6917857142857158
1.676250980392159
1.6927662835249055
1.6852967032967046
1.6926819923371663
1.6942145593869733
1.5875000000000012
1.6895581395348842
1.6862633744855982
1.555786666666667
1.6801792114695362
1.5694639175257734
1.5366593406593412
1.5478350515463926
1.688865079365081
1.685888888888891
1.6882698412698427
1.6884979919678724
1.6863495934959367
1.6874939759036156
1.6894603174603182
1.6933410852713184
1.554240549828178
1.6882698412698427
1.6862857142857155
1.6816213991769553
1.6811626016260177
1.689224806201552
1.6887886178861804
1.6891190476190496
1.6867469879518082
1.6839105691056928
1.6823539094650217
1.6921544715447168
1.6816747967479675
1.6878292682926845
1.560919298245614
1.6851300813008148
1.6857429718875505
1.6807000000000012
1.6876190476190491
1.6795637860082326
1.6915100401606438
1.6867560975609772
1.687234567901236
1.679958333333334
1.6841365461847406
1.667658730158731
1.6873019607843152
1.690211382113822
1.6818396624472591
1.6664552845528466
1.686756097560976
1.6853902439024406
1.687493975903616
1.692436507936508
1.677046413502111
1.6822619047619072
1.5473888888888894
1.6865461847389573
1.687928571428572
1.6864016064257044
1.6719481481481482
1.542771929824562
1.5461443298969084
1.547340350877193
1.5595579710144931
1.6892619047619053
1.664219512195123
1.6834523809523823
1.6872078431372566
1.6891439393939403
1.6837063492063502
1.5488188405797108
1.6820634920634934
1.685690476190477
1.5478314176245205
1.5430444444444444
1.67923015873016
1.6849841269841288
1.6820160642570285
1.6910155038759704
1.6831325301204831
1.5388728522336776
1.5502175438596502
1.6840476190476208
1.5611282051282056
1.5431501831501826
1.531810606060607
1.55810035842294
1.5375625000000008
1.6925658914728694
1.5392101449275373
1.5660439560439565
1.5898544061302684
1.5934623655913989
1.6583764705882362
1.6869568627450988
1.6903450980392165
1.687550200803213
1.5378478260869568
1.5628368794326246
1.5572544802867387
1.541436426116838
1.534898550724638
1.5551304347826096
1.6686039215686284
1.6801044176706839
1.5388701754385972
1.5690385964912281
1.6788582375478933
1.5431182795698928
1.6773256704980863
1.55178021978022
1.5516808510638298
1.690198412698414
1.5585757575757577
1.5542437275985672
1.5586028368794336
1.6924470588235305
1.6812113821138224
1.609400000000001
1.671937254901963
1.5597388316151206
1.5386446886446885
1.5590967741935484
1.5475035460992916
1.5286007326007336
1.5346111111111116
1.5464419475655427
1.5424516129032262
1.6923720930232569
1.5485656565656567
1.6876746031746035
1.6837642276422773
1.6903333333333341
1.6908492063492069
1.5567608695652186
1.5485673758865253
1.5498456140350876
1.6908780487804884
1.6895020080321295
1.6830975609756103
1.6885853658536591
1.536681818181818
1.6859430894308955
1.6861463414634148
1.5941037037037047
1.5574326241134757
1.6862891566265072
1.6857364341085288
1.6921124497991975
1.541000000000001
1.6739294117647072
1.6628429118773955
1.672957854406132
1.6816286919831231
1.5387986111111116
1.6814906367041218
1.5431683848797262
1.6733333333333353
1.6819678714859454
1.6805925925925937
1.5502430555555566
1.5684210526315792
1.6659770114942545
1.6759294117647072
1.678303030303031
1.6750114942528749
1.6848222222222236
1.6854308943089438
1.68549593495935
1.680061302681993
1.617863799283155
1.6883150183150197
1.6861666666666668
1.6707607843137269
1.675176470588237
1.6819166666666694
1.6932059925093645
1.5515018315018319
1.6756627450980401
1.5729057971014493
1.5332482269503556
1.6767878787878805
1.6752698412698432
1.6816779026217243
1.6887619047619054
1.6839423868312773
1.6920396825396833
1.6931726907630535
1.6835609756097574
1.5864962962962965
1.5247361111111122
1.6828750000000021
1.6699534883720948
1.547829787234043
1.6908211382113831
1.6864115226337466
1.689105882352943
1.6821000000000008
1.6687460317460339
1.686833333333335
1.6560235294117658
1.6626916666666673
1.6909047619047632
1.6895582329317278
1.685811764705884
1.6944738955823306
1.6906184738955838
1.6595454545454558
1.6937725490196085
1.679409090909092
1.671365461847391
1.6798650793650807
1.6823583333333332
1.535375886524823
1.6630444444444454
1.5639450171821312
1.5286938775510208
1.693775100401608
1.6769918699187012
1.6828750000000021
1.6897590361445793
1.6864065040650424
1.6398773946360163
1.6869593495934974
1.6621722846441955
1.6701707317073184
1.6798189300411537
1.6704627450980407
1.6637471264367836
1.542351254480288
1.6736033755274269
1.6867416666666675
1.6815609756097565
1.6707543859649123
1.5322051282051286
1.6893333333333345
1.684067510548524
1.655211382113822
1.6786060606060613
1.5873863636363643
1.67960888888889
1.6840751173708932
1.6853153153153169
1.689609756097562
1.6879094650205775
1.6330454545454558
1.660642276422765
1.5511319444444442
1.6926750000000008
1.6918916666666681
1.6874649122807033
1.6829743589743604
1.6921583333333348
1.6907000000000008
1.6049555555555568
1.541273408239701
1.5463942652329756
1.6840779220779232
1.6890864197530882
1.5504140350877198
1.5227838827838835
1.688708860759495
1.6840000000000013
1.6877407407407423
1.6878558558558567
1.6911750000000008
1.5438148148148154
1.5501914893617026
1.7012500000000017
1.6503100775193806
1.6820789473684223
1.543699633699634
1.5637528089887645
1.5148735632183923
1.5462348484848492
1.5524395604395604
1.6955949367088619
1.5459850187265924
1.543737827715356
1.5459924242424246
1.5580212765957449
1.7013766233766248
1.6975701754385983
1.690843881856542
1.540348484848485
1.5472480620155042
1.688016877637132
1.5612101449275375
1.6936707818930048
1.5503670411985022
1.5365629629629634
1.548771535580525
1.6001947565543084
1.6964935064935078
1.5391937984496138
1.5480869565217399
1.691658119658121
1.5475985663082445
1.5369851851851861
1.5426893939393944
1.5628074074074085
1.5591062271062281
1.6073333333333337
1.5418608058608072
1.5206886446886454
1.542666666666667
1.5444444444444452
1.53859925093633
1.6951341991342013
1.5403065134099623
1.7020406504065053
1.5551893939393944
1.5462148148148154
1.5269457364341095
1.5409481481481488
1.5456811594202904
1.5457875457875463
1.5509032258064515
1.5547730496453909
1.5498781362007177
1.5412350877192977
1.5551541218638003
1.536051851851852
1.518981273408241
1.5483655913978502
1.5435703703703711
1.552179211469534
1.6702500000000018
1.5524772727272735
1.5316781609195405
1.549514492753624
1.5520439560439565
1.5458388278388284
1.5427872340425544
1.5478709677419364
1.5462857142857152
1.5615851851851859
1.5423481481481487
1.5223703703703708
1.5684157706093198
1.5451868131868138
1.5601123595505624
1.5422962962962967
1.555741935483872
1.533003584229391
1.5398315789473689
1.5460732600732614
1.5524372759856633
1.537737827715357
1.6914074074074084
1.5382078853046601
1.582767441860466
1.547956521739131
1.5200224719101127
1.5472747252747259
1.6961399176954743
1.5517727272727277
1.6609803921568635
1.5526164874551975
1.541800000000001
1.5471304347826091
1.5244883720930238
1.5478043478260874
1.543333333333334
1.5367588652482278
1.5611560283687949
1.5453406593406607
1.53624521072797
1.5388865248226964
1.5467252747252749
1.6693583333333346
1.5365318352059936
1.564074074074074
1.537455197132617
1.53375
1.5237555555555566
1.5414831460674165
1.560622710622711
1.5337435897435905
1.5354865900383154
1.5457241379310351
1.5355891472868224
1.542121212121213
1.5378257575757586
1.5403030303030307
1.5240370370370375
1.542403100775194
1.53064393939394
1.5227816091954025
1.540383141762453
1.5389242424242437
1.54242962962963
1.5304206349206357
1.5240689655172424
1.5373560606060612
1.5372480620155047
1.547278350515465
1.5424573643410855
1.536751937984497
1.541915708812261
1.547477272727273
1.5621762452107284
1.635280898876406
1.5518117647058827
1.5581648745519723
1.55315750915751
1.5362753623188412
1.5283820224719122
1.5302637362637375
1.5979633699633713
1.532523809523811
1.558322580645162
1.540688172043011
1.5558188405797113
1.5525614035087723
1.5344941176470595
1.5478723404255321
1.5362588235294123
1.5276546184738973
1.5314126984126994
1.5230361445783147
1.5378257575757581
1.5404927536231894
1.554219780219781
1.5303369963369975
1.5384156862745104
1.5566666666666686
1.5348131868131876
1.5334285714285727
1.532659259259261
1.5254715447154485
1.5326959706959724
1.5230793650793664
1.5488518518518526
1.5237530864197542
1.5459101123595522
1.517121568627452
1.534023809523811
1.5263730158730173
1.532227450980393
1.5704962962962967
1.5288078431372552
1.5392170542635666
1.5834888888888896
1.5390310077519398
1.5522771535580535
1.5332600732600739
1.5292931726907644
1.5374352941176472
1.5808273092369487
1.6143106060606067
1.6733909465020587
1.670391111111112
1.5310074074074085
1.5396893939393956
1.5377142857142865
1.5290518518518528
1.51974814814815
1.551589743589744
1.5623188405797106
1.5612888888888894
1.5603146067415736
1.5688814814814827
1.542219696969699
1.5291460674157318
1.5253181818181822
1.5242698412698428
1.5344696969696976
1.5181646090534993
1.5234065040650422
1.528779116465865
1.5357539682539691
1.5368333333333344
1.519843137254903
1.524819277108435
1.5310957854406142
1.5462357723577251
1.5461365461847403
1.5141647058823537
1.5242093023255823
1.5289761904761918
1.697304347826088
1.6912857142857158
1.6914426229508202
1.5195691056910583
1.5369682539682554
1.5444308943089444
1.5394057971014496
1.531578544061304
1.520031007751939
1.532769841269843
1.5229620253164569
1.5503412698412709
1.5381287878787893
1.5217727272727293
1.5229725490196093
1.5209349593495949
1.5231587301587317
1.6877849462365602
1.5383875968992256
1.528564705882354
1.5342142857142866
1.5298455284552857
1.526489959839359
1.5153675213675224
1.382918518518519
1.628467432950194
1.6458863636363652
1.6848592592592606
1.677662745098041
1.6751340996168607
1.6758217054263584
1.6808812260536412
1.684219409282701
1.6625747126436803
1.683925925925927
1.6799400749063693
1.674465116279071
1.6578039215686287
1.6455038759689935
1.6648787878787892
1.6760303030303043
1.676462745098041
1.6814883720930254
1.635051851851853
1.6298636363636376
1.6796825396825417
1.6727777777777793
1.6170074074074086
1.6057777777777795
1.6771187739463618
1.620606060606062
1.5747356321839086
1.6055698924731197
1.551028368794327
1.561118518518519
1.573733333333334
1.544105263157895
1.6853846153846166
1.6849962546816502
1.6862700421940942
1.5929737827715365
1.6304794007490662
1.5283680555555563
1.6813040293040311
1.67741085271318
1.6813636363636377
1.6775294117647082
1.6823650793650815
1.6858666666666686
1.6304194756554315
1.6776590909090923
1.6277575757575768
1.6231039426523304
1.5690217391304362
1.6338666666666684
1.545458333333334
1.5615087719298248
1.5520996168582386
1.529048689138578
1.5337348484848499
1.5571985018726595
1.5395744680851073
1.5460370370370375
1.5450592592592591
1.5642666666666665
1.548454545454546
1.5182771535580535
1.5293925925925929
1.5439185185185191
1.5264263565891474
1.5420224719101128
1.533325670498085
1.5278388278388289
1.5573560606060608
1.5154090909090918
1.5163071161048702
1.5532831541218644
1.535711111111111
1.5400749063670416
1.5382803030303032
1.531242424242425
1.5188253968253977
1.532131782945737
1.5049647058823543
1.546985185185186
1.5195249042145598
1.5495193798449616
1.53077519379845
1.5423745318352056
1.5389848484848485
1.53377519379845
1.5364806201550396
1.5381969696969704
1.5438888888888893
1.5383369175627244
1.537848484848486
1.5447925925925927
1.538742424242425
1.529780303030303
1.5477347670250903
1.5263745318352069
1.5102424242424248
1.5437333333333343
1.534734848484849
1.532452107279694
1.6882700421940944
1.6880854700854717
1.6942222222222232
1.5480732600732598
1.5383636363636368
1.5584029304029314
1.5413033707865176
1.5461318681318692
1.554492424242425
1.543465201465202
1.5370786516853938
1.557602996254682
1.5405161290322595
1.6862857142857157
1.5353863636363643
1.6855377777777791
1.529031007751938
1.521204545454546
1.5463260869565223
1.5329069767441872
1.6151916666666672
1.5366217228464425
1.5399481481481478
1.545147286821706
1.5404137931034492
1.5275764705882355
1.5311085271317832
1.5296296296296306
1.5345984848484855
1.685393939393941
1.528534883720931
1.5533803921568625
1.5341762452107288
1.5551111111111116
1.5405018726591762
1.6885800865800884
1.5438461538461536
1.5314961240310083
1.5421185185185187
1.5517471264367821
1.53581684981685
1.535182795698925
1.540344086021506
1.5388464419475654
1.5327803030303029
1.5399101123595509
1.5335968992248061
1.5391742424242436
1.5754650205761336
1.593733333333335
1.6501645021645037
1.5361720430107533
1.5392734082397013
1.5349469696969698
1.549607407407408
1.5441259259259263
1.5290268199233719
1.6083154121863805
1.5423037037037046
1.5595886524822695
1.5418388278388289
1.554137681159421
1.5424888888888892
1.53168115942029
1.5783958333333343
1.546727891156463
1.5349242424242433
1.5273777777777784
1.5348222222222223
1.537865248226951
1.542426966292136
1.5410444444444455
1.537475655430712
1.5377954545454549
1.538876404494383
1.5353620071684597
1.5541894736842115
1.549457875457876
1.544866666666667
1.5471041666666678
1.579985964912282
1.5400425531914903
1.557560283687945
1.630951310861424
1.5412771929824574
1.6060757575757585
1.6312740740740748
1.5795298245614042
1.6285481481481487
1.636531835205994
1.5225833333333336
1.5463550724637685
1.5289457364341088
1.5383895131086152
1.5280666666666678
1.5273052631578967
1.5378052434456932
1.5659498207885314
1.548536082474228
1.6014121863799295
1.5938385964912287
1.5555602836879452
1.6204518518518531
1.68243181818182
1.5438534798534802
1.5367311827956995
1.5390075757575756
1.53319696969697
1.6346352941176479
1.6515185185185197
1.5500869565217394
1.54205925925926
1.568788530465951
1.6128814814814834
1.6409885057471274
1.6007252747252763
1.5690434782608702
1.5394022988505751
1.6312720306513422
1.620308243727599
1.6015797101449285
1.649633699633702
1.6893484848484859
1.536149812734083
1.5452370370370372
1.5313188405797107
1.5424420289855083
1.5380149812734094
1.5449565217391312
1.5484842105263164
1.5291340996168588
1.6194420289855087
1.6204908424908433
1.5358712121212124
1.5340833333333337
1.541585185185186
1.540644444444445
1.5424269662921362
1.5325111111111116
1.5806080586080604
1.6648045977011507
1.6827727272727289
1.5890896057347685
1.618007168458782
1.550435087719299
1.552241134751774
1.5456814814814812
1.525794871794873
1.5490329670329672
1.5510035842293914
1.54454347826087
1.5416631578947375
1.5127240143369178
1.553354609929079
1.542715789473685
1.5483478260869574
1.6913497942386846
1.5609759450171827
1.6888230452674915
1.549628070175439
1.5460942028985507
1.63662015503876
1.5393851851851852
1.6930317460317477
1.6896455696202552
1.6898717948717956
1.6931688311688329
1.6895350877192996
1.6910250000000009
1.6827186147186155
1.6876752136752136
1.6880614035087733
1.679826484018266
1.6869649122807027
1.6903549783549798
1.6858684210526325
1.5908787878787882
1.692529914529916
1.6911166666666673
1.6739423868312762
1.6943916666666687
1.5397142857142865
1.5386312056737597
1.5655362318840587
1.6939750000000018
1.5505625000000005
1.5486811594202903
1.5371555555555554
1.6884978902953598
1.5497731958762895
1.6844696969696977
1.5337964912280715
1.6820606060606087
1.682919540229887
1.6792936507936527
1.682470588235295
1.686340909090911
1.6006153846153863
1.6362417582417597
1.6663410852713194
1.6808549019607855
1.6620852713178305
1.675341365461848
1.6892945736434126
1.6851705426356602
1.6891887550200824
1.5612847222222228
1.5700816326530616
1.5375197132616498
1.6157407407407416
1.5961465201465217
1.535906810035843
1.5592056737588655
1.6623333333333348
1.6768032128514065
1.6799921568627467
1.6850155038759702
1.6599196787148605
1.6687816091954042
1.5500208333333338
1.5451719298245623
1.532551971326165
1.6871212121212127
1.5350107526881727
1.5466736111111115
1.5620912280701764
1.6777176470588242
1.5476907216494855
1.6840793650793655
1.684101960784314
1.685645569620255
1.6875891472868227
1.6846279069767454
1.561200000000001
1.5398021978021978
1.5340412371134027
1.6826356589147304
1.6773008130081315
1.6785542168674714
1.6826111111111122
1.6755308641975324
1.5755580524344575
1.686407843137256
1.504179211469535
1.684219607843139
1.536673684210527
1.5405815602836883
1.6838536585365877
1.6803212851405642
1.5397304964539016
1.6852777777777794
1.5512000000000006
1.5984848484848497
1.678444444444446
1.5462836879432635
1.6858773946360173
1.6791566265060263
1.5431684587813626
1.6824000000000017
1.600970370370372
1.683953488372095
1.6485606060606073
1.5307101449275364
1.5360072463768126
1.6840000000000015
1.5452070175438606
1.5402127659574474
1.687868217054265
1.6795020080321297
1.6876000000000015
1.6806506024096404
1.6822698412698425
1.6367415730337096
1.5591469534050182
1.6893793103448291
1.6852862745098054
1.6919137254901981
1.6881162790697684
1.6692862745098052
1.6824761904761918
1.5552883895131098
1.6781138211382125
1.5702564102564114
1.6378352059925099
1.5173985507246386
1.5431702127659583
1.5372043010752696
1.536911111111112
1.5373617021276604
1.5437802197802208
1.546982078853047
1.537979166666668
1.5338426966292138
1.549739130434783
1.5419400749063672
1.524725925925927
1.528057347670252
1.5356449275362323
1.5407096774193558
1.546930402930403
1.6801190476190495
1.6824578313253027
1.6191985018726598
1.5530609318996418
1.5623809523809524
1.5395347222222222
1.5446453900709232
1.541207407407408
1.5555390070921997
1.5503260869565216
1.545569892473119
1.5785681818181827
1.5286130268199243
1.542725274725275
1.5523082437275992
1.541133333333334
1.5407106227106224
1.5304057971014493
1.5495362318840582
1.5408913857677904
1.5410518518518523
1.5467407407407405
1.5340149812734092
1.5396629213483155
1.5227956989247324
1.5591460674157305
1.5226739926739936
1.5464395604395618
1.5503623188405802
1.5473262411347524
1.5396487455197145
1.5438581560283695
1.5552734082397006
1.6506743295019177
1.6791566265060258
1.5316117216117215
1.5312727272727271
1.538966292134832
1.5470402930402933
1.5454432234432234
1.5421185185185196
1.5513409090909092
1.5540757575757576
1.5405274725274731
1.5459130434782618
1.5230549450549455
1.556458781362008
1.54552380952381
1.5374710144927535
1.5301992337164756
1.535159090909091
1.5412074074074076
1.5739058823529417
1.5356370370370371
1.5524421052631576
1.6354588235294123
1.5544868913857675
1.5413626373626375
1.538644444444445
1.6049242424242436
1.5505663082437275
1.6930534979423872
1.544437037037037
1.5463589743589747
1.5490322580645162
1.547772893772894
1.5454468085106379
1.652344827586208
1.5429890109890114
1.5424322344322348
1.553518518518518
1.5414652014652013
1.539362962962964
1.551541218637993
1.5342456140350886
1.545471014492754
1.5328689138576785
1.527400000000001
1.5346080586080588
1.5391666666666675
1.541018315018315
1.528260869565218
1.5509583333333339
1.6246586345381535
1.5442826086956536
1.5480362318840581
1.5285128205128213
1.5419926739926748
1.5440141843971635
1.542043010752689
1.5391086956521747
1.5356212121212132
1.542985815602837
1.608333333333334
1.6276031746031752
1.5363623188405802
1.555326315789474
1.5472701754385965
1.6846400000000008
1.5521527777777784
1.5309492753623193
1.5496057347670251
1.5389377289377295
1.546820512820513
1.5501259259259264
1.6639473684210537
1.5440141843971638
1.6663596491228079
1.5529247311827956
1.533595505617978
1.5567878787878788
1.556537634408602
1.5502127659574476
1.5302318840579718
1.5419007092198596
1.5490740740740745
1.6161423220973796
1.5389816849816853
1.5511469534050184
1.5608172043010766
1.5186737588652492
1.5508611111111108
1.54740425531915
1.5600701754385973
1.551111111111111
1.5712695035461002
1.6304148148148165
1.549808510638299
1.5569690721649492
1.5675177304964543
1.5349469696969706
1.5261797752808988
1.5426456140350886
1.5422526315789478
1.55778021978022
1.553395833333334
1.6965569620253178
1.5479057971014498
1.5467096774193554
1.5624751773049652
1.535637681159421
1.5529290780141844
1.5467032967032976
1.5440659340659346
1.5415037037037043
1.545652482269504
1.5461231884057975
1.5481465201465205
1.5669148936170219
1.5516996336996338
1.539403100775194
1.5427954545454554
1.5505177304964544
1.6946752136752155
1.6974403292181082
1.6643560606060612
1.5549230769230769
1.5424090909090913
1.5434945054945057
1.544029962546816
1.547140740740741
1.534170542635659
1.524666666666668
1.5447490636704115
1.5643407407407413
1.5480973782771532
1.5474296296296295
1.5634007490636712
1.6823127572016476
1.5591969696969696
1.5335164835164834
1.5379058823529417
1.5498962962962965
1.5396287878787887
1.546037453183521
1.5344980842911882
1.5416818181818186
1.5421498127340822
1.5440962962962967
1.5464943820224712
1.542765151515152
1.689606837606839
1.5518188405797095
1.5577348484848483
1.5464000000000004
1.5451159420289855
1.5394636015325671
1.540871794871795
1.5592127659574468
1.694100000000001
1.625152173913044
1.6900378787878791
1.5240873015873027
1.556185567010309
1.5419534883720931
1.5402145593869734
1.5220470588235304
1.5459015151515154
1.541311594202898
1.5270714285714295
1.5253410852713187
1.5374039215686277
1.531095238095239
1.5382431372549021
1.5336031746031753
1.5405543071161052
1.6356515151515154
1.6795454545454547
1.6932727272727284
1.5729084249084246
1.6706283524904222
1.5453546099290776
1.575648745519713
1.530103703703704
1.5430901960784318
1.537674603174604
1.5248372093023266
1.532804878048782
1.6440299625468169
1.6267871485943786
1.5484014336917564
1.6240681818181815
1.5301984126984136
1.5340481927710856
1.545275985663083
1.573271317829458
1.6617560975609769
1.685922480620155
1.5376404494382032
1.5353734939759052
1.5290288065843634
1.541520599250938
1.5282469135802486
1.5559268292682942
1.695333333333335
1.596644194756555
1.6944095238095251
1.5387642276422777
1.5394779116465873
1.5272757201646106
1.534121951219514
1.5475583333333345
1.6062635658914741
1.6810200803212865
1.547166666666667
1.7004210526315804
1.6254942528735652
1.6734320987654334
1.535506172839508
1.687175000000001
1.5494039215686288
1.6055855855855872
1.586243137254904
1.6917688888888902
1.539383966244727
1.5511007751937997
1.6025238095238101
1.522519480519482
1.5396235294117657
1.5270281124498002
1.5261452991453008
1.5301803921568637
1.5349961685823768
1.5916212121212132
1.6149186991869928
1.5429302325581407
1.5318699186991882
1.5555955056179789
1.5528470588235304
1.5341019607843147
1.5432059925093644
1.5455634920634929
1.522074074074075
1.533965367965369
1.6901558441558449
1.6804415584415595
1.5379413919413922
1.5568814814814826
1.6844214559386974
1.6422222222222231
1.685772727272728
1.6886060606060622
1.666045454545455
1.6953046594982084
1.6877752808988786
1.6934652014652027
1.5901304347826093
1.6817984496124034
1.6861969696969707
1.5315823293172703
1.581125000000001
1.684475095785441
1.604509363295882
1.6828333333333343
1.6874166666666675
1.6903694779116474
1.6886831275720176
1.6911648351648358
1.6845454545454543
1.6904044943820231
1.690452380952382
1.694996254681648
1.6643453815261051
1.6961185185185188
1.6864644194756562
1.627111111111112
1.6841782945736448
1.683942386831276
1.6886184738955827
1.59457142857143
1.5796344086021514
1.6922518518518532
1.6893478260869568
1.6941250000000005
1.669416666666667
1.5697551020408176
1.6337857142857153
1.6732280701754398
1.6755426356589156
1.6892862745098054
1.6367519379844973
1.5409069767441868
1.6879756097560992
1.6805714285714293
1.6921240310077523
1.6756495726495733
1.6835426356589163
1.6563833333333335
1.6893174603174608
1.5454202898550742
1.6643694779116476
1.6138794326241144
1.6488888888888906
1.6694457831325313
1.6897037037037042
1.6851136363636379
1.57362248995984
1.6417111111111122
1.6095744680851076
1.6926349206349223
1.6918333333333344
1.5269473684210537
1.5515670103092791
1.687977011494254
1.6342145593869737
1.6492113821138226
1.6245468164794017
1.5812530120481931
1.6139787234042553
1.6925702811244985
1.536503703703705
1.5620210526315794
1.5319746835443047
1.547516483516485
1.6676144578313257
1.5496779026217238
1.608358974358975
1.687954545454546
1.6184518518518525
1.6918449612403106
1.5524421052631583
1.55213058419244
1.5542437275985677
1.6088405797101455
1.687954545454545
1.687402298850575
1.6855348837209314
1.6795714285714296
1.6879706959706968
1.685772727272729
1.671767068273093
1.6908764044943834
1.6872107279693491
1.6159340659340673
1.6941666666666677
1.6685134099616867
1.6909920634920643
1.6909612403100787
1.6694015151515165
1.6916893939393949
1.6898876404494392
1.6898827838827852
1.7030804597701152
1.6810310077519384
1.691309236947792
1.6915952380952397
1.6906747967479683
1.6884682539682547
1.6870793650793656
1.6842811244979923
1.6825316455696204
1.6635662650602423
1.666232931726908
1.6867469879518076
1.6895555555555568
1.6736321839080472
1.6939294117647063
1.6842469135802474
1.688978902953587
1.691284552845529
1.680610441767069
1.6812682926829272
1.6828048780487812
1.691747967479676
1.6843713080168787
1.6935372549019616
1.6853333333333342
1.6876460905349804
1.6015555555555565
1.68849593495935
1.6627398373983748
1.6823083333333337
1.690383141762453
1.6624176706827318
1.6934482758620697
1.6854431372549026
1.6878509803921575
1.685731800766285
1.689254901960785
1.653271317829458
1.6816666666666682
1.6934634146341467
1.6696213991769553
1.6818400000000007
1.6866269841269859
1.6705060240963858
1.6860000000000004
1.690268292682928
1.6827078189300424
1.685133333333334
1.635296296296297
1.6904518518518517
1.6907921568627458
1.688824561403509
1.6657619047619059
1.6839423868312762
1.6846666666666668
1.6654000000000007
1.6798083333333342
1.6893983739837413
1.564301754385965
1.6839423868312766
1.6853247863247867
1.6445555555555564
1.6864526748971211
1.6882357723577237
1.6884979919678724
1.685943775100402
1.6797890295358662
1.6795637860082309
1.6943650793650795
1.68811522633745
1.6858888888888892
1.6879518072289164
1.681898734177216
1.6876153846153847
1.6941300813008133
1.6873186813186825
1.671003831417625
1.6911161048689154
1.6942490842490843
1.6667054263565901
1.685681818181819
1.6879139784946242
1.6976179775280902
1.6904000000000003
1.6872790697674431
1.691785714285715
1.686945736434109
1.5868424908424916
1.6869019607843145
1.686058333333334
1.6790041152263382
1.6990574712643687
1.6828015873015876
1.6871782945736449
1.6892337164750968
1.6890775193798464
1.681839080459771
1.6928333333333345
1.6845772357723587
1.674572549019609
1.6884126984126997
1.6854859437751013
1.6914573643410857
1.5469892473118285
1.5456875000000005
1.6956934865900388
1.6897011494252883
1.684372093023257
1.6719080459770126
1.6854888888888895
1.6914789272030655
1.6871529411764725
1.6960984848484861
1.6885813953488384
1.6871395348837221
1.686364341085272
1.6882803030303037
1.6636899224806212
1.6722945736434114
1.6867519379844966
1.6695530303030308
1.6945783132530121
1.3747943262411353
1.688835164835166
1.694247191011237
1.6857286821705444
1.6874022988505761
1.6870238095238106
1.6864444444444449
1.576848484848485
1.6785691056910574
1.696842911877395
1.6764794007490647
1.6837651515151522
1.6970256410256424
1.5437304964539014
1.5495815602836878
1.6062175438596502
1.6320219780219793
1.6921348314606754
1.7067777777777788
1.5634707903780074
1.6960229885057487
1.7026439393939403
1.5521684210526323
1.5473115942028992
1.549010526315789
1.5504652777777783
1.5543917525773197
1.6396928838951315
1.55440701754386
1.5428333333333333
1.5425886524822698
1.6835341365461853
1.5545468164794014
1.5627898550724642
1.615031007751938
1.5544444444444452
1.548913043478261
1.55454609929078
1.5594105263157905
1.5693906810035854
1.5439047619047628
1.5402056737588647
1.5506666666666669
1.5497304964539014
1.553824561403509
1.5637463768115953
1.543368421052632
1.5382637362637366
1.5352222222222227
1.5215777777777775
1.5594822695035457
1.559395833333333
1.5490780141843976
1.5399130434782602
1.5605403508771933
1.5529251700680278
1.56153264604811
1.6320952380952385
1.5489999999999995
1.5546597222222227
1.55336170212766
1.5408865979381443
1.5352888888888894
1.5566315789473684
1.6225917602996256
1.6872500000000006
1.5562867383512542
1.5602361111111114
1.5485390070921983
1.5520694444444445
1.6912820512820523
1.6355020080321296
1.557091575091575
1.683027450980393
1.5436086956521742
1.5447555555555559
1.5528458781362005
1.540861111111112
1.5538888888888887
1.5410208333333337
1.5507929824561406
1.544322580645161
1.5423146067415736
1.7008860759493678
1.5417536231884064
1.5481362007168462
1.5471489361702133
1.5398877192982452
1.5379775280898869
1.5470989010989011
1.5569890109890108
1.5461758241758232
1.5474130434782603
1.5392454212454207
1.678291666666667
1.5364086021505379
1.5500757575757576
1.5390622710622703
1.5498651685393257
1.5313999999999997
1.5389111111111118
1.5817931034482764
1.5352592592592589
1.5195384615384622
1.6022727272727268
1.6917280701754391
1.6845765765765768
1.5453113553113556
1.6835844155844155
1.533863636363636
1.538142322097378
1.6595021097046416
1.5427415730337082
1.5349288389513103
1.5677727272727275
1.5353699633699636
1.5479565217391305
1.6821511111111114
1.5419633699633697
1.531371212121211
1.5320674157303367
1.541113475177305
1.5322247191011231
1.6699036144578316
1.5387985347985353
1.6473815261044173
1.6883063063063068
1.690275555555556
1.6879911111111112
1.6911315789473689
1.5453406593406587
1.6871688311688309
1.6006279069767437
1.529303703703704
1.524385185185185
1.5332958801498124
1.5231208791208797
1.6872456140350887
1.530507575757575
1.521152941176471
1.5311136363636366
1.5371235955056166
1.5430402930402927
1.686242424242425
1.5316439393939396
1.5216015325670489
1.5255348837209295
1.5598139534883715
1.5148689138576772
1.675405405405406
1.5401722846441948
1.534896296296296
1.6673600000000002
1.5197777777777774
1.5476487455197134
1.528962121212121
1.512401515151515
1.5428464419475658
1.6647579908675798
1.6921434599156124
1.6852105263157897
1.686675324675325
1.5363445692883884
1.5462068965517246
1.5301481481481478
1.6910940170940172
1.5329213483146071
1.5537777777777773
1.5423643410852712
1.5332337164750964
1.534188405797102
1.5206222222222225
1.5579101123595498
1.54702962962963
1.5318333333333327
1.5334545454545447
1.5323484848484852
1.5315056179775284
1.530934865900382
1.5289118773946366
1.5425842696629222
1.522348148148149
1.5223150183150185
1.542725274725275
1.521423220973783
1.5019689922480617
1.5292651515151512
1.537820224719102
1.6778902953586503
1.5423037037037033
1.5312878787878785
1.6821298701298708
1.5233256704980846
1.6797692307692307
1.6601940928270051
1.5244496124031004
1.5524444444444438
1.5372284644194756
1.537131086142322
1.5337272727272728
1.5333560606060601
1.5348239700374533
1.5458666666666672
1.5498388278388275
1.5459250936329592
1.5299927536231883
1.549434782608696
1.5395824175824173
1.5414740740740747
1.5456043956043963
1.5237453183520597
1.5447912087912083
1.5519999999999996
1.5461333333333331
1.5386515151515154
1.5437777777777781
1.5375505617977527
1.5377801418439718
1.5653768115942028
1.5396222222222222
1.5407865168539323
1.5402771535580526
1.54382962962963
1.6860583333333345
1.5460942028985514
1.5645519713261655
1.6964032921810714
1.5307126436781613
1.5307640449438198
1.55063670411985
1.556734082397004
1.5415777777777773
1.541896296296296
1.6914372294372297
1.546304347826087
1.5553919413919415
1.5611721611721614
1.5451259259259262
1.5363970037453185
1.540125925925926
1.5427481481481478
1.7012380952380959
1.6242480620155046
1.6934444444444454
1.5500000000000005
1.69761403508772
1.5623768115942025
1.5422271062271056
1.5431407407407405
1.5453699633699631
1.5614652014652022
1.511072463768116
1.5332148148148141
1.5297655677655686
1.5445567765567763
1.548115942028985
1.5475985663082432
1.5904166666666664
1.5487311827956987
1.5412370370370374
1.6945569620253176
1.5419926739926737
1.536833333333333
1.5329696969696973
1.5469662921348324
1.5483003663003672
1.5544874551971337
1.5567578947368417
1.5332198581560297
1.5512210526315788
1.5360148148148147
1.5487234042553195
1.5422740740740744
1.5449407407407407
1.5396928838951318
1.5561458333333338
1.5417403508771927
1.5289851851851848
1.5580449438202244
1.5496744186046512
1.5543111111111108
1.6953675213675212
1.527900383141762
1.541288888888889
1.5501573033707867
1.5394756554307107
1.5428222222222223
1.5238296296296292
1.6833766233766234
1.5269118773946355
1.542358974358974
1.5412600732600732
1.531647509578544
1.525714285714286
1.5329696969696969
1.5377802197802202
1.5436934865900374
1.5332222222222214
1.6788450704225348
1.6848585858585854
1.5426739926739923
1.693390243902439
1.539538461538461
1.561739130434783
1.6886666666666679
1.5540833333333333
1.6920941176470587
1.5672518518518517
1.67102953586498
1.5463443223443223
1.576095238095238
1.5684964539007094
1.5298697318007657
1.5200224719101114
1.5314789272030644
1.5209063670411993
1.5222713178294571
1.5348505747126435
1.527387596899224
1.5535505617977519
1.6958166666666674
1.5493829787234037
1.5551629629629629
1.5451956521739134
1.5245703703703704
1.5534592592592589
1.5416444444444446
1.5444175824175825
1.5378444444444446
1.5490567375886521
1.6531382113821145
1.5343787878787885
1.540207407407407
1.6034022988505745
1.560111111111111
1.5475555555555565
1.6745750000000008
1.6310864197530863
1.6890166666666673
1.510904214559387
1.5376989247311832
1.5901684981684985
1.6402452107279695
1.6383623188405803
1.6017802197802198
1.6386451612903226
1.578265151515152
1.5910107526881727
1.5412269503546097
1.63686046511628
1.6114056224899596
1.5577473684210525
1.6545411764705893
1.6286222222222229
1.6798544061302696
1.6810681818181832
1.6807727272727278
1.6768527131782958
1.6829922480620165
1.6755662650602416
1.6765121951219524
1.6817857142857153
1.683658914728683
1.6845736434108534
1.6505629629629637
1.5985333333333327
1.5339130434782609
1.5634666666666672
1.5607692307692311
1.5271868131868132
1.5747885304659506
1.5235476190476194
1.632600732600734
1.5287739463601528
1.5261705426356589
1.5365393258426965
1.5340573476702508
1.5365037037037035
1.5248914728682166
1.5208539325842696
1.5448840579710137
1.5398888888888886
1.5373333333333328
1.5253100775193793
1.6511085271317831
1.6937028112449801
1.5287971014492754
1.5417407407407406
1.5397936507936498
1.5266111111111118
1.5462272727272717
1.53711877394636
1.534232209737827
1.6879166666666667
1.5279843137254896
1.570355555555555
1.5237875457875456
1.5418052434456928
1.5345681818181816
1.5254901960784308
1.5186104417670685
1.6973059360730591
1.677391304347826
1.640447257383967
1.5238139534883708
1.6843333333333326
1.513468253968254
1.6804687500000004
1.6859736842105264
1.582927203065134
1.691333333333334
1.6929268292682937
1.6889059829059836
1.5847674418604654
1.5356458333333338
1.6330079365079375
1.6347372549019603
1.623237037037037
1.5539294117647067
1.5295736434108527
1.5325000000000002
1.5316321839080458
1.5435972222222227
1.544155555555555
1.5448278388278387
1.5333019607843135
1.5649492753623195
1.5989816849816851
1.5350711610486891
1.5236867469879527
1.5336475095785438
1.5175530303030307
1.5391550387596893
1.5349147286821703
1.5383840579710144
1.5664782608695647
1.5293023255813951
1.5026329113924055
1.5303372549019607
1.5240079365079373
1.5240387596899228
1.6841709401709404
1.54778021978022
1.544874074074074
1.530391304347826
1.5601025641025645
1.661877192982456
1.5979523809523815
1.6808138528138534
1.527293650793651
1.6805315315315315
1.680793248945148
1.5244666666666666
1.5182867383512553
1.5189247311827956
1.5188174603174607
1.5254166666666658
1.5257596899224806
1.607405017921147
1.530057971014493
1.668981684981686
1.5778021978021979
1.5704347826086968
1.5370416666666664
1.537670250896058
1.5471208791208786
1.6243141762452118
1.5410896057347674
1.6898412698412704
1.667275720164609
1.5406593406593403
1.5514113475177305
1.5237364341085262
1.5321915708812255
1.5409777777777776
1.5697013888888887
1.5957608695652181
1.5303929824561404
1.653065217391305
1.6396941176470594
1.5744927536231892
1.517695035460993
1.5575929824561396
1.5465208333333338
1.55721403508772
1.6940481927710846
1.5611428571428567
1.6854166666666675
1.5587969348659003
1.5382247191011238
1.5256074074074073
1.6908354430379753
1.701916666666668
1.7019619047619052
1.5494609929078016
1.5384651162790701
1.5408712121212125
1.60904214559387
1.675929411764707
1.5490109890109889
1.5362907801418444
1.6930577777777784
1.5236666666666672
1.5250274509803927
1.5416917562724013
1.5534285714285716
1.526122605363985
1.5373875968992243
1.53241568627451
1.519626984126985
1.5494883720930224
1.529050980392156
1.5229593495934965
1.516148148148148
1.531230158730159
1.5193574297188763
1.515577235772358
1.5051833333333335
1.5244899598393582
1.5406178861788633
1.5305960784313721
1.546831541218637
1.5226586345381536
1.5369118773946355
1.5426053639846742
1.525734939759037
1.5437777777777777
1.5419775280898878
1.535835294117647
1.528156862745098
1.5559393939393937
1.558112359550561
1.535060606060606
1.5488666666666668
1.5390681818181824
1.5075426356589157
1.537869731800766
1.5279026217228462
1.5480222222222222
1.5479413919413918
1.5284644194756558
1.534412698412699
1.5179047619047628
1.5549725490196074
1.524240963855423
1.5233414634146356
1.5545038759689922
1.5280784313725488
1.5322274509803926
1.540934865900383
1.6979480519480525
1.5439157088122604
1.5571085271317822
1.5491215686274507
1.554865900383141
1.5417954545454542
1.5445542168674706
1.520714859437752
1.5349534883720923
1.5453100775193807
1.5371843137254904
1.555811764705882
1.5293411764705882
1.5369920634920633
1.5396666666666676
1.5398837209302327
1.5411860465116278
1.5323052208835353
1.5316666666666674
1.5374901960784317
1.5428412698412692
1.5447126436781609
1.5447698412698412
1.5305079365079373
1.5465060240963862
1.5444552845528468
1.5323921568627454
1.5333176470588235
1.5242730923694787
1.5133086419753095
1.534549450549451
1.5209242424242426
1.5319137254901956
1.5211626016260171
1.5217448559670788
1.517035294117647
1.5355058823529408
1.5372222222222225
1.5204279835390955
1.5327008547008563
1.5359851851851858
1.5295333333333345
1.534133333333334
1.5302222222222235
1.5402490842490846
1.5327222222222223
1.5274216867469887
1.5223095238095243
1.5469696969696984
1.532492063492064
1.5224552845528465
1.5400156862745098
1.5323935742971897
1.5162916666666677
1.5668122605363992
1.5322397003745332
1.5269808429118783
1.5662835249042157
1.5368939393939405
1.5476254681647956
1.5369444444444451
1.539066666666668
1.5203950617283961
1.5241234567901247
1.5403589743589743
1.5509629629629638
1.5783295019157106
1.5763875968992265
1.54178021978022
1.5338636363636378
1.5359250936329603
1.535617886178863
1.5281428571428581
1.5171898734177225
1.5368373983739854
1.5159844961240323
1.5161742424242428
1.5270431372549031
1.5623908045977029
1.6171703703703706
1.5436595744680852
1.5440638297872342
1.5387407407407414
1.531617886178862
1.540090534979425
1.5449469696969702
1.5530296296296302
1.5941411764705897
1.555356060606062
1.6861317829457376
1.6863820224719106
1.6903333333333344
1.5883555555555562
1.5342835249042157
1.618967032967034
1.6497078651685395
1.5646666666666673
1.5703297491039425
1.5765984848484855
1.6813857677902635
1.698763157894738
1.6207041198501877
1.686868217054265
1.5633712121212129
1.6067049808429121
1.603370370370371
1.5475177304964542
1.5802045454545457
1.6608500000000013
1.6543218390804613
1.5287469879518079
1.6018352059925096
1.5916470588235303
1.6498333333333342
1.6322518518518523
1.5332584269662932
1.5828838951310868
1.5330000000000013
1.5401720430107526
1.5057119341563794
1.5593824561403518
1.6837154471544724
1.5265634920634932
1.614047058823531
1.589810606060606
1.6195294117647066
1.689823293172691
1.6947596899224806
1.6940569105691057
1.669929411764707
1.6409272030651338
1.6525542168674714
1.565843137254902
1.6725813953488378
1.6213256704980858
1.6323089430894315
1.6048014184397177
1.632787148594378
1.6860406504065042
1.6840650406504072
1.5249555555555563
1.5367121212121218
1.5824000000000005
1.6814852320675113
1.6306260162601633
1.6896224899598402
1.6471742424242442
1.6798773946360162
1.6561825396825411
1.6767333333333347
1.6668863636363644
1.5818030303030317
1.6185176470588243
1.6000542635658923
1.5413699633699645
1.6833333333333338
1.5227240143369183
1.5913493975903616
1.5346360153256717
1.6834531835205997
1.6372553191489372
1.6686509803921574
1.6347499999999997
1.6062546816479406
1.6117725490196084
1.6754166666666674
1.5941472868217061
1.683258426966293
1.682989010989012
1.692753968253968
1.6837875457875462
1.6898313253012058
1.6835333333333342
1.6687054263565895
1.6893571428571443
1.6781399176954745
1.6765098039215702
1.6859851851851857
1.6805666666666679
1.6404615384615397
1.6859625468164805
1.6227925925925935
1.6686666666666674
1.5717289377289372
1.6764609053497945
1.685863636363637
1.6386227106227116
1.6888174603174608
1.6908888888888893
1.688418604651163
1.6752954545454548
1.6870588235294122
1.539324894514769
1.6861176470588242
1.6370077519379855
1.628108333333334
1.6776078431372565
1.657066666666667
1.6874186046511628
1.6921860465116279
1.6682456140350883
1.6941181434599155
1.6982136752136763
1.6903218390804597
1.686503875968993
1.688898876404494
1.6891686274509803
1.6794056224899607
1.6856038647343