1184.9173129703424
656.1470375007679
1070.955646570924
881.03131345073
1047.3839190004603
1158.2046316848134
1219.8702939362008
1181.1206397544545
809.3437148477406
926.8993585601382
1305.426607725001
812.4140829641374
805.1105113225794
964.1830769747148
1124.8273522306283
859.1109556719997
1172.901225832168
1186.9289191720516
812.9227844620892
1087.4958004987577
895.8094802203981
785.4064688609313
507.5741053223812
808.2825368394147
1286.8325237746324
936.8494832670917
870.0553741924908
1416.708961673268
1344.62153369293
1379.3432479101523
775.5210059342795
1139.933910588297
1233.1548070176066
763.4002615707083
863.7823510383192
1061.414343026413
1065.2317012611127
1026.7308853671818
1264.6909753746088
616.965253021258
858.1584037161492
973.7636182590417
1123.6980218085175
1534.5271419816906
853.7564333381861
998.0776414773396
1392.6658007124786
1041.0295254944442
1012.7479315971663
921.8185691931013
1025.1647680820022
1256.9852439092826
1103.989074848804
1241.8946383056734
1295.685273568908
1295.403835302791
818.8662696360769
938.3249783292407
920.8539799610479
732.7342431327587
805.6873421287105
1220.3122695524141
1219.006451528925
1141.4361364540764
1348.8287947160236
1035.2080622296237
947.2265669233906
930.8284222702123
1038.0239815096677
1256.4261607693818
1085.5463823829182
887.3386825470976
1292.2841198410908
1110.1503933509287
1026.67880702774
1366.8090793620977
1006.6376218443769
894.9492210074795
936.0944961288297
1067.1676810851802
833.8352247436977
760.4114636944474
1430.2358976439582
1591.6353744631863
713.1773954336826
716.5826856664813
819.5610205201759
1107.744498679371
1431.5302422287093
1183.8462579101522
1235.1523634297107
867.0126302461798
1138.270716358263
870.7171751017362
1058.430957497105
1015.1997105917868
1247.9256423219608
991.5423263115608
1115.0586075935312
785.103661880827
1029.8625808228942
1089.2640611833938
1182.1674873597296
1064.6882437599481
827.6735558338022
1487.510701217633
968.2467113373801
1265.0981574045575
1146.4502905853024
1167.0865790579783
1042.3173056008307
1443.1517713006644
1213.1862113593754
1144.5676822490798
1303.189750490584
948.4843088662507
1167.5343338592613
1205.1834111239148
1086.62066010206
1031.5688743084947
1385.625628836617
1494.236131010457
915.6341358014852
1170.002889338488
1389.7947935249083
1113.2366554435023
1288.2307200438536
1245.4315973336327
1245.7429046216018
1152.4611693881918
1265.8845189672954
1090.6087574898079
1232.4817786200445
983.2154125766334
1037.299890129164
1225.1615803256618
1070.0417931291838
1290.3195207714255
1262.0026016732265
850.310384463573
1101.746500533557
1069.5690076033513
1699.5606166910336
1226.2822202483173
1169.9464001067256
1402.3726851851852
812.2797704502556
1160.7225822713146
1342.6080956040562
1128.9236217460245
815.6068579801313
1214.342355025567
1181.9994192656457
1370.9878360445648
950.647263895632
1162.4011755847955
1296.4511979139804
1537.8589571424575
1086.0369298377027
1196.4796522568759
1350.563720140275
1252.8940361556486
1072.2360622107365
1001.3640476364636
1348.235353187012
1523.0124030510622
1042.2906890626775
1224.2557086049749
1110.8690364983424
1130.8242454057597
1311.3205802720668
1324.0419272006325
1083.7387386779303
1333.2895175188678
1303.3867736876161
1672.8659942912254
1312.5791492685464
1127.4630460457706
1314.1946916016707
1027.5276351712312
745.164346062244
1267.0988049351997
1111.0830499915446
1317.3839085297416
1393.99653762884
1289.0597694068713
1401.1957799621132
1299.8947111184232
942.0324320009195
860.1713022780835
1327.9525504942603
1062.6529917166151
1320.9778042783407
1083.404234843396
1351.274633502527
1381.4835203243508
1400.2652991940822
758.2273576310808
1179.638076264374
1327.2603742890426
1336.0412449895848
1291.9566201020477
1131.9702002010147
912.0020980947662
1099.9154995622544
732.9703282828285
879.7027620089402
922.9186326937191
961.5067920027063
1339.040899629266
763.8888888888893
1374.1218412498692
769.6558487124171
1370.5648265972889
1145.0212576950876
900.0157828282827
1354.4815142938744
1264.7962603039784
1363.6325435641586
853.961016995787
738.3397495100595
1599.0318766938701
763.8888888888893
1277.0023106748388
1353.2309282577974
1388.8888888888887
740.5740093456237
1363.7676413406798
1329.9464398235666
747.6363985879556
981.4753919318905
1046.472510572857
819.4610775674391
1082.712942574534
958.5938279030594
738.3397495100595
989.9859165384228
742.2047799656066
1370.99984931539
1349.3171735227145
1334.6567028812822
1345.9016853198723
1003.0233127118939
1104.8418209876543
1332.075292332041
854.536100647335
1329.9464398235666
1273.8920394875024
1047.599495179668
1192.9010219930078
1301.7184903465486
945.6649147622462
1064.76715962092
1368.0204826038162
1388.8888888888887
744.1741168279914
747.6363985879556
1346.075675496755
1343.3865483852935
965.624618417974
754.2500089017076
744.67232815254
1380.1290525022698
741.1671058744988
1346.7790548704777
1381.4835203243508
1542.1001135012639
1132.0230704756877
763.8888888888893
763.8888888888893
1349.2009283973937
1215.1355125436883
986.0988758473553
876.1223344556676
1353.407668265647
741.5443670984982
781.2977170507284
1357.357128441525
744.3556099763769
1178.8234506809767
1340.6656333083708
1354.6845170691818
1163.5428487841793
1357.717803030303
1327.713214931757
1589.8391674294444
1054.7766917298939
1653.0499578063766
1586.661922678238
1328.5823575286233
1395.596590909091
859.2261745802847
1380.1290525022698
769.1403849008769
841.5469574639127
1266.5210303941628
1322.386927006252
1129.2601293785176
1349.3171735227145
1701.0369209457583
725.1343561884596
1045.0211456123357
1396.691508237174
747.6363985879556
739.5756876725733
1360.4623486102817
982.6482356816038
1129.1991667928808
1304.440107805586
1381.4835203243508
1353.2309282577974
1077.404669532697
1284.9505053833368
1246.0181056227632
1696.3673557072943
1659.3970604701892
1270.0192593887705
836.8418972677387
1079.0841326276889
1307.425112613841
1359.5295515710739
1066.4499583484858
1187.417605041891
1200.09764146789
1236.0630526720493
1040.736761797663
1161.5966873812397
1190.1420174748228
1217.573834245252
1105.4123813296308
1368.0204826038162
1175.317917677469
1255.7685134298026
1103.7259500732887
1166.8739922290854
1155.6939923561554
1198.0595263344362
1236.0766089446806
1165.0488149542018
1416.9356417164984
1373.062233465798
1247.1115503382441
1165.9879842568455
1133.9518443282916
1425.8346108102598
1678.1646281338092
1551.0718290010498
1618.1469636775284
1280.4490922118318
1374.1218412498692
1260.53180994606
1160.710196944948
1222.1198121212813
1254.13332013768
1720.790060545916
1186.742853097119
1326.1325180021838
1299.248741402467
1265.2489886994492
1229.2939337451778
1117.3697556938039
1201.8540026766211
1158.664815280948
1179.638076264374
1233.69238943252
1147.1743598728171
1202.0798558264485
1309.832756632065
1345.7332232639333
1210.5483904791865
1223.7615911172882
1324.981745595119
1229.9553586273507
1238.0830709978045
1135.0407718427666
1135.4353093421366
1243.460158886508
1297.5905612704853
1734.1596413882646
1305.8227117426316
1339.0252036669192
1800.310419112151
1339.1662598524802
1256.0883108746257
1335.2939140396586
1327.7270830226653
1832.873555528573
1356.6445646429754
1298.1549403816941
1697.5976237499262
1437.0544277509
1288.840563458499
1462.1781808051103
1603.710718294052
1359.215640554904
1380.7706399684685
1493.8501008816372
1334.7934597523627
1259.6239208695954
1255.7693354982177
1525.2404223811639
1784.6871492704831
1681.9101062704915
1483.9030664190511
1782.294363610062
1812.804293445547
1463.9665289040358
1505.1984469142437
1184.2460598043
1176.8175828365381
1359.984372449441
1539.403153904569
1335.059950940868
1464.2916505553615
1361.0298910158579
1515.1687465540626
1682.7691450001448
1484.5107849492094
1507.638519050032
1391.1648125270865
1286.6579507237277
1354.1381205422224
1134.803102390689
1157.7873500834364
1204.2789486561117
1105.4078000104405
1344.2469872566141
1270.4216668966621
1651.0160652255834
1182.9749748239049
1242.5509419454054
1227.4264348422887
1213.7458184965587
1301.2463349046786
1271.5337797657157
1277.8374420241641
1301.4875675598385
1544.7851881617462
1477.1237858293537
1214.9002305096976
1246.963807954056
1644.3913567493116
1131.0069685736707
1091.379500394797
1556.1838939319894
1538.9679213512766
1358.689075386734
1603.9146025809807
1577.0441986878775
1462.2084035454334
1316.330565371343
1693.1041452190987
1333.857923533047
1119.6872581929254
1615.2756072347763
1364.2301435239465
1268.7199753340149
1160.0395180790356
1087.8141732192078
1180.505256157522
1353.077745825552
1658.0737770479197
1642.8934471369523
1499.7870882066973
1236.536982138324
1204.0092203200386
1593.9160495204617
1429.0885214733837
1399.8090139809901
1112.765231560696
1688.9637541213485
1414.4391579990886
1200.953028472286
1123.833150515874
1711.9741434785803
1130.9586194094566
1405.8540916908096
1188.0336331984474
1268.419079659394
1520.8357274291272
1546.5044612706354
1297.2969307880333
1231.7962188172262
1686.6641307340224
1164.2583371842236
1173.0079162627487
1297.5183131555884
1203.6457730686484
1132.4036417813356
1268.419079659394
1237.5126261646208
1137.617076354464
1099.398792952406
1570.6230718196682
1453.5235494664767
1276.129415017263
1441.1990190713523
1479.3967924335568
1530.5013743168718
1370.7655358342556
1175.5514453660276
1335.4942205570187
1292.432687602338
1167.1603487998066
1196.1079468436544
1241.6848632605381
1578.262527344539
1091.5972093471803
1279.0036853598294
1077.7601685911857
1157.039357638965
1098.1301759131745
1203.8362576439529
1590.0950624799386
1623.738235988095
1176.731958410971
1253.952576693929
1201.7828583929447
1641.662805509898
1170.0907157789609
1137.1979930940652
1662.6690783265176
1149.3115344138043
1583.8903088933773
1075.797500433059
1058.561273220182
1502.8478157671898
1573.9538804320428
1571.5310721616643
1722.129481288276
1112.0905252191626
1158.664815280948
1093.4605571283769
1071.3133769929207
1338.4491519649328
1154.5864978425336
1060.783215486988
1123.5102606682003
1077.913322305885
1208.9416860288209
1133.6176234165055
1106.855969908166
1135.6646220237337
1158.0118690464672
1109.5544034329457
1673.9455629008314
1671.1400898631643
1473.264299689802
1112.7702930956477
1081.0037873402873
1127.6862646770435
1128.1038524772096
1179.077502157276
1163.9307315336855
1073.0786793305952
1087.832339751757
1103.006845613614
1090.7931701747912
1164.3197655814472
1156.595919095565
1105.3109788709655
1163.7631848594635
1139.9144003736642
1106.9715864308107
1159.5428967244004
1094.5713042898592
1094.4783306828028
1098.675103065668
1147.1548191736874
1103.5592252101096
1494.1623854104394
1327.981204366954
1636.6597284600218
1178.8118968334365
1258.0326148140616
1123.556954752482
1152.7319503937144
1141.3884062681761
1159.3641927665483
1117.736364818585
1177.0924043738796
1112.4326893086677
1057.8742442174837
1156.9939697544455
1197.8134157115494
1319.6074217393223
1252.3817230722136
1090.3099435610475
1121.9440474028152
1168.3128608299724
1116.4521581029503
1085.2691868485292
1201.0323989959613
1153.9306895872946
1103.651843849649
1092.3108964791586
1171.1092425436132
1163.9561459054578
1136.3735745234524
1175.5688704131348
1166.57972801165
1097.6008630890726
1169.5532454854942
1042.148183798578
1112.4959232563983
1152.105360184107
1083.6637586407253
1144.4082848635508
1223.1461903582315
1097.5987771797688
1196.8986213937872
1555.4890539784692
1157.544846417429
1165.7032997738486
1167.4118157001933
1122.2296199396399
1094.9285769512255
1056.7348704004535
1173.4690271631214
1051.834507647362
1060.2186197289082
1082.001598269266
1090.7706818205477
1157.814535981721
1102.351318474776
1169.7221262638468
1113.1373940978945
1141.938314459019
1140.5866377874952
1172.752442429444
1164.995543031637
1180.1773003721285
1207.9334894444708
1145.248292071644
1090.532344546317
1176.7347701671852
1206.2481167200501
1216.5167285160317
1144.110942145532
1046.8350410953128
1161.0633476634707
1103.4779448503118
1221.4853133225417
1159.6664869189174
1165.7460704018752
1097.9862099658135
1093.6573115332487
1098.8003916877942
1153.0232138662607
1112.527136762666
1134.433962055987
1109.2071712261388
1216.35158910401
1113.9873124036926
1149.6011957053884
1265.3226190816627
1500.071100783622
1390.9119606724496
1133.4462498986043
1035.4350768759455
982.6280918199809
1590.2075629199269
1203.9498036381656
942.2867588209724
1538.4771977312623
1117.9583646177946
1082.7426045387997
1150.7642861604352
1634.046877035533
1652.5331166334627
1083.0193758034009
987.5702931900178
966.1457836861854
1036.5113068400262
1138.1985949459997
1421.3592681869197
1449.8638139931606
957.024609693983
1011.0815274790126
1249.8136990779135
1201.3222020876094
1399.048936009287
1066.6675912068856
964.3355323025511
970.8617364571998
1071.9648177583388
1243.5503252395686
1187.2944801153687
1165.248223670392
1485.72413673983
1088.0649051064274
1142.5151937924563
1056.6084722659118
975.4417156386136
1146.6894644689226
1508.4266387462196
936.2985849746198
968.1888327721659
1452.857773984386
963.1129635454894
1473.1857062104139
973.7321400364126
963.6388000067003
1346.8137761865196
1287.41748711248
1271.0984932333367
1232.1618901256104
1261.5682197305835
1224.0231404594258
948.6397000839188
989.3266575792526
923.5900138314751
1447.2051668995082
1090.9967711255642
1147.0309742376758
1134.9579567692356
1234.0283470650722
1239.2248950981111
1232.6710819648754
1374.4480669401285
1334.3900011615224
1151.0609386298331
1435.709878141829
1280.5776843925962
998.4140715109571
1191.5309018984942
1303.0309181033006
1213.9229698971742
1492.5539400814976
1476.6988650118146
1092.3375326768808
933.0121736571615
926.7414630736429
938.613145693071
907.7237336308116
1447.401594822388
945.6940410889503
1154.3956699891419
939.3393250812296
915.4614385491509
1273.9597135240417
909.1644553798578
962.474602880941
971.6761035965186
963.1129635454894
1398.4032682915984
887.9750424826021
871.9206609909512
1370.7967973865068
940.5265516214937
842.1695336694921
1266.4247452715952
1480.0470098913004
1150.0071138846433
1120.858337844473
1156.9939804870653
1175.6674727917568
1020.1358741775849
1399.3310877090407
1212.4035925956841
1082.494351513027
1260.662221459642
1408.5293568676477
1171.8221205174154
1239.8840183206942
877.2006713807431
1353.3290726118923
1466.871263665984
1447.6075635245186
1180.6507120032459
1141.241123862264
981.6744698224026
990.5089115005625
1071.3312098255278
1143.3582988980716
1229.1306099622047
1068.5845994836147
1451.149079371089
864.6918371748312
1367.194629110865
1405.7933811482624
864.4962989478609
1075.5399226616591
1091.5719884564478
1288.332400050323
924.9362927799542
1100.3421615229577
886.9160668405258
865.1782826870643
1365.390317853913
1315.7099204627054
1302.990519536604
1200.8543987284684
1581.6766112337573
1423.4062456457852
1602.0708709430473
1290.435796647706
880.1367067385181
858.6880742398615
868.119792071791
847.6777596267804
1141.4475323962808
1065.6765214948039
1220.3528257458415
1288.1181506827431
1290.0278775125896
1201.4697251082853
1105.8510183395852
1364.1949963503
1384.8554994388326
1026.4454819234152
1113.4951909312824
1142.154810952463
1028.0751171927045
1120.7821712761327
1105.0650313307724
1139.5136549942806
1197.8079513961757
1135.274354236173
1142.3779059274125
1324.520698301944
1233.0419874959973
1314.3089235017535
863.0316380125964
1291.370041211084
1312.5063180307616
1090.7830504715148
1283.004604351928
1351.8317528538598
918.6824052843613
1199.3012458277153
1330.0780017164109
1195.3863320338332
1342.803592385129
1366.3032676365356
1332.8246841659698
1160.954147213331
1182.8064515243998
1377.0876416235285
1355.4044467981143
1140.8576410182
1287.8555913916296
1320.6737996521572
1338.9060524744527
1256.2372644891473
1344.9423103378408
1354.623792779954
1310.8658479278872
1127.7855645238008
1176.984447952976
1314.8571953747771
1219.4536844616293
968.416203695998
1072.2207936780253
1342.2146227085698
1340.3660831657432
1358.2215549231585
856.37936005665
796.0760978340958
978.4471232289425
1062.2078599400563
851.261088669184
1225.9326199219538
1120.173260275845
955.9319362081172
1180.4603972141338
1042.3555417309087
903.5630848264374
931.6832906051383
1023.0392820656131
1078.275145281304
1031.4025035557374
1074.1994127844084
1109.7092781298857
1059.680682820833
1482.474418331756
1149.5134875651015
1087.7240920143763
999.3537860028177
1070.5813959081997
1077.5527524372399
1113.569399856167
1262.0264581175322
1170.952470020389
989.8730428808243
923.4828293312274
1506.1454860741533
1547.5840766258973
1404.6958167240707
1565.7562673077516
1563.809403688337
1124.598587992946
1490.9483016709066
976.1895629233367
989.9859165384228
1105.5312543799816
1542.3523670657858
1122.432591529923
1578.1778823375269
918.1269731581433
949.4685482450242
1030.011874604809
1802.0482603815942
1808.0665174865037
1479.2363295037105
1648.6963676000287
1584.8381914027807
1538.6075438079868
948.54797979798
1571.684801703538
972.6796026392334
856.8902795979196
931.5814393939396
1395.7534966605463
944.1441073574679
1271.7766043177924
1680.4126622381675
1677.328377238283
1622.4126142204316
1633.8126298615236
1655.3826422626887
892.3062013656539
1673.2377937841768
1197.3937029190581
1557.186349102695
1589.0728939521703
1580.5226886838484
1672.9903238307713
1252.815794411889
1290.0869857494151
1283.0906435268278
1267.0341367383446
1134.4348522821754
881.9259205419688
1273.2382821277674
1280.2445998425812
1229.6376342851106
1668.861626196609
1708.277613672084
1175.2423062443033
1172.8765795985785
1216.340240184458
1838.4459313213356
1671.826100536189
1228.4042213925352
1147.5619918559262
1134.546199665023
1348.1327536079991
1226.3257575757575
1682.6339152462406
1599.651647427331
834.6193047881211
1129.0875995935814
1049.1529697849935
1693.4382526448733
1079.1802215338269
1209.8117027209482
1190.3018939122119
1612.0465993081577
1245.2967955236963
1214.9520456311147
1131.8635896731068
1185.6148801268678
1120.035816917091
1207.6772407589226
1180.0588638744364
1295.0365772215855
1073.302906961367
1215.9420167407927
1092.6277776418447
1655.4021389617312
865.2733979365366
994.0210712204002
1100.346922420881
1237.322108467795
1128.0972173987911
1121.9559789111274
1174.2462167328806
1455.1168862924176
1358.5268308853094
1647.9627080321068
1268.1641232899249
1444.6987233445568
1437.2678221368626
1361.5124651076574
1785.7665531095897
1661.4248475991355
1122.205800991692
1121.1408853076289
1636.983550771556
1606.2863388857713
1596.2356741905317
1564.1273954178296
1571.89942679903
1753.005895802736
1022.4726130880995
1145.2714007197917
1132.8353871923835
1259.4750663000245
1181.4823167305503
1213.0969773353752
1136.3322014874282
1355.4364428489973
1145.091442734067
1738.776400652325
1695.9715199764203
1295.7433637439835
1803.6927945704294
1262.3583196946622
1271.7445291260499
1259.2525698901238
1730.2540270189686
1686.8069855574547
1239.554681412708
1155.6864278960236
1198.5568942191828
1319.967144532455
813.0156794077576
815.6167348531627
1433.7822671156002
1384.6111113538307
1122.74654158525
1123.7076477363396
1167.1155267410966
1194.2984825012518
1590.055228548742
1133.2067166101847
1743.2055704495663
995.4305295487229
1052.4696496277768
1077.7687316104796
1139.4713685339998
1239.4517876989107
1205.9732816923563
776.8425624803518
1077.6173535575888
1130.4586153954212
1133.029259140989
1120.1979316242089
1691.3963810880311
992.6759319934441
1580.042467381456
1142.331595881749
1099.1892173941367
1421.958550164128
1125.7171065877897
994.4541213727931
1026.0308341935945
1567.9662108177115
1571.8724262712287
1100.2567000260199
1050.7438808756299
1113.8853385661869
1727.2033979162923
1158.039815821411
1062.2010925054237
1124.4368882588778
947.5091355420108
1086.421814173145
993.915177696426
1034.0010582942223
1496.8709648245667
1118.5208238010812
984.4463971691125
1056.452581731087
1088.1809268266547
2027.7139245243568
1128.1153285750206
978.9816290882
1047.8911438929206
1086.3250897664564
1035.6570037049707
1206.8252132955038
1123.5668282053646
1228.043092824588
1402.6920889982175
1406.4657534879661
1044.1803937337552
1067.1002843566082
1335.3589370466382
988.0847617590043
1057.3756122856298
1007.0998400170309
1007.2861913723021
1188.6707693411852
1165.135492321094
1239.5657141576107
970.3114458783298
1159.3944405072295
1030.5346039075528
1127.4720213641015
1075.2024310998256
1457.1550500146993
1149.7277130058126
1065.741156777562
1608.09272474085
1042.348718940395
983.1542500608953
1492.0313004362852
1450.8033098440744
1427.491350466652
1626.3092719804038
1501.8418147743007
1600.2733566441032
1614.145321371945
1574.5893650882938
1555.0723330676735
1528.2774461055078
1553.6476875833996
1562.8079494035753
1505.4367073259555
1146.8695796347308
998.0640660732075
1070.1764103266053
1049.3857308061185
1261.0677145392272
1100.179846039712
1106.6262635971405
1038.599967860859
1059.4958952179516
1182.631648387534
1074.8625562844197
1030.620948572086
1717.8848019136176
1601.41196838278
1209.8257611683628
1278.1791067195252
843.1335453905391
739.5756876725733
1075.5075983900635
1132.7219629096533
1265.0593895662103
1175.5544742406767
1973.6150604583236
1307.6601422812234
1181.1171349982599
1532.0653653212432
1128.0444419803487
1534.262351922019
1647.9133428884518
1527.6004406894153
1713.087760336358
1626.05387095622
1526.4688893974198
1548.5872557541759
1584.8362773179767
802.4691358024689
1113.0817167339399
1097.8981708975746
787.7613751324366
1404.3269813164834
1502.4746279147232
1495.3124079171505
1548.3355895614684
1608.0819502053594
1001.8213555798587
1474.9466215727282
1139.9284532746644
1580.0173969077307
975.105700215246
1095.6913081575824
1013.6853345784052
1435.5284410054737
1676.3625757400448
1005.0021877239607
1049.3660464033085
1076.984732108717
1080.7097652774364
1074.302565548324
939.4297887513567
985.9695620731542
951.9233395637892
1085.6844680221764
1842.643578993743
1317.723653542662
1526.3329378224014
1098.895430397082
962.064895947869
1054.2580889435883
1055.538968412454
1850.2535338728392
1036.2033152423542
1042.7189866067097
1476.2755153308171
963.0180785251001
1000.7510327261243
980.9404682043302
1017.4330600547647
1084.9599577381782
985.3878045731158
1596.9770659411986
1172.354990366302
1113.5358226457367
985.3557330672776
1058.349584584475
1582.7365084206856
1548.5690726005787
1052.754577792276
975.1343806929498
970.0818770590291
976.5499089316851
940.5260191347306
994.8134810717712
980.6672143829177
956.2833572911285
999.0530303030304
1472.6608719963958
923.5957453904648
974.3555523283775
1410.3341883313817
991.2401109636631
977.2841816946562
982.44007598576
997.2923561163934
1324.1790322096615
947.2488142565115
928.4193185605955
946.7173530483651
934.0556351314631
1530.2617666135357
1546.7779508318092
1469.2853705737743
1486.8226733404792
1399.1707459568224
1423.8930358957343
1298.1485399325702
1312.0590890464846
908.4480999644898
1439.0935439539528
1249.370404124306
940.795483973072
1525.7920656629667
1468.08171199113
1660.7377283883964
960.1248319145408
1089.733788156812
1462.2291193258643
1436.09408950801
938.949186453151
1358.2112233098449
897.0350566935853
1568.9536022903224
1496.7456157207087
1454.6883618567465
1031.4470624080182
1512.758770724505
1882.6618044581935
929.3717457094443
1277.028440233623
1013.6306841363001
1104.7618022814806
1654.3193100551314
1607.273419714559
1648.4877729641028
1561.345172309487
953.8109055788249
987.7311505004959
1497.1398025307838
1035.4409624525522
1460.8329885552423
1467.3482156434893
1549.7793526294372
1710.633624895461
1461.1893384056402
1028.0973550342762
996.2227317093476
945.9937443711169
1180.6318862983671
1367.9525727740556
920.8118967642458
1212.0883802499793
968.1244569705303
911.0378909459137
1437.708288262237
1362.1795332557583
1459.8734669793741
1399.1566188334737
1400.8684366466866
1318.731883755771
888.8179951726498
1468.1774478867385
1257.9009155059014
1194.3325709905066
1396.4819110800547
1392.985150935273
878.6983170108842
981.9144487410191
1316.1337910029295
1257.6696630641702
1071.4298541323853
1396.0045992642927
1089.4089809400746
1069.1490901725215
1190.2371957298285
987.1048267409233
1219.635386691692
1519.8992565186672
1343.843494219999
1222.7372619101864
967.898373490341
1203.0126075601702
1024.7188851251042
1076.1080993235873
1029.1157831411995
996.8712955813686
1158.8877048534084
1147.5088647408566
1059.6494280833642
1273.768064811847
1154.262021971385
1123.112392991971
1227.804806860288
980.2674237536567
1527.077905551551
1351.293790109519
1323.385262701212
1192.6878836894266
1262.3607041398136
1024.734254785703
1631.3770725871857
1012.485705797192
1000.1862309636172
1185.9821402435875
1100.8622009039188
1555.4613615038509
823.1494534014723
1500.7001164708963
1776.253475796012
1528.3625564531505
1771.6804535910803
1693.766537417473
1425.5671977462714
1359.6240439708163
1544.3112520857512
1494.0388757381882
1458.6410941418171
1400.9851355624248
1353.4330647363738
1417.541536595679
1338.5594471692857
1457.7743960288906
1096.6880558664245
950.5959246443678
1569.3469350879677
1820.0461261556823
1586.9320050984818
1650.9203730733334
1363.1484425005708
1546.431698145189
1372.0697197904376
947.0249800662309
1280.20654795414
1741.3929381774567
1335.1428356648332
1733.2532273590548
1535.0839831473702
1339.0051627938415
1476.303872801198
1399.26753131869
1656.0738149889974
1097.8333914327807
1309.8415278491298
1590.103054389978
1617.0459210251793
1734.3230864197656
1191.8408142036867
1749.7369853864075
1075.400596363517
1644.1649012779083
1353.2416161854467
937.1210310261055
1036.8269413278622
1403.9941934512717
1011.0630797659796
1073.5391711619093
1395.0317229455252
974.0431767097139
1028.4227772141335
959.5905222923767
973.0080228660973
1386.714132820338
1397.8384354493521
1043.9062495035287
935.2204735207283
942.4492000454374
1069.0190801480942
992.7157422040065
1144.8233017053183
949.9540539956787
953.1443215705398
921.9753368856858
1554.5329980760737
1346.2076564340175
1017.7206336900159
956.3172067923301
928.7429033127737
1672.4702287761854
1013.6426003246105
1340.8195342325992
1350.4681827354018
1432.9166011301375
1148.1459012620123
990.8741453850304
931.978307836553
933.0641900490259
1370.8727164483164
923.8575865838328
1683.5481323156725
873.009765355296
974.3780117063119
932.5481473314718
887.3888891316083
878.1784778564487
1485.9293634961605
1099.7625762177213
1316.6263572181429
1456.8482630250285
1398.7777149375688
1308.535793850391
1439.9889881833885
1407.0382844000187
1504.9125956472592
1373.845079592166
1203.3440792314284
1390.2105212842946
1218.4956911833467
1465.9362076789002
1317.6476498872798
1396.0901678214611
1224.8900570951453
1192.1345060769042
1200.4364245628474
1065.3158134361656
1340.5571770262757
1342.059872306277
1313.4125691401812
1420.6938981137093
1508.3782114091125
1361.9362431572622
1446.1946108691297
841.1617445180863
1267.5316558883017
1235.7686177712746
1208.013845493066
1703.5273849899415
1314.0568883839194
1166.1487773494987
1306.979703374069
889.7859328624048
877.1940508859878
862.6534356135185
1365.8239309278226
1168.667253588981
1201.995188294522
1351.3663882498752
1078.942144151618
1279.1387834545503
1292.9618913968823
1111.3160315278012
1217.415262321177
1195.0910795833315
921.6821114099026
1100.284306373417
1176.3040071896555
1125.7439739599886
1088.5226985557297
911.4181467253712
1175.736902110266
1218.5327174161096
995.7963967409287
1359.9678117682013
907.3195100720569
1154.8168792001586
1237.0523856405591
1235.2781810615531
1135.5967509988996
1359.8305236136841
1141.0923593049185
1346.227484524966
1100.8743932765303
1159.564681990344
1225.6482601266541
1173.5851704556192
896.7050903595745
1389.0418097121583
1132.4726911257997
1105.589242980462
1102.7500883539412
1323.0809942074163
1071.0416342556857
1252.357041727068
1359.9968205377002
1201.6370251974306
969.590088397253
1337.9019082902594
1184.4500798057195
1357.0449876416114
1321.2588487129658
1363.546502298862
1044.2430657434131
1289.1403177667444
1267.8977147008243
1097.681823875802
1271.6658860251466
1217.2167933046933
1307.084883997564
1426.9478959141588
916.9088454535921
1170.3094951117937
1024.7452483684244
842.7036311975979
1647.3292777953684
896.4233152141101
1349.3662629256492
1236.6990284191052
1427.5941331912684
1449.2241391694315
953.9714537124397
1356.3753779473054
1189.1790129247006
1377.1490965683506
1382.5724462876012
1268.7457438711742
1211.5001157221957
1214.080448439804
1301.8463018125005
1280.4163655034745
1349.7309868593359
1221.2895281326323
1384.142014107498
1204.838353267981
1173.5662611736655
1319.0061738837219
1213.7793838186856
965.3506576976865
1212.60979446767
1298.9633337283153
1225.0868593648029
1419.4257875029216
1064.9263101620006
1192.6494791056768
1172.2408950168735
1544.8457900588967
1146.6274774805195
1461.950405614082
1216.5096021098666
1282.3165444061417
1475.5044475680224
1039.6313019063643
1165.8148072730908
1357.0626516988686
1109.9738955184132
1184.8307268694728
1287.2940770677505
930.75133908287
1342.3685234948887
1045.1696670848035
971.610464638294
1491.8384774843762
1051.2008539195056
1078.883137172073
1156.77011862592
1034.9312732557103
1082.9581314141396
1559.6408542871438
1088.8897392679241
1779.5840906598835
1543.5170001577
1192.6474909503806
1099.217321609556
1051.6370564322035
1451.7689375745358
1476.3377224826902
999.3965164912461
1600.0639405592535
1244.8795232587227
1111.1253010170785
1114.0144599509508
1549.031741634696
1069.8881468542722
1629.795036690239
1613.3731586840447
1633.1565316200602
1149.8090541683184
1671.4574441475515
1372.6661616570743
1091.9940483094763
1410.1238091746345
1544.617447462893
1609.5171829762346
1687.1428843469755
1536.499455961815
1241.18225193774
1223.5248668295587
1130.4067922902793
1574.8062043029756
1045.1739899394524
937.5123928717286
1490.7648008959368
1789.9945375396703
1616.0736153900673
1744.2502163834215
1301.1109633215162
1269.2542704250475
1147.0912052749898
1445.7685455857943
1108.8149033373486
1494.6998687898783
1482.3483363955659
1001.0880708331364
1406.9789305250713
1539.4518156843321
1527.5979123547388
1036.3115641626382
1500.2936469590222
1512.7792126687734
1568.0072996352385
1473.8232389593643
1532.4372652174688
1369.093923227102
1608.7022148912163
1631.616428499372
1549.1152679801417
1019.9177345680813
1444.1156385043469
1523.0145711340595
1490.0812212005583
1558.8229570036353
989.0222841205587
1394.959871369643
1664.924881072783
1569.2800850518804
1033.1513705242903
1519.935942388842
1492.7658744029911
1549.031741634696
1487.6418786972638
1107.5187336447532
1367.4445395560651
1438.3744712899668
1735.730006765297
1455.1457226573755
1773.6403830694487
1392.5920434588058
1741.192523098139
1667.4905529215496
1580.5881681742928
1542.2650466998293
1627.5087653265473
1643.603309675634
1599.7137520082958
1644.304493900572
1486.1806184893728
1015.676968774429
1327.0249510126484
1464.8255103510674
1533.501654881719
1445.6755835400036
1667.8587943855766
1116.0738129573251
1460.6058549367253
1504.9263602325852
1673.9635079463262
1492.4231857741204
1531.9893360352364
1034.2843189141856
1600.0722080304533
1387.2761926583082
1525.5917319748658
1086.3706869204789
1009.9169376503156
1422.3269395455234
1508.5631071491541
1703.6688855572063
1647.9700663167262
1650.1715812424525
1413.6323373910946
1505.2577736980002
1629.8469796506968
975.3698594775577
1460.484680454385
1531.2116213626325
1724.3087745232262
936.7355827089601
1573.2372419314122
915.6494969028404
886.5016867188548
1690.658882185817
1707.928725497157
991.3266587855584
1734.1261943370846
1365.6767895570556
1544.4742638940872
1262.0478914720047
1442.0501683358816
1547.069177154511
1719.1467834076773
918.2957569672691
1376.534193341439
1459.1618900914289
1383.328265464493
922.6031040881963
916.4613710409657
1542.9724684327314
1534.4905667125902
1637.149775151973
1415.9454210948686
1437.2446985952722
1412.7056126588332
1702.2814273936867
1408.4861218356273
1423.1226215199397
1678.9334973073192
1472.0609072385953
1472.8142501644998
1392.2847750553622
1452.533946841184
1583.8052479048213
1507.7401948756042
947.4500252866934
1414.3433188710753
1554.9036975861297
1476.0424452359273
1564.5510215217407
1409.3055641099552
1723.6053558631957
1508.3259091898583
1448.4762332285343
1409.222657299819
1440.1477704177457
1431.1473681237428
1444.7137285937117
1349.0868683454983
1582.8470289167046
1008.4223372003607
1556.3698722928702
1417.6950793991834
1416.2638669380883
1457.465658511094
1617.3327837866116
1349.5741387238477
1309.0759192860314
1448.450065042387
1383.727726312966
1461.8835628271015
1682.937617894769
1060.0539468346906
1373.916437193556
1607.273419714559
1416.4366484177733
1391.0382046015477
1481.3873902854773
891.3105356658716
1350.0995286643445
1473.760508970953
1367.822493722336
1605.0677810257077
1337.4280922667758
1571.3334535877532
1566.5136082670836
1619.4161165249116
1614.4512274760718
1438.7363639158193
1239.49285965184
1249.021052900409
1365.887659378169
1649.8326511715495
1379.2542852704364
1612.7452954504677
1557.0992779390863
1667.3781907792152
1545.2209029382304
1572.4443240207809
1537.3057563813866
1572.4443240207809
1729.9851293394556
1278.7207924486388
1546.0495731239137
1333.5354460526266
1468.4289000991037
1358.0761594116807
1512.9234204975091
1497.7538715014987
1498.3854510797535
1673.7833418596865
1454.2940775578136
1379.629822557163
1477.2868479525268
1335.212910533708
1422.2038725313926
1333.361819476644
1439.430067257634
1355.8300045525232
1499.1195035479466
1483.658749276836
1413.3284753084529
1375.3484826615602
1568.9458606279595
1498.818634991032
1516.6848344127957
1364.0027001278656
1384.1861694422862
1330.313726310484
1244.459179049335
1422.7044459226997
1465.6669548086893
1310.7456841701353
1282.6944783971292
1608.8740246673508
1249.8057726286754
1575.12711142464
1505.4480521084613
1260.262437802053
1548.3446918517059
1482.2983985828487
1674.4211073223814
1447.0961084593557
908.9599923203582
1302.3319617111447
1183.27018777439
1350.2505852159568
1442.9910064890066
1491.1879204431991
1216.3920925021234
1181.6421110882495
1521.8304086052322
1240.1383812980728
1446.2728119880876
1290.2434815280833
1467.449194261357
1269.2351861728948
1234.064578770228
1381.607413144702
1325.1511460694796
1190.809388128207
1810.9520780437044
1927.2175239914075
1609.2514951984183
1198.1445487433687
1299.214287849477
1371.2998272858765
1421.1344980969272
1212.4183600632941
1088.4364663682502
1203.6868145583524
1117.2592362385642
1167.5239023410297
1214.9758354997446
1241.864453695972
1275.3902365953033
1123.6474876509862
1172.7249127527675
1188.3066111648066
1658.2057002368485
1183.2427400850254
1292.932112128184
1607.055363455631
1165.6000752138589
1086.574098200967
1715.736263375619
1187.0806970369088
1654.3433296605817
1726.5422897220126
1277.6078007997014
1665.577345583043
1616.4357552860113
1115.4648027471537
1198.0513840948054
1185.8064596625964
1130.4127960538615
1727.881878008419
1630.607260711311
1625.2382776638897
1280.297110438611
1669.4800427841872
1525.814033412248
1639.0643538966026
1135.3302533469575
1644.5483676484953
1640.1975347805007
1630.2045958724648
1195.3857683832964
1589.799797157474
1641.9998202037198
1138.268474084505
1559.988564093362
1098.3364622211072
1718.35571652805
1677.4552486152254
1590.3657733611353
1605.6731642541565
1143.9971965162038
1429.8549845568025
1598.9156076883664
1203.2982808711783
1661.3049897089466
1242.055617797089
1739.781074630219
1609.7710674361258
1668.4541030179198
1580.8449175914573
1716.7077920048866
1580.2594221392765
1624.3299744992303
1523.9236214918594
1524.7949554426507
1739.7463538390468
1559.2271428681015
1221.193186007832
1625.324972130804
1715.9474231713948
1511.5311176095945
1388.8888888888887
1202.931522360358
1790.1542122298795
1170.5143960475755
1262.1442283818612
1747.071384493602
1646.9568734596605
1634.4175309449656
1282.8530460432623
1191.1784246877394
1529.589018935602
1181.640108060264
1298.4541506152416
1140.719812953492
1334.4223075588318
1332.6281803435616
1561.8275532483524
1820.6674404990401
1269.0427373553837
1242.3779760873206
1267.1460991066313
1351.6778489429935
1626.394328642428
1388.8888888888887
1255.8198990626654
1421.6108607669764
1619.5783544286994
1254.02259716608
1176.9736875243511
1534.9162931948595
1210.4052966206702
1370.7739144367888
1792.5459049260273
1264.4840368937778
1304.1788987363136
1350.2955544355161
1366.8038516654433
1638.3782310330353
1610.6152759355175
1561.8370781590393
1295.9216999638102
1967.611583348011
1548.131392325037
1671.290813880446
1311.227872071576
1716.6647762921577
1716.22361953935
1471.3393443361986
1605.9101869228189
1733.7575691697373
1461.4081669420827
1327.0635543244032
1551.4663195988226
1381.4835203243508
1520.7454351664471
1751.7477061494067
1652.0431397254813
1659.3074595727203
1685.7774585208033
1348.3872903973743
1745.2604090824461
1736.661452328849
1677.5553888401182
1686.3182107794617
1333.6463372051878
1944.1791617153701
1338.386664695491
1350.3150940950925
1384.419619819869
1368.0204826038162
1356.0424387661444
1639.3614786809496
1486.0883464426706
1713.039159272205
1829.3773165386272
1875.0
1830.9277106263107
718.8984995903464
1640.341040593404
1542.3924227201926
1248.6856792178921
1366.8038516654433
1303.675157649529
1304.2151400139849
1773.7855244785305
1327.094433492647
1381.4835203243508
1330.9755905406146
1747.4115072311845
1536.2100767694276
1477.801757484247
1582.4009559666308
1581.6097996843955
1400.1100337257656
1844.5482150250555
1342.1465537125412
1284.8487925442878
1273.9989743071412
1352.2203504484003
1593.889653360108
1251.9203645813404
1299.79444787968
1911.6101855009726
1628.921269915352
1731.9612713862552
1702.9603510591521
1236.6034142893955
1673.9574819531156
1667.9921495927836
1696.9225785176059
1667.2752116596664
1517.6202285316203
1596.5798297869635
1231.7172568401695
1327.4513571588452
1618.3848339546657
1721.0060809802483
1513.291396910954
1696.9941626641048
1696.5737958775744
1586.5966536514534
1699.5245652834517
1597.6200287690224
1325.7291480927515
1652.619442077702
1675.2649469040728
1555.7310798089454
1624.5104101189088
1611.920077028767
1670.8979675474372
1575.5288534217461
1683.4224935299655
1546.6382062721125
1616.4419369625284
1612.5357217633145
1335.8964174618402
1630.6624766795558
1765.0518380648202
2102.676310774727
1752.14387010229
1508.603733064325
1617.0866558592845
1490.3306535483455
1590.4187678667786
1908.657802353283
1860.9963873206289
1320.0265645509198
1677.238529380875
1893.000874686685
1838.734850790314
1695.496357753044
1593.5002327115087
1728.5123934601536
1788.627426086344
1679.4874346527574
1692.1782203243936
1679.3782983679928
1522.7804414692048
1848.9183451705612
1364.456196490086
1769.4489263365776
1409.5061302876693
1721.4152850489202
1285.5906277004108
1527.3150285740255
1637.9297234507194
1784.5477272330318
1655.571867200304
1505.2477676508386
1830.2079412475268
1629.0548100380809
1885.8019989639324
1559.1679600568796
1602.8165292684132
1642.1986071385
1652.0064076401038
1609.1337936809266
1684.4316009020197
1699.4066849131002
1594.323020439402
1611.4402580212563
1698.9456115198361
1649.0879967677658
1606.095729445002
1716.426482697525
1598.9406683561983
1626.6643075709562
1299.9189083966728
1586.6744419159668
1622.365494651989
1666.3256209350936
1697.3582724049782
1712.527358826089
1872.3016612680792
1584.1772551450465
1599.611484711998
1606.2551294115447
1635.005518804803
1833.6411044810181
1603.732433330265
1654.5342960288208
1670.6000085690173
1770.4025550313827
1576.5687486214129
1695.7066428395028
1522.265999962754
1580.8199212059508
1173.9533100514664
1629.760089132823
1276.4896220694598
1585.9542800055085
1659.5949523366783
1822.3031626673546
1623.366152601064
1676.1842345840057
1335.8424951728198
1693.8991785001235
1615.464014619696
1563.2720250484545
1316.80123029604
1617.0726118702014
1666.8741601811173
1530.6213539388702
1583.4279761984646
1538.9303488918679
1594.3601088962953
1517.5818114634715
1723.0334000729988
1656.664892121528
1290.4273304411013
1674.545438688561
1647.0090455813413
1816.8356371858906
1598.3808268185321
1667.4285297312715
1682.1840935345233
1615.0455583682458
1771.18897460017
1503.4830762406043
1678.2086327585137
1711.436551218685
1627.2421216878486
1903.6637807772593
1719.0117322866354
1573.4869882649857
1353.2309282577974
1769.132200051703
1597.0942143969187
1568.9556772423302
1682.7449187175243
1749.0124342389074
1691.1316180537015
1808.541755088073
1337.3231594502322
1342.0911821744442
1774.414959687253
1871.5079385490883
1355.3124217654388
1404.7807503533777
1335.5821257161103
1378.410844556678
1360.3175059800626
1374.1218412498692
1690.7358448020195
1765.0221527272934
1329.1756930853267
1698.1408905845017
1388.8888888888887
1710.3173348648409
1349.0290005318645
1378.410844556678
1708.654887542004
1763.6087826842813
1748.5423686515312
1713.5455268449853
1363.6325435641586
1343.0023708279348
1868.337352766419
1322.5576777659237
1758.5571554099376
1701.3708392263213
1360.6038606857785
1777.0250914965138
1335.5821257161103
1356.3089273029832
1730.0094838865823
1739.373192770526
1335.5821257161103
1623.3618932032866
1381.4835203243508
1674.3129343090156
1730.1221114777193
1639.4969981477116
1345.47471523453
1697.2681781498184
1678.3514716877783
1695.6258769736748
1848.1870930476791
1778.700376043099
1672.6271172337683
1678.3027246672054
1596.2211038146477
1632.2732466697562
1875.0
1848.1870930476791
1566.2745580813119
1695.034783788921
1875.0
1735.0014792577233
1636.266116642609
1636.468659725201
1713.640932158966
1655.190536347064
1641.9831794054787
1722.2378780117363
1790.4642158898298
1658.9843808074336
1768.110446449361
1829.6233017823108
1353.2309282577974
1714.9498242281818
1629.3792249407925
1707.6454209222009
1771.727584564851
1820.4669853252497
1699.6303441935704
1767.5251659245685
1651.6905486118042
1741.4468069159439
1698.61978357068
1814.7728907670453
1653.0652362356057
1717.9121926186733
1722.4934177990792
1822.8380014331888
1807.021263129295
1659.8444197127453
1591.3180535263166
1638.6826112384367
1691.47299642952
1781.0596802739317
1699.2652182206464
1617.3488246974132
1623.0228104146343
1735.6368355306738
1699.27130140173
1749.8300522326792
1581.7170003517706
1634.6834835786422
1589.2926134259478
1647.19786325879
1640.2393652507235
1659.699305427771
1693.0056510439165
1727.2788213716483
1829.3773165386272
1737.9524867501834
1533.278443860233
1588.6599027660122
1723.0532290809826
1655.203891225917
1670.8054357121152
1656.0108000648531
1699.4117099760444
1779.1474797510127
1719.3762682920249
1660.3889317607172
1819.8137061388406
1659.772997769178
1719.382653783733
1660.1391812402042
1610.343009436973
1736.3915447697311
1295.1807110945535
1797.1925800583028
1672.8606430462733
1661.2869696058285
1787.20604761136
1780.564486589419
1597.7418277953977
1792.8482364408399
1755.8435521048366
1682.7662804227377
1663.426462600819
1635.544832160176
1623.9868202819555
1588.62888457794
1790.9223441871302
1579.237622215026
1657.9549483594276
1669.8399699033625
1632.2272269740363
1865.5741442199771
1768.5069325103595
1620.2963527035452
1526.9255229889595
1615.8448822257171
1580.001359809611
1603.554921382801
1787.2328389174247
1680.6301793331884
1584.8022670156834
1710.3858467664752
1648.038036634143
1648.910421530798
1662.0574892824986
1244.6328228032146
1624.8994377314427
1695.0425149022028
1661.5154139771703
1686.799720990253
1685.0934813868655
1612.2909246188456
1613.3767686463345
1544.1225072005188
1618.8559530813711
1581.3115386339953
1642.8657896499615
1567.892411400783
1745.8661450394395
1669.3358148269542
1673.997790314838
1630.7804827019002
1669.5838648852605
1694.2073290728704
1776.1979677784273
1738.1623792835146
1589.4271562041042
1712.9548030368771
1695.5709978037232
1644.4877053109979
1687.174299132393
1681.4176794566538
1594.1031646692702
1587.3818383467224
1711.2433834144188
1565.5493540581563
1624.810142651227
1582.84693563172
1761.2798745971722
1638.9054670764297
1627.600392209041
1273.1745714634724
1696.1130204994909
1684.3252945432596
1681.95041130629
1512.4428463315826
1770.0316607674865
1576.6025083520171
1634.668481497506
1644.1204708675923
1382.5691262260527
1363.5753796606186
1745.4782824350668
1638.080920008598
1622.154877320855
1779.303934020807
1616.3450970513957
1720.1626726592795
1743.3925366556887
1731.2327329078464
1712.4189286176686
1746.7390786781089
1026.786469260966
1741.271822813486
1808.9995707201326
1721.9791179256179
1748.4541041460232
1682.6865836841462
1816.5294559979047
1767.9815068990695
1325.7502269893057
1350.2955544355161
1393.316251946012
1514.0581264998918
1631.7260343764922
1280.3069479083827
1305.7936781712135
1782.970559529858
1528.7369424385959
1328.8826106337933
1713.873812320556
1329.941989073038
1853.366069362104
1276.4562503985221
1739.2881778517778
1436.5176762311696
1648.3181642541242
1820.2197427411593
1787.6491276207526
1789.9213866230027
1545.6783668768996
1620.8161048123575
1230.5636231204626
1676.8109256160014
1651.4554433843075
1628.814962402049
1342.9169953307849
1518.0189366456796
1680.0430569149933
1722.514117395039
1524.9589239173322
1563.2328045905958
1532.656539526966
1643.2426650356574
1330.965924545262
1577.4805283419316
1636.7490668001412
1676.8262089773407
1214.508668372432
1676.8935181642207
1725.1396747097676
1986.8256729513384
1682.8762778373195
1522.1991702963387
1224.3088251067502
1619.5449878748593
1703.7530895360585
1643.6738219845568
1768.5482965979252
1625.617237071446
1543.0506520590461
1506.7809626978785
1641.796286023934
1652.5760413101261
1643.3883619828728
1545.9179194804592
1216.7646869945518
1615.8622832823085
1609.845109068631
1692.8626450483764
1762.9303420407432
1779.2155655785928
1792.7669965543084
1779.8876384852454
1299.116829257773
1634.017208217896
1666.9036766704646
1805.9867311497312
1685.5841505079695
1669.1630131037998
1552.9211345730344
1606.2438340021965
1671.125829977381
1602.8483309966348
1662.0527605995148
1665.231773257383
1641.6080526305825
1619.661620195431
1749.1597951993197
1750.1670484363806
1743.0030026972684
1804.5811781064087
1890.8911850349834
1816.8936065352746
1740.3683582908568
1925.4081458864548
1844.147458992937
1576.8623756210163
1513.3469918530393
1614.044477325583
1809.795403619108
1694.3464718187981
1713.2622122373468
1705.419804518507
1728.9495761725748
1783.7931282951006
1705.8796073220274
1738.7745024489595
1567.8092002621495
1648.3228086806976
1660.6101183494695
1321.5940693215236
1780.1275688027079
1736.2134423791776
1972.9447399389085
1923.9988464636492
1704.0459234453108
1875.83375519141
1789.7341038661323
1918.233201894651
1729.9994942196074
1670.470918819461
1851.0787400729942
1909.627785128979
1817.597575691337
1924.133656110948
1685.065332484316
1701.5634836649824
1641.7950726018155
1753.0223374301877
1693.7396577229974
1907.7382040162704
1773.7441629303428
1730.2838308994415
1672.3654287066904
1664.7428271335873
1798.256016788295
1648.1123949902183
1603.6122499536812
1947.2994162669636
1593.164971023213
2037.9647999916658
1677.5194411832808
1630.2145798942822
1566.9225245313626
1741.0719858467207
1973.9148060080606
1748.755176166969
1578.618064472488
1680.9198022856706
1927.0950596031496
1960.723742606704
1975.9354327031986
2014.7112220164263
1646.9074676239397
1524.5979628151088
1235.396111569388
1722.9065848087241
2020.091778793878
1744.7686635960692
1347.6847824668946
1624.9627069178016
1726.1216321291668
1196.413177476358
1643.994388991896
1759.4974648845346
1615.0476655530358
1582.9062470466286
1844.3335884422565
1393.7073785449713
1856.5358595332616
2004.2840936265686
1574.9072227331947
1656.1432458366328
1683.1607129586384
1783.1744722244273
1709.0653327369937
1684.5005056488287
1869.06994150031
1620.9954440139506
1606.7014353174784
2024.3337256860952
2094.224277759459
1896.231645497687
1581.6679351341538
1802.133869078285
1816.457176308287
1562.9145518522507
1979.430767111399
1996.7766190512082
1862.9676352304516
1641.5887200929994
1873.4639552468198
1594.9519635416746
1563.0841501230386
1704.4750917632382
1787.3366424569174
1912.2513955807005
1521.074361290015
2013.6805637746777
1546.9129390173523
1601.7630962251596
1833.152724274901
1642.0548831972485
1932.668813307658
1900.3936723811967
1644.2929198785287
1669.9661236621432
1478.061222271828
1486.6350881530243
1627.1719679157611
1491.6448408394356
1546.8531424683115
1877.7480015891376
1375.2510731069451
1639.0198324287403
1897.7924752046204
1485.3038921380987
1626.5968582999221
1595.4250649834642
1631.0703430116594
1652.2789550814184
2035.9630317126903
1991.4314575699543
1968.0270134531593
1655.0112815972104
1579.9372927755658
1551.8242683263636
1582.408409610236
1586.7516479512249
1589.2230557066566
1802.4266928851277
1771.1460300758517
1645.2848103396354
1965.0729588914885
1969.860833116094
1513.369775963796
1540.3038277676978
1651.835099400332
2021.6020391871818
1751.3768237497072
1570.6545790174687
1602.8008958284706
1642.3177405939743
1478.4045742095059
1861.475769058877
1517.8759220510528
1566.294985570663
1787.180835031472
1260.5528648762086
1963.5496136213242
1578.4927106256835
1772.9385010264095
1829.4469316615487
1307.864758561074
1870.6741410556563
1933.4511673989946
1827.8369463454299
1533.1412331881857
1585.0046715444716
1526.112055074526
1221.1956834465734
1785.0119917972897
1941.1099296320801
1660.0673428836797
1850.8215490628302
1677.0506885296436
1368.522688285146
2080.4563372698426
1812.301352186073
1490.6035354566045
1548.5786797034755
1663.319632074956
1686.556187579069
1428.5750894927994
1621.5156777171824
1533.7477382963
1567.6952578317268
1623.5639500531954
1542.755499697398
1912.0263963506732
1590.6687435749445
1469.0883404918975
1604.6123680921944
1471.3145124334224
1428.289983637652
1616.3434236576052
1829.580666224507
1768.7937491521218
1376.3017234909494
1682.9480626403138
1443.6579570566084
1731.4815850595153
1287.1673459833912
1579.145556440535
1437.4350399630782
1875.2296465800039
1589.8127225788091
1615.9713052837121
1489.7625199940792
1477.2893717466216
1443.7370515583323
1521.471269532276
1557.1175196126994
1669.5013532841274
987.8328844760455
1794.767901167681
1124.7208450324185
1667.9222992453006
1320.9561921198008
1354.9577948815447
1345.1712572654726
1338.3416114725574
1300.0003829369393
1366.8575303072118
1727.5598495544252
1865.5741442199771
1616.978657689683
1732.6735987405225
1190.7874453783113
1581.3628748218723
1524.5536861407272
1708.96712590485
1562.6437991159428
1630.2965952551203
1672.5197692067566
1219.8401189306744
1763.5313349148043
1548.223146414003
1838.3010073398618
1290.3417100333386
1760.4682115533258
1187.1008994105644
1285.3983953651027
1696.9941626641048
1774.4229767549768
1632.4765167323756
1691.9402123297625
1756.1182298501426
1382.3461339884989
1613.808898919302
1196.1942406823744
1169.363540804665
1654.4611943475975
1679.8885515340962
1686.1880086366302
1680.3158610609944
1175.8701791659125
1547.4710451286119
1837.3856215925364
1179.7397287994766
1536.8284897689718
1810.552556162571
1873.9023912332043
1356.4496926869328
1656.1290779375624
1599.0039307156094
1838.7383636034792
1657.6163439059328
1147.6428477524541
1735.6188739832703
1680.0949367267501
1701.463965852199
1659.0653021953483
1645.0758175094263
1631.7749790046137
1649.2261917936285
1551.6209280159776
1407.9097200010413
1444.2158386091317
1501.1372699726282
1523.945191252478
1500.6598938718723
1519.640072202982
1538.7383638700583
1417.3231057352616
1596.167364626499
1528.1409742456192
1521.0689449058762
1502.889369428445
1478.0174426213719
1504.2679777397198
1645.228023578259
1567.395008684106
1505.64792240904
1571.6007634981106
1575.939924215063
1490.1506871474166
1541.00344937918
1604.0193475158176
1605.7484441025183
1473.4864837002688
1488.9742952890629
1611.772594563731
1468.8748875879708
1598.690164264539
1572.013538159372
1643.5569436731832
1552.0926404994586
1539.4009931263288
1592.9955537803355
1532.9185172954478
1501.312419106663
1539.2694789591412
1581.5875272344356
1540.9024060467273
1543.561809324892
1603.0699391065598
1558.9656282439992
1597.7062819131868
1507.788936815237
1550.5651980246
1535.8503488451327
1584.6398007856335
1538.1847646551248
1607.4575067670964
1516.8273622730549
1508.4876102569235
1523.9743097854926
1524.4002271500437
1467.1487752247228
1512.0005953410364
1570.4161135974407
1418.4520296354895
1481.26541475685
1527.7070965170185
1599.4078103961476
1519.0020466118233
1636.0158829169322
1557.052297490315
1589.8966099170436
1613.0598817377625
1508.0067389493831
1496.0805562704745
1364.0694795179072
1476.1032477957135
1530.9188293370582
1545.2956413456288
1594.91554837742
1593.9357327380615
1611.9590127844856
1682.0474495266344
1471.7241620355805
1476.985146169147
1508.6688282709429
1599.9935442796987
1510.9108074868072
1585.1245827661862
1579.4483571902995
1529.7517456935639
1503.4496093516982
1521.797120468411
1578.4574086672385
1418.4030380264373
1545.2956413456288
1468.357736031787
1421.4056309980976
1543.8912956189172
1652.6150073972046
1551.290612619169
1521.3618630778446
1774.6847992955772
1450.7880789651788
1443.0452587171276
1813.109333728264
1933.0930614245965
1906.3655675810905
1879.7951139897552
1890.0611764800524
1469.303808417261
1534.0566387680585
1510.444248415439
1457.8882241009633
1458.6283645894353
1465.8849403298652
1489.5261260282032
1506.650309917356
1883.5166038273048
1503.8938632016925
1544.5326972143578
1489.8300803291695
1425.082768590528
1451.2909907814292
1407.4162249102083
1480.5277576157234
1482.4542759698272
1501.2824763252818
1468.7901259281145
1386.0365465426237
1517.7728845548916
1426.962869588597
1920.829955796579
1446.975082744333
1503.690346966043
1481.30742685585
1520.8303501482196
1498.5728292987187
1429.4400369358266
1454.1772078324539
1423.5664069587426
1477.367655723522
1526.1770588806764
1482.707542241328
1422.1316569984913
1432.265974267685
1421.3592681869197
1405.1331422334697
1436.4845613698765
1447.3713540533784
1467.4351832809919
1456.352571280635
1471.511175771556
1553.9044651850363
1951.2520384971722
1491.4771244460937
1494.3610962610976
1485.2226698850375
1471.6478558762547
1797.3674282253949
1820.0613868537687
1822.4665834369146
1789.09446919369
1477.793281773805
1445.8075302924344
1504.3857850765526
1518.9609270106605
1613.5003497586397
1524.751565178447
1840.4290056469192
1586.8967601242232
1529.2782662836469
1728.30681930059
1741.8515264591476
1577.5575834192077
1528.7089189044264
1550.3183222722462
1525.5568402030858
1559.8657196578051
1944.9909915705796
1860.5378915513877
1536.3507799767533
1724.1680677315314
1773.5974446935415
1764.810541118198
1853.2479406062903
1930.4895097680828
1523.1725810816606
1882.8863956361056
1764.935572207446
1526.230565623944
1694.1358943168898
1390.6634148040412
1534.1047378134126
1499.4449641949188
1477.859243846405
1774.4576713029076
1660.6877876530923
1816.2226997056114
1990.7194238413522
1842.7350334504217
1766.6959435886765
1503.0698195602733
1489.780163082739
1982.86514698475
1874.4396576315928
1463.242836274582
1870.0487411193533
1479.214576106932
1862.158731411393
1814.59931993395
1476.2492401155116
1718.128248983038
1785.3572901989257
1709.1203051859002
1501.089857048135
1508.7655700435191
1514.2733319532135
1447.433791962947
1865.6849933652072
1798.9683081645514
1841.4443204875831
1902.1129496953906
1811.2408602821106
1935.4017530632536
1669.31265783723
1920.5883693414169
1496.6097075200414
1982.2306040267385
1509.9800475835916
1488.9719535318588
1446.7370327000078
1463.5923315809878
1706.6323622942666
1864.6940104862613
1772.3998627609828
1400.4063290457527
1433.8734163828838
1493.701078803836
1428.7139347907075
1717.6621750536117
1464.5608508982739
1443.806918264136
1530.8066880194692
1762.6863717322801
1492.1473851045841
1476.4371966669594
1413.6944918057072
1890.47290526713
1712.3151288196916
1697.5093217992805
1773.7014071369733
1432.9804320887897
2018.0667512712873
1860.6898212736862
2029.2514685078768
1752.6139646976753
1430.529459695914
1458.9860692089185
1745.7160804770372
1870.2116678900068
1639.8421206207483
1760.6543658801636
1831.731029857031
1858.159598132372
1834.0300102042177
1404.1880591866275
1521.2216574981232
1651.5433488885567
1602.3767780341075
1731.3730864108045
1488.237863700715
1461.4141758615779
1579.6029011432258
1796.5912295552973
1465.4368564582608
1747.9344075519573
1707.3363834137435
1873.4673029631033
2018.4267265125648
1829.3143244733074
1733.0965733852001
1849.1432689588553
1403.9473116242034
1440.9979146212042
1451.0537558109706
1401.107553945042
1481.9880340885702
1519.372788317269
1951.0784976924203
1421.3097325151793
1386.3402488592992
1836.9461487283133
1394.9740348053513
1416.8178780879643
1378.8539953828842
1429.5674338624583
1350.6053027906726
1412.320177479065
1386.3703144984217
1371.1573358788758
1424.4269533308243
1446.7360732749094
1415.826053963483
1330.9746638539598
1432.583453986935
1776.3891139527768
1372.2912672128168
1813.8089711428763
1386.1673326414118
1509.6602509974443
1543.9408192449343
2021.1429003708563
1814.4092900653911
1828.4715653572136
2033.2423961765483
1398.050221907305
1415.6328964420984
1417.6630522755213
1438.0438490287358
1445.5570049837104
1436.2922422860647
1453.2660950660602
1761.9761355972375
1364.9650920689867
1373.7209616551588
1855.8468339929568
1676.827854737685
1862.8718454261261
1400.1725927929465
1372.6368489116012
1419.1272803661132
985.9508032290684
1914.1673289108985
1302.5105746218255
1397.1975820085752
1299.142467549509
1386.985315920195
1534.2591051769841
1316.7023773084381
1148.0202150961377
1218.876727204559
1357.040147388623
1398.8130476416754
1533.1127853456846
1265.3188923191917
1936.5536346770211
1269.5079802745704
1368.780414946007
1263.0506995809967
1357.8768524134089
1334.1262818746866
1371.4971068731422
1577.0397506805837
1694.7296284690317
1867.6309640431489
1342.9538031745226
1401.45753351818
1853.9051606335415
1792.1667075429025
1342.619388025085
1450.9155391909733
1179.914266105711
1193.372443819139
1358.668159766022
1777.0375195578993
1900.9798997179503
1300.9346438480513
1505.6697131831688
1315.653238048729
1784.2588809848064
1734.6191267951108
1808.886061847039
1646.2343761688844
1736.658163631356
1305.3389688749637
1688.7710556152288
1665.576843789172
1726.4321142746783
1828.3117354192618
1217.037557933031
1227.3081767487047
1260.5969249142663
1662.2059587718977
1689.010784525454
1347.0040726548277
1757.6696704948806
1348.811670142408
1791.2194059505255
1725.547171724272
1716.023577895722
1446.1405930101157
1264.435124258178
1678.950862512742
1781.9160136913072
1308.4725241206336
1849.542042549836
1734.1659725133084
1742.8641316637102
1707.0003606917116
1755.01689004185
1474.4695175782117
1789.603444575444
1877.922051837624
1766.9586877148774
1792.1777688153772
1708.5725021164114
1312.4637131790764
1719.1602516803443
1330.4300668361282
1664.459244723197
1683.662378559862
1735.3458718457139
1761.191911527322
1867.2363057316534
1707.3391957177907
1782.6898070160198
1815.7845493364039
1816.7322687255075
1853.0597531667372
1718.7982644486522
1834.3979472083427
1771.2667135915278
1783.5064288189863
1754.1195825380482
1803.7419302305923
1325.7162452465698
1696.5655208926316
1704.4739279461298
1724.870159730306
1686.1214900784637
1771.577138073261
1775.1036921204384
1770.0654487435902
1773.4136139655538
1710.3479363756542
1787.1711689420447
1816.2336641024904
1770.2456752424798
1712.2808986982855
1677.7474160139984
1738.0452592685726
1690.1807129703036
1808.3293156102548
1855.0001429837855
1748.9520069474495
1791.5234217816571
1712.2055089912337
1375.6568786272921
1695.4427608001079
1520.7691147918047
1804.9963285833182
1765.6258122853735
1717.635806951577
1344.8753137353185
1685.730213200387
1355.8765500999536
1788.7570897832213
1770.0200173516666
1789.2769263094326
1696.9297873905916
1821.0371943768166
1703.2563187189119
1827.4048631402923
1751.878576661418
1798.1669123473296
1678.615279753086
1842.8747116962961
1722.5515680125416
1316.9355551102485
1775.0563834297434
1632.6335095569173
1794.324919084542
1738.9805332579763
1688.8215233633425
1729.429557307448
1740.3993602952576
1737.5320093038583
1676.755178692537
1626.2378605012116
1670.8751876260155
1732.3650420395488
1572.5290328069457
1654.9968875250318
1819.007436458712
1647.4129228581235
1657.5991448702805
1649.2797448104973
1596.1134971990496
1735.2302234622666
1708.4603657228924
1616.297364629335
1637.110841120994
1718.922534847409
1598.3375528557274
2033.0037453539164
1665.1665409573586
1626.4220970282731
1593.938837521545
1677.4614012949787
1644.0145236446742
1636.0848445304337
1632.9934106767125
1754.7809619833613
1932.6001109510428
1946.2709416686066
1911.4385653986749
1955.8480669909125
1807.0459861220934
1766.2916361625832
1877.0956105573089
1969.6692994541736
1875.543573871144
1882.6578639282277
1628.2175862523663
1874.6730260013003
1628.2175862523663
1640.9478598529076
1643.1221880905725
1669.0501310019474
1544.0459386592765
1785.75661880144
1804.9566900646416
1923.8121374582804
1585.3817831760632
1770.2203707699737
1970.3582067083578
1683.0308543791816
1981.7554987729816
1792.9871596834973
1980.3133212745688
1660.818492218181
1826.2333777230172
1746.961909230534
1813.524035110183
1651.237232675586
1586.0652859753297
1765.7305539454035
1711.785939820208
1803.309664392429
1715.8228050854734
1627.711317444645
1755.188998816029
1953.522424764432
1879.1729783229657
1919.386510655939
1661.0923003166406
1605.0465935233185
1416.1667149355806
1749.9995234620646
1241.6772460608152
1261.4719317289866
1924.6070076038566
1894.5821748994028
1803.128266769243
1993.5575282107413
2067.3983028257926
1830.3066896302864
1785.5955337234993
1764.3529975382862
1795.2553007056515
1823.9180798060088
2020.429435689067
2110.0437345516243
1744.714220407802
1704.8533778162835
1651.4167665831885
1656.2238935193166
1722.0271484041066
1696.2253202062918
1695.2464440084734
1662.1317581587584
1717.882508374755
1669.242872725704
1700.712158215495
1678.7462575643096
1565.6659841915864
1605.5511477192451
1605.5891766120458
1672.9858356360953
1333.3195242857519
1247.8923634320738
1295.1807110945535
1687.8188162876625
1539.6988505879533
1614.1303850209208
1922.158983988497
1622.452349722507
1709.5975483046889
1605.2401557389892
1749.8164444713757
1649.8867208784848
1727.9297505865698
1906.3767017802948
1596.46479956468
1674.7574285624635
1595.7719695057797
1356.3089273029832
1596.751749208978
1570.8428506246821
1574.3031997844719
1513.6168514095898
1485.65150236083
1484.9420235263235
915.9001455189
1590.4684184029802
1681.2815751446594
1808.5749284269914
1718.6113289837506
1794.3917266320088
1819.341340959095
1780.7208143615035
1421.6766801008537
1637.7427647509992
1792.431635019518
1795.1727785225296
1860.5204599382748
1690.2011588497878
1670.5708992253542
1696.423929946688
1801.692863190754
1679.1214354224392
1679.4004030225344
1675.1015866722719
1657.4635713431155
1657.4594713602153
1728.0023368290758
1616.2836403607828
1646.606235119352
1825.4771728511803
1761.365370941811
1467.3117791012237
1677.4869234819544
2005.558856952193
1757.89955851967
1903.4222307447137
1894.0215368726192
1353.9397654103866
1822.9982467686114
1388.5087585509239
1751.8386880268026
1679.2313177541225
2025.411180074759
1905.621557187834
1816.2238749195615
1799.4203890217834
1715.1523046013579
1736.9849459971922
1871.8134914272603
1725.9837139736585
1845.9366251504518
1674.961401724561
1658.9000432871726
1809.7607923770083
1629.525619437205
1903.771920322806
1855.4759127990526
1687.2840906742897
1727.1726090124732
1753.7758506480884
1755.496521645382
1817.568084364044
1734.157526898256
1837.4720097753827
1691.2296327411225
1722.549070449408
1710.2424208036448
1783.6663587275013
1708.522773738474
1702.9211833223383
1709.5297865073323
1736.4826074903729
1762.7152042350826
1688.8209031711576
1725.8068254574007
1753.5937611845354
1768.1454794948186
1812.387699390466
1710.9624063433782
1681.4919967047251
1777.8017019202916
1735.4480286251348
1732.5167250974337
1804.7718706541093
1707.01607647323
1667.508614107587
1650.4204227608996
1745.8933036352744
1746.1279111177307
1687.683975308483
1629.8377889848925
1750.4847926198884
1729.4648896501221
1714.9349981105752
1803.2902512883854
1691.127419103539
1697.8003266392918
1693.3980363286291
1768.1402167316003
1859.8882620732027
1796.7172696728176
1848.0932856230077
1752.710580068955
1762.8473623164937
1791.1010390220642
1346.6308813651278
1308.1858753009328
1305.5340484343785
1772.8884203428952
1775.5504451052682
1787.2689780745022
1754.79172376512
1723.6991794778132
1715.6194864274842
1792.4268707609615
1791.252609796619
1803.1123108146842
1849.2603535398491
1310.9014423735537
1740.637351788074
1398.667091609931
1720.7470763016074
1790.4361702961235
1649.52292465766
1740.5049570744038
1311.6961059610862
1758.7936182377616
1811.442985606099
1727.3809357228922
1703.420432778851
1732.2665890636454
1768.5551637404244
1766.440360708494
1701.002733063265
1349.6720971519424
1789.201689514344
1671.1523727084075
1765.7708516071295
1647.2860151982077
1717.4859180671428
1323.7371036565894
1756.2220251818337
1734.091457121793
1770.2444304476028
1702.6032668730031
1723.1626423847945
1803.8936529061714
1884.6579987313082
1748.905290197086
1606.7514452034923
1766.7886320340192
1712.6791446202396
1765.118666783382
1473.2215969976494
1417.708978949
1261.522793991924
1993.6611175759292
1823.5351433166245
1745.133338167175
1744.4286445645848
1760.6624806684176
1761.3516178849611
1761.4840086510776
1739.9470671867302
1760.7079830465702
1799.6351930745861
1884.432881949658
1760.677335500324
1771.1535606296973
1808.1885440249596
2028.612545704218
1739.8098809673572
1766.1134263493725
1674.7249421065599
1985.355576708317
1741.3995893823965
1650.091994178412
1764.0593516287147
1812.2881243651846
1661.1489976635637
1921.7427465699086
2008.028849358637
1790.7044346361927
1658.9843292703033
1981.5355090984158
1808.5958996424688
1976.005764974904
1807.1553439095298
1619.6635107589989
2005.6708373086467
1671.0736107644989
1695.794933431689
1758.2104719239824
1733.6273115828178
1559.8510106499743
1715.1372124753123
1654.4946610337092
1725.5054588415048
1744.6397765157083
1748.9009996993984
1944.4243769680463
1626.9504103159877
1861.7632978808672
2005.4790250430578
1753.3427786825239
1781.9197659186655
1824.6345938284837
1573.512914992074
1735.485922643364
1802.85511879351
1942.3004198545568
1693.8174311457678
1648.7128169684827
1669.589120595202
1688.5945449962671
1785.0028361605944
1734.7653544722543
1807.775196178686
1695.7923952271285
1706.1374831673204
1730.463861003268
1761.90123244761
1657.85569761908
1525.6083355250285
1702.6870481324515
1736.325111070225
1760.365718203613
1675.1392659794521
1640.9511135354014
1735.8258617171289
1789.6585929179612
1613.9527053101122
1776.215661937731
1815.4049054050174
1828.1565658804502
1704.2173642041969
1706.9711247750993
1612.7933938885683
1738.5174376707103
1741.6233503367491
1748.2551911094367
1679.388396710363
1742.7220942246215
1723.0366279640414
1747.8276647115636
1667.877564533346
1792.7892426201888
1727.2493928032857
1685.9713729128782
1739.1259443014999
1823.7583886193058
1660.5237114867066
1768.1315105407937
1735.8223270836043
1812.0780165579883
1785.6167107597394
1804.946103618868
1862.896764321761
1870.8029604529186
1808.0075225049807
1735.2619679341424
1402.6832247848095
1802.9839479292943
1418.216730057117
1745.9663628658393
1813.0295630396797
1295.9125382927439
1808.3863381004319
1464.488725610768
1355.625668308964
1305.393419003569
1291.0287563730515
1276.7063637359674
1343.2848255324207
1331.449731578834
1305.2387750877745
1259.9697986914446
1262.0842674720006
1281.844693713214
1276.2852230764274
1302.8984037877851
1533.4243578875537
1284.5183949461182
1344.953599303218
1302.1269933906917
1324.9272547925166
1803.6702949543908
1910.9930351179376
1738.1912804365995
1355.4849156773191
1731.619769478042
1783.4987583368486
1659.2679841186252
1329.243746032145
1887.8400275807528
1731.3336678323483
1706.1868815036105
1827.4476030463964
1797.307944353118
1722.8885536420585
1681.482326990643
1731.0838920720835
1727.7478556068754
1670.8125609260835
1562.8205215041478
1725.2358777507816
1735.1860601550354
1680.1599142692482
1656.3077804538698
1652.7503316722532
1359.462304120126
1922.5065187985613
1739.2872977759046
1984.4988178307867
1328.5571710804738
1769.4148861369797
1947.0211485204452
1834.712646551037
1745.4107200107574
1634.7960142541667
1724.9936049264886
1714.6285169877526
1558.8929987129225
1613.2348820269788
1914.7333056918294
1948.4512576928494
1971.0228948039069
1661.8600685880483
1962.5613839095113
1955.9961610208657
1918.4457075328064
1700.9430327867794
2057.1358987404715
1632.7912856987066
1625.0385739572496
1288.7353541007528
1652.6364259452148
1641.5859810321288
1878.2244091520079
1683.5400526021729
2023.6807626997124
1718.2819852146667
1677.0274611284758
1679.9236588419924
1630.1159194736722
1623.793921219013
1626.2150688449701
1631.7096919243604
1929.1621952758117
1716.904157140728
1806.718043605057
1942.3098563901724
1526.2081248185334
1592.0101815066666
1979.6706774057277
1651.9111098290225
1833.348166399396
1558.2399405553651
1718.3498852664081
1770.0283702156219
1723.6777044453077
1638.5682149389359
1808.1071442423342
1675.49095683477
1587.6273464004992
1646.2459789882894
1642.7277808935303
2007.2552744577415
1937.6795883991315
1690.1132817111732
1940.6657915563455
1955.0008618027848
1651.246615101658
1688.937072864197
1608.820997509847
1654.221924357321
1678.834302846972
1574.505385162909
1791.3562529271524
1662.9278367837962
1637.8333798398373
1558.5512532671348
1627.1464885506173
1586.9784277285905
1574.5509860499944
1549.3842186843704
1615.1766815558092
1653.1010832024103
1604.1253959148514
1977.805316389509
1769.2616462459875
1756.4026864968391
1724.9002932674575
1672.5141523539003
1683.4243848541685
1642.2033573160536
1759.645684272374
1727.553086998594
1618.9710984178582
1665.5134909757933
1751.5078423453815
1712.309552334741
1645.7831791373146
1778.7379934160465
1577.9321804186848
1658.4630488755465
1624.4040460356275
1577.8765361798835
1646.8051101992296
1710.9255429490574
1720.6863131483121
1936.47721952815
1640.7442375696994
1736.149457631874
1680.7401184386465
1717.9448356701425
1593.6725687010794
1742.3217292774598
1783.2016486961784
1776.4523921212822
1787.8944546143805
1785.400016709639
1829.4730552131011
1756.222535282492
1752.3014201047945
1772.0514899700236
1704.0216155729877
1639.7268562493084
1769.4291883927772
1952.197989382629
1668.599602377604
1663.6289306787464
1733.1050305629349
1804.3310340692972
1725.6356305986592
1736.8569300955978
1710.7174045362474
1674.3383467140764
1591.496694601895
1617.7742464973635
1615.436282176753
1650.339830418299
1764.419732997605
1757.3104500769375
1797.6644713660353
1633.7602201738257
1720.1427745549506
1686.6826998268616
1815.2488014278715
1832.2237673579232
1689.43458607257
1771.9722281029808
1801.444162755657
1754.2327471035508
1702.0094730715448
1720.6698106021001
1800.5038906480988
1530.2682412800289
1709.3380068866843
1841.9842689434265
1404.9874981367964
1740.7359585504003
1839.613981620935
1836.3272301101615
1453.8348438360042
1780.476703346377
1357.8768524134089
1755.565768067707
1769.1801894912335
1810.560478446371
1742.2067965550661
1847.7877427822023
1570.7554938419337
1608.16696884719
1627.5815509852773
1746.3099903090442
1852.4721102182564
1731.7092248095596
1836.7890261900527
1918.1111230562917
1781.0142872046326
1763.6096081195556
1734.884446391273
1727.8547622638969
1651.9778741745806
1677.2295310304298
1829.8970917065635
1929.3739761815677
1464.5692776335418
1821.857347839249
1751.8599891263068
1808.9760568373604
1807.1945189736055
1765.5375919156013
1849.1354335129665
1862.8251097261566
1648.5646134094607
1838.5576478151033
1424.6369728840957
1302.346335095043
1791.9899402875392
1946.4388656683911
1776.3432411414276
1415.5220131686985
1701.5282393026737
1836.0715875623791
1689.7554318294115
1640.2124407271247
1863.4230294051147
1651.9111673237437
1379.5719765300155
1889.8971757847487
1356.867079888833
1765.9721526054116
1776.021759356713
1646.9303586043206
1719.2535497615809
1884.8028954285776
1816.7096812658585
1853.5931899686386
1705.9981153539259
1438.6469324045827
1686.0452180850732
1732.6662342378438
1812.8084854032297
1870.7618363061313
1917.8848632267109
1884.4965639419363
1792.7752195690398
1757.7480168722543
1765.6782845816804
1452.6343922529484
1852.8971103810147
1862.435338124236
1793.5457271491368
1723.46431253578
1711.4018817236604
1787.430026876341
1692.046208901702
1790.0199117307118
1863.6407120032388
1302.5691055477225
1800.785227426977
1870.9249211211657
1767.2919866930304
1765.7390507923653
1845.0350007906898
1769.0596260457676
1777.0129198229006
1808.303490019387
1775.008334872884
1830.6398096433875
1770.3522435527982
1759.28031271457
1708.3986368472085
1633.9113719210857
1695.613002725714
1890.3836128618561
1270.4151085923197
1365.8243697587047
1451.3728492904931
1743.8855594043096
1690.9112048584636
1682.5812045480222
1697.4683490789641
1766.5309569380759
1617.8610810038945
1634.3567956941108
1663.846826625606
1680.9836387839287
1649.757620608736
1746.6208919774726
1605.9590484367825
1185.7472220130105
1676.3853033855
1769.3594443100474
1584.7125087223887
1742.801110872384
1720.0809702384668
1715.7824436248748
1765.1316279049854
1683.7970318109562
1760.2795602857807
1775.5529714007687
1713.823343040214
1687.383139810078
1347.8357446062923
1755.449290512629
1716.9141872606842
1717.0730155832116
1806.3243905225709
1569.0385528271797
1782.1386464911247
1854.6466059969855
1346.653234752782
1598.4586942793792
1623.1232909245198
1698.605891857752
1927.897005539142
1609.301875299915
1653.6853504066084
1574.9207242011807
1600.2830063441604
1879.5629329849237
1618.4273817281207
1559.3001105608992
1565.8608279707666
1608.3795294232843
1594.5346899510266
1481.1728446010702
1778.659171679213
1517.1671465130878
1532.0420804680055
1270.1562977960991
1696.2055771076127
1571.6487964389069
1900.1083494103098
1731.814417676388
1747.3103783834295
1608.473860968531
1504.3996439712582
1602.6334802791462
1476.256174758539
1490.310592113594
1289.9092456627452
1864.9112244601356
1465.654702707742
1479.895758963101
1510.0231366409616
1865.1811957581442
1624.2613090038537
1453.9957310904301
1583.2380318244711
1814.2186572592848
1634.0829110700163
1443.760596825301
1798.6883558858524
1594.1002579494852
1507.3429820275812
1151.73984071518
1547.928533992603
1150.6289665985462
1548.1840474217397
1574.7509240063182
1538.1496968997353
1642.6675448096357
1528.8980144492987
1487.188875795886
1392.1325009443046
1839.3311319263912
1216.3798698408539
1465.2036223720343
1399.96598703575
1543.5592525896666
1468.7590155075832
1715.8335277188107
1218.0370804589304
1451.0189875095584
1182.9664168007923
1495.1199825667554
1597.0294389225567
1418.970013625263
1462.403003747666
1590.1751374670323
1703.3957375549562
1533.0088655122802
1720.2616690004172
1722.0480142473914
1524.930939514499
1377.521487072979
1721.1130170247118
1646.6405927237176
1752.437631054204
1546.8971475447136
1662.1192078704562
1779.8872276046052
1551.1804000305283
1655.0396424042494
1450.500116605438
1340.4517151162322
1363.0419326321255
1851.0543952740827
1604.1123644668776
1614.913634908674
1621.686568124039
1564.6245750762557
1626.0087581577702
1527.6819319157312
1726.652992772607
1641.374423695908
1664.4311181986297
1685.1188743837008
1634.5030893978785
1683.354633615613
1589.8412432665052
1794.7735943728328
1629.5703002565208
1545.553110372194
1528.7847149267106
1636.8518562644367
1422.0730376995398
1387.9191244927488
1708.9509942896427
1692.1448156534814
1551.2137754811963
1477.6786031468566
1597.7062819131868
1433.9958682172874
1593.5108171929196
1703.357529715392
1600.763639382408
1638.398849474791
1449.5457881742875
1433.82397751464
1611.9454237482826
1724.8619277036178
1663.4314792352243
1773.6403830694487
1848.3418591908148
1598.6384337562058
1877.2227276875262
1389.8130055076062
1829.4238097473374
1458.2656251499618
1517.8982649799143
1461.4752793929854
1661.4100666522888
1466.0027131132774
1480.649657862749
1543.0149839063804
1437.710673064824
1610.7859180057765
1475.0316179960334
1458.069210507084
1796.1341176074502
1488.2567482540162
1648.3819309047574
1557.65413182011
1433.578486206613
1407.8661663602222
1663.3626351902865
1442.9042110240368
1518.0833005027318
1681.9529469037043
1464.2170030271961
1698.7351247215793
1418.8505775280935
1923.0964523350115
1608.1164548206034
1485.7977603909465
1333.942968852944
1463.7497879336531
1373.7358261922357
1651.907747431577
1411.016043234997
1832.3373119798987
1879.1952843045856
1375.0557506607556
1915.7139995738728
1385.9749350971754
1795.0701713717447
1569.87566110054
1638.6330937850007
1586.3737354192256
1503.307691574442
1882.2627088898591
1937.3205908195305
1780.922934000806
1588.5286202648697
1604.0521665529857
1590.7740019007458
1623.4128992866347
1621.9845992574776
1725.2588514024235
1547.3801575222353
1386.170958129332
1628.3313616695275
1657.243422176888
1547.771184589834
1486.59495842261
1544.8038203562273
1490.455921195564
1551.5536751081545
1497.4704316528132
1610.397875515474
1646.6302367023627
1701.8641369668455
1427.0183113873582
1545.7866761807536
1474.43257955078
1389.8999315398933
1393.3396622613297
1492.38989763067
1517.4041863391376
1504.004338743129
1399.2720984072712
1502.1280745511156
1442.345051263006
1474.0820125562202
1377.4323130645873
1492.8941307825387
1443.3632288598474
1371.2719419831865
1349.6953524773655
1395.1556749355996
1539.4435862711725
1520.1995737375848
1499.8506365558706
1400.1613841218802
1376.7438592751248
1461.0220435763388
1459.982404512128
1429.48227538769
1455.5469147452998
1453.0566138120928
1486.1708355433775
1445.7027699872062
1568.6492957254202
1496.9426261624433
1520.4756201171479
1558.39293247981
1548.126930060452
1618.4334696445421
1499.6665512180768
1449.7040245105798
1566.0377911282849
1393.6241183828267
1369.1833580955247
1268.7926279495541
1546.3186154474026
1378.012002511291
1475.3677662119787
1440.8270318966818
1454.2936281246402
1400.7318640034628
1123.772736373789
1683.4652755933039
1525.0276981437528
1219.663391292848
1485.9393311140493
1455.1286950596884
1320.7970097291143
1357.1752742745562
1482.4855892516682
1443.9909865959091
1788.314234508127
1455.1286950596884
1351.7579387554551
1484.2934085059696
1364.3918139443792
1442.2725468018762
1454.8235213391588
1503.0033567659939
1454.7992083878005
1519.4679723614265
1450.6757848066188
1408.5661163670893
1522.5879061675553
1440.9979146212042
1395.6667073472545
1317.6645496481358
1412.320177479065
1742.0732502946564
1554.407895006343
1627.145054667467
1615.2756072347763
1531.1093730504106
1654.6190578954336
1727.395664643358
1559.6919345939393
1493.9104794405202
1585.1767892669168
1447.0539740124739
1561.496199926959
1482.1030388668623
1577.296325665343
1434.0732545651545
1537.228553667817
1448.2633885559662
1523.5799920518048
1492.752727647071
1593.2753842998156
1543.4561263962541
1553.8808587033375
1430.6129586911018
1481.706895519792
1429.6144292393712
1526.4266489073625
1500.1544771003526
1513.1683121140507
1791.3312463628909
1817.228735669949
1518.5802534280347
1651.4045056271373
1635.037241097847
1566.378276473081
1608.8689257801136
1572.5146272489467
1543.4594775787307
1554.5454788173938
1599.820243675262
1585.6800740223523
1591.0573933716014
1642.756911832478
1550.696949141975
1497.6284316024296
1603.4676572022945
1582.7961897759797
1387.7343877267297
1090.3553671590923
1756.1618359674803
1590.6013624981363
1589.7909819773352
1619.493508313335
1518.4097123618733
1218.456966861593
1902.2068031432307
1541.0938165750583
1513.6527560579761
1554.3095998843755
1679.5536359156351
1656.31405113692
1918.6572033587884
1890.080039161181
1639.2920438981448
1507.6920700819273
1662.9049184514804
1071.3441336757514
1819.0249963761828
1545.684847053427
1469.6721212995
1914.1161362820383
1809.5345407839789
1859.789908148109
1929.5114610283272
1923.9470060139874
1496.2277534289212
1905.3518909272698
1859.0960836681033
1929.0005603731652
1548.4983926117877
1771.1135447237339
1790.0244846837022
1480.2672225735032
1732.880032295617
1809.5088338163005
1782.9544571150602
1863.4004102914378
1761.8472683429306
1771.3159499411868
1799.4559376753832
1872.1446187734653
1816.6887504639192
1850.0049408944512
1781.5485283048822
1789.2712090359107
1707.4097173415896
1717.891473174486
1885.4969382212414
1817.2160569493542
1831.0878928800958
1839.9989553087007
1849.2404023374995
1782.8247519154502
1875.214851253045
1862.5191431962205
1545.296661054068
1926.4193318755142
1881.0757494670813
1701.7206110363134
1927.6057596368012
1853.705578156964
1826.191596490352
1491.285490668273
1494.2018809035699
1890.9997731926276
1812.5304998963784
1843.3349523680124
1787.466933421054
1180.5685395295723
1359.5701133719406
1783.4108308027608
1346.149434427188
1844.8427157208807
1790.696654165474
1835.8918617738764
1884.0452626113859
1907.3341876495058
1770.0054469239765
1886.8591238072556
1847.1386186346097
1722.7234779530984
1289.6155968081428
1739.58840147859
1820.2044624372872
1867.1532457616204
1813.4071774116717
1836.779064120692
1756.2776972151714
1794.6731313844223
1752.3645798602436
1815.682721662716
1833.9950354861073
1480.1423324150594
1772.8594734196104
1740.0276474439895
1808.1664809338151
1749.1724238362228
1816.224736792441
1784.3143065688319
1518.0814731523114
1827.934948408367
1902.0679442275532
1521.5346241246718
1218.4249930137958
1251.8137504140204
1741.9191100425876
1313.1688750360202
1717.807119437489
1733.0295745394894
1398.7436750530978
1711.5024743511121
1773.2859185224982
1539.747088762043
1882.9961712961715
1780.6910970842866
1293.16582297407
1769.447532866734
1775.5991985938315
1814.3025392968432
1755.7830480122823
1809.1296674560278
1437.1315332891081
1782.442395034989
1433.126394735464
1205.0570728343775
1214.285207175562
1230.812798300588
1224.7719348375854
1747.0059199734194
1296.557550620673
1468.7182650631673
1692.291240753237
1751.9636649326494
1796.774558410332
1777.567189340256
1266.5968649851798
1777.129893182133
1738.6577244488806
1692.7710816169822
1763.5561899259665
1787.0197924504039
1286.7739953123667
1707.5877773024347
1868.2706176447082
1739.880905779349
1704.7476633046447
1733.4941969544288
1346.9416400715834
1744.0166926789923
1711.739457338883
1472.6346344820201
1803.3594783115286
1844.352230967227
1801.9539321196733
1778.577565729446
1705.9119753486796
1451.7876740871718
1289.7156909015189
1271.0984932333367
1289.340967920986
1757.9015531018965
1723.9359884562803
1709.2266304148932
1283.6314192217515
1818.1955748916942
1801.2320348632936
1656.4704973008231
1714.8563088692426
1769.655069316824
1836.2727358378124
1730.6475076785507
1673.0685074746714
1767.0000226939492
1777.9623564346596
1738.9094966216715
1809.8742838756525
1747.920295008108
1719.9242800910104
1664.080455366978
1766.35471241684
1827.9902100704433
1767.945187447971
1746.0592118176148
1826.5094728947472
1742.3014439809479
1716.9724138591282
1467.259269916847
1624.2316219910028
1821.395030083632
1336.8849310820415
1786.769352945984
1429.2773473872342
1381.4125326031508
1769.0855546919818
1655.4342740204627
1744.2218602585153
1654.9180636631374
1754.956258537567
1669.815607833504
1735.8775560213155
1712.028286201723
1687.8928589009859
1683.584692774414
1798.456727481289
1777.7478443930177
1806.6339880374226
1803.5541290410074
1731.0730768488586
1727.7935965053791
1785.685800872691
1765.2664511819614
1703.4651238760123
1723.2837066484153
1742.6575173802776
1768.237661378217
1709.5843902966506
1706.235012889006
1786.4545925026066
1732.9472078861647
1751.1187045515392
1696.4075054689968
1390.5269209091573
1805.6784756634977
1764.7362449204645
1334.3329473794731
1748.4124127085859
1702.7463486615625
1778.5764181641744
1711.3242114589605
1788.7735747997397
1736.8757750715904
1260.6145601977623
1772.9579295526544
1807.8750105650322
1723.011521568211
1680.0249805113865
1768.5496498183522
1779.9817521063853
1762.7418208458305
1218.7214884051125
1361.5395881099155
1273.9159651316388
1774.5156858472394
1192.9906766628221
1754.4966008022814
1782.1850750966098
1750.3093782866763
1751.9399423041734
1723.7027248255752
1814.8778094705358
1731.9749610697443
1768.193968701549
1748.3761599693007
1765.2013084644552
1835.4008792650554
1590.6234187336497
1781.2219265527874
1798.8300315779982
1307.553887547268
1794.6981331518298
1741.7785815434327
1746.544324132089
1703.3749428307146
1761.927964359559
1779.2099257158895
1856.052903100431
1908.6378059080416
1849.665664172651
1687.4010238577105
1815.4800785570624
1771.0065685476795
1673.2394433615475
1699.4839420878216
1881.8317103405068
1773.5220918291336
1713.6844780944057
1697.1643217090148
1674.841027037998
1755.0093689729704
1254.07607667213
1782.9596151140559
1784.659466155137
1761.131006818742
1745.3264944833782
1705.8613381721595
1792.6273657211323
1282.6419513541393
1746.5954213023704
1739.5126500625404
1764.3452504136512
1695.120881295409
1757.5367360939542
1720.511203825644
1862.3135187285432
1729.889563151187
1826.5022495267488
1212.6244433240374
1051.1346870120808
1808.0032911637882
1468.7590155075832
1862.5669229208477
1860.6130369918665
1361.9614770522076
1684.1743909415634
1532.4372652174688
1675.9355130311353
1316.2965686717732
1781.1903222307103
1460.1442672634337
1675.935080810049
1722.337912104497
1797.0142106103615
1733.4370311825676
1736.6459889734124
1789.0652889862802
1698.2222628511533
1657.838196486967
1772.3276322774611
1293.0775268687696
1872.6223794492055
1766.7418967892108
1860.9024748950148
1762.9577137625763
1764.1455371922978
1801.8921557291997
1723.2388309204234
1702.1639419617188
1875.0005962182913
1405.3411514220697
1705.0011107237624
1725.1346745457515
1522.2840116479676
1700.5922006439448
1831.7511582441773
1272.2933892117637
1288.1888451902048
1346.9345936927066
1752.5699275108148
1977.7811462922516
1751.258144192843
1499.9521868475083
1638.1691031628209
1524.576029029984
1748.4455435372086
1642.64810675413
1689.0947116567384
1931.4487319961263
1748.0213797654694
1362.2818415576778
1863.4779773933521
1687.0347839737888
1692.842561503551
1796.8759685608848
1757.2210000481437
1804.3733288656215
1755.0119723416926
1697.4981323414934
1723.6070780529155
1712.1649199426795
1716.0472016352371
1758.6922791970962
1666.2071391624977
1639.4991066994735
1597.8028770302535
1834.259219050415
1693.9793223681602
1854.704249844508
1951.1724729100952
1634.2132340685075
1710.8715202690698
1716.3157903450426
1767.9184766750486
1730.0158229777105
1758.7268331344478
1825.8870532120661
1820.8748139418012
1789.9236596313394
1727.4689353284557
1819.1839067412773
1732.980699990622
1659.1640099679641
1738.595150363403
1405.0567698315142
1465.2440060729289
1673.0553796904878
1709.8942193546648
1663.3998030139464
1683.684423286777
1775.4967946213008
1634.9621225621374
1799.5760349381835
1395.7808133203532
1690.040285395359
1822.470582144719
1829.6681485204317
1653.7195018473678
1715.187858286353
1703.9197474713474
1671.1851615967814
1127.7814511150793
1181.945179222232
1390.9625131203622
1763.6139130239405
1177.4441550126057
1712.8724449191088
1038.6750812403864
1240.4221871183013
1545.764054674896
1416.1240671415324
1437.9986543313628
1309.1842190115397
1431.4555568990488
1764.078335008222
1354.093128692953
1389.3537024988088
1758.0803737796948
1504.4642379311445
1713.9180280569944
1697.1537753363475
1619.6297420228384
2017.4912946551879
1780.0577005848147
1836.7072361082985
1684.6117385627974
1736.4789449052262
1460.064408983464
1774.8593448883778
1659.0086119191808
1673.6557453642893
1784.3811068023876
1552.9127921530853
1625.921766309277
1863.686606314746
1809.3973098547901
1699.7310730759666
1646.2019550169114
1581.0062488632914
1618.59256191901
1740.521756478075
1347.8391546844862
1727.2678185291331
1829.966314565342
1889.9857104585226
1779.2167581723863
1238.5082911892812
1418.9921404787608
1382.304807988262
1630.4529375720058
1225.7034481786297
1391.9882250706269
1961.261294535502
2018.1465359497204
2021.1620587950056
1743.0392669914029
1659.1998516404283
1745.1046129833594
1711.5118693815257
1892.4364575652592
1758.0649091186453
1689.7948491358031
1674.1185798233212
1740.9287222157511
1816.2883930869514
1811.8823292504328
1444.2179048138103
1870.7225230931872
1496.1697092948796
1367.2573030165224
1824.739627729696
2037.7121191968515
1733.3707875619946
1711.5779389988893
1755.2716119249837
1919.0268132987096
1743.558441262922
1934.7571835858344
1743.1541064566366
1407.512676551115
1545.028880791085
1956.7477750598998
1916.0770801401243
1903.1990655056259
1907.506137891635
1456.265297481075
2007.7017061080405
996.4910660180518
1627.8380942928513
1783.8699079587186
1779.7034029322367
1394.1749928581855
1134.4793026657162
1088.8886506108638
1933.4994538600238
1551.677878854907
1686.2210389988716
1497.5850616612345
1469.512500953984
1734.210445306507
1957.1351333714476
1261.7505065880723
1674.4644768800624
1583.5468747293974
1866.7335348471552
1758.1535570509902
1612.1031569071154
1631.0268127597913
1577.8206520616798
1567.7497091641817
1656.0291152178968
1639.3151362939682
1584.9600668285111
1618.1298465578946
1621.5641533146165
1638.8614509426552
1680.1833821961807
1709.5090972293817
1595.5077529350567
1542.4715261931667
1662.5072689366752
1661.6461776815838
1625.9827612856268
1701.5423801676816
1651.3889695360933
1631.497102320073
1616.9138555776578
1772.7746145064275
1574.0902771353256
1650.9605560898372
1670.373159041219
1755.0205715543627
1746.546976463915
1703.561150425021
1812.4041539873767
1853.5539141086067
1721.4760280036687
1791.3372182808623
1780.00804513372
1778.397792406112
1769.532182760652
1531.9154937693977
1579.6683316291267
1552.2839453435035
1606.993891546009
1633.0574866230934
1597.171506464532
1704.646198657254
1700.8474920985789
1723.9670461138774
1253.181402813622
1637.5883903257102
1619.0012924701266
1689.371098876917
1665.1827849788215
1635.3276862053508
1591.9430477470844
1704.4618591618257
1609.4764866648718
1611.8044345120222
1612.5532348938757
1560.7480010704728
1745.4085204570858
1478.8952487786182
1614.7152165989282
1637.1907089396009
1665.8465181540407
1646.248285684179
1570.6999737172243
1616.298237851698
1634.5461364743048
1654.6875585649213
1698.3702197448845
1666.538672850883
1585.5231995880624
1515.2817771716539
1609.4259274806898
1684.0529976144728
1670.107226887876
1674.2219558354984
1976.3533264003092
1564.8091535903004
1634.1657638170575
1579.6749758931755
1555.5133037934495
1603.7385263514927
1678.6684666619476
1543.9431768401926
1467.3505185496672
1461.828123519236
1831.850137134207
1949.6960117089159
1716.918836350282
1766.8211989895601
1862.9787482216564
1748.447945801262
1551.2183503406902
1537.8504860573403
1789.5895657036865
1611.3444673804015
1525.1592500481286
1675.894594677822
1630.1978472437816
1551.6024538882714
1604.569665224154
1848.0486886347846
1827.0976022773057
1580.1894573877155
1713.7399406978195
1814.6787433453137
1629.6793848699308
1504.992038644015
1624.4382064880817
1546.7128938369926
1894.6121836476705
1777.342850421255
1636.1474030421984
1665.2621108498022
1809.0937271645053
1786.1563240791913
1737.859717598318
1473.326696114373
1443.4216727471166
1467.2213416012046
1490.510406542875
1449.6493219321437
1784.9646702168266
1460.4501278687676
1688.2563275132497
1621.6101160308256
1893.1001271251582
1925.9419400288152
1573.1741673296722
1493.6690132606627
1545.8175578578819
1745.1944779949483
1809.618311247141
1553.9997019048421
1603.999175115863
1728.7755576228635
1803.5572076609158
1296.9115684694252
1689.5453461211061
1737.9887361275044
1686.8099199518838
1679.1162352473082
1771.975461535536
1752.9235987145014
1659.606900131269
1766.2437890538997
1255.413631768917
1584.0747047475395
1641.853093290375
1629.451050549428
1664.0165315981346
1576.738859706599
1933.3830804125275
1614.202573830293
1407.4315458643944
1795.6493970516779
1584.215662283709
1613.095609227773
1543.074666168477
1481.226037695705
1647.8262900700531
1867.0586533293292
1653.7907988574188
1923.9420015468943
1937.4606441405224
1535.3227975204009
1960.8948902604373
1466.464181783094
1605.2876810415676
1336.303150530556
1575.4570924120687
1456.1760226533072
1438.83669118568
1472.8640308767215
1411.590518629655
1460.4963973540546
1387.144922076431
1344.1043723229352
1481.5899594429868
1509.7728554071043
1419.2988010597694
1322.8369941349267
1827.3927511909894
1372.5704379852343
1460.7848800577679
1461.344811345716
1722.8726467499994
1730.7437989136472
1400.4616649061516
1426.6233294156857
1368.7605737749207
1438.7862146320313
1642.2011029133798
1736.42081310239
1646.4867000160357
1917.8622572836368
1684.369561778637
1625.9570514206523
1397.4974179140854
1428.4205023676132
1736.8202217645012
1733.3364560447071
1937.1741231474
1420.6115080647603
1679.158132447181
1789.5623623603403
1781.1314818257272
1379.5563784085741
1368.7421485118284
1384.019098587569
1341.6871425802974
1383.9159576085433
1420.6038717395934
1741.5923328504214
1872.4475294825272
1405.4654848353246
1718.6421121948508
1638.7712564877838
1522.5303524884293
1544.441405440806
1675.5780645476545
1658.4209134867933
1721.1706681659564
1740.582113974108
1581.0842614605988
1693.8336012799743
1549.711305428248
1372.283890260653
1465.3395707421914
1687.5484740079246
1415.8339631839615
1516.0835133772277
1741.9747208136134
1483.8569674125438
1496.1616588360487
1556.7215839521016
1519.9076020743871
1673.6288657666134
1463.5194636932583
1428.9718815820404
1561.053680655776
1195.778458290663
1601.698087625374
1112.6497016771573
1577.595956901736
1518.366594933463
1332.984379933785
1297.5661812120823
1301.4295819822582
1504.4749503071073
1588.2113696632407
1632.9380909646743
1513.2862718089991
1571.2233678081145
1099.4056789585063