47707.69600000002
67255.38500000002
71692.30900000002
71569.23200000002
65421.02700000002
56080.00400000002
67450.77000000002
67492.30900000002
72602.565
54945.64600000002
63283.07700000002
68485.64500000003
69223.07600000002
92518.46500000001
71799.49200000001
75877.436
79020.001
67590.25800000002
98613.332
88433.33200000001
75774.87100000001
71525.642
76503.07100000001
82125.643
77996.924
77804.61400000002
76746.157
97946.15499999998
94824.62000000001
87520.003
93597.95199999999
84233.848
99822.562
89124.10599999999
98656.41100000001
91528.71900000003
96783.083
97733.33399999999
96758.46199999998
90408.208
102017.44
86278.46600000001
100901.54299999999
115672.30500000001
89255.38900000001
114113.33399999999
99013.33900000002
104133.33599999998
118817.44399999997
111265.64699999998
99784.10299999999
94760.00400000002
110375.904
92688.724
109441.542
115653.33999999998
100775.38299999999
109272.313
131086.67199999996
99878.46699999999
108142.05199999997
105168.71799999998
104082.56699999998
109181.02500000001
128226.15699999995
106072.31299999994
125985.13499999992
92561.03
127857.94999999997
124758.97899999992
118552.30899999996
120567.17999999998
118809.23899999994
119446.15199999996
113517.44
132427.185
122754.35899999995
134269.74999999994
115462.55999999997
126990.25700000001
111314.87400000001
128900.51299999998
123957.94999999997
111681.032
123488.71999999994
131988.71599999996
126703.58799999997
120858.47099999993
133333.853
160456.93100000007
145527.17599999998
115350.25999999997
138361.02699999994
123510.24900000001
144758.97599999997
123825.12799999995
136196.41199999998
142420.50999999995
133097.95099999997
129769.23299999993
133131.28399999996
142622.054
141192.81999999998
135974.35399999996
135025.64599999998
131078.46899999995
127683.08299999997
141461.02099999992
131093.85199999993
148608.717
149923.07600000003
146490.25399999996
138244.11099999995
150893.85099999997
151713.33400000012
118115.89100000002
135154.353
146849.24100000007
130048.72399999999
142419.49099999995
145003.5999999999
143578.45700000002
122787.17899999995
156035.3840000001
164674.3690000001
139332.82999999993
165337.434
129641.02100000005
162584.62299999996
94677.435
153797.43099999998
131883.582
168447.68899999995
99822.06499999997
129882.55700000003
151870.26299999998
151027.184
138087.171
162305.64100000006
132054.882
146606.66
146629.23099999994
127674.86000000002
129138.47600000001
144753.32999999993
153633.84699999998
113235.91099999992
145910.26399999988
147356.92400000006
128008.21799999994
108635.37599999997
147834.368
164644.10999999993
165292.81499999997
108010.78399999997
160074.3550000001
141696.937
186386.15700000024
127996.933
164573.853
161197.42800000013
163370.2560000001
139492.315
112434.88500000001
102254.87900000003
184211.28300000002
102576.91500000002
104174.86999999998
134779.9979999999
146877.95500000002
149783.598
168379.99700000018
118691.298
131100.52699999986
148400.513
189412.30899999986
167333.84599999987
152946.672
144275.385
126422.56000000001
69804.601
137482.0649999999
122700.52700000003
134224.63
165264.09699999992
146261.53799999994
171801.54500000004
141691.29699999987
104913.34199999993
111920.00599999992
147318.9749999999
147684.62400000004
167284.61699999994
131734.362
151638.96700000006
139947.69100000005
135604.6199999999
97363.08700000001
119556.93499999988
150567.68500000003
92190.75400000002
165249.23299999986
125810.78299999988
127763.08700000003
147707.70100000003
55666.667
104815.38999999994
104353.83999999998
117092.31399999998
147305.1279999999
77529.24500000002
87429.24500000002
97063.06799999993
120955.38700000002
117461.54999999989
104833.85999999993
141061.53799999994
133689.22999999992
132129.24500000002
104810.78299999995
56695.385
161366.16200000004
77529.24500000002
159946.66700000007
134224.62999999995
117046.14000000001
66627.67800000001
148347.69299999994
87429.24500000002
77529.24500000002
117998.45600000005
123184.611
102230.76100000003
125279.99599999991
99227.678
56695.385
115324.6299999999
88020.01500000001
130033.85999999986
142070.77000000002
127523.06500000002
134229.24499999988
106984.62500000003
123724.62999999996
139961.53800000003
102480.00700000004
87429.24500000002
77490.75400000002
125266.14900000003
71970.245
102783.07900000003
114295.91199999991
116437.44699999991
138420.015
132129.24499999985
81724.63000000002
77529.24500000002
142061.5379999999
129609.21800000001
94130.76000000001
64527.67800000001
64527.67800000001
146233.84599999993
90018.47299999998
138410.783
132129.24499999988
175675.38499999995
131566.15099999998
75433.86000000003
77529.24500000002
142523.088
118109.216
109080.00999999991
104829.24499999997
146713.8579999999
67089.228
96004.603
133229.24499999985
92113.85800000002
134816.92400000003
144152.30800000002
148347.69299999994
142463.0870000001
130029.24500000002
133795.37300000002
180004.61899999995
110861.52900000001
135724.62999999992
161707.70099999988
119109.21600000001
167219.99899999998
108766.16200000003
139961.53799999988
90138.47500000003
86026.15999999996
140138.96300000005
161075.38500000004
125293.84300000005
144152.3079999999
189328.20500000005
79186.14099999997
140049.22699999998
173736.92800000013
79624.63000000002
79624.63000000002
142075.38499999995
122308.21000000002
137870.766
149529.73499999996
138415.40000000002
134224.63
113270.78000000001
132115.39800000002
133224.63
188256.92300000004
190343.0760000001
165341.54300000003
100153.83800000003
127375.38099999995
133182.065
132133.86000000002
117447.70300000004
125847.70500000005
124847.70500000003
125843.09000000004
109080.01000000004
125815.39600000002
126929.243
123752.32000000005
121615.39600000005
132129.24500000002
119524.62600000003
162246.15400000004
140316.92700000003
127915.39600000005
131092.31900000005
123743.09000000004
152833.84900000005
140400.00900000005
171613.84700000004
159226.16300000003
144535.39100000003
132064.62500000006
132046.16300000006
174832.31100000005
190338.45900000006
140625.65600000002
132247.70700000002
91300.52900000004
83929.24700000003
142147.69100000005
131636.40900000004
80838.47700000003
104855.39900000003
142170.77000000008
139975.38300000006
139947.69100000005
139961.53800000003
158852.30600000004
135770.76800000004
127389.22800000006
133679.99800000005
133647.68900000004
133661.53600000002
137866.15300000005
149479.99800000005
123747.70500000005
130038.475
152930.77800000002
135770.76800000004
144576.93200000003
139454.37300000002
130020.01300000004
152556.92100000006
125307.69000000006
133679.99800000005
157870.76800000004
135784.61500000005
190356.92100000006
163075.38300000006
144636.93500000003
192480.00000000006
136292.321
139933.84400000004
163056.92300000004
134215.39800000004
196647.69100000005
142070.77000000002
152556.92300000004
190356.92100000006
171673.852
125843.09000000004
180929.23100000003
190315.38400000002
142550.782
167247.69300000003
183038.461
142070.77000000002
141028.205
141033.844
177738.46100000004
194547.69300000003
186147.69100000005
185119.99900000004
192452.30600000004
198756.923
177738.46100000004
181961.53800000003
148379.998
135798.46
161243.083
184052.306
152916.931
177900.00199999998
170655.38800000004
179856.921
190356.921
179806.152
179856.923
169384.613
163043.07399999996
171443.074
148347.689
130584.61300000003
131566.15099999998
146284.613
167261.53599999996
160970.768
186179.99800000002
131579.998
133661.53600000002
158866.151
158866.151
150516.92200000002
163093.84499999997
164146.665
161003.07499999998
181966.151
177761.53600000002
148730.776
157024.619
188266.15099999998
140376.93
136181.54499999998
185170.766
179879.99599999998
176743.074
179898.458
179879.99599999998
177766.151
163269.23299999998
188261.536
163066.15300000002
150484.61299999998
184070.76599999997
165189.23
156789.22999999998
145603.082
139998.458
146603.082
165203.07499999998
188252.306
186175.381
173579.99799999996
162055.895
154910.77199999997
187256.919
171479.99599999998
169389.22799999997
145621.544
189356.921
171475.38300000003
144540.006
136153.851
186179.998
145603.082
167266.153
148698.467
148772.31699999998
173584.61099999998
179870.76799999998
142527.70299999998
141481.547
193514.358
144535.39099999997
146635.39099999997
140446.16500000004
136223.086
142440.006
144581.547
144563.08499999996
136176.93
138276.93
175703.07299999997
173663.076
163213.84499999997
169527.694
171553.844
177821.53499999997
167386.15299999996
150784.62
161150.769
165350.771
150484.613
144595.39399999997
157024.61899999998
181975.381
146580.00299999997
161196.925
140321.542
144540.006
138258.468
146626.16099999996
179884.61299999998
179889.228
150766.158
159078.463
150798.46699999998
182003.075
146598.46699999995
150521.53499999997
184089.228
148398.45799999996
185146.663
138207.69499999998
139367.698
177752.30199999997
179889.22600000002
185175.381
188256.921
150493.843
129470.76600000002
125266.149
154746.66299999997
163103.07299999997
131607.68999999997
127393.84299999996
129484.61299999998
142093.843
146653.85299999997
152969.74899999995
147661.54099999997
146598.46699999995
142467.69999999998
131598.45799999998
184098.46
190329.22699999996
173704.617
131603.07499999998
146631.79899999997
144493.84999999998
138253.85100000002
144553.853
140372.315
136121.542
144470.77099999998
146593.84999999998
141398.46499999997
150775.38799999998
142453.853
146538.462
150738.46399999998
148407.688
141444.62099999998
148356.919
140284.618
140298.46499999997
142416.927
155789.228
146552.30899999995
176774.35499999998
165304.61299999998
189384.61299999998
151838.46399999998
159110.772
146593.84999999998
150798.46699999998
145589.235
148670.773
140312.31199999998
152870.773
144484.61799999996
142366.156
144503.08199999997
148624.61699999997
164332.30699999997
159041.537
144507.697
144447.69399999996
146561.54099999997
142393.84999999998
146538.462
152852.311
148633.84699999995
140280.001
142384.61799999996
150729.23199999996
150706.15499999997
147586.66699999996
148601.53799999997
146533.84699999998
145533.84699999995
150775.38799999998
140289.23299999998
146589.235
144507.697
138175.386
146593.84999999998
150743.07899999997
146598.46499999997
150780.00499999995
182026.152
140340.006
142453.853
150720.00199999995
141444.62099999998
145546.66999999995
145546.66999999998
146621.544
114370.77999999997
116470.77999999997
142416.92699999997
125760.00799999999
152866.15799999997
142430.77399999998
144498.46499999997
146580.00299999997
148629.23199999996
146607.697
152838.46399999995
150724.61699999997
150729.23199999996
150724.61699999997
146529.23199999996
142393.84999999998
150770.77299999996
152820.00199999995
150756.92599999998
148647.69399999996
139243.077
150756.92599999998
146580.00299999997
144415.38499999995
150724.61699999997
152796.92299999995
140256.92399999997
111170.78
148656.92599999998
144480.00299999997
142380.00299999997
121666.16500000002
149705.12899999996
150710.76999999996
142352.30899999995
150687.69099999993
159988.19999999995
174688.202
175735.38199999998
152838.46399999995
136121.542
121527.69699999997
179903.07299999997
154850.76699999996
117396.92999999995
169426.14999999997
146547.69399999996
143451.28499999997
150729.23199999996
177798.45799999998
184070.766
115370.77999999996
104889.23999999998
104889.23999999998
113280.00999999998
119566.16499999998
167289.22599999997
165253.84199999998
102793.85499999997
111180.00999999998
160989.22599999997
156816.91799999995
156849.22699999996
113270.77999999997
112280.00999999998
108089.23999999998
109080.00999999998
160993.84299999996
154698.45599999995
154712.30299999996
177766.14899999998
111175.39499999996
152575.38099999996
106984.625
104889.23999999998
152607.68799999997
171526.15
111120.00699999998
105960.52199999998
169412.305
104893.85499999997
167335.37999999998
108080.00999999998
115278.46799999998
163103.07299999997
160984.61099999998
158898.45599999995
154721.53299999997
164193.84099999996
158898.45599999995
113201.54499999998
102793.85499999998
104898.46999999997
165221.53299999997
146339.99499999994
150512.30099999998
152607.68599999993
157874.35299999997
146358.45699999997
154703.07099999997
167312.30299999996
161021.533
150530.76299999998
171498.45599999995
162078.96799999996
106993.85499999998
158884.60899999994
156826.14799999996
158898.45599999998
165221.533
169403.07099999997
150493.84099999996
104893.85499999995
98603.08499999999
113206.15999999996
99703.08499999998
165207.68599999996
102793.85499999997
154689.22599999994
109038.46899999997
119418.46499999997
154730.76299999995
113206.15999999996
106975.39299999998
106984.62499999999
102798.46999999997
165216.91799999998
117350.77399999998
99698.46799999996
163149.22499999995
111143.08399999997
99628.211
156812.30099999998
169393.83899999995
150512.30099999995
146326.14799999996
150526.14799999996
148439.99499999997
134007.69299999997
165203.07099999997
150530.76299999995
143244.60999999996
154716.91599999997
152663.06999999998
148449.22499999995
156923.07299999997
106896.92799999996
150567.68499999997
169412.30099999998
163116.916
148439.99299999996
146335.37799999997
133735.37799999994
147369.73799999995
137939.993
150493.83899999995
156807.68599999996
140016.91599999997
169403.07099999997
96512.31499999997
167279.99800000002
161035.37799999997
111069.23399999997
140039.99299999996
142158.45499999996
158912.30099999998
133698.45399999994
149503.06999999995
99712.31499999997
92316.93000000001
164203.06899999996
154749.22499999998
156835.37799999997
148435.37799999997
184186.15700000015
171636.92800000013
184213.85100000014
147720.52200000006
104852.31399999997
104783.08099999998
100675.39099999999
92316.93000000001
154910.77600000004
159048.20900000006
163218.46600000007
163130.7710000001
163149.2330000001
158912.30900000004
152787.69900000002
146700.01099999997
111620.01499999998
146496.92899999997
152810.776
150590.772
148578.46699999998
152796.929
149669.235
152755.39
151630.771
160112.82500000004
156886.15700000004
160956.92300000007
159989.23200000005
153656.92300000004
118026.14599999996
170512.30900000012
159937.43700000003
148490.772
156752.30800000002
158861.53800000006
123267.68499999998
158944.61800000007
152561.53800000003
161030.77100000007
154656.92300000004
165212.3090000001
156780.00000000003
148366.15099999998
158046.15800000005
163366.16200000007
158856.92300000004
148366.15099999998
165106.15200000006
159929.23100000003
154647.69100000002
156756.92300000004
163033.84600000005
156780.00000000003
144604.62599999996
152885.64899999998
150766.16199999998
163056.92300000004
161067.69500000004
131760.00499999995
140321.54799999995
160952.30800000002
166233.84600000005
167275.38500000007
116935.37599999992
115176.93399999996
138129.23799999992
123692.32099999991
126618.98199999992
130006.1679999999
140376.93399999995
134040.00999999992
146353.84799999997
151755.38999999998
137118.9819999999
138161.54699999993
146524.623
150673.85199999998
147526.67199999996
138230.77799999993
129941.54999999993
127860.00799999993
146781.55099999998
152667.695
152736.92799999999
135983.08199999994
150724.623
150636.92799999999
150696.92899999997
136246.16499999992
148726.163
138175.39199999993
139215.39099999992
158529.23799999998
161650.775
155455.90599999996
160541.54299999998
157538.46799999994
141467.70199999993
160647.69999999998
138138.4679999999
115324.62999999995
119533.85999999994
153407.70099999994
119529.24499999992
173058.46299999996
138166.1619999999
106938.47499999995
117424.62999999995
139933.8599999999
153550.78199999995
158524.62099999993
147100.01099999988
164686.15499999988
162692.31399999987
111129.24499999992
161687.69499999992
118491.29699999993
115209.24099999992
109024.62999999995
147088.2109999999
121555.39699999991
148403.0749999999
170884.61499999987
171884.6129999999
172016.9219999999
166860.00499999992
177237.4329999999
104829.24499999994
170861.5359999999
156779.99599999993
166776.92299999992
160509.23199999987
165575.38299999989
170884.6149999999
166247.6889999999
159979.99999999985
158875.38299999989
158879.99799999993
151612.30299999993
106933.85999999994
160952.3059999999
160993.84299999994
162079.99399999992
172989.22799999992
183470.76799999995
152616.9199999999
153689.2279999999
160281.54199999993
179275.38499999992
181355.89499999993
159084.6129999999
150479.99599999987
152575.3809999999
175756.92299999995
158884.6129999999
176084.6129999999
166804.61699999997
102729.24499999995
144216.91999999993
142107.6879999999
169903.0749999999
150484.6109999999
161138.4589999999
157842.04799999992
161375.38299999986
155756.9209999999
154689.22999999986
152607.6879999999
149465.12699999986
150461.5339999999
160966.1509999999
160952.30399999992
148366.15299999987
149489.2259999999
154693.8429999999
151569.73999999993
165655.89699999988
108001.55099999996
138138.46799999996
154889.2259999999
156752.3059999999
162123.5859999999
148407.6879999999
148370.7659999999
168666.1509999999
158879.99999999988
166689.2279999999
156756.92099999986
177715.38399999996
173875.38299999997
170446.6669999999
179289.22999999992
169752.3059999999
151635.38199999993
148416.91799999992
164612.30299999993
164570.76599999992
169953.84799999988
158423.08099999992
159353.84799999988
171838.46099999986
140183.08199999994
153693.8429999999
150484.6109999999
156775.38299999989
150484.6129999999
150512.3049999999
150479.9959999999
170438.46099999995
156886.15699999998
164607.6919999999
175140.00299999994
166338.46099999986
182452.30599999995
154693.84499999988
158833.84399999987
152547.69099999988
164556.9209999999
172966.15299999987
152543.07399999988
144193.84299999988
150470.7659999999
163043.0759999999
98533.85999999996
100629.24499999994
173519.99899999995
165124.61399999997
144198.4579999999
146284.61299999987
150507.6899999999
148343.07399999988
169743.07199999993
150484.6129999999
169951.28299999988
141093.8409999999
140021.53499999992
139993.8429999999
142093.84299999988
152566.1529999999
150470.76799999987
108826.16299999993
144175.38099999988
151583.58699999988
146270.7659999999
144189.2279999999
168489.23399999988
142093.8409999999
167412.3089999999
142107.6899999999
146275.38099999988
155098.45799999993
142112.3049999999
137903.0709999999
135803.07299999992
159095.38899999988
161153.84799999988
142093.8429999999
148398.45599999992
144203.07299999992
167370.7699999999
150498.45799999996
140012.30499999988
146289.22599999994
133721.5329999999
140007.68799999994
137889.2259999999
142126.14999999994
154884.61499999985
142103.07299999992
140016.9179999999
140012.30299999993
146289.2279999999
179366.15499999988
155889.2279999999
138965.1229999999
137926.1499999999
142093.84299999988
148484.61099999992
150798.45799999993
142107.6899999999
148689.2279999999
155172.30599999992
159317.9469999999
143207.6879999999
139979.9959999999
153975.3809999999
134788.1999999999
142066.1489999999
135793.8409999999
132730.76499999993
144207.68999999992
144179.99799999988
148707.6899999999
133716.91799999992
135807.6899999999
135789.2259999999
146270.7659999999
146293.84299999988
159326.15399999986
148379.99799999988
148674.35499999992
156198.45999999988
140012.30299999993
137907.6879999999
156216.91999999993
156184.60899999988
152044.6139999999
162456.9209999999
159321.5369999999
156179.9959999999
152007.6899999999
164579.9959999999
160421.53899999987
148798.4579999999
158307.6899999999
154121.53699999987
149898.45799999993
131575.3809999999
127503.07299999989
125316.91999999991
133698.45799999993
144133.84399999992
133675.3809999999
137870.7659999999
135798.4579999999
135798.4579999999
139970.7679999999
140012.3049999999
139956.9169999999
154052.3059999999
156133.84199999992
135779.9979999999
142047.6909999999
106656.92999999993
77529.24500000002
140003.07299999992
142075.3809999999
154875.38299999989
150443.07399999988
168833.8459999998
142066.15299999987
153647.68999999983
153798.45999999982
146270.76599999986
156165.12699999986
165684.61499999987
155070.7659999999
164612.3089999998
163644.61799999996
163709.23399999997
167863.07799999998
158307.6919999999
98524.62999999998
142052.3039999999
144207.6879999999
92238.47499999999
149061.54499999995
158340.00099999987
158344.61199999988
158298.45599999992
157358.46299999993
135830.76299999992
159509.22999999995
144207.6899999999
162470.76599999992
143341.54299999995
144226.14799999996
137921.53099999993
155346.156
166693.84499999994
139998.45399999994
147346.66299999988
144184.61099999992
137907.68999999992
142112.30499999988
131644.6099999999
137921.53099999993
127467.68499999995
145583.58299999993
161507.68999999983
154177.94799999986
159356.91999999984
139989.2279999999
133698.4559999999
142066.1489999999
144179.9959999999
161652.82399999988
135807.6879999999
142107.68799999994
162490.2529999999
136883.5849999999
129567.68699999993
131635.3799999999
141121.53499999992
146356.9189999999
133721.5329999999
159233.8419999999
145507.68799999988
144170.76599999986
132674.3549999999
135803.0729999999
161428.20299999986
160361.5339999999
142070.7639999999
135826.14799999993
133679.99399999992
129558.45299999995
130583.5849999999
131626.14799999993
133744.60799999992
135789.2239999999
137926.14799999993
151989.2259999999
131626.14599999992
135912.3029999999
148855.8929999999
129521.53299999991
128483.58499999992
125330.76499999993
127416.91799999992
143574.35299999994
136903.06899999993
129535.37799999994
127407.68599999994
131607.6859999999
158381.54199999996
152016.91399999993
145739.99299999996
144744.60999999993
149055.38400000002
158399.99999999997
148858.45899999994
152178.463
123263.06999999993
155285.129
146769.7379999999
131721.5329999999
148903.07299999992
147789.22599999994
155287.1789999999
135812.30099999995
131579.99599999993
141516.91799999995
153028.2009999999
131603.06899999993
143607.68599999993
123216.91599999992
158221.53699999992
157203.07699999987
152051.2779999999
141216.91799999995
155272.30999999994
161479.9999999999
122326.14799999993
158889.232
129512.3029999999
151686.1579999999
160116.9259999999
186212.30699999994
190390.2549999999
178953.84599999993
131616.91799999992
141060.5079999999
175735.38199999993
133689.2259999999
145823.0809999999
183212.3049999999
177784.6109999999
152126.1519999998
157317.94499999986
140175.3789999999
131639.99499999994
131616.91599999994
156005.13299999986
160006.65999999992
127426.14599999992
150627.68799999997
129553.83799999996
121158.45299999996
158939.99299999996
156830.76099999994
144735.37599999993
154744.60799999995
163235.37799999994
152635.37599999996
123249.22299999994
171516.9179999999
162241.53899999993
150664.61199999996
161390.76399999997
152653.83799999993
123249.22299999994
131603.07099999994
164221.53499999992
154879.48599999992
149672.81999999995
167349.2269999999
138106.15099999995
138189.23299999992
148573.84399999995
132983.59199999995
148555.37999999995
150092.30399999995
148699.99199999994
154823.07299999992
125584.61199999995
133223.0749999999
116420.00899999996
138096.91899999994
131921.53999999995
133979.99899999995
138073.83999999997
124952.30499999993
138115.38099999994
153767.68499999994
129696.91699999996
138096.91899999994
147532.30099999995
131916.92299999995
154315.38299999997
131279.99699999997
137496.91899999997
130265.12599999995
132224.61299999995
140384.6169999999
146010.7699999999
134040.00199999998
123484.61199999996
140136.91599999997
133873.83999999994
142829.22999999986
116398.97699999996
148779.48099999988
151258.97299999988
151836.9199999999
148101.5339999999
137624.6129999999
154935.3799999999
131266.14999999997
145410.24999999988
143445.12599999987
150672.30199999988
143370.2529999999
141228.7139999999
148641.53499999986
151638.96699999995
149958.45499999993
145487.68899999995
100698.46999999999
150649.22499999986
163258.45699999988
157036.92199999987
168505.6389999999
148449.22099999996
156004.61099999986
152630.75899999996
127744.61699999998
154781.53199999995
159053.83999999985
156830.76099999997
154895.37899999987
149787.6909999999
153858.4539999999
155063.07199999987
151664.09599999987
155253.83799999996
142130.76099999997
162258.45499999996
157339.99299999996
158446.14999999997
160363.06999999998
147421.52899999995
160467.68499999997
142130.76099999994
152744.6099999999
156807.68399999995
134806.65999999995
140263.06999999995
162139.99299999996
133753.83799999996
133776.91499999998
154763.06999999998
129563.06799999997
137939.99299999996
125376.91499999996
131653.83799999996
158926.14599999998
154763.06999999998
133744.60599999997
127439.99099999997
129549.22299999995
135863.06799999997
133739.99099999995
146339.993
131630.76099999997
131630.76099999997
123253.83799999996
149930.76099999997
154712.29899999994
135821.53299999997
127435.37599999996
125358.45299999995
167767.687
130638.96499999997
153726.14399999994
158035.37599999996
181047.69300000014
138230.761
135812.29899999997
131711.27299999996
130649.22299999997
154753.838
129526.14599999996
186184.61300000013
124325.11999999997
127458.45299999998
123272.29799999995
124315.88999999998
121167.68499999995
180237.4370000002
113512.30399999996
158893.84700000007
171443.07600000012
165161.5380000001
167270.76600000012
171484.6170000001
175763.08000000013
171595.38700000013
173644.61800000013
158990.77200000006
169435.38600000012
161067.6950000001
179981.54200000016
171576.92700000014
167335.3860000001
163144.61800000005
162144.61800000005
161100.00400000007
148541.543
171489.2320000001
171609.2340000001
165360.0050000001
183112.30900000015
173755.39000000013
167436.92800000007
169486.15300000014
98390.76499999997
160016.92400000006
152612.309
148416.924
194566.15500000026
163070.77000000008
149683.07600000003
148384.61500000002
123207.68399999994
114839.99299999994
114830.76099999993
165156.92300000007
148412.309
153669.744
152575.38499999998
144318.466
163107.69400000008
163107.69400000005
144230.771
154730.771
160038.977
129715.39099999996
150586.15700000004
150530.771
144230.771
140067.69499999998
119012.30099999992
159992.82300000006
148430.77099999998
145423.08099999998
158838.46100000004
123438.46799999998
153740.00300000006
158930.7710000001
152607.69400000002
150540.00300000006
163038.46100000004
146390.772
169352.3080000001
156913.85100000005
154767.69500000004
148435.38600000003
152612.30900000007
119035.37799999995
167256.9230000001
151667.69500000004
137976.92499999996
146390.772
158893.84700000004
150655.39000000004
150512.30900000007
163070.77000000005
154772.31000000003
138138.468
165170.77000000008
161100.00400000007
156715.38400000002
156733.84600000005
158856.92300000007
142200.00400000002
157856.923
165290.77200000006
145344.61800000002
167326.15600000008
161021.54100000006
160952.30800000005
167261.5380000001
116953.83999999994
142153.84800000003
142301.544
71103.072
190361.53600000005
121116.91599999992
160938.46100000007
163107.69400000008
170613.8490000001
177789.2320000001
114807.68599999994
144156.92299999998
156904.61900000006
169338.4610000001
169398.4620000001
152593.847
158949.23300000004
163172.31000000006
160993.84700000004
165226.15600000008
165180.00000000006
150770.77700000003
171507.6940000001
162148.209
152667.69500000004
158880.00000000003
163103.07900000006
125335.37999999992
150530.771
169500.00400000007
152820.00600000002
173616.92400000012
153752.824
156830.77099999998
143553.85499999998
184084.61700000006
155875.901
174656.923
156973.85200000007
157866.15500000003
173556.923
149682.05800000002
158976.92700000003
165189.23200000008
150595.38899999997
144221.54099999997
165383.08400000006
121126.14799999991
158870.77000000002
144420.00599999996
136089.23899999986
175675.38500000007
147601.544
150673.85200000004
148703.08599999995
140141.54299999992
150604.61899999998
183167.695
154869.23700000002
192493.84700000004
180000.00400000002
165318.466
150600.004
146450.77299999996
169541.541
171669.235
144304.61899999992
179967.69300000003
154984.62400000004
140395.39599999998
142407.70099999997
182118.46600000001
140109.23399999988
184130.76899999997
191511.28500000003
184167.695
148426.15599999996
184112.30699999997
157112.316
146501.54399999997
169610.776
182021.541
186258.465
190421.541
180018.46600000004
165281.54200000004
157020.006
148638.46799999996
180004.61900000004
144410.77599999993
136033.85299999994
177863.07799999998
194561.538
186212.307
198766.15499999997
161247.698
154910.772
154809.23400000003
175836.92600000004
150664.62
171636.926
178875.38500000004
144410.77599999998
173736.92600000006
173732.31099999996
180000.00400000002
149715.391
175832.311
176862.054
184158.46300000002
174864.62000000002
173764.62
163223.07699999996
183111.28299999997
182067.69499999998
175850.773
144378.46699999992
173723.07900000003
177927.69599999997
180023.081
182090.77199999997
142329.23799999998
173723.079
191489.23
184172.31
140100.0039999999
177895.38699999996
175813.84899999996
177927.696
177927.696
154823.081
165346.156
169499.99999999997
188316.92399999997
173718.464
192433.84399999998
172695.38499999995
192480.0
192466.15500000006
184163.07799999992
173732.31099999996
186235.386
190430.77099999995
177876.92499999996
184153.84799999997
169550.77299999993
138203.08599999998
174674.36099999995
175832.311
175841.543
167501.54399999994
186244.61799999996
154818.4659999999
173686.15499999997
177936.92799999999
192526.156
171623.07900000003
177913.849
142236.9279999999
184112.30699999997
170710.77599999995
180023.08099999998
135932.31099999987
142338.46799999996
171687.697
173732.3109999999
188284.61499999993
188303.07699999996
184153.84799999994
165420.00599999996
180004.61899999995
188363.07999999993
142296.92899999992
169583.0819999999
175800.00199999992
195689.23199999993
137133.85299999986
186263.07999999993
131806.15899999987
132918.98199999984
195660.51399999997
193560.5139999999
141213.8509999999
190384.61499999993
165346.15599999996
184218.4659999999
163223.08099999992
178980.51599999995
177941.54299999986
192466.1529999999
131824.62299999988
169555.38799999998
185238.97899999988
154993.85399999988
133929.23799999987
134003.0859999999
182016.9219999999
182100.0039999999
188316.9239999999
170687.69699999993
175823.07899999997
171715.3909999999
192479.99999999988
171609.23399999988
165433.85299999994
186193.8449999999
182204.6189999999
173718.4639999999
168624.6229999999
171636.9259999999
182090.77199999994
180036.9279999999
131796.9289999999
172606.6639999999
182026.1539999999
169578.4669999999
175758.46099999992
161252.3149999999
188335.38599999985
182058.4629999999
179018.46399999992
171701.5439999999
173764.61999999988
170710.77599999987
173672.30599999992
163344.10799999992
179953.84599999987
131704.61899999986
182035.3839999999
167515.39099999986
172754.36599999992
175800.0019999999
182090.7719999999
150863.08699999988
166440.5169999999
171655.38799999986
172667.69099999993
175832.31099999987
186253.84799999988
142389.23899999988
163370.77699999989
177853.8459999999
169610.77599999993
156987.69499999992
180060.00499999992
128793.85399999988
150844.6249999999
171683.0819999999
155044.6249999999
182021.53699999987
159156.92999999993
182081.53999999992
182003.0749999999
184112.30699999986
184140.0009999999
173764.61999999994
152847.69599999994
154015.90699999995
169573.84999999992
192484.61499999993
159216.93299999996
182040.00099999987
175800.00199999992
179944.6159999999
177923.0809999999
182104.6189999999
175841.54299999986
182109.23399999994
188321.53899999987
156983.07799999992
177876.92499999987
161206.1569999999
180000.00199999992
169546.1559999999
175813.84899999984
179981.5399999999
177909.2339999999
186230.7709999999
179013.84899999987
175917.43999999986
173773.8519999999
161261.5449999999
171609.2319999999
161233.85099999994
173709.23199999987
165438.4679999999
177936.9279999999
173718.46399999986
167492.31199999992
167487.69699999987
180018.4659999999
179990.77199999988
183180.51799999987
165364.6179999999
159152.31499999992
150816.9309999999
158100.51799999992
171595.3849999999
171581.53799999988
167446.1559999999
160168.20899999986
182086.15699999995
159069.23099999988
177876.92499999987
173672.30799999984
154952.3129999999
182021.53699999992
165401.54399999988
177835.38399999985
171710.77599999993
131838.46799999988
159027.69199999992
148703.08199999994
159207.70099999997
175804.6169999999
175772.30799999987
150821.54599999994
154901.5399999999
179949.23099999985
156978.46299999993
169499.99999999988
157047.69799999995
173663.07599999988
159083.07799999992
157043.08099999992
165290.7679999999
157024.6189999999
152866.15799999994
185676.92299999992
192993.84299999988
177844.61399999988
150793.8519999999
159115.3889999999
163324.62099999987
165392.3119999999
152773.8459999999
147609.7459999999
150669.22899999993
148647.6939999999
146616.92899999995
160169.2309999999
161350.7689999999
156955.3839999999
147595.89899999992
148712.3139999999
146529.2319999999
173026.1499999999
142481.54699999993
167627.69199999992
166901.5399999999
142421.54399999994
144493.84999999992
172192.3099999999
157252.31099999993
165869.2309999999
173164.61799999993
159106.1569999999
161733.84899999993
162683.07599999994
142416.927
138304.62399999995
150738.46399999992
144507.69699999993
174139.9969999999
170949.22699999993
158510.76999999993
148740.008
175176.92099999994
162609.2299999999
166910.7719999999
146603.08199999994
164713.8449999999
168867.68899999995
156498.467
145626.1609999999
161766.15799999994
171041.53899999996
145707.69699999993
161610.7699999999
148775.38799999998
172146.1539999999
168923.07699999987
164759.99899999992
166864.61599999992
144535.39099999995
165775.39199999988
164658.45899999992
136250.77999999994
162793.8519999999
138332.31799999994
171124.62099999987
156433.84699999992
173076.92099999991
160680.00499999995
171009.22999999992
164815.38699999993
162563.07399999994
159570.77299999996
167827.69399999996
168936.9219999999
162784.62
150853.85499999986
165856.92799999996
173141.53899999993
159520.00199999995
132129.24499999988
148744.62299999988
177253.84399999992
140386.16199999992
140432.31799999994
177309.22999999992
162687.6929999999
156535.39099999995
155383.59599999996
150812.31399999995
180253.8439999999
155166.15799999994
161206.15699999995
149797.44299999994
156321.54599999997
159212.31599999993
164747.69799999992
179505.6409999999
156334.36899999995
150876.93199999997
132073.8569999999
167478.4649999999
158570.77299999993
136324.6299999999
133168.21799999994
161681.0299999999
156507.69699999996
146690.77899999992
140381.5469999999
157498.46699999992
134169.24199999994
155044.62499999997
165012.31599999988
131133.85999999987
146686.1639999999
127933.85999999991
132129.24499999988
172058.97899999985
165889.23899999983
148141.54999999993
156235.39299999995
162926.16299999988
161447.6979999998
157226.16299999988
142641.5499999999
153381.54899999985
162427.18899999987
154476.93299999993
172238.46699999986
154584.11599999992
150223.0889999999
149018.47399999984
157268.72799999986
134224.6299999999
156500.011
158690.78099999987
163589.23899999986
162377.44099999982
157514.88399999987
130015.39799999987
158581.5509999999
162753.8569999999
163598.47099999987
149260.012
136306.16799999992
159842.57599999986
136292.32099999988
162436.92599999986
149161.03699999987
132129.2449999999
146686.1639999999
141924.6299999999
144973.85899999997
154390.7809999998
143024.62999999992
149424.6299999999
152469.2439999999
20335.384000000002
167647.69999999987
169521.5409999999
148880.52499999988
134224.6299999999
141508.21699999992
137358.9879999999
150387.7059999999
146737.95999999985
134229.2449999999
141540.5259999999
154472.3169999998
158241.03399999984
163355.3879999998
151927.18699999986
161241.54099999985
162386.15299999982
174333.85299999983
146718.4729999999
159275.39099999986
150821.54599999991
155016.93099999995
178228.71999999988
140427.7029999999
142541.54999999996
177469.23499999987
173969.23499999987
174201.54399999982
167687.69699999987
148735.39299999992
178090.77199999988
158621.54599999991
161775.38999999993
158566.15799999988
158507.6989999999
158612.31399999993
148904.62599999987
132133.85999999993
160707.69899999994
165861.54499999998
158552.31099999993
164989.23699999994
158640.0079999999
158570.7749999999
164852.3129999999
155453.85499999992
160380.00699999987
162775.38999999993
154463.08499999988
157466.1579999999
164856.92999999996
152381.54699999993
154458.4699999999
155530.7759999999
156558.4699999999
152340.00599999988
153316.92899999992
157526.1609999999
147781.03099999987
153344.6229999999
156603.08399999986
158827.70499999984
167012.31599999988
156493.85199999987
154548.21499999985
161756.92899999986
164833.84899999987
170256.92999999985
177450.7729999999
148729.23399999982
170148.72399999984
162889.23699999985
166066.1599999998
169052.31299999985
179521.0309999999
169015.38899999988
167973.84999999983
161739.49199999982
170153.33899999986
160707.69899999988
159520.0039999999
173283.08199999982
140352.3129999998
168053.33899999983
152933.8509999998
174255.38599999988
138316.93099999978
157218.97999999978
131148.7309999999
176416.4149999998
164889.23699999988
157466.15799999988
161822.56999999983
164806.15499999988
167033.8509999998
155384.61999999985
166963.59299999985
146104.6239999999
175232.3089999999
173183.0799999999
158676.93199999986
176373.8479999999
163818.97799999986
160601.53999999986
171073.84799999988
165856.9279999999
158584.61999999985
164856.92799999987
166924.61899999986
154449.2379999999
157307.6989999999
160666.15799999985
164838.4659999999
158630.7759999999
162821.5459999999
166860.0009999999
167020.0039999998
166550.77099999983
173196.92599999983
172256.92899999983
170001.5419999999
166008.7249999998
161774.36599999992
171073.8479999999
172299.49399999998
171069.23299999986
172135.89999999988
171046.15399999986
157597.44299999982
159629.23399999988
135227.70199999984
161675.3899999999
134183.08899999986
160660.51899999985
174249.7469999999
176126.14999999994
164884.62199999992
166910.77199999988
136273.8589999999
173187.69499999986
167924.6189999999
164815.38699999987
132129.2449999999
166832.30699999988
166956.92799999987
162650.76899999988
170990.7679999999
166813.8449999999
171023.0769999999
150287.7059999999
174112.30299999996
160638.46399999992
134164.62699999986
172021.53499999995
172069.2329999999
182412.305
155463.0849999999
164856.92799999996
175079.994
162761.543
177327.69399999996
167889.239
159640.0079999999
147231.29399999994
173049.229
185566.14899999998
181541.54099999997
162724.61899999995
130029.2449999999
180541.54099999997
171073.84799999997
161672.82399999994
173035.38199999993
175103.07299999995
166961.54499999998
183544.614
172660.51000000004
166743.08299999993
171138.46799999996
186635.38399999996
131129.2449999999
175761.53400000004
136324.62999999992
136324.62999999992
125820.0129999999
127933.8599999999
173183.07999999993
162876.93399999995
132120.01299999986
171073.84799999994
134224.6299999999
179413.84699999995
134224.62999999992
130029.24499999988
166933.85099999994
143029.24499999988
147173.85899999994
165907.70099999994
127938.47499999989
136429.24499999994
141029.2449999999
128038.47499999987
148260.0119999999
156544.62299999988
134224.6299999999
153531.29599999994
127933.85999999988
130033.85999999987
149341.54999999993
154486.16399999993
132124.62999999992
169047.69799999992
130033.85999999987
169015.38899999994
164944.62499999988
158561.54299999986
131133.85999999987
160744.62499999994
161716.9309999999
173169.23299999992
139933.85999999987
162863.08699999994
158607.69899999988
164884.62199999992
166887.69499999995
153358.46999999986
142029.24499999988
144124.6299999999
153349.2379999999
171129.2359999999
145224.62999999986
158672.31699999986
156544.62299999988
157566.1579999999
154504.62599999987
164861.54499999995
157553.85499999992
160721.54599999991
154504.62599999984
161743.0809999999
149372.83499999993
150387.7059999999
127933.85999999986
160684.6219999999
164815.38899999994
158621.5459999999
156586.164
148296.93599999987
159767.70199999987
159676.9339999999
162761.54299999992
158663.08699999997
175310.77399999995
164944.625
163880.00699999995
170083.07999999996
178387.697
153555.39699999988
173164.61799999993
158607.69899999988
158621.54599999994
171147.698
171092.31199999998
171156.93
160707.6989999999
161689.23699999994
171069.23299999998
160721.54599999994
157667.70199999993
169066.15999999997
164974.36599999992
162756.92799999993
160624.61899999998
166966.15999999997
175264.61799999993
158681.5489999999
174206.15899999999
173229.23599999995
144129.24499999985
172233.8509999999
160670.77499999985
163743.0809999999
169080.00699999995
161783.5979999999
161716.9309999999
173206.15899999999
161749.23999999993
175347.69999999998
156586.16399999993
171115.38899999994
142029.24499999988
152409.2409999999
169006.1569999999
169006.1569999999
162761.54299999992
156572.3169999999
127929.24499999991
154509.2409999999
164861.54499999995
160656.9279999999
177360.00299999997
144120.01499999987
159593.85199999984
154513.85799999992
178355.38799999995
172160.00099999993
161775.3899999999
169020.00399999993
164838.46599999996
162747.6979999999
175324.62099999996
161643.08099999986
172041.53899999993
170029.23600000003
158616.92899999992
146224.62999999995
139929.24499999994
164824.61899999992
160638.466
156526.16099999996
158598.4669999999
157466.15799999994
142029.24499999988
158603.08399999992
166947.69799999995
172110.77399999995
160820.52199999994
168028.21199999997
160721.54599999997
134292.3209999999
156553.85499999992
166980.00699999995
170115.38899999997
169020.00399999993
170147.69799999992
160689.2369999999
164806.15699999992
158621.54599999991
162752.3129999999
167933.85099999994
156503.08199999994
171068.20899999994
169047.698
172101.5419999999
155407.69899999996
166966.15999999995
153376.9319999999
160721.54599999994
166975.39199999993
152426.67899999992
168960.00099999993
166980.00699999995
173164.618
160703.08399999992
170106.15699999995
169020.00399999996
160684.62199999994
164829.23599999998
171115.38899999997
152349.23799999995
160656.92799999993
161770.77499999997
175250.77099999995
162761.54299999995
166956.92799999996
132124.62999999992
165852.31299999997
166970.77499999994
156535.39299999995
174172.826
158640.00799999989
161675.38999999993
170056.92999999996
159598.46899999998
168600.51999999996
150858.47199999995
174210.77399999995
166929.23599999995
172096.92699999994
166044.6249999999
172141.53899999996
173141.53899999993
140924.6299999999
180555.38799999995
168047.69799999997
175278.46499999997
54293.83800000001
174109.22999999998
171189.23899999994
169107.70099999997
142024.6299999999
164884.62199999992
184718.46399999998
177369.23499999996
146718.4729999999
132129.24499999988
163389.23899999994
163716.93299999993
184569.237
146695.39599999992
146695.39599999995
173266.16199999995
164798.47099999996
159203.08599999992
163821.54799999992
132133.85999999987
172252.31499999994
142518.4729999999
165921.54799999995
157501.0359999999
169715.39299999992
173887.6989999999
159358.4739999998
161416.93299999984
165722.57399999988
174024.62299999988
150877.9589999999
168752.31699999986
160290.26499999987
164508.72699999987
127929.2449999999
158380.00899999985
166680.00899999985
155400.0129999998
161507.70299999986
163547.69999999987
167815.39099999992
161393.8559999999
132110.78299999988
161361.54699999987
158303.08599999984
164689.2409999999
139474.88399999987
156367.70399999982
160378.9849999999
162935.39499999987
155272.31899999987
161559.49799999988
137340.5259999999
168828.21399999986
165580.00899999987
165632.82899999982
165575.39399999983
163541.03599999988
153082.57499999984
159441.03399999984
160691.8049999999
166866.1619999999
164836.4189999999
140829.2449999999
136255.39699999988
159512.31799999985
166870.77699999986
154386.1659999998
155435.39499999981
162781.55099999986
161398.47099999987
165593.85599999985
142758.98799999987
161592.82999999984
159303.08599999986
163849.24199999985
156281.55099999983
159667.70399999985
155159.49599999984
156287.1899999999
157400.01299999983
157453.85699999984
160612.31599999982
160384.62399999984
165760.52299999984
161445.6509999999
158581.55099999983
161412.31799999985
162465.13799999983
159344.6269999998
165012.31599999982
161412.31799999985
164907.70099999983
161867.70399999988
166013.33999999982
165784.62399999987
151110.26699999985
157481.5509999999
160797.4449999998
160359.49799999985
163447.69999999984
162473.34499999986
157276.9359999998
163789.23899999983
163493.85599999988
163498.47099999984
155403.08199999994
160435.39499999984
151123.08999999982
140558.98799999987
159376.93599999984
157258.47399999984
166073.34299999988
168153.8569999999
166969.75299999988
162926.16299999983
164941.0339999999
163958.47399999993
160449.2419999999
174184.6259999999
162938.9859999998
166021.54799999984
161835.39499999987
167103.08599999986
156444.62499999983
163750.26599999986
162841.03299999994
160758.47199999983
155418.47499999986
165021.54799999986
163512.3179999999
161403.0859999999
159507.70099999983
165575.39399999985
163893.85399999988
162616.93299999987
155173.3429999998
164998.46899999987
154440.00599999988
159895.39599999983
161563.0889999998
165698.4709999999
158612.31399999987
155404.62799999982
161890.78099999984
166984.62399999984
158612.3139999999
162703.0859999998
173366.16199999984
160858.47199999986
164000.01299999986
167126.16299999983
163689.23899999983
152297.44299999988
156198.46899999998
159358.4739999998
160876.9339999998
146192.32099999988
163466.16199999995
162766.15799999994
170052.31499999983
159399.49199999988
147146.16499999992
159358.4739999998
160666.1579999999
157644.62399999992
169166.15999999983
160515.38699999996
164954.8809999999
167103.08599999984
162807.69899999996
157593.8519999999
167014.36399999986
154450.7839999998
163854.88099999982
163868.7279999999
161882.5749999999
168947.6999999999
164656.9299999999
171289.2389999999
153669.24599999984
163968.72799999983
160736.41799999986
157590.78099999984
157604.62799999985
158421.5479999998
170226.16499999992
173352.31499999986
165980.00699999984
159680.0049999999
168107.70099999988
154426.1589999999
173062.5709999999
175221.02999999997
170184.62399999987
164989.23899999983
157545.64799999993
169203.08599999984
156512.3139999999
157584.61999999988
161873.34299999985
166938.46599999993
172370.77699999994
163870.77499999988
164616.93299999984
156526.16099999993
159599.49199999994
162709.74799999993
161730.77799999996
153316.92899999995
158575.38999999996
166027.18699999986
160451.28999999992
164698.47099999984
166053.85699999984
170005.1339999999
161775.3899999999
162831.80099999992
162644.62699999983
165808.7249999999
173361.54699999987
169189.23899999988
166075.39199999982
163875.38999999996
158584.61999999994
158584.62199999997
158584.61999999994
160680.00499999992
161484.62399999987
165575.39399999985
166027.1869999999
161798.46799999988
167103.08599999984
171284.62399999987
157569.74899999992
158575.38999999998
159692.82899999985
171252.3149999999
167041.03399999984
160737.44099999988
152266.15599999996
156516.92899999995
154356.92599999992
170176.41599999988
151230.7759999999
156503.08199999997
158676.93399999986
153107.69899999994
172280.0089999999
161765.13399999993
166008.72499999986
167070.77499999985
159252.31399999993
154627.7049999998
164980.0069999998
165994.87799999988
156554.87799999988
157526.1609999999
147040.00599999994
154943.0809999999
168127.18699999986
165012.31599999988
164861.54499999987
167107.7009999998
162733.84899999993
162675.3909999999
163032.3219999998
172261.54699999985
158543.081
158556.92599999995
172075.39399999985
173252.31499999997
159665.13399999993
158593.85199999993
156466.1579999999
148158.46999999988
158598.46699999992
154407.69699999993
164984.62199999986
166003.08499999993
150198.4669999999
159703.08199999994
148121.5439999999
152326.15899999996
160703.0819999999
167127.18699999986
166013.33999999988
159212.31599999996
135729.24499999988
161680.0059999999
164889.23899999983
163437.44399999996
154454.87799999985
148112.31199999992
166031.80199999988
152321.5439999999
152321.5439999999
153421.54399999994
148103.0819999999
150207.69699999993
161798.4679999999
158707.69799999986
164827.1869999999
83076.916
162780.0069999998
156231.80099999992
161356.92999999988
164456.93099999992
161247.69799999995
160251.2909999999
160280.00799999989
155031.8029999999
157093.85399999993
170804.1119999999
142720.01699999982
158222.57199999984
168003.08599999984
153975.3899999999
160435.39499999984
168870.77699999989
165566.16199999987
167799.49499999988
164541.0359999999
157189.23899999986
150793.85199999987
168761.54699999987
159507.70099999983
166012.3159999999
161313.34099999993
163512.31799999985
159360.51899999997
154947.698
161403.08599999986
157263.08899999986
158236.41899999985
163480.00899999985
137467.1949999998
134206.1679999999
161612.31599999985
150793.8519999999
143497.44299999988
159407.70099999988
164011.2909999999
161370.77699999986
162456.92999999985
151889.2369999999
164950.26299999992
169189.23899999986
119533.8599999999
157326.16299999985
163953.85699999984
164993.85399999985
157103.08599999995
162789.23699999996
155272.31899999984
142033.85999999993
166601.54399999982
146575.38799999992
190428.2039999999
184290.77199999982
192433.84399999992
186161.53599999993
188256.92099999991
186175.38299999994
190352.3059999999
178879.99799999988
178866.15099999995
183000.51099999994
181933.84399999992
179852.30399999995
182042.04999999993
179856.92099999991
177779.9979999999
178861.5359999999
181952.30599999992
181961.53599999996
181952.30599999992
175670.76599999995
177770.76799999992
181952.30599999992
184084.6149999999
188238.4609999999
181938.45899999994
186143.0759999999
184052.30599999992
177779.9979999999
175684.61299999992
179870.7679999999
184038.45899999992
173584.61299999992
181961.53599999993
186170.76799999995
176770.76599999992
186152.30599999995
169416.91999999987
186143.07599999994
181984.61299999992
178851.27999999994
177789.22799999994
179861.53599999996
181947.69099999993
177761.53399999993
184056.92099999994
179893.84499999988
181975.38299999997
181970.76799999992
181989.22999999998
184043.07399999996
173589.228
177779.99799999996
175689.22799999992
184056.923
177775.381
186166.1549999999
179856.92099999994
177775.38099999994
181956.92099999991
177775.3829999999
180946.66499999995
181966.15099999995
177766.1509999999
178846.66499999992
173603.07499999998
179884.61299999992
179893.8449999999
181989.22999999992
190329.2289999999
184056.92099999994
184056.92099999994
186143.07399999996
177779.99799999996
173575.38299999994
176742.04799999992
179856.92099999994
177779.99799999996
184066.1529999999
190381.02499999988
184043.0739999999
184056.92099999991
194510.7669999999
181961.53599999988
175661.5359999999
183056.9209999999
181979.99999999988
177784.61299999995
187223.58999999988
184043.07599999988
184038.45899999986
179936.4089999999
175703.07299999992
190385.6399999999
174656.91899999994
177789.22999999992
175693.84299999994
176766.15099999993
181984.61299999995
188304.10199999993
181947.68899999993
181947.689
193866.15299999993
178842.04799999995
169379.99599999987
198208.7169999999
188384.61499999987
194956.92099999994
181486.15499999994
193007.6939999999
175679.996
175675.38099999994
175675.3809999999
173593.843
171503.07299999995
173593.84299999994
175670.76599999995
179875.38099999994
193956.91899999997
175675.3809999999
175689.22599999997
169421.53499999997
170469.73999999993
178823.58599999995
171498.45799999993
175661.5339999999
173579.9959999999
171493.84299999994
169398.4559999999
171466.14899999995
171516.91799999995
171479.9959999999
190789.22799999992
171507.6879999999
173593.84099999993
167303.07099999997
175689.22799999997
169426.1499999999
173598.45799999993
171503.07299999992
169398.4579999999
167326.1499999999
173584.6109999999
174679.99599999993
176746.66299999994
171498.45799999993
165221.53499999992
170503.07299999992
171507.68799999994
171493.84099999996
173598.45799999993
175675.3809999999
165221.53299999994
175698.45799999993
191907.68999999994
173589.22599999994
175670.76399999994
173575.37899999996
185190.2529999999
188876.92499999993
190889.22899999988
188746.66499999995
184539.99899999992
175684.61099999992
170503.07299999992
175712.30299999996
177779.99599999996
184056.91899999994
175684.61099999992
183613.84899999993
175693.84299999994
175684.61099999995
174136.92599999995
179427.69599999994
175726.1499999999
175707.68999999997
173616.9199999999
179870.76599999995
173584.6109999999
192989.22799999992
189849.23099999997
175703.07299999992
182495.38699999993
181513.84899999993
175236.92399999994
186607.6899999999
190879.99800000005
179870.766
183507.68999999994
183403.07299999992
175992.81699999992
188561.5359999999
175789.228
177803.07299999995
177775.381
173589.2259999999
182488.2019999999
187632.8159999999
186598.45799999998
187858.46099999986
182506.66399999996
184516.91999999993
176779.99599999996
172583.587
183695.38699999987
190756.92099999997
180961.536
185593.84299999994
180966.15099999995
182393.843
187693.843
175689.22799999994
176246.15799999994
185578.97199999995
185612.30599999995
177775.383
171521.53499999995
183275.38099999996
176775.38099999994
193943.07399999996
181444.614
186579.99599999993
187721.53699999995
180546.15799999994
190893.84299999994
177369.23499999993
185579.99599999998
179866.151
192012.30699999988
175689.22599999997
171489.22599999997
178842.04799999998
175679.99599999996
184512.30499999993
187716.92199999993
188742.04799999992
171484.61099999995
173593.84300000002
171507.6879999999
171503.07299999997
175236.92599999995
171498.45799999993
171503.07300000003
182256.91899999997
187712.3069999999
173593.84299999994
178828.20099999997
173593.843
187769.74099999986
172696.40899999984
173871.2839999999
175826.15199999983
165226.14999999994
184738.97499999983
179984.61299999984
188850.2549999998
173763.07599999988
172569.73999999993
169426.1499999999
188803.07599999988
185598.4599999999
174853.84599999984
171672.30799999987
177944.61399999988
175835.38399999985
182075.3829999999
170465.1249999999
165478.46699999986
176827.17599999986
185417.94599999985
184161.53599999985
154031.8039999999
176779.99599999996
173674.35599999985
178927.17799999984
183061.53699999995
181365.12499999988
172641.02299999984
179302.04899999982
181563.07599999983
177935.38399999982
169572.30799999984
179979.99799999985
174651.27799999993
169407.6879999999
175675.38099999996
173575.38099999994
171493.84099999996
181260.50999999992
185754.86999999985
167321.53499999992
177860.50999999992
187679.99599999993
171498.4579999999
169403.07299999992
175731.7919999999
167316.91799999992
173660.50799999989
167316.91999999995
175789.22799999994
166330.7649999999
175675.3789999999
173584.61099999995
174712.3059999999
172537.43299999993
173566.14899999992
176893.84299999988
176742.0479999999
177884.6129999998
172570.76399999994
171569.74099999992
161315.39099999986
181553.84599999984
181070.76599999983
188789.22799999986
188926.15199999986
173575.38099999994
169445.63699999987
167321.53499999995
173584.61099999992
171489.2259999999
178961.53399999996
171498.4579999999
178998.45999999988
170489.22599999997
167341.02199999988
171616.91999999984
175836.40799999985
185612.30499999993
163159.4839999999
167303.07099999994
168412.30399999997
73507.70200000002
181412.30299999999
161003.07099999994
165203.07099999994
169475.379
161030.7649999999
178070.76399999994
156803.069
148435.378
154726.148
170437.43099999995
169389.22599999994
181093.84299999996
169475.38099999996
191870.76599999992
166251.2779999999
167289.22799999997
158903.0709999999
163112.30299999993
167289.22599999994
167279.99599999993
183270.766
177286.15499999997
185570.76599999997
161007.6879999999
169393.84299999996
189784.613
180426.1519999999
165189.22599999997
169398.45599999992
150521.5329999999
154712.30099999992
167270.76399999997
179478.46700000003
187749.23300000004
167455.39
177889.22800000006
158926.15
181509.23400000005
178318.46600000004
172150.773
175260.00500000006
181518.46600000007
165360.00500000006
177327.69600000005
177336.926
175273.85199999998
187790.77400000006
161160.00500000003
159096.929
164331.28699999995
174263.596
172036.92600000004
165203.07299999992
184470.766
169384.61099999992
178193.84299999996
178492.314
177392.31400000007
180267.695
161196.92899999997
171129.238
183503.07499999998
163283.082
185575.3829999999
178473.85199999998
175241.54299999998
180381.53999999998
182379.99799999996
179089.228
181403.07499999995
180407.6879999999
179330.76699999993
179390.772
177304.61699999997
161210.776
173215.391
171636.928
176190.76999999996
179367.69299999997
170976.92299999995
179339.99899999995
183507.69199999998
181444.61399999997
185616.922
187703.07700000002
185589.22999999995
188747.68899999995
185621.539
179321.53499999995
176249.22899999993
185575.38099999996
179381.54000000004
185552.30399999997
166303.07299999992
176098.45799999996
173113.84699999992
183563.07799999998
181472.30999999997
181421.53699999995
186693.84499999997
184652.82399999996
181444.61599999995
180303.07499999995
179303.07499999992
178316.91999999995
186556.92099999997
181458.46099999998
178300.00199999995
179326.15199999994
185616.92199999993
184626.15199999994
188752.30399999992
181407.68999999994
185579.998
177230.7669999999
169384.61099999995
183551.2799999999
173893.84299999994
183489.22799999994
176221.53499999992
181375.38099999994
169375.3809999999
176084.61099999992
175770.766
185579.99799999996
179418.46399999995
183521.53699999998
170129.23799999992
183526.15399999995
177281.53999999998
186698.45999999996
187698.462
181393.84499999994
173067.69099999996
186689.22999999998
181375.38099999996
166316.91999999995
177198.45799999996
180339.999
184570.766
175103.07299999995
177288.20199999993
177221.53699999998
182370.766
180375.38099999996
173169.235
173192.31400000004
171060.00299999997
175246.158
174171.28399999999
175167.693
178307.68999999994
171101.544
174232.31099999996
172150.771
173141.54099999997
175186.15499999997
179344.614
166901.542
172160.00299999997
175213.84699999998
171027.694
187835.38599999994
171078.467
171050.773
173141.541
175227.69600000003
174192.314
178216.417
170038.468
180555.38999999993
176392.31399999993
177492.3139999999
172257.95599999995
175466.1619999999
179383.08399999994
166970.77699999997
180620.00799999997
178595.90499999994
178483.08399999994
183792.31599999996
169006.15899999999
181683.08399999997
169001.544
164783.08000000002
166896.927
164787.69499999998
174185.129
177478.46699999992
177397.955
175383.08199999994
169006.159
167976.41799999992
175406.16099999993
166938.46800000002
173356.93199999988
162830.77799999996
175447.6999999999
164950.26499999996
174324.62299999993
160730.77800000002
173276.41799999995
168010.772
166947.69800000003
166980.00699999998
169043.083
175324.62299999996
169015.389
171078.46499999997
176310.77599999993
167050.26599999992
173271.80299999996
176453.33899999992
164829.23599999998
169010.774
167829.236
174120.00799999997
166530.261
156098.469
174353.34099999993
171167.1859999999
167016.933
174399.4949999999
172407.7029999999
176429.23799999992
178547.70199999993
175315.3909999999
173215.3909999999
175301.54599999994
170189.24099999992
171312.31799999994
172350.267
166906.157
172206.15999999995
160693.852
162784.622
164856.93
166961.54499999998
166989.239
168061.545
164856.92799999999
169105.13399999996
163812.316
165833.851
167009.74799999993
170120.00400000002
166910.774
144650.78199999998
146644.62499999994
127929.24499999994
162729.23399999997
166892.312
163752.313
177483.0819999999
170133.85199999993
170147.698
166855.386
156581.549
166969.75300000003
172303.08699999997
170157.9539999999
166948.7209999999
162747.69599999997
164876.41499999992
130033.85999999993
171096.92699999997
167968.20899999994
166846.15400000004
162692.30999999994
163777.43899999998
154380.005
85186.15000000001
173914.8729999999
176018.46399999986
181060.5119999999
171616.9219999999
176817.94399999993
173707.68999999992
176804.09899999993
165226.148
175905.64099999992
182121.5389999999
179989.2299999999
173712.3049999999
170709.2319999999
171809.23199999996
176939.9989999999
177944.61399999986
171672.30999999994
174745.6399999999
179144.6159999999
175004.61699999988
170610.2579999999
169609.2319999999
178181.5399999999
184436.40999999992
175844.61399999988
174939.99899999987
172930.76599999992
184394.86899999992
182479.9959999999
175144.61399999988
185579.99799999993
183649.2309999999
163098.45599999998
179984.6149999999
165212.30499999996
175007.6899999999
178031.79299999992
184753.84599999993
184184.61299999992
173855.38999999998
177976.92499999993
171713.8489999999
169692.3139999999
182260.00699999993
177155.38999999993
178004.61899999995
175060.00499999992
184495.38899999994
179496.92899999995
179223.08099999995
186888.72299999994
184746.15799999997
174118.464
176364.62
175278.46499999997
178336.926
186758.46300000002
179483.08200000002
179496.92900000003
180450.77300000002
176232.30899999998
175349.74699999997
178483.08200000002
179455.388
171092.31
177290.77
173201.542
180513.84699999998
176227.69399999996
174227.69199999998
176267.691
185593.845
179367.69099999996
177378.46500000003
175283.08000000002
175236.92399999994
166869.23299999998
171110.77399999995
168001.54199999996
179423.07900000003
172160.001
172069.23299999998
171110.77399999998
177360.00300000003
175296.92699999997
170082.05599999998
171138.46799999996
175246.15599999996
179400.002
184746.15800000002
175301.54199999996
179478.46499999994
175310.77399999995
175227.69199999998
185713.84900000002
176387.69699999996
174232.30899999995
179450.77300000002
175264.618
173224.62099999998
165364.61800000002
163287.695
163292.31199999998
181583.082
175306.15900000004
182430.76900000003
177346.15600000002
181500.00199999998
176287.69700000001
181541.54100000003
177378.46500000003
178383.08200000002
184792.31400000004
161169.23299999998
175292.312
157075.39199999996
171115.389
174292.31199999998
181537.95099999994
171106.159
163515.38899999997
177346.15600000002
179427.69400000005
172096.927
173192.31199999998
169033.85099999997
171133.85099999997
178464.62000000002
175246.15599999996
161233.85099999997
171147.69799999997
170043.083
173220.00599999996
174141.541
177360.003
161252.313
180586.67299999998
171124.621
179436.92599999995
174169.23499999996
180463.07799999998
184667.693
179596.9289999999
177410.77399999998
173216.41399999993
177300.00199999998
171087.69499999998
175292.31199999998
163633.85099999997
162575.3919999999
159233.85099999997
179615.3909999999
177383.082
175195.385
179455.39
179381.54
173169.23299999995
182526.67399999985
179432.311
187749.233
181472.308
178510.77599999987
179432.31099999996
182604.617
188759.4889999999
189949.2329999999
175260.00299999994
178418.46399999995
176392.31299999994
181660.00499999986
177336.92599999998
178417.43999999997
177309.23199999996
175301.544
176280.514
180533.33499999996
184723.0809999999
181541.543
179395.38499999998
185850.77499999985
185760.00699999993
181641.54299999992
183577.9509999999
177100.0039999999
183700.0039999999
173976.92499999987
179232.3109999999
185686.15699999995
179209.2339999999
178124.10499999992
174283.08
181593.33699999994
171083.08
177369.23499999996
178436.92599999995
183751.79899999985
176262.05199999994
181527.69599999988
187927.6979999999
183449.2329999999
186584.61499999993
183605.64299999992
178260.00499999983
178931.79499999993
181463.07799999998
179546.1579999999
175232.30899999998
174152.81999999995
169713.84899999987
180255.3899999999
183609.23399999997
179339.99899999995
181472.3099999999
178195.3869999999
173890.76999999987
180388.7229999999
179436.92599999992
173210.77399999995
172932.31099999987
184412.30899999986
181372.30999999988
183291.7979999999
178013.8509999999
176312.82299999992
179386.15499999997
182613.84699999998
181510.25699999993
177373.84999999995
183516.92199999996
184710.2579999999
173141.53899999993
182386.1569999999
180327.69599999988
175264.61799999996
175227.69399999996
179367.69299999994
178371.28399999996
177336.92599999998
178427.69599999997
178332.3109999999
174909.23399999988
178000.00399999984
183565.6459999999
184476.92499999987
187764.10299999994
187721.53899999996
179316.91999999998
180449.2309999999
181444.616
185579.99799999996
183530.7689999999
188784.613
183635.38399999993
187698.46199999994
188775.38299999997
183535.384
169389.22799999997
192914.35799999995
169403.07499999995
187690.25299999994
183493.84499999994
174817.94499999995
179312.30499999996
175661.53599999996
165207.68999999997
163089.22599999994
160989.22799999994
158912.30499999993
167256.91699999996
161030.76499999996
163116.91799999998
158912.30299999996
152635.37999999995
158907.68799999997
161003.07299999992
158907.68799999997
178079.99799999993
163116.91999999998
167284.61099999995
168389.22599999997
167289.22799999997
181393.84299999996
182541.02299999984
184521.539
167284.61299999998
188756.91999999998
183475.38299999997
177259.4839999999
165189.22599999997
188864.104
177879.99999999988
185703.07599999997
177870.76799999992
175803.0769999999
169544.61599999992
172645.63999999987
177949.23299999992
180310.2579999999
181253.84799999982
173768.71699999995
171598.4599999999
172698.4599999999
167490.76999999987
174713.33299999993
174741.0249999999
170489.22899999996
186693.84499999988
192923.58899999998
179463.07799999986
181181.02299999996
179212.30699999988
179467.6929999999
183573.33399999992
176898.45999999993
167472.3079999999
171667.6949999999
173726.1539999999
167496.4089999999
175808.71599999996
185679.99999999994
184641.02499999988
179458.46099999992
177889.2299999999
179476.9229999999
185712.30699999994
185599.48599999992
171603.07499999992
187761.5359999999
169489.2279999999
171570.7659999999
164155.89299999998
173712.3069999999
173721.53899999993
184603.07699999993
180365.125
186793.8449999999
173749.23099999994
165399.99999999988
167490.76999999993
169567.6929999999
164254.86999999985
174090.76799999987
171690.77199999994
177486.1549999999
171635.38599999994
183668.71899999992
182527.17799999993
166428.71999999994
168496.4109999999
181507.6919999999
169595.38699999984
183667.6949999999
174001.0259999999
169563.07799999992
182568.71899999995
175835.38599999994
167486.1549999999
180491.79599999994
171658.4629999999
177153.84799999994
174754.87199999994
175940.00099999993
176320.51099999988
177349.2309999999
169553.84799999988
183630.76899999994
181539.99899999992
173730.77099999995
167495.38699999993
172682.56599999993
167518.46399999992
169544.61599999995
178059.48699999996
181473.33399999994
175816.92399999997
171676.92499999996
172677.95099999994
173721.53899999993
170663.07799999995
169664.61999999994
176219.48899999997
165390.76999999993
178310.25799999994
176052.8239999999
176404.6169999999
186735.38600000003
184649.23100000006
178315.89799999996
184664.103
180369.742
183605.642
188841.026
176206.666
181477.94999999998
177263.076
178316.922
182587.18
181478.97400000002
180468.71899999995
179354.871
169595.38699999987
167509.2339999999
176044.61599999998
184546.66500000004
182444.61600000004
186778.97499999995
181516.9239999999
177301.02699999997
186618.973
182529.745
183536.40899999996
173019.48799999998
173127.69199999995
181426.152
185566.151
179335.384
181426.152
182498.458
183503.075
177175.381
179303.07499999995
179321.537
175214.87199999997
177203.07499999995
178481.53999999992
178253.846
178396.40999999995
181403.075
183466.151
184584.61399999997
181483.588
184626.15299999996
177178.972
173844.61599999992
167481.5399999999
179411.281
174125.12399999995
177193.843
181393.843
181366.15100000004
178265.125
176098.45799999998
176130.767
181421.537
183498.46000000002
179411.27899999995
181477.94899999996
181393.845
182484.613
173104.61500000002
175135.382
179270.76400000002
171839.99500000002
178269.74
189761.534
174793.84300000002
178193.843
181393.843
179312.305
179084.61099999998
185556.919
169384.611
179293.843
181379.99599999998
185589.22799999997
181389.228
182559.4869999999
173858.46299999993
178330.76799999995
179401.025
180353.844
181370.76400000002
179390.76799999998
185575.38300000003
188812.305
183475.381
177239.997
178363.076
180393.84300000002
175176.92299999995
179373.33299999998
182549.229
191875.38100000002
170621.53499999997
183503.07500000004
183526.152
180421.53499999997
181426.152
186655.893
185598.45800000004
183544.61399999997
175176.921
182494.86899999995
179084.61099999998
169626.15099999995
178414.87299999993
185641.0249999999
185706.66699999996
150709.2319999999
188798.46099999998
182484.613
184569.742
178390.77099999995
176318.4639999999
178296.40999999995
151823.07899999988
181563.0779999999
151823.0789999999
185593.84500000003
177300.0
176223.079
185640.00100000005
187689.23
182595.387
186680.0
179395.38700000005
181244.61800000002
180444.61600000004
184634.36200000002
186653.84600000002
185753.84800000003
191893.84500000006
187744.616
189886.15700000006
185663.07800000004
188744.61800000005
184335.38600000006
187712.307
194012.307
188707.69199999998
175195.385
176276.923
188858.46300000005
187806.66800000006
182518.46400000004
191976.92500000005
165323.08100000003
183493.84500000006
185695.38700000002
188679.99800000005
182544.61600000004
187790.77200000006
181421.53900000005
181509.23400000003
179326.15399999998
186726.15600000005
183544.61600000004
181490.77200000003
188781.54200000004
181412.30699999997
170958.46099999998
175204.61900000004
187703.07700000002
163213.84900000002
169449.23300000007
182093.84700000007
181481.54200000007
175107.69
180402.051
177304.61700000003
179349.2330000001
170967.691
164713.847
177258.461
180358.46300000002
177304.61900000006
179321.53900000002
178253.84800000003
167489.74800000005
176223.08100000003
180486.15700000006
168918.46399999998
179418.46600000007
175195.38700000002
177304.61900000004
173113.84900000002
175153.84600000002
177184.61299999998
179330.769
177341.54300000003
175167.693
163195.38700000002
183576.92500000005
176218.46400000004
179367.69300000003
183586.15500000003
172112.82500000004
181490.77000000002
188763.07800000004
167358.46300000005
188489.2300000001
184070.76600000003
166735.37999999998
194040.00100000008
171000.00200000004
173072.30800000002
167932.309
175139.999
183586.15500000003
166841.539
170055.388
168960.003
166813.847
168946.15600000002
165826.67
177332.31100000005
181213.84900000005
183195.38900000005
161132.31100000005
183527.69600000005
181076.92500000005
187790.77000000002
187709.23400000005
178432.31100000002
168946.15800000005
166864.61800000002
169976.923
162646.15600000002
183304.61900000006
169741.54300000003
185727.69600000005
180232.31100000005
165789.74399999998
164727.69400000002
185704.617
173916.918
170576.92100000006
179898.45800000004
177364.62000000005
164796.92900000003
160527.692
177387.69700000001
160675.39200000002
163696.929
150738.468
180387.69900000002
146575.39199999996
162733.85299999997
164833.85300000006
160661.545
162789.23900000003
159570.777
175092.31400000004
172769.23700000002
183678.46700000003
159092.314
178192.31400000004
168633.853
160652.31499999997
167496.92900000003
170056.92999999996
150961.54499999995
171978.467
156005.13499999995
157470.77499999997
172115.38900000002
170956.93000000002
152270.77499999997
169066.15999999997
164852.313
154398.46899999998
169020.00400000002
173215.38900000002
178264.62000000002
167724.62099999998
172069.23299999998
162737.44199999995
178369.23500000002
170029.23599999998
169020.00399999996
177387.69699999996
167929.23599999998
160689.23699999996
153275.38999999998
161229.23600000003
161173.848
181495.38499999998
180400.0
182021.537
191589.23
183042.04799999998
184093.84500000003
182060.51
194547.691
186193.84499999997
190343.07399999996
186535.38399999996
179912.305
184079.99799999996
164741.541
193870.76599999995
182007.68999999997
181332.311
175763.07600000003
184112.30700000006
173695.385
169513.84699999992
190370.768
184066.15099999995
185132.818
175675.38100000005
186152.30599999998
172686.153
188321.53900000005
186193.84500000003
190566.151
179889.22799999997
169407.688
173681.53800000003
184430.77099999998
187575.38299999997
188256.92100000006
192438.45900000003
200852.30800000005
183066.151
197052.30600000004
172795.38499999998
197756.923
178981.54000000007
177853.84599999996
177060.00500000006
171087.697
171489.22799999997
174678.97
179889.228
163139.995
179907.69
166335.38199999998
175670.76400000005
183489.228
172612.30499999996
191656.921
180007.69
172603.07300000003
169398.45799999998
184070.766
167773.84800000006
185279.99800000002
191675.38300000006
175666.15099999998
192456.92100000003
151129.234
193989.228
181979.998
178998.45799999998
169618.46200000003
182272.30800000002
167773.84800000003
191633.842
173575.381
179353.84399999998
190775.38100000002
156372.822
182416.91999999998
172672.30600000007
178295.385
185370.766
184070.766
184284.61099999998
179861.534
189752.30400000006
193975.38100000005
185583.58699999997
187461.534
184079.99600000004
181984.613
179884.61299999998
175726.15199999997
190343.074
183037.43300000005
172570.76400000002
186166.15100000004
181975.38300000003
185346.66300000003
175670.768
180984.611
175679.99800000002
179879.99800000002
182078.97200000004
184070.76800000007
186184.61299999998
190375.383
181924.61200000005
178846.66300000003
173579.99799999996
174623.58599999998
171484.61100000003
175670.76600000003
175675.38100000002
173603.073
165212.30299999996
172616.92000000004
172598.458
173579.996
169384.61099999998
180984.613
177761.534
168369.73999999996
165184.609
171484.61099999995
173626.15
171512.303
171484.609
171461.53399999999
165216.91999999998
177756.919
171503.07300000003
169398.45799999996
176989.22599999997
171475.37900000002
170526.15
167307.688
181952.30399999997
172607.688
181952.30400000003
177784.61099999992
177766.149
181979.996
177807.68999999997
177884.61099999998
175703.073
171489.228
168384.61099999998
156918.45799999998
175684.61299999995
172589.226
171493.84099999996
171470.76599999997
169407.688
167289.224
148706.153
188247.68899999998
177756.919
159064.61599999998
174707.69
169403.07299999997
161030.76499999998
166330.765
167321.533
171484.61299999995
190775.381
169403.073
163116.918
173726.15000000002
168374.35699999996
171503.071
173603.07300000003
173584.61099999998
165212.30299999996
169426.15
175679.99800000002
169384.611
175689.22600000002
173589.226
165216.91799999998
163126.15
171475.38099999996
190375.38300000003
180979.99599999998
186147.68899999998
190338.457
178916.92
184075.381
193505.126
186152.30599999998
177761.53399999999
179884.61300000004
175689.228
179884.61100000003
182336.409
177798.46000000002
167298.45799999998
169412.30299999999
181933.842
175726.14999999997
178846.66499999998
181952.30399999995
179875.38100000002
179927.17699999997
175675.38099999994
171484.61099999998
176803.07499999998
175684.61299999998
173589.228
179866.149
185676.92299999995
190883.58899999998
181961.53599999996
181966.15299999996
179884.61299999998
180975.38299999997
187237.43300000002
181956.921
177784.61299999998
184052.30599999992
179889.22999999998
179879.996
179879.99599999996
184079.99800000002
178944.61399999994
178856.919
179870.76599999995
183093.843
173579.99599999998
89386.14800000002
190352.306
186156.92100000003
179893.843
181984.613
175689.22799999997
162212.82099999994
199175.385
171516.92
181952.30599999998
185161.53599999996
184126.15399999998
190356.92300000004
187739.99899999998
187721.53900000002
192789.23199999993
186444.61799999993
186161.538
150766.16199999995
193947.69099999996
181966.15300000002
184019.997
189766.15299999996
183516.92199999993
189793.843
191907.69199999998
194012.30700000003
183267.69299999997
189900.00400000002
183507.68999999994
187707.68999999997
173589.22599999997
178272.30999999997
184475.38299999997
175916.91999999998
180349.22899999996
183470.76599999997
187726.15400000004
189747.691
186584.615
181444.61599999998
186726.15399999995
187666.15099999998
187684.61299999995
189807.69199999998
184461.53599999993
188793.84499999994
180448.205
178394.36099999992
178312.30699999994
187661.53799999994
191935.38599999997
187781.53999999995
183572.30799999993
189779.99999999994
195060.51199999993
193961.5379999999
186356.92299999995
191879.99799999993
191953.84799999997
186646.66499999992
192993.84499999994
179372.3079999999
189803.07699999993
182239.99899999998
167289.22999999992
186663.07799999995
191879.99999999994
187666.15099999998
187871.287
129898.46899999991
170603.07499999995
182398.45799999998
176733.84199999995
183489.22799999994
179293.8449999999
185556.92099999991
190879.99799999993
191926.15399999992
189874.3589999999
189830.76899999994
185603.07499999992
177249.23099999994
165179.9979999999
182442.04799999992
185584.61299999992
187712.3069999999
188853.84599999996
177198.45999999993
181481.53999999992
182430.7669999999
181379.99599999993
183493.84299999994
181435.38199999993
167326.14999999994
184630.76699999993
176195.3849999999
181430.76699999993
178299.9999999999
179395.38299999997
179349.22899999993
176007.68799999997
179335.38199999995
180426.14999999994
179084.61099999995
158926.14999999994
154735.37999999995
181370.76399999994
161035.37999999995
175186.15299999993
177281.53799999997
164239.99499999997
177244.61399999994
177244.61199999996
177176.921
181398.456
183489.22799999994
156826.14799999996
181393.84099999996
175135.38199999993
177258.45899999994
186670.76599999992
177212.30299999993
172598.45599999995
181407.6879999999
171616.91799999995
154707.68599999993
156789.22399999996
156807.68599999993
158907.6879999999
181421.53499999992
160993.84099999993
174893.84099999993
178349.2289999999
178390.76799999992
177230.76499999993
180398.45599999995
158903.07099999994
175181.53599999993
168918.45999999993
174166.66499999992
177263.07399999996
181458.45899999992
161021.5329999999
175176.92099999991
173053.84199999995
171018.45999999996
172953.84199999995
175202.04699999993
154735.3779999999
177230.76699999993
178278.9699999999
156863.0719999999
178335.37999999998
185579.99599999993
175130.76499999993
174158.45899999992
177216.91999999993
152658.45499999993
165175.37899999993
158916.91799999992
161016.91799999995
177216.91799999998
174016.91799999992
178312.30499999993
163107.68799999994
177221.53499999992
180275.37899999993
171916.91599999997
173049.22899999993
182567.6909999999
178303.07099999994
178184.61099999992
179293.84299999994
175176.92099999994
175135.38199999995
175195.3829999999
177267.68899999993
173058.45899999992
173090.76799999992
177290.7699999999
178390.76799999992
180476.92099999991
181435.38199999993
176369.2329999999
169999.99799999996
175213.8449999999
177272.30599999992
165226.14799999996
178265.12499999994
175126.14799999993
161016.91799999992
173058.45699999988
163126.14799999993
164221.53299999997
170939.99499999994
173975.37899999993
177216.9199999999
176192.81699999992
175181.5359999999
174115.8939999999
177267.69099999993
179312.3049999999
181375.3809999999
177239.9989999999
182516.91999999993
183535.3839999999
181398.45599999995
179293.84299999988
181439.99899999992
176290.76799999992
181412.30499999993
185556.91899999994
179326.15399999992
175158.4609999999
179326.15199999994
177226.1519999999
185655.89499999987
184466.1509999999
179293.84299999994
177203.07499999992
177193.84299999994
179312.30499999988
167298.45799999993
183503.0749999999
186598.4599999999
169356.91899999988
173016.91799999992
176192.81699999992
178235.38199999993
178189.22799999992
179261.5339999999
179284.61099999992
161007.6879999999
183558.4609999999
182407.68999999994
182375.38099999994
179307.6899999999
177184.61099999992
179312.3049999999
179353.8459999999
160970.76599999992
175875.3809999999
163098.45799999993
183470.7659999999
158875.37899999993
184507.6899999999
181421.53499999992
179284.6129999999
181458.4609999999
182449.2309999999
181539.99899999992
178270.76599999995
180370.7639999999
181416.9219999999
183563.0759999999
185589.22799999992
178052.30399999992
185686.1549999999
179303.0749999999
165189.2279999999
181435.3819999999
175089.22599999994
175167.69099999993
177189.2299999999
181444.6159999999
185607.69199999986
189816.92399999994
186809.23399999988
189867.69299999994
178380.5139999999
187786.15499999994
179390.7699999999
179312.30499999993
177263.0759999999
191921.5389999999
188816.9219999999
178330.76699999993
178189.22799999994
171903.07299999992
180326.1519999999
163098.45799999993
173099.9999999999
179293.8429999999
178267.6909999999
177212.30499999996
179284.61099999995
178390.76799999992
161150.76899999994
173067.68899999993
181435.38199999995
181439.99699999992
173067.69099999993
180439.99699999992
175167.69099999993
181430.76699999993
174081.53599999993
179344.61199999996
148453.83999999997
137935.376
181453.84399999995
171673.852
181504.61700000006
184636.92799999999
163296.92699999994
176246.156
177941.543
180363.07999999996
164401.54399999997
181536.92799999996
169864.61799999996
187785.133
173095.38299999994
176226.14999999994
173012.303
176244.61199999994
171050.771
173076.92299999998
170981.53599999996
178212.30299999999
166458.981
187790.77199999997
180413.847
183618.46399999992
178386.15299999993
179468.211
179469.23500000002
180508.20999999993
178435.90199999997
187846.158
169696.929
175195.38499999998
179344.6139999999
177164.62
180418.46399999995
185713.84899999993
166432.30899999992
166541.53899999993
167464.61799999993
172155.38599999994
179463.07799999983
178257.4369999998
179123.08099999995
183349.2329999999
182464.62099999996
185435.3879999999
172945.63799999986
182421.53699999987
181544.61599999983
171735.38199999987
169695.38299999997
184713.84899999984
171696.4089999999
179126.1539999999
175816.9219999999
178000.0039999999
178036.9279999999
173800.00199999986
173698.45999999985
167426.15199999986
165326.15199999983
169512.30699999983
173721.53899999982
173749.23099999985
180209.23399999982
177126.15199999986
177395.38499999986
176224.10299999986
177313.84699999983
175239.9969999999
182413.32899999988
166726.14799999996
181198.45999999982
173067.69099999993
170999.99799999988
177313.84699999998
184690.77000000005
179349.22899999993
170912.30299999996
176272.30399999992
183609.23200000002
179326.152
178320.51099999997
170967.68899999995
177054.36399999997
173760.005
180468.71799999988
179330.76699999993
167716.91799999998
166753.84199999995
176116.91799999998
173039.99700000003
177230.76499999998
167473.84999999998
168881.53399999999
176158.45899999992
180569.23500000002
177244.6139999999
175209.22999999986
168849.22699999996
164695.38099999996
152603.07099999997
144244.60799999998
163216.91599999994
170967.68700000003
150526.14600000004
165725.122
133749.223
159073.84599999993
176169.23499999993
169569.23499999996
171696.92899999995
163236.924
174004.615
186862.05499999996
171835.90199999997
174895.38499999998
178143.5899999999
167726.14699999997
170972.30399999992
174245.13199999998
172085.1269999999
186861.03099999993
179436.92599999998
176272.30599999987
168784.61099999995
179353.8459999999
183485.13299999997
177360.00299999997
164658.4589999999
173095.3849999999
174306.15899999999
170986.15299999993
170930.76499999993
177298.4579999999
179386.15499999985
171041.5389999999
156396.92299999992
168872.30399999992
166827.68999999994
170999.99799999993
163195.38299999997
181513.8469999999
179496.92899999997
177367.69099999988
178305.63899999988
158064.61599999998
170846.15599999996
161183.0799999999
166786.15099999995
154859.99899999992
165336.92399999994
173112.30299999996
178458.4589999999
178435.3799999999
166786.14899999998
174181.53600000002
171060.001
183481.5419999999
177409.23199999987
183249.23299999995
183536.92799999996
179335.38399999985
188937.951
184727.69600000003
177287.17899999992
178141.543
184712.82499999995
175850.77300000004
168476.92099999997
181444.61400000006
182535.38199999995
171032.30700000006
173026.15000000005
179400.0
187776.92499999993
181446.15799999994
182663.07799999986
184330.77099999992
174853.848
183551.79799999992
180604.61700000003
184635.38599999997
186814.87499999994
184607.68999999992
173773.852
191004.621
133744.60799999995
174012.30500000005
177300.00200000004
178460.00300000003
165401.54399999997
150766.16199999998
146584.62399999998
187818.46600000007
171023.07700000005
175176.923
177192.31400000004
176978.46699999998
181509.23400000005
181600.00199999992
157015.39099999997
166795.38299999997
167862.05
179449.23099999994
177310.25799999994
170004.61399999997
171050.771
168936.924
165822.051
172013.84700000004
168899.99800000002
162632.307
160467.687
166730.76499999996
164709.22799999997
162567.685
158358.45500000002
164663.07400000002
163627.69199999998
168950.771
183656.41299999997
164732.30699999997
173215.38899999997
173224.62099999998
164820.004
173160.003
177420.00600000005
168964.61799999993
168923.077
175295.90499999997
178401.544
175283.08
179455.39
175315.39099999997
170110.77399999998
173196.92900000003
176433.853
179492.314
181564.62
176433.853
166832.309
165744.61199999996
169978.46500000003
164792.30999999994
162683.07999999996
172069.235
169006.157
169038.468
173201.54400000002
161215.391
173164.62
172101.544
170024.621
174164.618
175236.926
165760.003
164824.61899999998
171083.08000000002
171092.314
169024.62099999996
169955.388
169033.851
166841.53900000005
163724.619
171106.15899999999
171110.77599999998
164815.39099999997
166883.07999999996
168987.697
167920.004
173220.006
167924.621
166924.62099999998
165792.30999999997
163687.69499999998
169006.15699999998
169010.77400000003
164843.081
160620.00199999998
175387.6969999999
172202.56699999992
168978.463
162687.69299999997
160620.00199999998
167973.848
169061.54499999993
166878.46499999994
159522.05099999992
155250.76899999994
173250.77299999984
173310.77399999992
169061.545
167956.4119999999
175313.84899999987
166970.77699999994
164750.7689999999
165901.54199999993
170027.69399999987
166933.85099999997
161709.74799999993
169052.31499999994
164866.15999999992
158441.53699999995
167866.66899999985
171164.61999999988
167001.54399999988
168923.07899999988
170097.95299999992
172160.0029999999
166956.92999999993
159464.61599999995
160638.46599999993
160573.84799999994
175392.31399999987
174246.15799999982
169913.84899999987
167864.61999999988
174345.13399999985
170097.95299999992
172248.7239999999
162599.99999999994
164807.18199999997
156383.07799999995
162590.77
166960.0019999999
168078.46499999985
165892.31099999993
169997.9529999999
178246.15799999988
182739.49399999992
182721.03199999992
161624.61899999995
162706.157
161573.84999999998
170115.3909999999
174296.9289999999
167834.87699999986
169995.38699999987
173846.15999999992
179131.28899999987
159101.54399999997
176283.08399999992
173192.31199999998
181397.9549999999
178095.3869999999
182636.9279999999
181560.00499999992
173102.56799999988
181179.49299999996
159129.23799999995
176150.7749999999
174870.26099999985
171041.5409999999
170945.13399999987
178233.33499999993
181673.8539999999
172041.54099999985
166376.92099999994
174904.6169999999
164824.61899999995
175100.0019999999
167825.64499999987
168707.18499999994
179209.23399999988
171201.54399999988
175179.49099999992
173306.16099999988
178535.9019999999
159504.61299999998
184796.9309999999
171609.23199999996
166869.23299999995
172931.285
178296.929
173978.46699999998
173676.92299999998
179967.693
171664.62
176904.61700000003
179109.23199999996
171727.694
170960.00099999996
178990.772
178076.92299999998
168632.30899999998
185646.15999999992
170760.00300000003
171641.54099999997
171627.69400000002
177431.28499999995
175301.542
171927.69199999995
165318.462
168646.156
173676.92299999998
177028.7199999999
176924.10499999995
169656.4119999999
182172.3099999999
177004.61899999992
172064.61999999988
173941.54099999997
175000.0
179553.33999999997
179070.2609999999
178573.84999999986
168699.99799999996
173150.77099999995
180123.0809999999
187627.69799999992
175875.89899999998
179142.566
180262.05199999997
172857.43499999997
164355.38699999996
170954.3629999999
181179.49299999993
184327.69799999995
175763.076
185310.25999999995
167513.85099999994
162284.10599999994
178995.387
170725.64899999995
163378.4669999999
172733.33499999993
183228.72199999995
161227.6959999999
181355.39199999996
183167.694
182351.798
176872.30800000002
183500.00200000004
168429.74099999998
180048.20799999998
182425.64899999992
175804.617
175827.69600000003
179949.23100000003
183172.31000000006
171783.08399999994
157480.00699999995
175851.79799999998
170896.93099999995
163492.314
172807.18499999997
56370.761000000006
179907.69
179976.92500000005
158156.92999999996
165364.62000000002
163167.695
181071.28600000005
179893.84300000005
186198.46000000005
177770.76600000006
173621.53500000003
144235.37799999994