68681
62317
56594
54664
79764
62299
58843
70938
76297
50875
59477
78965
60634
52576
78926
85827
67511
59482
75223
83827
55171
67497
62068
88081
71506
74930
72030
62625
83839
68938
59997
60038
77894
80965
72625
66024
72652
77270
68663
69485
61411
76065
89890
74075
98697
86493
71536
76646
80481
77569
78693
87241
89569
83172
86018
91838
80173
68282
95301
60882
93043
79271
81289
85893
77575
84120
54967
62887
79190
82086
96748
96138
76959
75811
89253
88230
89032
68388
77845
76675
69562
85229
85840
89214
108180
99172
100215
78149
103993
98081
93821
105366
89851
99653
104013
77366
86939
112852
71521
107346
84442
91812
107665
84159
104227
92147
95614
98197
115883
81731
109582
100954
89948
89833
94284
97154
96329
103004
78364
99163
110237
95527
98775
94861
94945
100194
94296
100506
103278
91917
92634
97604
104341
107034
101081
116014
110775
106209
104494
108517
92585
99152
102373
118281
105298
106455
95540
98168
101608
108565
120419
98428
114457
100691
95286
116444
107384
116715
96736
123890
111593
111936
123437
109512
111250
110272
115701
108479
110655
105677
92445
113579
103779
111477
99553
118386
110370
97967
124935
118547
124174
115167
120273
102141
106855
101944
110532
126914
127801
115407
118793
106542
130873
107474
132226
120717
139525
125682
104761
109788
132007
110990
133963
114841
113436
125242
103728
106132
121654
99990
106106
120292
118681
96667
126479
112233
99629
127555
123023
114015
104843
121570
100289
139132
108717
114547
129956
81680
124720
120565
130062
119350
142543
96567
123400
117084
116327
114105
85664
123375
121751
116489
125058
109473
115267
80902
122759
102275
132548
142861
110393
108909
118457
120692
134221
113874
132279
123340
129546
133312
125289
115175
122757
112982
99159
131559
148354
91743
133372
114306
102067
136810
140508
109725
84924
101703
98849
93488
122140
101829
102004
108260
95135
104333
88279
145823
100937
127194
120424
71133
128473
126352
130465
94537
124401
86905
92285
80003
107364
136849
119238
135701
128277
126021
136854
93346
136059
121673
114171
109334
110129
109306
102970
98352
163926
151915
137573
86296
97987
131804
83075
84574
94924
144081
149972
118793
97364
137190
95188
94072
88879
145220
91202
124388
111091
134027
163312
159943
165307
121157
134831
146315
91137
109734
122900
148221
137373
160803
154941
122513
134808
141986
112750
142015
104730
123673
143035
119652
87696
124905
156573
126546
148042
144613
143734
106462
149351
143194
116469
109839
91380
135112
134547
133686
129671
118808
114920
165017
74845
112478
161400
157611
128223
110801
156135
74593
142137
137058
140944
120814
97480
132011
139164
118834
148911
146026
131804
133135
118823
137471
123034
119736
116582
132038
137419
147865
88361
132024
142042
136303
114996
89494
126624
129752
144075
76051
128006
133064
122711
122606
89592
129116
137790
118875
101841
86366
104837
115907
123989
121870
99584
136068
111243
124831
134050
142950
144048
109003
124024
134852
133781
139649
95611
132875
133761
125547
132096
188918
130651
173926
94699
157628
164779
149844
164782
145565
167661
147562
175724
166753
159616
155563
163616
70036
160483
156459
101346
162727
117410
152722
76339
157601
149503
152713
155574
152652
153565
147545
127454
95500
164522
156444
152432
156725
154441
150411
156438
143529
152420
152408
146411
148441
144393
145544
154444
147550
148417
120300
138336
118288
152417
144375
154426
154444
154426
70360
152429
155565
156474
156447
150432
142378
154441
146411
152444
160477
152420
156441
142360
144405
148408
114312
150420
150396
151574
162495
148435
158435
158477
136399
146429
162486
135484
156444
92168
147556
150411
158471
156450
116285
150414
150423
140384
148417
127472
122594
170546
120375
128429
126600
134492
114555
120585
162489
164534
128510
92495
164531
166519
139544
132348
106252
124345
138390
151554
128348
152468
140405
154468
170534
156471
126321
144405
130351
128339
137473
128345
99343
138650
92180
130342
144405
142405
150441
130354
140393
153601
158495
150471
132360
146450
150444
152459
130348
131505
138387
146426
143571
132372
140396
144432
132360
128336
132351
128333
110246
124324
134363
132360
134351
140402
133505
120312
128324
134366
126327
120309
126312
124306
113332
112225
108198
104189
100153
110207
100174
112207
137038
104189
141050
115394
118258
102189
108207
137919
135032
133047
133059
141323
135104
135143
130159
133919
135934
137032
133940
129017
139083
133073
131931
141071
139074
131916
135038
143107
143098
139089
139080
143080
136455
135940
142222
151385
160403
155243
162528
160519
158519
154510
156519
150477
156501
154504
156510
150489
150477
156510
159635
158519
154510
163638
145613
155614
152492
154501
152504
152489
153614
160534
152756
160534
156513
154516
149590
154492
156498
154744
154510
156507
156519
156510
156762
156525
150477
148492
156519
158519
159670
154513
156519
158519
158516
156507
160519
154501
160540
154510
148486
156519
158519
156507
154510
156510
154513
148477
157650
154510
156522
154501
154519
160531
140486
150504
152513
156513
156519
160531
154510
157614
152489
156510
152501
156522
156510
156510
140453
158522
156519
152513
158522
148507
156513
142483
148495
143607
146471
144483
138474
138471
154510
142474
128447
134453
141593
152501
144483
141619
152513
154501
150510
146504
114429
122471
104408
110429
138477
130465
148504
152534
144483
144498
86402
136477
144489
142495
148513
143646
140495
152498
146504
140480
143631
132465
138486
138474
135572
138483
130465
138486
157208
148504
136477
122456
64647
131786
132462
150045
134012
138483
132486
130462
132474
136483
138492
138492
138492
132474
144504
138492
138492
150525
136483
144498
137637
155652
140492
144498
158540
146519
142513
148522
152507
150519
152531
144510
148507
150519
142510
149638
140501
184654
188672
144510
146519
178618
180642
174603
176618
178627
174609
178654
178612
174609
176621
180642
176618
174609
176621
175713
172597
176618
178636
172597
176606
176609
166573
172582
172579
182636
172594
174609
168609
165668
168573
174603
174594
170582
170573
164564
172597
173704
168621
170633
172603
166576
174606
172609
167665
170597
166561
166588
164549
166561
165665
164612
166561
168588
166579
176639
176639
168603
172666
166582
170621
104546
164585
164585
106807
170606
166609
172615
169766
166588
168609
172639
158555
168606
169713
173775
166597
174636
167707
173764
172663
166633
165704
167728
164600
168627
166621
130555
126525
168609
130555
170642
168621
168633
166627
166612
166621
132543
152636
124546
154669
159754
167799
128564
136866
154068
156654
157225
133144
119679
133404
150917
164092
172095
144023
68440
162621
168926
150917
148914
154089
164971
156063
157805
154947
158950
148071
150932
142636
125697
162096
148666
158971
134633
146086
148095
142645
140633
160962
162968
146624
144633
156045
154929
160914
164947
158929
156633
162104
150621
152618
150630
154645
154923
152621
148621
150630
146612
162926
150630
158083
140582
164063
154633
164938
159769
166054
164935
146926
162092
158060
138612
132621
158947
154938
166042
162950
148612
116588
150642
142633
142080
129763
120606
146633
147778
138612
153790
130609
140621
134618
154938
156935
132600
134609
140618
148926
142603
140630
158914
150609
142600
136588
134056
138618
154030
137739
155781
132923
132588
152926
154059
152914
138902
134618
128579
138606
142044
114576
140905
156923
152021
140609
150914
152899
140609
136585
130600
148911
144899
136597
154056
151772
154911
140585
140896
144609
136576
150920
126597
154893
134576
153160
154899
154911
148905
156914
163204
166068
162923
146603
158917
154902
154041
160071
156902
155760
144588
134606
132594
146009
127692
146911
152923
142881
140585
152012
140884
136878
136585
132588
138588
150899
146896
138585
147733
144606
158059
150902
138603
156914
130582
120561
150911
147745
138606
136573
132576
138573
148606
160917
145680
160911
144579
150582
147709
166899
158600
144573
154911
144594
150585
146582
152582
147165
143697
142555
152561
154846
146570
154573
148552
152561
155730
146555
159739
152307
146561
160017
153730
154570
159727
162582
160579
156558
154561
158570
162579
158561
169698
158561
164591
163677
162573
158570
162585
167727
162570
158540
166561
166805
166570
156531
162552
164540
164573
162537
170582
164549
168573
164552
162537
168570
168561
168570
180878
166558
162537
168570
164543
163641
158501
161644
158513
158788
162522
166815
160513
162525
160513
156501
162534
170558
168537
169691
162510
178576
170546
178854
166537
168549
164522
168534
182875
160495
160513
170552
161620
170549
166546
170543
167682
163655
165670
164525
179999
166546
168543
162525
169659
178863
162513
179958
160513
165644
160510
160516
164510
162513
164522
164513
158489
162501
180851
168528
180851
164525
166531
166525
162513
178851
176830
173673
177694
161637
175685
176851
177682
166504
164791
118252
180827
164522
160489
171954
160489
172830
176833
162504
173978
160516
169966
176091
174943
169792
168925
170407
175801
168647
171789
169499
167502
171517
165795
164345
167259
166934
156531
150504
156513
164833
169691
167954
171694
168827
167966
142471
152507
170390
149623
152510
166972
149617
166854
144483
164830
150510
150516
162946
150525
159215
158937
146522
161952
144504
169251
165074
161233
169535
168378
165268
158827
163721
158824
161218
170405
160925
159804
164091
163262
162842
154824
160833
159691
164833
162845
162839
159088
160839
158833
159688
167239
159511
155212
181358
181419
176531
179419
180845
178555
178824
165330
177682
178552
181703
175386
177404
177407
175664
177644
172241
172241
167919
178256
170206
172478
172244
177647
177395
175404
171389
172194
172247
181366
171345
170209
174505
172481
173351
173369
169322
171354
172470
173363
173641
179890
176499
177363
177665
178514
178514
176821
180833
179685
173609
177688
170455
173585
171884
171585
170420
177597
172745
171351
172522
176505
167353
175345
165301
177644
173591
168455
177029
177615
177656
168443
176508
172487
172487
173322
176476
172438
170452
178502
171594
168742
170733
171588
171846
172780
172452
177653
169571
170455
169606
176769
170432
172470
174508
175612
173351
175676
175667
173404
178540
174253
174522
171386
173670
173899
176827
176818
176818
178833
178827
172783
178549
178815
152803
157067
169875
176812
177688
174806
170783
176827
179676
170794
170812
176818
158821
171948
169652
170794
170791
172806
176815
175679
176797
172812
152791
173957
160821
175922
179960
170800
156821
156800
153901
171919
175685
174815
160812
171670
165898
170803
154806
178827
161960
160818
158830
160827
168803
158788
174842
154812
169673
176824
172803
172797
172812
170803
172815
171667
170791
154800
174815
156803
154791
172800
176812
168806
168791
176830
167898
172800
174827
179718
175694
181739
156582
154570
159727
164029
178295
183452
181984
178567
181706
178582
179715
177718
173685
176549
173653
175682
171655
164304
162029
166017
184328
181449
179718
174564
178570
168612
182295
161727
160591
160298
168864
173416
181156
178558
172806
176526
176564
175387
184304
175416
177703
176546
177440
174546
176786
176555
179425
178543
181183
185180
177150
180014
164008
177428
178283
177393
179452
165727
186325
180295
172508
164017
164603
160579
173404
173346
175361
176263
171279
173627
175665
175407
170484
179636
171685
173685
170531
172508
171659
174491
176827
178813
176523
179662
176564
175679
177674
175653
178442
179636
176494
174549
173629
175010
177372
174523
169635
173317
180515
177332
173618
174549
181683
175407
173395
177315
180370
171502
176506
172424
176506
177358
180515
175390
176503
174523
180503
180559
182278
181399
176506
177312
178466
179370
178547
178477
170163
176535
179370
175387
177358
178564
174552
176547
178138
177312
181408
176228
175060
183409
175422
184565
177329
175077
180191
176167
180518
177341
175390
179677
175402
180498
177344
178497
178489
178503
181263
175291
178460
177300
178477
178547
178561
172482
178448
182167
178445
171531
174436
173288
176152
176477
178491
175329
175610
176711
170482
176535
178532
174497
174482
170511
172175
178752
179651
183602
176471
173288
176445
173279
175288
175306
176752
174395
177581
177300
173291
174491
178743
173552
173598
179613
171615
172479
176462
170441
173566
164391
181616
171615
169560
175645
174682
172424
173259
173555
174465
174685
175610
176682
175572
178729
176726
178694
174401
174410
172415
169557
177564
179579
174685
174668
172676
173540
174436
171797
177610
174758
171803
176685
174682
168632
174650
173511
173523
172685
174410
170661
174667
174676
173581
171499
172661
174670
169545
174685
177540
172415
169519
169533
168368
169510
170661
179526
166417
171560
172415
170415
170383
170386
171487
165229
164347
173285
169232
172105
169209
176129
171273
170145
171276
174114
170751
170113
163884
170780
168766
167623
168546
162501
160495
167942
166507
166504
159611
165661
163655
164507
162513
165655
167916
168803
167896
177351
176468
183127
183165
171694
186189
186015
188256
192213
178452
189178
165076
188258
189152
175996
189190
182293
177374
185090
186862
185094
181945
180215
179921
182210
179353
155251
182015
190005
179977
170543
168546
160492
183430
176496
140096
183131
182032
160507
168525
179999
186606
164516
173984
190077
151370
184370
181754
181742
181061
170989
168552
164528
164507
170803
166543
172546
163643
188630
176579
170830
182246
178597
180198
170786
173438
163649
171644
164504
166513
185087
169078
164501
173366
180525
178177
183097
175248
175236
178150
168980
175010
176201
175897
178179
189118
152564
144828
167629
164492
162932
168745
164959
181695
178851
177458
177284
176458
180194
184481
170739
183180
173224
180505
180431
178547
163631
164519
162501
171371
164504
160483
172238
162507
172815
168522
166827
159033
166519
169339
177407
166953
165176
152291
163846
162724
164106
178567
171658
170232
169951
163906
177999
172180
182569
179704
176564
171093
170812
167014
153128
169199
171676
177656
166042
170748
173096
168208
177346
173093
177117
166176
171052
167318
183670
181326
183370
165333
175317
175337
181678
178501
175325
182481
171255
168060
168373
176820
173383
180820
181715
175680
169802
177895
178518
174525
177697
164188
172180
180875
178854
179098
169362
176244
182597
168495
166483
174516
179709
172206
165338
166199
175395
170486
169078
165344
179389
173652
166179
163587
171371
158178
167362
148417
171362
173380
171380
170504
166451
166489
177963
154414
168214
183694
168492
175948
172803
152438
172777
175673
176806
174815
169901
174528
175676
150722
172794
154755
166729
172791
164770
166773
173673
180839
159900
161601
169637
169640
177697
177071
168782
177923
179928
176803
170738
166495
152752
176798
172519
171620
168434
171646
166761
160945
189134
171591
175667
171594
161520
179677
164413
167596
163317
176508
162427
170434
178793
173298
167263
166674
181086
175644
175917
176769
160430
163045
150420
162149
159297
171605
164407
173670
180772
168396
163042
169344
170205
163033
185736
175934
167350
188858
195509
193787
167339
179376
163279
158450
161033
156453
171350
177630
168466
164442
172475
166451
167541
170478
175339
174704
170665
187919
178723
177612
176419
188774
168480
185736
170504
164471
172226
167625
167599
167599
170782
174666
171620
160465
172833
180781
175936
174777
180486
175641
180769
185704
189424
170756
184805
170405
194573
169855
187983
192833
165848
172715
173867
174774
178766
138737
140701
171287
185052
175354
187351
188071
181100
193120
178298
167000
177314
168162
192286
187989
175264
171492
187128
185269
149149
179260
173221
150036
196266
178120
169359
165338
170774
172516
170739
168077
169289
166504
170122
152033
173617
175601
184782
182480
167640
173664
168495
182827
168060
153140
177879
175655
172516
173939
180842
177685
172782
165341
168483
168205
173368
171359
169637
169889
170782
188849
164483
175939
168492
175055
170800
148755
169634
175643
152752
154737
172504
176525
171921
170214
171640
181700
183721
186899
179650
171646
172223
167347
181709
173649
172806
178818
175661
171924
167628
173649
168782
151607
164752
172504
182842
174809
175673
165912
173096
181431
172513
176247
176791
171652
169359
165921
173342
170492
169090
168744
175658
178827
170782
173658
170765
170504
171380
175667
174800
168797
172785
185697
147583
169057
170791
173380
167628
172220
165057
166205
171075
165045
177682
166202
171640
171649
174806
152578
170680
167356
169356
164181
169347
173646
175620
154761
181428
171078
160477
171667
173102
181709
170785
169374
185733
172519
167942
184307
180552
183431
187455
176528
178265
169652
173102
171064
178289
189725
174827
169951
175978
169072
182280
185177
180564
169658
176262
180248
174824
177685
177407
187177
190024
178798
175114
177398
189482
177114
185171
178851
180295
185724
183443
155655
185718
175691
172549
192358
186597
174851
182017
180582
171691
181730
171668
190932
187476
180286
192633
166513
172534
179713
172528
178588
177109
177703
184621
189186
180872
183739
174827
180005
182606
170549
174561
173096
187467
190023
183165
172564
174558
189186
183138
183138
180271
188044
190062
173984
184041
174830
184029
181141
173963
179129
183177
184869
186914
174585
188331
184044
183455
179138
177978
176262
181150
186281
182887
170528
171682
194367
179706
171685
176573
180872
186322
179153
190062
177694
172552
181153
171685
174818
182014
176549
172546
173108
177984
167664
179996
169954
174824
179144
171389
185174
192065
190935
192657
178561
180597
188642
195803
182609
184618
194663
150561
154552
188627
184606
194956
166878
193201
187760
180257
180872
180600
188633
184606
186642
190666
188633
184609
172570
193802
187746
184621
178588
185749
172552
182609
182597
188642
190908
148522
186023
134540
186896
183781
128522
182606
186618
174813
184636
176585
184618
174540
181730
172537
184600
172549
168513
170528
168525
175703
180585
169670
182017
174561
174842
171697
171641
186633
170525
170525
168522
180573
174549
172564
186633
178848
192932
180597
176573
179724
170528
165661
178588
174561
168525
166504
174537
176561
166504
168504
176546
157604
161640
172549
171667
174561
162480
156462
174546
164531
167646
156459
174558
166516
175688
162495
172534
164516
153563
174549
174549
168522
176558
170537
170528
178588
170534
164516
178594
174537
180597
170549
188630
168525
178573
160495
174552
160474
180582
178585
170531
181727
165661
160477
174537
168525
162504
162492
172543
171667
164513
164498
163637
154474
170537
166516
170534
176570
150453
166501
165634
173679
187305
166513
162785
175677
166513
168516
168525
168504
166513
165617
186606
184606
174558
174549
166495
168513
173087
163637
169655
170537
166510
170534
159584
166498
159599
167643
166522
161622
166510
166489
171670
172534
168525
168537
166519
164498
159616
169652
164498
170540
164510
172537
166516
166489
164501
158717
170549
162477
160480
160456
162489
174546
174558
172549
156453
174558
164516
166504
172546
152441
170522
166510
162477
178378
161601
162477
170522
153266
162755
171049
159622
174558
173694
182594
159006
168803
172812
162767
168803
169347
138342
174836
166211
161033
166800
176570
178221
167688
162767
167066
172561
192651
168794
167318
172537
178576
161900
184621
157598
176576
176582
176582
174848
186905
186615
186630
162758
181727
184606
173987
188908
190642
182585
116489
177680
179715
184603
176399
171286
184177
172371
171227
163735
171275
166348
184014
186437
182846
160079
188426
163469
175500
169526
168656
177071
180869
183145
181730
155027
182881
166877
170549
162619
175897
180375
174570
173532
175709
172638
167466
169507
172383
178405
172561
161883
167643
171490
166365
177499
168614
179083
176378
175487
166764
161900
178848
174564
171948
165658
177108
174827
177984
172180
171533
169951
169035
172797
168788
172818
169655
173084
165646
173972
173771
184428
169774
176662
171975
173682
173972
178005
180869
168629
181341
177816
171490
169771
173545
172368
170368
163895
169907
176661
177349
175807
168815
170356
175114
173969
171519
170626
168658
168904
164898
172035
179390
173322
164057
176256
180448
164930
168644
165765
161738
169513
169069
171948
174839
174441
169948
179685
177105
166794
174250
174259
182254
175673
170815
175117
172815
178369
162797
180132
183851
166779
164791
177772
171070
179141
177088
166936
175969
175117
171972
169963
170803
176421
171916
172827
171954
183981
163634
173120
175925
164791
168052
160321
176822
167043
174754
172783
171548
163895
162724
172090
175059
173030
171876
182445
170977
159158
175041
165878
178491
173264
169873
175056
169023
181634
177279
175291
171853
176169
174769
169243
174189
167278
178195
173528
177030
182193
171287
163857
173943
176995
177261
177906
179300
177270
178714
164956
178383
164599
168330
171870
165237
175258
174699
171035
170754
165266
178166
176172
182804
160109
174189
165486
169878
181546
170168
164150
165898
165029
163008
160109
166104
168156
172163
163869
173916
175940
161002
158729
158132
165895
168159
168791
175056
170139
178830
165898
179902
167895
164997
180175
171255
171899
167892
165883
160993
162106
165910
176198
174797
167910
159871
160097
161874
179682
172815
169255
173281
179047
166130
169889
171957
173061
160752
166791
157862
165898
164767
165895
165895
165904
167901
163874
167904
164996
161874
163022
159862
164106
170800
171061
162767
168759
167892
165002
166779
172815
161625
168788
171029
171907
171916
167008
168756
170785
179656
163883
167945
174809
167072
165927
166791
181984
175969
173925
173925
171023
166779
163883
168353
178137
178644
169313
171921
179946
169652
166115
177114
168875
166045
163457
168338
175490
176558
158276
160770
170371
173000
169945
173281
172827
168629
179511
170525
169655
166791
173102
167948
175073
170635
162578
179523
176140
163629
154329
171659
158599
180752
168765
168525
172522
173047
167664
176383
163750
172635
176343
166791
170522
152296
175001
156593
176351
173221
172330
170534
171670
171490
177511
177789
177809
166072
174357
168519
177068
156598
175809
176348
170537
170081
168614
166794
166513
164779
174629
166614
179963
166504
170525
168321
166513
173638
171499
174644
171957
174087
181798
170339
174383
164028
167747
176145
171873
169745
172901
170785
173688
171653
167661
169469
174342
166753
164605
164513
167762
174618
174342
170342
175499
174534
170113
179282
176392
176157
169188
177682
175209
176647
167667
175685
175499
182952
170534
179273
163649
170800
175490
162501
179021
167661
171670
174647
171487
167011
170531
174093
175487
177818
168513
176354
177013
178111
166525
178656
179789
173780
166895
162495
178360
170531
163637
171226
165649
182398
173650
166513
170052
166510
174632
165658
171780
170635
176351
170522
182172
168525
172626
168522
172661
179514
172632
170522
172632
168655
166513
170534
172546
180653
183291
168898
169658
169525
168040
167750
160495
161637
176702
165886
172356
165649
175499
170655
179520
174351
171873
173499
164504
173679
177514
168528
172989
177259
173502
174105
168516
166516
173238
175209
166522
176395
175224
173888
172537
170516
175221
166507
177227
175511
174546
178117
173241
175241
178375
173795
180413
177013
175004
174558
177262
169685
168537
177262
170528
175897
179245
185272
175001
170549
175909
170775
170540
177674
172561
170537
170558
172561
174573
178591
183043
182147
174573
177900
174552
175888
179689
184591
174573
174564
174830
180518
175712
176561
176585
177680
176573
182591
176567
176561
172549
180802
172561
174552
172549
172552
174558
178582
176573
184597
179727
176582
174549
176564
176561
176567
182582
174573
178582
177706
180585
180585
180597
180802
178573
178594
175709
184612
184609
182594
174576
182594
180585
180585
177692
178597
180582
181730
184606
173721
176564
184606
181739
175697
180817
182597
181701
182609
174573
177721
178793
182811
181559
174561
181695
176576
179045
171242
184621
174567
177718
182606
184597
182603
182582
184609
174576
180600
176597
180585
188618
184597
180588
183930
180153
182156
185933
185287
182162
182597
183936
183278
183933
181269
174358
181924
183322
185275
183275
177266
169233
179275
171242
192219
182420
187302
177263
188192
187966
185293
179263
180162
173245
188183
181284
176147
181278
187305
179263
187094
175248
187302
176399
181281
177263
175254
185284
180370
181272
185296
187073
188195
179263
181263
179263
176141
182168
177254
177260
175251
176370
185331
181263
176411
179266
175263
179260
176373
183284
175245
176408
185293
185293
183290
177263
187290
173547
177263
181290
178150
181296
179272
174387
174393
176379
174964
185281
179266
177266
183281
185073
177263
183290
184400
179260
185305
185296
189326
180156
182156
175254
181278
185296
183281
178411
168383
175254
177251
179266
174387
185293
179266
175257
179260
187082
176399
180153
185296
177263
176138
179266
178411
179263
187317
183299
179266
175269
172364
175257
170340
175254
181266
177257
179257
183287
183290
181293
177281
179281
178150
177254
172144
179287
175260
181263
187085
189613
190222
189317
183313
191326
180174
183334
183284
189308
187305
175248
192234
174402
188189
191317
192462
186444
179287
179272
175289
190749
178443
192222
195118
190222
186479
191106
193338
185305
188459
187308
189097
187323
187624
185308
178411
191607
187595
178417
175564
188479
188186
190500
188775
193103
188552
192286
190262
187624
194585
183870
192292
189691
193408
189404
192825
187885
191712
190016
189975
187407
187694
189738
186537
183635
184528
191674
184470
189375
188303
186798
185462
188830
186288
189694
192338
191466
191747
189199
186010
187471
187679
187694
195446
189419
190790
194498
190251
189370
174591
188002
188274
189431
188497
188491
186230
190555
188801
184769
189668
185902
192547
188537
189691
188784
193715
192573
192292
181963
189413
186520
190263
185612
184479
187375
189375
189981
189135
188265
188523
186474
192260
191121
189109
184213
193130
188230
193130
186213
194255
191335
186207
185097
191121
190222
186529
182789
189106
179960
186201
189097
185094
187990
193115
187094
189996
190254
186213
178621
193127
185114
186889
187094
187094
188002
191159
187981
189109
185076
185061
185082
185990
185088
189120
189987
187126
186259
187354
190245
183079
192002
184230
188886
187097
190005
185969
191999
189999
187993
183108
189106
191118
186233
191103
189990
181972
187088
185978
187981
187100
179105
187981
189106
183969
185981
189126
183969
187114
185978
186874
189981
189085
190002
193127
186865
187085
189999
191993
186865
185972
184856
190898
190002
184856
183966
186853
189990
185969
184230
186850
187088
185085
189118
187088
185073
189106
187993
187993
186192
190002
181951
189100
183093
191112
190002
183969
189990
186218
185978
185981
183975
181948
182186
187082
189990
183966
191103
185097
181957
187085
185094
186227
193147
186204
183105
185984
183960
189094
187966
193118
185076
192251
188880
191112
193115
189100
186189
190230
183960
185969
187088
187343
185085
186247
183102
188198
191364
183360
182197
186493
189990
179055
185969
188247
188302
188256
191123
186253
186285
189091
187094
191352
185131
185392
183363
188247
187097
185314
187111
189433
184502
185076
184525
185363
189404
185102
188259
187097
189140
192555
189123
186201
187981
191106
186250
194243
187389
187392
187314
189375
185102
192497
187392
189433
188508
189372
191899
192819
186496
191659
191659
192219
187346
189375
186256
187384
186812
189636
191706
190546
182197
183632
184250
192219
189338
191118
185412
189685
191645
185076
183090
186189
187085
190520
190213
191326
189044
191410
188259
191121
185989
190558
189984
192836
185968
188227
190227
189085
191413
191671
191100
189109
186308
182577
186902
183739
188598
191781
187760
181739
193761
190899
192648
191772
191781
182881
193524
188905
189769
194648
190917
190917
191784
188905
191793
190914
192648
192062
193778
191769
190902
192929
186000
178872
180240
190027
184012
189763
189760
190908
188068
188018
190914
195509
188884
190902
184887
188902
188902
192876
190902
186000
189772
177950
190917
186864
190041
183742
184864
188917
192920
185751
187154
192917
189772
192908
190917
185997
184867
191784
190021
192633
194367
188920
158471
190627
192926
191784
192021
185154
185092
185116
181315
193781
188867
189757
194627
187760
184618
190888
192902
194636
177294
184887
184000
190346
190885
186876
191784
186878
188893
189760
190018
189491
182899
190056
191749
192885
191479
193769
190890
192355
191772
192346
166525
169706
170827
191769
186609
186044
182624
184633
182600
182597
192537
191699
189978
190056
180597
194558
176591
195454
180612
194616
190598
186879
194367
188864
190033
191728
190873
192291
189706
190241
191117
192004
192619
189980
189960
189980
186009
190630
191149
188012
190888
184217
192894
191137
187116
188241
189128
190001
192004
188009
187113
188876
190012
190905
188905
185145
188908
187775
190900
188012
188876
190897
187989
192033
187748
191752
190888
185983
190018
187113
192024
192914
189151
192926
192033
191743
190018
193764
192891
188920
184000
188036
186896
190021
189145
190888
185116
185128
186009
190024
187125
188905
189755
190004
188879
189140
191137
190030
179101
190004
191128
191143
187116
188009
183368
183095
181095
188021
191157
191129
191108
185128
187149
190912
185983
188018
186873
190877
186241
180618
179102
191135
191141
192001
189149
186232
189995
188024
192912
188036
154537
188902
186891
190929
186920
188015
184876
185997
184896
188908
190030
182855
186905
190917
184867
190900
190926
189763
186929
188920
188929
192941
188900
190036
191767
188639
188613
186024
190915
192654
188891
192077
189796
188056
188920
186920
188920
190654
188911
189787
188911
186908
190932
186923
193808
184938
186905
186027
189784
190932
187787
190935
187796
186923
186923
174618
176618
193779
190048
186039
190036
189758
186338
190900
187152
191796
176630
188039
192651
190920
188053
191781
188929
188926
186905
192028
188024
185128
188007
186036
192063
190929
186879
190042
192048
188004
192016
193788
191781
189793
191767
188900
190920
188929
190926
190929
186053
188902
189784
186053
190929
188920
186917
191796
192938
184888
193805
194660
188917
193784
190909
191767
193805
187781
191784
191738
190926
188917
188932
188926
184024
188929
190900
190868
193788
191752
192909
192042
184021
191764
192048
190039
191796
188036
192350
186885
190048
182899
191793
192370
188926
188914
192941
191778
193796
183763
192941
184036
188926
192071
188929
194379
191776
184888
186917
190895
188004
190619
188030
190033
193802
194660
188917
181983
189169
193808
190648
192648
188891
190926
190929
190639
188033
192045
188917
193536
182896
190929
190926
190639
190033
190929
183763
194654
188056
190062
188024
187775
190920
188932
186917
186908
193805
186033
186905
190929
188914
188068
186908
186917
191790
191781
188908
190065
185739
188914
189512
186917
190929
194657
188920
194376
191784
192926
190917
190929
190929
193796
191793
190941
191793
192929
192926
189784
192074
192941
192941
186905
188053
193778
192926
190917
189784
182896
186908
189793
188917
186920
188929
188065
178872
193781
193802
184908
188062
191793
180908
192648
191793
192917
192660
190917
191506
193793
190929
190917
190929
192917
192932
192926
192938
192657
190065
190906
188908
188917
192938
186935
190929
191178
191784
191802
189784
180899
191793
193802
187781
190911
193784
190929
188932
185772
184884
186905
189793
189781
188926
190926
192953
188935
191793
192645
191793
190636
191784
190926
191802
191802
192938
189166
190651
188926
188636
192636
188917
188636
193802
184908
188914
182012
192929
188917
188905
190941
190885
190062
186062
192095
186917
188627
191802
193802
188648
188929
192938
190923
187784
189793
189793
184033
190074
191776
191781
191805
192959
191796
186929
190935
192938
188071
190950
191190
184917
188926
183775
182876
190941
186932
182036
193805
192947
186929
187775
190657
190938
194654
191802
190950
188938
192926
190926
188929
190950
190087
192950
188929
186903
188036
185772
189793
182896
191802
186932
178003
184908
184876
188932
186062
190944
188929
180244
180273
184920
188917
188926
190935
178012
184900
186929
186896
184065
188929
175995
186900
186906
179986
185178
182893
184050
186950
182021
188926
184920
189175
175991
186050
184009
188060
180033
180012
186932
188057
183149
186894
186624
184914
184047
184328
186923
187781
182322
183769
189790
189796
192657
183467
186917
184911
181760
179177
176911
184050
187781
180908
187778
189790
186926
185772
183757
187781
186926
183728
184334
184914
185772
186926
186050
180029
183757
186042
188923
188923
190071
186062
182920
184917
178908
188042
192947
184612
184914
182627
186633
188030
190062
184902
179751
191790
189781
189778
187772
183763
190914
188926
188914
190923
186917
184905
188358
190645
188897
189706
194657
184905
184893
189512
190036
185772
186613
191518
187677
188619
190880
190358
184905
189805
189491
186047
192048
192932
189778
192938
190926
186926
190877
186059
190616
192947
186917
188036
186917
191802
190068
188929
188074
189793
188923
188906
188929
188923
190935
193802
192941
189781
188648
184030
190926
192923
187781
187503
193805
190929
191770
190880
188062
186917
181760
191802
189506
186024
188633
189805
193515
185769
190358
188648
188636
186905
188926
189781
192645
194666
191793
187769
192889
186627
187772
192051
190648
193776
185743
190648
193814
187778
185482
193785
192915
186888
188651
188042
191158
190558
193457
191396
186830
183334
192225
185424
190541
189761
193773
193802
187784
193237
191434
191364
191677
191744
185436
186213
187445
188581
193527
185781
191764
189494
192640
188370
190648
190361
190660
188648
191495
188361
193367
176603
188358
191425
191512
194672
189784
195507
196379
189454
197226
188654
192370
188346
186645
197246
192950
196089
188645
180612
193213
192654
195237
196318
191799
192953
196098
193460
184624
180603
186624
189453
185740
193158
192222
193984
193121
186633
187778
195243
188259
182624
189799
191213
196014
196092
186648
198098
194031
195515
189790
191213
192080
192025
186624
196666
184642
184627
186624
192874
192678
188636
191999
180612
190669
195144
190657
194271
195118
197176
193167
194283
193121
190222
192005
191109
195350
194014
191097
187969
190877
196014
193234
190642
188868
195109
193213
190239
192213
191109
189112
194011
193138
193990
193109
192225
191454
190874
184624
193396
187975
189978
193106
192471
193118
193138
194373
184905
191314
195179
180627
190532
190210
192239
193115
194222
187972
191993
187981
191422
192219
191454
194628
193109
196243
186459
193338
192213
194234
194231
195121
191100
192358
192283
189097
194268
192300
192242
190213
193109
190216
193106
188257
189317
191335
194225
190210
192222
194002
191115
191135
187993
194254
193495
193384
189100
188222
190332
191474
189143
195130
196002
195127
192263
197127
194251
192066
191121
194388
191109
192234
192225
190207
190213
195127
194234
194234
190225
191503
194350
192222
192225
190213
190216
194014
191993
192225
193109
191097
193370
192254
191503
192222
193135
193147
191109
194234
196333
190254
184221
192225
195437
192222
197130
193106
191167
189332
191109
196234
191515
191428
195408
187320
193109
193130
192083
189993
190373
191387
192225
193332
194321
191749
191358
195338
196228
188039
189079
193341
192228
187091
192014
191370
195341
190210
194234
187178
195341
195422
192225
192213
191106
189474
193320
188216
185308
192234
194225
191993
193118
184204
189094
193353
195205
193121
192225
192213
191503
197246
195118
192225
192370
188648
188204
189320
195379
189088
192216
195425
190222
191341
189329
187308
193790
194582
188192
188213
195408
186340
191503
195237
192222
192570
193486
187308
178594
191358
191329
193396
193384
192204
193118
189106
192242
192263
191416
187784
191317
192471
194242
192225
187320
192059
193317
191358
193793
189387
193796
196034
189329
196275
191129
191387
195486
193329
191764
188219
195329
194570
192373
187100
191317
192216
191694
194549
190474
188456
190462
193677
187470
193761
191793
192465
192599
190917
192935
193358
188888
192932
192639
193784
191445
189166
193784
189784
190054
192045
191320
193793
188917
192929
194622
193454
193503
193506
192590
192941
193524
193805
193781
193793
194631
192639
188349
192929
193793
191755
191784
194370
193530
193805
192935
190456
186908
194616
193796
191796
192627
193805
193796
190932
190920
192651
192932
182884
193805
191787
190917
190929
188917
190923
190941
190917
192929
194660
188920
188068
191775
189775
186920
191787
184905
191799
189751
169712
188920
186920
192909
191784
187160
193692
193706
191787
192622
193805
192912
188772
187775
192932
190900
194663
190651
192929
190932
188024
192370
188920
186911
193796
188923
188053
193796
193799
190944
190929
185766
192065
190909
188929
190929
186899
191897
191775
188923
186908
188920
184899
187766
190900
189787
189775
191787
188911
191144
188911
193784
190908
191103
190045
188911
191775
191787
188018
190908
192506
188932
186914
192036
189796
188920
185766
192944
192929
185754
192880
186905
189778
193518
185311
191187
193799
192352
188929
186908
184899
192900
190920
192917
194660
192639
191775
188917
191755
190033
188027
192077
192926
189311
189320
190929
193428
195341
190642
192074
186908
193787
192926
192506
193787
193706
192651
191784
191697
194648
189311
192900
194648
191506
191784
188920
194660
192019
191755
192045
194382
191784
190584
193796
192888
192926
193793
193793
187482
194663
192932
192651
194651
189317
192926
189775
192932
193494
191775
192648
191610
192938
188908
192929
166866
191062
192636
194535
192929
189578
194216
193518
193506
194506
194364
192920
194663
191775
193793
194254
195506
193494
195503
195512
195515
189981
196373
194889
187752
186636
192645
184627
195515
197811
194631
186645
188657
192080
182627
196956
195527
191793
196089
192648
184636
192909
194648
195515
194071
193767
194660
167993
193506
187790
183781
190654
190645
190666
186630
192675
186645
192950
182633
196666
187787
184642
186645
192657
192619
190077
193685
191491
194660
188361
193228
195524
194071
193213
198069
194083
193225
195515
189775
184624
192361
195515
190648
190654
189752
188633
192912
192642
194660
193486
195225
194660
194654
193755
195509
188047
193775
197234
196101
194619
193184
190888
193515
193784
195495
195515
194358
185749
193697
192917
190871
190610
186636
190323
193776
190891
191775
196370
192651
194657
190903
192900
192903
192625
192613
192024
192900
193489
188636
193743
194657
192045
193764
192912
191992
192900
190900
195515
191784
190842
195486
194303
190784
193741
192610
190024
192001
190894
192007
195515
188036
189160
190045
190920
190033
194382
190894
190891
192033
192900
189685
192564
193486
196382
188024
190879
192891
191796
192596
191149
192903
191775
192663
192074
188871
193767
190888
190004
190879
191784
189160
192874
189995
193518
191726
194634
191436
192341
192007
190879
192912
191781
191787
190929
189787
184645
190929
191784
190027
193799
192036
192036
193796
190016
189738
187131
191117
192842
191717
189995
193758
192610
192045
192900
192932
192636
191468
192891
188572
185986
194622
192593
193767
189152
189995
193460
191172
189143
188894
190891
193746
186929
192036
191758
191755
192941
192883
191147
189152
193787
188024
192016
192007
191465
189131
187392
184896
192900
194660
192033
190891
189497
188920
191152
193767
192941
191778
191784
193776
190045
192300
185111
190929
190007
190361
190879
190917
193752
190917
188908
192639
190024
192024
189140
192926
192007
192871
187720
186015
190891
190900
190036
192903
192364
192900
190891
193787
193796
192370
192944
180887
191772
194651
188911
192654
189746
193515
192920
188891
191767
190033
191793
190932
186891
193512
190917
191772
190036
192929
190036
191787
184870
167556
192651
191796
192929
188917
189772
192660
191506
192062
190920
191796
194648
191793
192648
192648
192651
192639
193793
193793
191781
190361
192639
190033
192929
192938
194648
193506
190627
190926
192929
192920
189216
193796
192938
192648
190929
190929
190929
191190
191781
195521
190648
188926
190642
193793
193539
189784
193793
194657
188053
193772
190917
192926
192651
192648
190917
192639
190045
193796
192929
192932
190929
190917
193796
194660
193796
188630
190929
192648
188920
190926
191793
186891
192077
184887
193796
192651
192938
193793
190639
192926
191796
188932
188929
190917
189784
184888
188920
191497
193793
194669
192926
190935
192657
189772
186888
193793
192648
192929
192639
190929
193790
192648
190929
191784
190926
189775
193802
192045
190917
192938
192660
192648
188926
193527
185166
193793
192651
193796
193793
191793
192932
192932
190651
193784
191784
193805
191793
192909
192660
190816
192651
191697
190801
191990
195521
194370
188929
192648
190926
192660
191987
192016
181760
193515
192651
192004
191503
192848
192874
192851
192619
190210
192593
187937
183867
191659
194602
189050
192854
192880
194651
192013
190842
193495
191062
194370
191949
189917
183618
189891
190758
191900
192535
192810
192341
190772
191665
193622
186772
192787
194579
192813
185618
187627
192755
193698
187120
191222
190607
190868
191784
192651
191793
191917
192825
190839
191091
193651
192529
192370
192573
192639
193457
196335
189752
193509
191697
193781
192054
192648
190929
192891
190920
192033
192929
191772
193787
191639
192784
191618
188772
193706
192897
191636
193448
194590
192813
192639
192587
190801
192830
196370
192900
193503
192888
195524
195512
191746
191697
192370
191477
192622
192651
194312
191491
191723
193732
192309
195469
192309
191955
194550
191062
194370
188349
193512
194639
189482
194660
194582
189216
193483
193802
192370
188349
194628
188926
193793
193802
196385
192666
193793
191483
194619
190868
194379
193234
193483
193176
191706
193706
192576
192619
192355
187885
191926
191926
186337
191897
188769
190755
192561
186772
191938
193732
188062
192561
194373
190860
193686
190083
189761
190358
186349
193694
192361
193743
188166
193784
191503
192822
187975
195463
194338
187494
192877
186195
191088
187047
191900
191445
193735
191706
194645
195246
192370
194379
192593
190813
194549
194602
193457
194573
194379
194547
184636
193622
191726
193706
191474
190195
195483
191946
191726
194602
193726
192549
194590
193503
193506
193506
190349
194379
190349
192813
193416
191216
188752
186914
193674
190358
192080
193735
190349
194648
192590
195222
197246
184627
193677
195498
194388
192092
196110
193404
184627
193657
178597
193515
180618
194602
192080
186352
186642
197205
195431
191639
193416
189636
193413
185166
191062
194370
193500
190361
191506
194358
192619
195457
191975
193503
192636
192845
193234
193222
191697
195512
195222
194367
190763
188775
194532
192590
183186
191967
195503
194619
190160
192830
189479
192813
191685
191085
192851
189065
194579
190833
189091
192515
193697
191908
191677
164516
185905
188801
190154
192535
192802
192764
195457
190593
192541
192755
192526
192810
191706
192329
193657
186938
191651
194579
193457
192561
191900
191929
191726
192593
195457
192581
192340
192581
190166
192873
194567
192590
187482
193445
174594
192810
192854
191717
193503
185896
194051
192549
192784
195425
190059
190358
194329
192842
190317
191196
191012
189465
189900
192851
193205
189923
193361
188474
194474
192022
194515
194503
195408
188666
150642
182867
193677
189607
193167
186645
190491
166531
180585
194520
193648
195214
187790
190743
189009
146459
177775
191888
188675
192699
188743
188651
178612
192532
186306
184932
178642
176642
188752
194503
188914
191686
192778
187879
186932
190758
191949
192761
182642
186743
186491
180772
188755
179802
190825
183018
184157
190812
187917
185436
181811
186196
191045
175781
172885
185900
183033
190602
184303
181929
186219
189888
194602
187314
190787
191027
183092
190587
185903
187048
187932
189054
188796
187941
191083
185912
191938
186477
194573
191419
189993
190880
192582
186532
193408
185668
191665
186793
187900
185642
184796
186169
192257
192495
188503
173754
183381
180482
186216
190512
194246
190802
160552
158561
192559
192796
190474
192379
192602
192880
187610
188784
181302
191987
182908
181577
188204
187598
185317
186349
190938
191781
188929
186627
190648
189146
182192
183337
182441
179290
171556
191117
190906
190486
192532
188888
191187
190382
190920
187331
190001
188042
184885
190274
193756
189694
183879
194544
187108
182198
185966
191100
184470
189975
185137
188013
189056
186424
191938
185972
188204
189926
190025
189149
191735
184514
191955
190013
191100
185137
187158
188850
186241
192900
190262
183381
189158
189773
189149
186024
190033
190016
185146
191149
170680
188494
187360
179609
182464
185618
179348
192935
187642
187117
188914
189161
188036
183131
190033
190908
176231
187134
188253
190929
190897
187169
190619
190909
190039
189465
192900
189178
192897
190045
187178
190921
188024
190935
177968
192897
190030
190639
191793
186294
192935
188920
187149
192918
185987
184012
184024
190054
188914
184027
192938
180276
184902
188900
190054
188917
192022
191787
189175
188917
190926
190051
187157
193752
189190
183125
190030
188042
192660
186888
190039
186024
188917
186888
186905
169272
191129
188897
193802
192918
190888
191793
190660
182905
187146
190033
189793
193793
186911
192909
188053
186021
190033
192938
186917
191781
190926
190926
190036
186009
185169
186019
185134
182244
189764
186253
190651
190929
186033
186033
188917
189146
184914
182009
186033
190074
192947
186030
184609
188021
183157
191158
189149
188021
188926
190062
192033
188030
188282
188917
192906
189178
192941
193512
186929
188001
188601
189793
189781
190042
190926
190938
186917
192929
191796
191773
191187
175997
184905
184914
190929
184030
186914
190030
186030
188074
189793
188030
188062
176875
192909
190042
192906
192628
184029
192938
186033
192935
192657
183763
190950
188030
191793
192022
190926
191802
184908
188062
184053
190926
190938
185453
188642
188929
184032
190938
190929
184908
188897
170863
172884
190941
189790
192645
190926
189781
182879
179116
186282
191793
186050
188926
183166
188917
182896
193527
189781
188917
189175
192657
189482
188917
186926
188914
192947
187146
186926
182914
185763
190917
186914
190932
187772
190926
186905
195515
192054
193500
192042
193752
183108
192915
187772
191790
188914
195234
186926
190935
185166
188914
188914
190074
184021
186914
185473
184882
194657
188935
192660
191503
193790
190627
193802
190865
190358
183772
192358
188349
188926
183166
186923
190938
190062
183772
189781
178887
188636
186059
176000
191802
182905
190938
191500
192367
189694
194350
193735
190926
188914
186030
185769
188926
174887
184021
191512
189781
175095
182041
183772
184905
188636
192947
187781
187494
192602
191640
189474
188938
190938
192947
188923
189793
182917
188639
190935
190938
180893
187769
190938
184908
190926
190929
192636
192918
186743
193747
188033
192367
190830
190781
189903
186929
188042
187494
190042
192938
190938
179287
189175
187743
182905
191326
188198
190268
194550
189445
191155
191425
188911
186337
190346
190911
188627
189491
192798
188624
185441
191790
186021
184905
190636
187201
188897
191781
186917
192906
190355
192642
190926
188325
187766
187096
177582
188757
186905
187201
195219
188914
187960
191488
186914
186902
179562
180130
185026
187592
177843
184139
179852
189030
185609
187459
186461
186902
193491
186905
183997
191720
181316
174411
186154
190036
186902
192604
190010
192914
191778
189201
186908
189769
187740
190827
191488
190885
185461
185769
178612
188047
191222
188624
194654
188615
194367
190648
193781
193752
192337
192929
191769
187781
193213
188914
189769
192914
193778
186914
191781
191784
184038
184606
188914
191781
193506
191769
191793
192654
191787
190636
190914
190917
192654
191781
188636
192645
187482
190917
188627
182615
186917
190926
188627
189491
192657
192657
190639
186340
194672
194353
194370
195234
186926
190938
190349
192947
181757
189793
190648
190932
185769
185772
192382
190645
192648
188660
184642
186633
188645
186645
192350
188645
196968
192370
194959
188068
198098
188648
189805
194370
193823
189799
186923
189802
181769
184627
190947
193217
188071
190950
191225
191225
189512
195524
191486
194367
191515
193231
191500
192367
191506
194101
190894
197246
190938
194628
195515
193793
192355
192645
193790
195234
194104
188071
195222
194376
191225
197246
191225
190648
194379
194959
195515
192639
193483
194370
195515
190935
189503
194095
194648
190341
189216
197237
189781
190648
190654
192370
193225
190361
192909
193764
194640
192361
195234
191512
190935
193216
193213
193486
191793
195246
193503
191781
193515
192648
194382
194654
193503
194648
194358
193503
187207
190361
191494
192648
188888
194660
194379
191506
192657
193802
191784
192616
195498
180606
194358
195503
194672
191503
191793
189793
194092
191503
190358
189204
193747
193480
190564
187917
193416
190810
192822
191723
191784
193793
191784
187778
193802
192636
195486
197246
191462
187769
193196
194631
180618
191477
192578
191465
188503
192292
190877
192312
194611
193396
192590
193225
187386
193486
194367
192361
189755
192938
194619
193477
193483
189984
191784
191445
178603
196092
193738
187366
192370
192549
193744
196350
193445
192854
191231
192573
188552
193240
193776
197249
194379
190074
194382
196400
180615
195506
189178
195234
197243
196388
196353
192590
193776
184648
193697
182618
193216
193246
188752
192544
192054
152465
193465
193416
191515
193755
190361
190636
191068
195234
194370
193483
191697
189778
191743
192361
191752
193515
188859
195503
194593
190627
193181
194660
192926
190651
193524
193793
191784
190929
193796
191784
190651
192037
194092
191796
194651
191799
192918
192361
191781
193779
193793
190920
191793
192938
189784
192648
189494
192651
193793
191781
192938
192636
192941
193784
193784
185772
191793
192938
187775
191494
194663
192929
188349
190920
193805
193515
192642
194634
190859
194660
194639
189775
192938
192950
193796
196364
189784
193784
193793
191790
196971
191497
195515
182038
193793
186633
186917
193775
194672
187778
193787
192657
193494
190929
191775
189181
188024
184627
193796
194660
188630
186905
190929
190938
193793
192651
188917
194663
190926
188929
189787
185781
190639
190938
192651
192639
193802
192074
192941
192938
191784
190361
192672
184896
191518
191787
192929
194651
191799
191796
193805
190932
191793
186903
191796
189796
192648
192622
189225
191758
191796
189793
190654
193799
193799
188630
191775
192929
193799
190932
192080
194642
192074
190932
190932
190636
195512
194651
190642
189772
188036
186920
190062
189793
191796
193796
188917
192642
190920
188920
190929
188929
191796
192941
193799
187766
190929
186024
188920
188929
190929
192953
193793
193808
191796
191775
192622
186024
191796
190932
189778
192941
191796
193764
191527
188929
154525
193784
188929
186929
190053
192929
195518
190045
190938
188917
184908
188932
188932
183763
190651
186908
193793
191793
192944
186923
192941
186908
190932
190923
188920
189775
184908
188908
182899
188908
188920
193784
191152
190938
186920
192938
190929
190929
191135
188920
191961
190842
194648
191987
192900
189766
190016
188929
191758
191949
191114
192912
192944
188920
189937
188198
189726
191958
191709
191680
185340
192619
189755
192054
190256
190256
193796
180012
193805
192938
192660
192909
188912
192900
190932
192929
190929
190926
190941
189796
192045
187123
193796
192036
186923
192944
192938
187781
192941
186920
193805
190045
186876
190651
193805
191796
191796
189796
189793
188932
188929
187772
192938
186932
184917
189784
188926
186908
189802
190909
192042
191808
193793
191790
188920
192938
193796
192016
190941
192929
188917
184908
187784
191100
190932
190920
189796
190048
192042
194646
192871
192651
193506
191796
191987
192631
194353
193796
192929
191900
191961
184908
192938
190929
186900
188024
184920
188929
192651
188642
188285
192648
187143
192941
192054
192854
192834
194564
187726
194660
192950
188929
192016
194663
186917
190871
182899
189987
192909
189503
188036
190050
192660
188929
192016
190074
192651
192054
191132
186239
191709
189474
185302
191735
190636
193796
191796
193802
191767
192013
192880
186920
188944
191117
190871
189738
186746
192025
192921
190909
191503
189091
194672
191996
190016
191958
189958
192004
189796
192066
193503
193817
192025
194660
191132
190242
192880
190219
192854
188605
189900
186216
189871
192764
191654
189903
189929
189987
191738
190654
187784
186932
191161
188639
191094
191120
191996
192877
191694
191784
190891
191120
191747
192799
189784
190909
191103
192851
190883
188868
190622
192008
188752
189622
186755
190634
189912
189967
191999
188083
190796
189671
192796
191987
189706
191747
190834
189045
191773
192883
192016
195428
192648
193785
192921
187065
191982
193788
191970
191689
191042
192805
190648
191955
190880
191967
178621
182050
190868
186630
193826
191153
189091
190834
190631
190248
190025
192875
192944
185772
190863
187781
190863
189970
191314
189074
193677
189967
190622
191950
189767
190856
189876
191996
191926
192573
193654
193776
189955
189758
189912
192793
188341
192645
185876
188645
192669
193785
192819
191524
189958
193396
189987
192880
190764
192892
191926
189071
186900
191802
191083
189955
190860
186891
189929
180444
190822
184639
189158
189752
190663
194611
190831
192802
192863
191817
190848
189805
188651
187752
187059
189793
192034
192912
190929
192947
191793
186074
190883
191129
192054
191132
192643
162489
192892
181287
191996
191996
188625
169709
191190
183763
190274
190257
193802
192648
176896
188042
192025
188929
190277
189494
191793
192848
193706
193814
192648
190657
185494
193793
192941
190909
190651
194657
191132
188920
190651
191155
192761
189059
188320
186639
193509
191117
189123
194684
191776
191781
192947
192880
191976
192657
192370
191515
183781
186935
193697
184932
186932
184633
193799
188923
192628
188250
176908
180911
182914
190077
182885
186865
189317
189781
138761
191317
190213
189308
192213
185325
182844
172609
190853
193355
193758
196222
180609
190242
184624
177730
176588
190633
191758
187781
186633
174582
150459
192654
186633
188651
180609
186645
195457
187775
186645
180624
189416
190839
187126
190871
190500
189120
190297
192013
192004
192593
192013
192300
190042
192025
192054
188886
188900
185404
188479
190277
190863
190289
191747
183381
186538
190859
189995
181616
193776
187643
187144
191776
190257
185405
192037
181396
102474
192655
192013
192611
188277
183713
188045
190880
192883
183090
191114
190013
192028
192019
186282
191176
186297
186256
189120
189984
192921
190048
192918
188007
190871
190013
190016
189161
192909
193773
188903
188274
188862
192025
190016
188871
189149
188900
193764
190036
190912
192871
188045
191088
190001
192921
187140
186036
188016
187161
190268
193483
189152
185995
186039
191132
180264
189123
187155
190039
181363
149200
176713
150328
173339
183772
188932
190639
188926
186039
186044
190089
182911
189790
192089
189790
188932
184926
190944
188932
186932
188932
187772
192660
191799
186917
190065
192953
189796
188941
189805
142492
188932
188648
188077
189509
190941
190941
154534
160555
144519
186929
190944
192628
190953
190941
186900
188468
190086
189796
188929
190947
190929
188077
188932
186929
186932
188048
190929
184908
187787
188077
188929
190265
191120
192672
192941
193788
190950
190929
186929
191515
184920
183775
172618
186929
188199
192069
190286
192039
192025
188929
193817
188909
182926
192892
188929
188929
192034
189796
183787
182917
188950
188941
190086
184036
193539
190863
186004
189158
192941
191808
190950
188938
185158
188932
186917
186053
190941
188941
191796
182917
190929
187796
188929
192028
191796
188195
192941
190941
190042
190657
191996
186929
193776
189764
190854
189694
190277
192921
192851
191996
191967
192851
191677
187311
191982
192886
188210
188065
191158
190909
191808
194640
190851
186053
188926
190938
190938
193811
193802
188941
189796
192953
191158
189799
190938
182041
193788
189506
190909
187079
189978
192675
190938
192016
190941
190842
188277
187723
188210
191970
190883
192904
191071
190880
187958
190851
190257
188941
191805
189103
188935
190025
189149
186062
190854
192892
189361
180929
189958
191074
190883
189074
190900
191103
189984
189934
190013
190245
189361
189755
188851
188222
189071
189955
190236
189929
191054
189738
190796
191938
191967
193718
190901
190880
191083
192863
186198
192869
190602
188851
191979
191715
191958
189970
190889
189103
189999
191996
191970
191929
191074
191112
189352
191103
190854
189958
190880
191062
191536
192037
184080
189955
188669
188880
192837
189112
191129
188883
189929
188822
188901
188651
190851
190921
190008
192025
190286
187033
189144
189352
191967
189141
191103
189153
191112
189793
187518
188854
188016
192631
191776
189999
192005
189964
181195
192008
189996
192872
192875
188239
191103
194669
192005
188071
191083
192046
187987
189083
189065
189135
190930
186016
189054
192817
187062
188219
187373
186509
187920
185326
189373
188509
190590
186468
185929
189356
185077
190025
185323
190225
192860
192834
191988
190011
188301
187071
189083
187141
189132
190265
185393
188518
189393
185053
178932
188254
182095
185634
190240
189057
188492
189376
191938
188216
190234
186181
185338
189077
181338
189944
187042
178213
187900
186181
187944
179326
188190
185323
190240
190605
184178
184842
188805
183628
189335
191080
179625
181604
191107
189083
191066
182219
175192
189179
181381
188825
192828
185376
181326
187364
187065
189929
187118
189921
182801
189153
188281
183141
179384
184107
176917
187440
166878
174917
164893
182506
178929
170908
183625
186527
183390
185083
185121
188240
186225
188199
162038
186489
174456
185353
184178
184468
183639
183329
180459
178497
185373
184492
160878
169763
181373
187390
181378
187376
150842
136791
180767
184480
184503
160849
190211
164878
186889
182068
189042
191721
191660
186746
188773
187909
192776
187677
188802
192808
189240
187689
189066
191921
182059
185216
184935
191689
181482
193739
194637
185213
186370
189054
191718
190805
188796
189909
194324
191721
181673
186361
187477
192755
188816
191706
188926
187225
188660
193808
189249
190926
190611
195193
186303
184914
186645
192918
186624
190633
186636
188636
185766
188636
190636
186902
191213
192611
188793
189929
188068
192834
191718
189909
190564
191695
192544
193651
186080
189793
192825
191127
188104
196336
190822
188338
191057
193686
186935
187645
192324
182914
189627
189909
190764
188590
189938
195431
188767
182175
180494
175589
169870
179900
169012
179879
180746
175888
182497
182755
183610
178746
184764
183636
184300
194536
187648
191660
191701
191918
195449
193631
179894
190791
182755
184767
190817
189718
187045
190805
191704
187929
191909
191704
192535
189909
192283
191979
185888
189045
187900
190773
182796
188755
190793
192808
192820
188799
187903
187900
187033
189648
192817
194553
187900
191643
190805
193660
191651
193660
191637
194559
186755
192808
186761
191619
195437
192503
192776
193440
188767
190764
190793
191651
190332
185790
187862
190063
187888
182047
191799
194333
180902
193669
194582
192544
185639
192767
194527
192503
191610
193619
191176
184926
189897
192283
192938
193382
194515
195200
194295
193358
195411
190477
195332
193100
194251
186633
196234
191097
195344
191320
188645
186636
191320
193350
192263
194216
192474
190666
197121
192465
189636
185790
197127
194486
194515
190660
193367
191361
194486
193399
185787
184456
194245
192002
187622
191361
187332
193376
195370
194263
195358
195373
189607
196002
190515
187628
192515
189598
192527
194254
192515
193370
188465
194486
194228
193332
189332
193329
194219
188486
192474
183302
193382
192237
185752
194237
192483
191361
193353
195356
193332
184624
193121
188663
189341
194246
195329
189352
193370
189311
192877
193320
195335
193996
197139
190245
195159
189610
193358
194515
184624
191361
197127
191352
186636
192486
191770
194486
192474
191373
184633
191993
193329
193996
196257
193358
188474
188506
188465
190025
192477
194489
196263
195382
190444
181580
192216
192216
195147
194474
193373
193358
193332
185308
191323
191308
186216
190468
193329
195332
189311
188859
196228
194216
193332
191332
193993
196225
196228
193332
194228
194228
192213
195329
188192
193332
188468
192465
192225
189323
187320
193112
190204
192880
191320
195332
193332
193329
190216
178468
190427
185340
190216
196234
193121
195332
193332
186856
191332
195109
195150
194228
191370
182642
191332
193773
186648
193773
195341
191320
187076
191773
189320
188216
178606
194219
186636
193329
193323
186465
186456
189323
190216
180447
191311
189323
192216
193332
189320
191323
185335
195332
186195
193332
195341
192216
180174
188207
194228
190889
191329
189584
193332
190216
190439
193350
189320
189332
187323
183302
193341
195338
191329
194237
183320
193341
188207
192219
195353
189320
187323
187320
192237
195341
187332
188225
188204
188216
189332
187317
190216
195341
190213
194225
189323
189349
189320
191344
192228
192222
191370
192495
189320
195353
189329
195353
189984
195341
191112
190216
189103
194222
188489
194234
194231
187341
186213
186207
196237
193341
190225
195341
190228
185320
192234
190228
193341
196246
192213
192225
191341
187329
187329
189320
195112
191353
188216
193400
192234
191332
194237
191109
189100
194246
193999
190213
189341
190216
196237
194237
194228
177042
181781
184773
190242
190474
194213
193332
196234
195353
196234
192210
195121
178606
191993
184627
193124
190216
194666
191329
184198
191802
192433
192245
190216
192228
196263
189317
186486
190497
192236
190213
191370
188465
192234
195350
194225
192228
195332
180192
187619
192225
184450
190225
190216
194515
193138
194237
193335
192880
196234
193109
185689
192228
195400
196237
192207
189370
194213
193118
193341
190225
193341
190483
192213
191332
191329
195109
190213
183610
187361
192486
191329
188868
194234
189993
194225
192889
183332
191362
191109
194225
193109
190234
192483
197130
194234
189996
185346
193338
195353
193370
190462
189326
189341
182213
185079
191338
192254
194234
175320
189341
190204
181320
187332
195350
189317
190216
194507
193379
189329
196234
195118
190213
193332
196237
193332
196234
188477
182424
198014
192245
183338
194234
195124
189329
184615
192225
190204
189320
189088
191317
191358
193109
188222
181323
191358
185296
192240
194237
195118
195370
190245
185340
191126
195347
191109
194222
194222
192237
191141
191332
190216
191332
196234
185308
188477
193353
187329
194266
186486
190225
188225
190216
192524
191361
193150
197156
193396
192295
190242
188274
192283
188245
192263
187379
189387
191088
191109
195350
191112
194240
189317
194213
184204
193399
187344
190274
187100
188225
190268
186201
189317
188477
192283
192292
191390
188474
194225
190544
190216
193370
193382
190521
188312
189091
195118
186474
194237
194225
194225
193350
193138
197127
192213
194295
188213
186195
193341
189616
193179
194231
188216
193399
192237
189329
191320
194237
185338
192486
190213
189370
194457
193341
195188
195411
196263
189320
191332
193147
187346
192292
194237
190225
194263
192225
190228
192283
192231
188233
195391
193341
190213
193408
194327
194956
193150
194222
189387
196243
194263
185088
189337
193332
184213
188051
194266
196222
190541
193376
193341
191138
193341
195379
191390
188477
190245
189390
191332
192228
188515
193408
194318
185616
195367
192956
190242
192266
187088
188204
195162
186192
189375
191341
195341
189100
185355
191338
191341
192225
192527
190216
196284
187129
190216
189390
195408
182453
188294
194043
190242
187619
195411
189387
193159
189349
189648
185781
194225
192503
195141
193370
191640
192944
190462
187793
187619
191631
193341
192486
190503
184465
191358
196275
189619
194002
188213
191329
194225
187120
191329
190465
191382
193350
190213
195350
194486
193341
189138
190022
190495
190474
193147
194251
189799
194034
192022
192474
193411
191341
193379
195420
189329
192234
193382
184648
184914
189112
185088
189129
194225
196011
187779
182624
191999
191332
192222
193118
189782
196049
180612
185802
188645
188645
193788
191799
186633
196002
186636
188648
194898
190865
196014
193109
186645
192234
194657
188633
193100
194666
184627
193329
186627
196675
191109
192657
191761
191981
184639
190897
196246
197130
188645
188657
184627
198011
174591
188633
191776
191758
182621
191993
188645
190654
185752
191996
194666
194654
191981
180615
186648
188645
198005
193350
190474
186642
190642
193358
196225
188648
191981
193993
195118
189358
182624
186639
196002
189332
192246
191323
197109
193329
188648
191984
195121
192216
186639
197133
187972
193791
186483
194237
195344
185317
190213
191320
189320
194228
189311
192237
192225
185320
188216
184436
191344
195112
189338
193344
196237
193785
193341
190225
191332
195341
190225
188213
192207
187311
184192
192216
193118
192486
196237
194436
193344
186225
195127
177731
190222
184636
194237
189317
188456
190474
182462
194237
190216
190225
193785
189332
193329
193341
186204
188474
191332
190204
191335
192002
195350
192225
193341
184201
190225
179326
189332
195353
185320
188213
191329
192237
191332
187332
158543
185302
192246
189329
189320
191358
187361
192471
189332
193109
191332
194225
192225
191317
188213
193370
187329
188436
189329
186213
192486
190477
191338
193370
193121
192213
190506
193341
188204
190486
188204
193341
187320
190207
189332
189329
187311
189381
182465
194506
192474
193361
193408
192225
193341
188216
189329
188764
190225
189329
195341
193150
194246
191390
191358
193341
195341
192213
194246
193350
192225
187317
193341
189332
195353
194237
191344
189341
194237
190225
193121
193332
191109
189329
193341
193341
189341
184204
190216
185332
192213
191329
187349
193341
190204
192234
196266
193344
188204
191332
194249
183308
189341
181329
189329
184225
192486
193350
193353
189350
189344
191329
194222
192234
185399
189332
187320
193353
188213
189344
192457
188213
186489
189332
188204
192237
192234
191338
192225
190213
185320
190216
193353
193109
192225
191396
185317
187361
190216
186439
190503
189370
188477
191332
189341
179308
191379
191344
193329
191341
193341
193341
191344
197165
195118
190216
183317
185329
193341
185320
193338
187323
192228
191344
193118
188436
187320
186436
192216
192237
193350
180444
191332
187349
189610
189338
189329
189320
185320
193353
193350
189657
183299
189329
189341
195353
194225
190225
193353
191329
193338
193379
193341
191341
189335
187323
186465
186216
194283
193329
188207
192234
195365
189329
194243
183308
191332
189358
186886
192495
191332
176615
193341
195344
189332
190504
188225
188219
191329
187341
187329
190225
187332
186515
188216
190225
188195
190216
190225
186483
193350
187329
193341
188204
188204
189329
195341
189329
187320
192228
184213
194237
187343
189358
188486
193159
189396
189332
191347
190213
189329
190465
154519
195329
191669
188379
193657
177743
189100
190477
190512
192544
186474
189361
186445
188465
179311
191344
188465
191419
192518
192495
194585
188474
190300
191897
193385
188474
187399
185607
192541
190477
189648
195185
189332
192544
188483
192304
193631
191320
192101
194527
187367
191338
191402
191457
194237
184465
179308
190512
182311
193669
192327
193466
189648
193361
192767
191651
193651
185184
192497
191341
194275
193428
193478
192527
191338
182042
190225
192544
193399
191361
187367
193341
194521
191428
192541
191191
190474
186468
189381
193669
192503
189607
193332
193382
189338
186382
193344
191350
188216
190213
190524
196333
197142
190477
188465
189349
182917
191382
189642
193379
188213
190254
194568
188558
196345
191335
190532
188535
194582
192324
186506
185183
191619
190515
190772
193707
192371
188535
185474
194391
185436
193426
185630
194553
191237
194547
189222
191648
191237
195226
188477
193486
189642
195507
194602
193677
187494
188822
187349
192570
192576
194640
186358
184350
192886
189100
189213
192379
185216
193515
191732
191216
194379
189474
189785
189225
185204
193718
191416
194648
186349
187187
190573
187237
194391
188590
186361
190370
194608
194602
195483
185782
192611
192092
194602
189225
190376
192602
192660
192602
193495
189665
190851
192672
190880
187685
194640
189083
192599
195235
191225
195237
193187
190382
186373
191225
191225
186068
178615
196119
198119
191228
192808
193515
194611
195475
186633
187216
191680
195246
193234
187207
193448
192344
194573
192083
180603
194370
188208
195486
194616
192602
193231
191204
194611
194593
196965
191512
193463
194353
195246
193234
195808
193474
189225
196098
195808
192370
192379
195243
191234
196350
192083
196953
194660
190358
189990
189503
193660
192080
194089
195234
193196
192370
195503
196965
194370
194101
196113
193225
192652
195234
195246
191718
197205
182624
192370
182624
182630
190666
190666
188926
178600
189503
194303
194347
192944
184633
195234
193196
186639
191237
188654
185195
193237
186645
194379
192370
195515
195234
196092
189518
193445
192370
189996
190590
193712
191747
192361
191697
190637
195515
193465
194370
194602
190349
196373
195246
194628
193726
197225
185186
194660
197237
188891
189767
189225
193515
193718
192361
194373
193515
192373
195503
191764
193228
195225
194083
193677
196347
187462
195237
192610
186648
191503
187731
182621
194593
190578
179778
193756
190610
195515
193776
190660
193503
188340
192851
184645
194669
192370
190903
194660
190929
192640
182627
193518
194669
192900
190361
184929
192944
188361
194394
193796
195527
194663
194593
196370
192903
192373
191503
190944
192370
193524
195486
194672
193515
192651
194663
191788
195527
195240
193796
193677
194663
194669
193767
195518
191506
190639
193796
193805
192370
194602
182030
186908
188920
191787
168573
191787
185763
192932
193796
192944
191802
191793
191781
189787
192651
192941
191518
190941
193808
193796
194379
193767
191784
191497
194654
193509
194660
193799
191790
189787
191796
193518
184896
195536
193796
194654
190941
190642
188932
191509
191790
192932
192660
193530
193758
192654
193787
192651
188074
189784
192361
193784
193787
189772
192672
190920
190950
189799
191796
190923
190953
194684
186902
188932
190932
192642
192909
192663
192048
191784
140024
189775
190932
190027
193787
182899
192935
188923
188911
189766
192935
189787
192932
191778
186923
191790
190926
191778
188920
190920
184881
189787
190923
192663
190654
189181
188911
188882
188651
190654
192039
188024
186027
186027
186036
188911
188039
168555
185772
190932
192645
146444
191781
156489
194065
172576
193769
188873
194648
193752
191784
194329
188018
186902
188885
188935
189799
179734
188923
182902
190903
186923
188932
191787
186929
188932
190941
188045
187778
186039
186039
188920
190065
190932
184911
186923
190643
189796
186941
189489
192953
189175
190894
190242
188920
186027
190648
191767
188932
191138
189184
192048
188932
184027
186036
190935
184027
189384
189065
186172
190903
190048