6712769
6190222
6073040
6667622
6496299
5577640
7108429
6271276
6424443
5992135
6523507
6019209
6018909
6352333
6712330
6460545
6136476
7009024
6442245
6343125
6370294
6712607
6658294
6316369
6694257
6505451
5685995
5757804
5919888
6766231
6099943
6856554
6739788
5460115
6451200
4911117
6055249
6037325
5586712
6766146
6604487
6703537
6136179
6181212
6370068
5415459
6253273
6127096
6973761
6730556
6658888
5478792
6451208
6397709
6298132
6739756
5865823
6127325
6262316
6469278
5694432
6694242
5703873
4748918
7054951
6460690
7072915
6028295
6523195
5712705
7072722
6847556
5613613
6775393
6829483
5964828
5523571
7117996
6145142
6145406
6676439
5991977
7145023
7333888
6964822
6946849
6946398
6270712
6055114
6469141
6469352
6307597
6172078
5892950
5937975
6514039
6126987
5721777
7189702
6577296
6496501
5793899
6334221
6874548
7180891
6559352
6604650
6216963
6397046
5919909
5838790
5875003
6397218
6505292
6748614
6370327
6478231
6946250
6541560
6595368
6667199
5685857
6550451
6514621
6577572
6243994
7514127
6216561
6009749
6973707
5956038
6082182
6154222
6361189
6090908
6487496
7144481
6361512
6604601
7559117
7252628
6658654
6856812
6153913
5388664
6127013
6100103
6739447
6603853
6613785
6216999
6910122
6793548
7190299
6415525
6361404
6406252
6775387
7388020
5928798
6973686
6703931
6370146
6487261
6901290
7073030
6370214
6406231
6469229
7009632
6793365
6784326
6919921
6856593
6631507
6441971
7630963
5793593
6928107
6181366
6910827
6973647
6541633
5694783
7207624
7234769
6334152
6676371
6802477
6622402
5965186
6595472
7126723
6541567
7036968
6280270
6586169
6162987
5685709
6838349
6397038
6541357
5991893
5748927
6118354
6613746
5973776
6946592
6604361
6379263
6739402
6775347
7054528
6118073
5865934
6676284
6730346
6487143
6451130
7433164
6397126
7100101
6721481
7126597
6550432
6469010
6225798
6901803
6469360
6640526
6532032
7621860
6667567
6289121
6685400
7243890
5568480
6901608
6991424
6505280
6892258
6586053
6513989
6865485
6559187
6405740
7144334
5892888
6631354
7063448
6775369
7135550
6468827
5964414
7162675
6550322
7036375
6874291
6802126
7576976
6685312
6154272
6342924
6280158
6181101
6667178
6784320
6568192
7144849
6595144
5847833
6631278
6991426
6991386
6487119
6405997
7000773
7000538
6406091
6460107
7288410
6613475
7054572
5946742
7613091
5730651
6640012
6559384
6793458
6991748
6955435
5973703
6297963
6847541
7135284
7225517
6423920
6415117
7243824
6523121
6973328
7072522
6271252
7081247
6811227
6820598
7072640
6199194
7000400
6478514
7099614
7144317
6649783
6964448
6261970
7387955
6883397
6253290
6766513
5523353
6126487
6892517
6235093
6343298
6811150
6505364
6307024
6225746
6523148
7135926
7171778
7208097
7126240
6595505
6397188
6378949
6685203
7603672
6351866
7423508
6658264
7468651
6361184
7450937
6676049
7360443
6964369
7369546
7036655
6451471
7126306
7270664
6442021
7000431
6577195
6009694
6514011
6730621
5883858
6406143
6613347
6387996
7387657
6595327
6757505
6963942
6847500
6621934
6027711
7351454
6703217
7360955
6648937
7612579
6244138
7144786
6703563
7378732
6613363
7486889
6568133
6910324
7370102
5973642
6937120
7162567
7594839
6433275
7261698
7306450
7315526
6757439
7342685
6784197
6739387
6982311
7144242
6919187
7621894
6622480
7828473
7522495
6892697
6784249
6991484
7252513
7054822
6937371
6424037
6604167
6955612
7693721
6946715
7072814
6963939
6865587
7378187
6946736
7567853
7018507
6694537
7225050
7000602
7153406
7432365
7423819
6811303
6658029
7261515
7000408
6306968
7135923
6819839
6621886
6892245
7288617
6036836
7018436
7594872
7207492
7027289
7702428
7279354
7378823
6955455
6666683
7261576
6513929
7378590
6658031
6820223
7180599
6181001
6712311
6847288
7000790
8359956
7441891
7747933
6982632
7117484
7252734
6955367
6784581
7378177
7865022
6910683
7910262
7153443
7306411
6865239
7684689
7513746
7307064
7081477
6991414
6892196
7324664
6846990
6901548
6973395
7342427
6865552
7837689
7143985
7198537
6838259
6919623
7378461
7225526
7541154
7468717
6694629
7207670
7306865
7621942
7360813
6846874
6712961
7036282
7396624
7063353
7234471
6973592
7099736
7954830
6640255
6405897
7036800
6351890
6856278
6910578
7810821
6441991
6307212
7018553
6946179
7036484
7460088
6964119
7396582
7442063
6360847
7126556
7252495
7558705
6369730
6820215
7000444
7171357
7189598
6271197
6955071
6883125
7631186
7324615
7117483
7540668
8017850
7801903
6901202
7603535
6604100
7901023
6937517
6946886
7099428
7477579
6559135
7936684
7522612
6658431
7081703
6856017
7387658
7396545
7828714
7081495
6910498
7738761
6540866
6829464
7306407
7936688
6901137
7748026
7702779
7225369
7414959
6658507
7684891
7216403
7585491
7000644
7684484
6973264
7693711
7126405
6838229
7027340
6883213
7162627
7045440
7576857
7648531
7342300
7378874
7432423
7477741
6711898
7424057
7648736
6856503
7288652
7297486
7666530
6883426
7612767
6784472
8116505
7586090
7693769
6640176
7648647
7072536
7504899
6595348
7585580
7549560
7387449
7324678
7729648
7838295
7261972
6370047
7171095
7315506
6693841
7162284
6910258
7126269
7765468
6730329
7396595
7243406
7135218
7720749
7675826
7297491
7414725
6640411
7729653
7648843
7693685
7783362
7603668
7459992
7351400
7810509
7819585
7126337
7369839
6873930
8297196
7333468
7225244
7441490
7072244
7532000
7027392
8089961
7297055
7000076
7936634
6946247
7180748
7387762
7234456
7981198
7315609
7540562
7135187
7495885
7387545
7279401
8495301
7072327
7360424
7549442
8261122
7450959
7225187
7567551
6775526
7801632
7153360
7846435
7144604
7720916
8216193
7928190
7279250
7720437
7765791
7576940
7603926
7531467
6964020
7693383
8044823
7702462
6387771
7693979
7261336
8224737
7432199
6982134
7171172
7234412
7180015
7765566
7135560
8089937
7738761
7549200
7117357
7999987
7216274
7756767
8026701
7630699
7009285
7306409
7441730
7450258
7126641
7387757
7756931
7126259
7693867
7396854
7261595
7333580
7676269
7342511
7072746
7467944
7693755
7414139
7711918
7631117
7342070
7882978
7819278
8134558
8071621
8404984
8090047
7369460
7576497
6901079
7324753
7657328
7666714
7801402
7729914
7342153
7460064
7369571
7603351
7675814
7639849
7774618
7432736
7774814
8188509
7189747
8134707
8512921
7360447
8333002
7756920
8152855
7405428
7342637
7729872
7964144
7450219
7972508
8494733
7550086
7585852
7594957
7631185
8243039
7207207
7208023
8638681
7684109
7441388
6900938
7639616
7378545
7999826
6622366
7432291
7441238
7531689
7468854
7036259
6666922
7594399
7873863
7369297
7774194
7495634
6964792
7791956
7441523
8098309
7937025
7648611
7981172
8504178
7270471
7802057
8179930
6892172
7864645
7837866
7522237
7450749
7945913
6821002
7720503
7612810
8485519
7594585
7675651
7342182
7486824
8090043
7117604
7936484
7359864
8170916
8395603
8027055
7477723
7477449
7630646
7558588
7675595
7594459
7666432
8035570
7936665
7666250
7972610
7478003
7666412
8593544
6909639
7279592
8161905
6928238
8035604
7234871
8224880
8458769
7144485
7900443
7891238
8359420
7504806
7873305
7225692
7756505
7873736
7207276
7602989
8053754
7414764
7495620
8134858
7459996
7666967
7837688
6721284
7829134
7360990
7333621
8027124
7936929
7792707
8467438
7487175
8152798
7874019
7567868
7937013
7045545
8044701
7576605
7981554
8351250
7766145
7603876
7828028
7873699
8053715
7738847
7684561
7648276
8305901
7576716
7873805
8125293
7666770
7774447
7729655
7675660
7702489
7270771
8557715
7495291
7594874
7360327
7999743
7549527
7810291
7594546
7891354
7603403
7783413
7378617
8449730
7675492
7215878
8071171
8593775
7990474
8224986
7044900
7792417
7549667
7657781
7198372
7864525
7594279
7297484
8287471
8053964
7900463
7612883
8305645
7963510
7252514
7900871
7549381
8234361
7972916
8162100
8144193
8179915
8098864
7405255
7856046
7937203
7954876
7675581
8278353
8179768
7927491
8197391
8071738
8090027
7396335
7946010
7747945
7909450
7486836
7549487
7648253
8009103
8179727
7954494
7414531
8080257
7711522
7873934
8360270
7594648
7333221
7972827
7459188
8341955
7927961
7575983
8080564
7611972
7477465
8377859
7964347
8215930
8206940
8017934
8260459
8215425
7927561
7810421
8062501
7783535
8404775
7801488
8333348
8089577
7819461
7982033
8107559
8125826
7936701
7558690
8152791
8009051
8260524
7720602
7684600
8161412
7081820
8251504
8684374
8450224
8071892
7756598
7693045
8242279
7846445
8710924
8360126
7585886
7387472
7586007
8485577
7225707
8405034
8306163
7864476
8215646
7558911
7342484
7666486
7792978
8278496
8107816
7819827
8026864
7900100
7954866
8458685
8072294
8557680
7882592
7522555
7855687
8125905
8296819
8863741
7504355
8342063
8152749
8116437
7837104
8324221
7873516
8098929
8287623
8611818
8450276
8179428
8242865
7621920
8197806
7423622
7567389
7936831
8171128
8162061
8062512
8215541
8197477
7738506
7504619
8728946
7693308
7838493
7900763
8621146
8459214
8441097
8018038
7513490
8188765
8746667
8701929
7540144
8513219
7568333
7540474
8206696
8486216
8324208
8486200
8206879
8602946
8297026
8071637
7837800
8053688
7576368
7990794
7783866
7990391
7522160
8656486
8233312
8144062
8134724
7936307
8135113
7747382
8711073
8449858
8008756
8243348
7900740
8324546
8017753
7882459
7865047
8549071
7945793
7999885
8116778
8098575
8908604
8585156
8089503
8539370
8458669
8648311
8567120
7811003
8297121
8908616
7774433
8611767
9106876
8044846
8684438
8584791
8090355
7729482
8306103
8773816
8053945
9017119
7469301
8233916
8026698
8603119
8215748
8288786
8440633
7990976
8233216
8818373
8189108
7963843
8063086
8387322
8602886
8422622
8116917
8720069
7964096
8576446
7955124
8287910
8206317
7243171
8485570
8233865
8809776
7594836
8063030
7982275
8269794
7757066
8350885
8090791
8404823
7640103
8890802
8323729
8297221
8063136
7747871
7963412
8414043
7370641
7990294
8180554
8855289
8656397
8692900
7711284
8251594
7774362
8521710
8701586
8098974
8575611
7855988
7063349
8216143
7747834
8783234
8350909
7855842
8251968
8350491
7964033
8359443
8899739
8594224
8098679
8305729
8440777
8476633
8530356
8719810
8261188
7936743
8899493
8377987
8549670
8548556
8521914
8530590
8693132
8035996
8710733
8917867
6216232
8287724
8728917
8035939
8665750
8926758
8530999
8124962
8531480
8737606
8620878
8621144
8602611
8837328
7738981
8711468
8215323
8197711
8233994
8332690
8648085
8233457
8629661
8360420
8062498
8360021
8413845
8441565
8629793
8449884
7991281
8747134
8611644
8512702
8332455
8710933
8908857
8836887
8485439
8107236
8611774
8692975
7955040
8881753
8368749
8350703
8377892
8404878
8683813
8225481
8188853
8270023
8170373
8332287
8647177
8206960
8107774
8827444
8224816
8233666
8431579
9214825
8566717
8341565
8566554
8135191
8449513
8764409
8350634
8467131
8872870
8413611
8818732
8387169
8152892
8530711
8774065
8522607
8773771
8710916
8251736
8593590
8836904
8935719
8557626
8161608
8530932
8738038
8620920
8503559
8809911
8476526
7757468
8791889
8890732
8944698
9106792
8494761
8512731
8899948
8764694
7963654
8584448
8927334
9295938
9115888
9124936
8216075
7963507
8576272
8530324
8458776
8638423
8648120
8242926
8467409
8855328
8981174
8234683
8647728
8639074
8810073
8485631
8431560
7954892
8170690
9151629
8855193
8728680
8962277
8701949
8125903
9124861
8801038
8873196
8530494
8053491
7603073
7999443
8377363
8917860
8224996
8630209
9331878
8827581
8728768
8539742
8800540
8846106
8530474
8819072
8413788
8981134
8053655
8926632
8953792
8414089
8161936
8468030
8233412
8404408
8738615
8728939
8774092
8629519
9205987
8458335
8152575
8251416
8539608
8855368
8747007
9133969
8854435
9124776
8476356
8738079
8189349
8854416
8944592
9115820
8765435
8549105
9025751
8396252
9286891
8585091
8782500
8369062
8503933
9143257
9485040
7918209
8611848
8341816
8467257
8422720
8630516
8621081
8720115
6864136
9061451
8593594
8719464
8927219
8422224
8755890
8764445
9241436
8639833
8386544
9251242
8737951
8818775
8972145
8900582
8369434
8450067
8882470
8449456
8827971
8836454
8683997
8917986
9377098
8765640
8585420
8846177
8287681
8566588
8791933
8927188
8963238
8611786
8918111
8810641
8629582
8053659
9188318
8621431
8981066
8980354
9107081
8531911
8404752
8558268
8909794
8071686
8999582
8756387
8045653
8908889
8720840
8396429
8756648
7829347
8999411
7928633
8539938
8584718
8620245
8467974
9061681
9007437
8765578
8413566
8404834
8782979
8765594
8539719
8881412
8890997
8917601
8701993
9170374
9079527
8845279
8621373
9178729
8692985
8729302
8638986
8638650
8377097
9143045
8594208
8332139
9017211
9061887
8684095
9232339
8873298
8242990
9133611
8820314
8079545
7693123
9097739
6710794
8926687
8802013
8180037
9152470
6657078
9232829
9160538
9439669
8711042
8738562
9250884
8314586
7242083
7639468
6477121
8863985
5684309
9106443
8360091
8144135
8710654
8692673
8539149
8999622
7891839
8377696
8359041
6027672
9088776
9350071
8962647
9340710
9358741
7575483
8953378
8332856
8376963
8719878
8557157
5323577
9268517
8998856
8557783
7115990
6412914
8664981
8026285
8908644
6207240
5396886
8116591
8259721
5683895
8755350
9079906
5018040
6440841
9043689
8620296
9142622
7683167
7863662
6116284
8458377
8989459
4829168
7224098
8558027
6063560
5593422
9259352
8161157
9017031
7610898
9152037
5577945
8953373
8457710
5990191
7098270
7197491
9241554
8575593
9250658
8773771
6125739
8377745
8746613
8674429
9097334
6791637
6990062
8611345
7494160
8178682
8340995
5710686
9151341
8368063
8747452
7809939
6116477
8755391
8872099
9079107
5990121
5683947
4748222
8558320
7971438
8088734
8413280
8476102
8863683
7674166
5701926
8169574
7773285
5323373
9007475
6809200
6071425
7377214
8396077
9062332
7631096
7773161
6296283
7800184
9160361
9070296
8412808
5494525
6667527
8828944
7755414
6053157
7252128
3910445
5594203
7314689
8547906
8782270
7044051
5999090
6801434
7476865
5791980
8926259
6503110
5683814
6972321
7306388
7854625
5422325
6062224
5225117
5909749
9187566
7476457
7368250
8565776
9124402
6224304
9268399
8286683
7377724
5692969
8683126
9188591
5477931
6638947
9457816
5801007
6332813
7457844
6594033
5594585
6701163
5296351
9547516
8709974
6998774
5782630
7304614
7403913
6827612
8403713
9277487
7584670
6062665
6998620
9061655
6008231
6368511
8971314
5800628
6458876
5494847
8314124
5314402
5512817
5782771
7404075
8574934
8557017
6413494
7863445
8979964
5404322
6115978
5683741
5314492
8764685
6404012
8403733
5620786
8313927
8079658
5998864
5314175
5233462
9691315
9664644
4926889
5206315
8963236
8793575
5620651
5917617
8376448
9466891
9196100
5602524
9700665
7295841
9430622
9700295
5323150
9178437
5314743
8782269
7575353
7566221
7729899
7567501
9566503
6512349
5503881
6881739
9268705
6998601
8763925
5467650
9385580
5629531
8467081
9475367
6097998
8115343
7007931
9169377
9493358
5224076
6692631
9277376
9502642
9682566
7593013
8800403
5865184
7135314
8691569
9583706
6332599
9583717
9106543
6845738
9475643
9484613
9592727
9295447
9070705
5611793
8979916
6196941
7593236
7115645
6205813
8989040
9385566
8394783
9169412
9583669
7115775
8115708
9493653
8106250
5926710
5332617
5593793
9286437
9772722
9304391
7404178
5134299
6134124
6422118
5521359
8223647
9682508
8899330
8295630
5746747
7908233
9583511
9376620
9664801
9682465
5431654
7998346
9106285
6917627
8106682
8295703
6530189
6233038
9196556
5134199
7412818
7890472
6900130
7908400
9583561
5836542
7719051
8781805
7007878
9682766
8899270
8700967
6701660
8583971
9178091
9808448
8593756
8502966
8016558
9808547
8196718
9880761
9601621
9493649
7827198
5468168
7737811
9494171
9790686
8889684
9394217
9106106
9214536
9395643
5431392
7124563
6719194
7421757
9493485
7115432
8710005
6998395
9350054
8756041
9493475
3631574
6486614
8322595
9772752
7007551
9394634
7475949
7511953
6332092
9088353
5134015
9691544
9700657
9196054
9079143
5142976
9781733
9304245
8304560
6034829
6926549
8502611
9358208
8313559
6043857
9475668
7719161
9502508
7331525
8196219
7826852
7917252
6836368
5944632
9799456
5152026
4755456
7430995
9097248
5044100
5827728
7215204
9808717
9007025
9647056
7628696
8520547
7430800
5350412
7421986
8700657
7430784
8466734
3063049
9718822
9204957
9601451
9105892
4854724
9790433
8619768
9214036
7305596
4944840
9114900
7619678
5944593
9898653
6232669
9907668
9709551
7529888
7034554
9412216
9898441
5944417
5151936
8917032
7232744
9907524
8808733
9106004
9114956
9114880
9907616
9412400
7628964
8520373
7827088
6638020
7331544
8025216
6935512
5152160
7926272
9808660
5944600
8520704
8619648
9907624
5151792
6737288
7529880
7133664
9313332
8322528
8233420
4755648
9016108
6440064
6241984
5053076
5251220
8817880
9709548
9907708
8322580
8520720
9709648
8223404
9214256
9709612
8619768
6836352
7827164
7926252
8421536
9907664
9808500
6836444
9115184
9115192
7629032
8223492
8025024
7628928
8817792
7331816
6836440
8619796
6340928
6935468
5647200
7728000
9214168
5053068
9709592
6836332
5152148
8520728
5251208
9313256
7232748
5944752
5647520
9115104
5746560
4656760
5647520
9214260
8916886
7926264
6539144
9115016
4656572
7331812
7331793
7430632
7430880
9115188
7034488
8520602
7529864
9114912
8520740
9907608
6935436
9907665
6836360
9214264
5647524
9808720
9323136
9214236
9709372
7430776
6737332
8718872
9313340
5548448
8520728
7430892
8124348
8223500
9214256
4656760
9313340
9016100
9115184
4953988
9016060
9907728
9313336
8917040
9511440
9313332
7529704
6043820
9214088
6197440
7232660
7529960
8520724
9016112
9412300
9214260
9313160
9115180
5053048
6341056
6142908
4755840
9907664
6142840
7926268
8223376
8916880
9907655
9511488
9016108
6539196
8124344
7133376
8520724
7331824
6638284
8421508
8124192
8421512
7926244
9313332
8718880
9016100
7728124
9511432
9601601
8421648
9610568
8619800
8520692
8917036
7034592
5746600
4656760
8421588
9907676
9016100
7629048
6043832
9115016
9115184
7034496
9511464
9313200
9115056
7628792
8718876
9412332
9115176
9016104
9412420
9016112
8124216
7232744
7133584
6440104
7728120
9412336
9115184
9115108
7925988
8421614
9313332
8025344
6594048
4513550
8124344
4854912
6142840
9313320
6341052
4755840
4954000
6836336
6142864
8718892
9115004
7728068
8917040
6341060
7034592
7133660
4656760
8124384
6440064
9016108
7728116
4755840
5845676
7133660
4755840
5647490
4755840
5944712
4557680
6836352
9115184
8223500
8817888
8817872
5548416
8817956
8223472
8124272
8619796
9115180
7926268
9016076
7232736
7430896
9115180
9412412
6737360
9412240
8916987
9412420
7827164
9015944
8520724
8916968
8025216
8520732
5647511
8421544
6638292
9214268
6341008
8025296
8718729
6241984
8124428
5251220
6737364
8124424
9313352
9115067
7926260
8619716
9313249
8718763
8322576
9313324
8718865
8421555
9214099
5845661
6836428
8718868
7034526
8322461
8718806
8817830
8520621
8817933
8520728
9016102
8917032
8322520
7629020
6737364
7232712
9016072
7529964
8718880
6440124
7430896
8124420
7331750
8619755
6935460
6539150
8124329
7629024
8322584
7331779
7232672
7827096
7331799
9313268
6836373
7034501
7728105
7430883
7232721
8025313
7529885
7728003
8025279
8421594
7529884
7529898
8025310
7728072
8025320
8223508
8223369
7728023
8025259
8223395
9115029
8124315
8520614
8520612
9015979
9511344
9214125
9511381
9313198
9511344
9115101
9313198
9808648
9511402
9511391
9412271
9412271
9313207
9412271
8916920
9214118
8124217
8025137
8322377
9709484
9511363
9313205
9313184
9214097
9907647
9907633
9313191
9412257
6737118
9907645
9610279
9313117
6737104
7331584
9214087
7034344
7034351
8916857
8124231
9907591
9808507
9313184
9511337
7430657
7926057
9015944
9709432
9511330
9313184
9214111
9709473
9214111
9610383
9214104
9313184
9313184
9907623
9115031
9412264
9313177
9709460
9511244
9907602
9412248
9412250
9412250
8223297
9709444
7628838
7926064
9313184
9907631
9115031
8916864
9313184
9015958
9115031
9511326
9511330
9313184
8421450
9115024
9610387
9709456
8520558
9015958
9808533
9610374
9709440
9214107
9313177
9808533
9709460
9907612
9610383
9214111
9412257
9610393
9808536
9610379
9115031
9511284
9709456
9313128
9214104
8322386
9808535
9313175
9907627
9907553
9214104
9511303
9709456
9043655
9034677
9161069
8863451
9907622
9115031
9907534
9412257
9907626
9808539
9115031
9907578
9907605
9907620
9313184
9709471
9412174
9511304
9907549
9907531
9907567
9907555
9907633
9907636
9907645
9907633
9907641
9907639
9907596
9907623
9907654
9907639
9907643
9907663
9907656
9907610
9907644
9907622
9907591
9907645
9907579
9907607
9907556
9907567
9907545
9907676
9907630
9907609
9907598
9907662
9907558
9907643
9907603
9907630
9907630
9907647
9907599
9907640
9907561
9907637
9907618
9907554
9907626
9907647
9907612
9907588
9907549
9907660
9907552
9907664
9907648
9907653
9907657
9907588
9880734
9674268
9647377
9656308
9764025
9907554
9808865
9907560
9907661
9844813
9907544
9907657
9898597
9773014
9683248
9907646
9907636
9907638
9907643
8619624
8619631
8718711
9907653
9907641
9907663
9907565
9808848
9907682
9907627
9115013
9907643
9907685
9898697
9907655
9907630
9907620
9907644
9907657
9907681
9907578
9907626
9907666
9907674
9907657
9907640
9862706
9907654
9907614
9880729
9907671
9907587
9907671
9907668
9907571
9907566
9844830
9907671
9115012
9907683
9907657
9907666
9907657
9907667
9880749
8520544
9511312
9610388
8718711
9907666
9907690
9871768
9808949
9907662
9015944
9907617
9907679
9907676
9907673
9907680
8817787
9214062
9907683
9907652
9907650
8619631
9907685
9907676
9907657
8916864
8817784
8916873
9907678
9826844
8916850
8817784
8916864
9907672
9853812
9647342
9250338
9719147
9907680
9907677
9907641
8817798
9907583
8817791
9907623
9907675
8817791
9907629
9907680
8421485
8718718
8718704
8817784
9907663
9214088
8916864
9907658
9907673
9907638
9907672
9907657
9907654
9907694
9907650
9907618
9907582
9844828
9907676
9907677
9907668
9907597
9907572
9808563
9907662
9907689
9907662
9907669
8916871
9907642
9907602
9907657
9412250
9907644
9907683
9907667
9907670
9907572
9907680
9907610
9907611
9907675
9907655
9907667
9907599
9907604
9907578
9907610
9907681
9907667
9907573
8916860
9907617
9907675
9907633
9907632
9907608
9907645
9907642
9907592
9907595
9907584
9907569
9907650
9907589
9907621
9907605
9907680
9907604
9907605
9907590
9115024
8916871
9889619
9907583
9907601
9907605
9907703
9907613
9907608
9907589
9907585
9808511
8817784
8817798
9907588
9907692
9907579
9610400
9907619
9907578
9907663
9709469
9313168
9907577
9313177
9511324
8916871
9214090
8817791
8916857
9115016
9313164
8817791
9907680
9907658
9115024
9115020
9907640
8619638
9610399
9907634
9808552
9907680
9907621
9853748
9907664
9808549
9898642
8817783
9709490
9907651
9907674
9907642
9907701
9907622
9907756
9907716
9907682
9907685
9907699
9907636
9214090
9015937
9907667
9015940
9907661
9907693
9214104
9907673
9907666
9907677
9907717
9907706
9907711
9907743
9907738
9907742
9907676
9907708
9907636
9907733
9907676
9907738
9907737
9907729
9907689
9907683
9907715
9808687
8916871
9907620
9907631
9015951
9907645
9907644
9907619
9709477
9709476
9907633
9412266
9015951
9115020
9907641
9412257
9214111
9610415
9907657
9610413
9015950
9907629
9853770
9214097
9709499
9412251
9511346
9214111
8619631
9907686
9907634
9511347
9115031
9907730
9808659
8520646
9808614
9907745
9907716
9907656
9907674
9907746
8619680
6638234
9647473
9709644
9214261
9016021
8917036
9610572
8223512
7629044
8223417
9313242
9907677
9907691
9511452
9304276
8332556
7728120
9907687
9907703
6539212
9511485
9692572
8025291
9791166
8124420
9907761
9907684
9808628
9709644
7430884
6638280
9610486
9907707
7133585
9907653
4755504
9907629
9907607
9907698
9709592
4854916
9907693
9907710
9313328
9313320
9907744
9907679
9610516
9214234
9907732
9115164
9907659
9412404
9808680
9016036
9907689
9214244
9907667
9907700
9610528
9907686
8421608
9907692
9709592
9907734
9907752
9907728
9709600
9907696
8817920
9907692
9907608
9907616
9907660
9907724
9907680
9907652
9907671
9907650
9511432
9907692
9115164
9610532
9907708
9907684
9412338
9907704
9709576
9907674
9907704
8520688
8619768
9907632
9907657
8718844
9907641
8619764
9907636
9907636
9907624
9907663
9907700
9871828
9889730
9907612
9907665
9907680
9907602
9907643
9907698
9808654
9907651
9835888
9907632
9907660
9907684
9907648
9907647
9907675
9907648
9907618
9907656
9871752
9907639
9907644
9907724
9907632
9115160
8917004
9907704
9907656
9907660
9907640
9907659
9907640
9907604
9844895
9907673
9907688
9907688
9907680
9907656
9907641
9907648
9907672
9692432
9808971
9889690
9907636
9907632
9907644
9907692
9674526
9782082
9907668
9674486
9907668
9907644
9907652
9907692
9907644
9907652
9907712
9907704
9907676
9907748
9907720
9907644
9907664
9907756
9907684
9907664
9871816
9907692
9907760
9907656
9817986
8917008
9907692
9610544
9907706
9808626
9907691
9808680
9214228
9755301
9709624
9313320
9214248
9907744
9610517
9808652
9907724
9808680
9907734
9773231
9907764
9853890
9844955
9907692
9907636
9808588
9709524
9907676
9844916
9214248
9610468
9808628
9412404
9907728
9907692
9412408
9511484
9412404
9907704
9907776
9709612
9808660
9808672
9853946
9907744
9709640
9907752
9907716
9214248
8917012
9907748
9907764
9412404
9907768
9610540
9907708
9313324
9610536
9889742
9907712
9907716
9709576
9808684
9115164
9511484
9907720
9907752
9511484
9214252
9907713
9907680
9709636
9907764
9610552
9907664
9214248
9709588
9880795
9827061
9808616
9907752
9907776
9880795
9907756
9844951
9907732
9412404
9511476
9115168
9907689
9412404
9827053
9907760
9412408
9214216
9709576
9709548
9709620
9511484
9907708
9862909
9610556
9610556
9709640
9808720
9907700
9412364
9665527
9782206
9610568
9016096
9610560
9511464
9709616
9728348
9907768
9907728
9907761
9907684
9709620
9808708
9755305
9719337
9907640
9907692
7628968
9907652
9511360
9907720
9907720
9610552
9907728
9907672
9907732
9907608
9907656
9907640
9709541
9907652
9889814
9907704
9907792
9907696
9907688
9907656
9907736
9808580
9907676
8025208
9808560
9511400
9907640
9907788
9610560
9808692
8124348
9808604
9907748
9610524
9610564
9809107
9412408
9412404
9907640
9800064
9907716
9709584
9907720
9808688
9412412
9907648
9907704
8916900
9907720
9907692
9709612
9907728
9907728
9907652
9907744
9809067
9907708
9907748
9907668
9907700
9907748
9907704
9214252
9907768
9907764
9907716
9907736
8223396
9898729
9412404
9610540
9610480
9808604
9709532
9907784
9808644
9907732
9214144
9610416
9907668
9682723
9313228
9907736
9709612
9709608
9808672
9412368
9385507
9610496
9412404
9808688
9511488
9412400
9412408
9907768
9511488
9907756
9313332
9907756
9412404
9412408
9214252
9610556
9610560
9907760
9313324
9808684
9610408
9808572
9709524
9709544
9709552
9898753
9610468
9709560
9709536
9772840
9898777
9907728
9782150
9313332
9907704
9907684
9412300
9313328
9511476
9610568
9610564
9610560
9907696
9907692
9709552
9907744
9511480
9412408
9511484
9907732
9610560
9907764
9907676
9511484
9511484
9907764
9016076
9907756
9412408
9907720
9907704
9871788
9907648
9907660
9907736
9709484
9709496
9907672
9511368
9709496
9313232
9610528
9313332
9412416
8718852
9907792
9412404
9313328
9907764
9907780
9511484
9808660
9610468
9835928
9709608
9907752
9808636
9907720
9907740
9808612
9610508
9862861
9844919
9898749
9907776
9412412
8917040
9907732
9610560
9214232
9313328
9808592
9700557
9574576
9880795
9835940
9907748
9790702
9808580
9907664
9808616
9412404
9709548
9610456
9907684
9907704
9907748
9412352
9709596
9907748
9412412
9412408
9412400
9800116
9610564
9610560
9583663
9907764
9610564
9610556
9808720
9907760
9610532
9808648
9907708
9313328
9808576
9511480
9808696
9808596
9907680
9511484
9610496
9808676
9808700
9709528
9907692
9907776
9889786
9907712
9907672
9610468
9016024
9799733
9889750
9511408
9700565
9412404
9907692
9907736
9889770
9818022
9610452
9691702
9511484
9709532
9907748
9511488
9907692
9412408
9808692
9871800
9907760
9844915
9907720
9412288
9808708
9907704
9719022
9799701
9610564
9907728
9907736
9511488
9610564
9907748
9412412
9746266
9907740
9412404
9907668
9907676
9862849
9907716
9907700
9907700
9907770
9907740
9709620
9907728
9835972
9907684
9907672
9907704
9907668
9907664
9907664
9907668
9907660
9907644
9907704
9907736
9907652
9907708
9907700
9907708
9907656
9511480
9610548
9907680
9907684
9907740
9907664
9871856
9313224
9907724
9907712
9808628
9214088
9907680
9844887
9907688
9808580
9907684
9709524
9610552
9907740
9889794
9620728
9763861
9907688
9907728
9907770
9907664
9907712
9907688
9907712
9907704
9898693
9889753
9683489
9412364
9907636
9907749
9907664
9827037
9907728
9808596
9907664
9782118
9511477
9862829
9907656
9907660
9818030
9907680
9907684
9808648
9709508
9907740
9808588
9907660
9907696
9907668
9907704
9412404
9412256
9907648
9907656
9907712
9898721
9773119
9907668
9907652
9907720
9907694
9907656
9907640
9880823
9907732
9746226
9907632
9907688
9593803
9907740
9808576
9907660
9709508
9709628
9808588
9907652
9907660
9808632
9907640
9907744
9907657
9610468
9907652
9907680
9907684
9808600
9907632
9907648
9907624
9610408
9638710
9412396
9907612
9907724
9907628
9907656
9709533
9907664
9808560
9907669
9907686
9907656
9907712
9511384
9610408
9907704
9907684
9907624
9871836
9214100
9907632
9907652
9709560
9907636
9709484
9907652
9907640
9907624
9907632
9907648
9808568
9907636
9907740
9907624
9610404
9898761
9907628
9889734
9709484
9907648
9808568
9808556
9907640
9871804
9808552
9709480
9844899
9889730
9889734
9907648
9898681
9880755
9907648
9907644
9907672
9907664
9412344
9889782
9907660
9709512
9898701
9791101
9907656
9907656
9907676
9907644
9907656
9709504
9709536
9214148
9907732
9907680
9016042
9845007
9907652
9835926
9709491
9907701
9871888
9907708
9907648
9610528
9907641
9907696
9898669
9907676
9808592
9412292
9907760
9907640
9709508
8899014
9907740
9898749
9907660
9826933
9907716
9592510
9907636
9907674
9907668
9907704
9907692
9907660
9889798
9808628
9907716
9907714
9907728
9709631
9907692
9907716
9709640
9907736
9907700
9808628
9673756
9907764
9214252
9907700
9907716
9691698
9412412
9511488
9907700
9907676
9907720
9907759
9907690
9907733
9889810
9871868
9907756
9898733
9907688
9907732
9907744
9871848
9907744
9313336
9511480
9907744
9808697
9746346
9907762
9907724
9907688
9907680
9844931
9755229
9907772
9898741
9907676
9907712
9907692
9907668
9907656
9907688
9907692
9907717
9907676
9907708
9907732
9880803
9907736
9907728
9871808
9800092
9898717
9907684
9871820
9907664
9907688
9907708
9791133
9907728
9907712
9907696
9907740
9907680
9907740
9907672
9889802
9907704
8817880
9907680
9907684
9907704
9907680
9907660
9907735
9907720
9907736
9511364
9907744
9907736
9907688
9907736
9907724
9907764
9907700
9907744
9808676
9907736
9799721
9907740
9907684
9907676
9862829
9808641
9907688
9709524
9907680
9907708
9907712
9907708
9907669
9907688
9907672
9907700
9907708
9907680
9907680
9907720
9907684
9907719
9610452
9907716
9907660
9907696
9907680
9907680
9907694
9907732
9907684
9907712
9907668
9907692
9907713
9907684
9853954
9907692
9907720
9907660
9907716
9907724
9907688
9907688
9907684
9907712
9907696
9907680
9907716
9665587
9709552
9907752
9907692
9907676
9907700
9907696
9907688
9907708
9907728
9907692
9511460
9907672
9907672
9907720
9907708
9097138
9907732
9907708
9808620
9907740
9907728
9907700
9862841
9907724
9907748
9907652
9907719
9907712
9907688
9907692
9907676
9907700
9907700
9907708
9907708
9907716
9907687
9907692
9907668
9907700
9907688
9808648
9907668
9907692
9907700
9808608
9907684
9214252
9791129
9907712
9907700
9853874
9907668
9907688
9907728
9907700
9907696
9907684
9907704
9907688
9746274
9809047
9907716
9907696
9907716
9907672
9907668
9907692
9907716
9907720
9907672
9907696
9907720
9907684
9907672
9907704
9610484
9907720
9907688
9907688
9907680
9907728
9214177
9907752
9907688
9907680
9907672
9907728
9907740
9907691
9907708
9907708
9907724
9907711
9907680
9907672
9907725
9817986
9907672
9907700
9907672
9907748
9709636
9791137
9907708
9907692
9907692
9907696
9907704
9907696
9907688
9907680
9907716
9907740
9907708
9907700
9907684
9907672
9907708
9907728
9907716
9907656
9889722
9907746
9907668
9889778
9907676
9907680
9907692
9907660
9907660
9907684
9889746
9709532
9907680
9907672
9907704
9907684
9907700
9907668
9907680
9907692
9907708
9907676
8124336
9907676
9907696
9907716
9898741
9907732
9907772
9907684
8520696
9907676
9826957
9511388
9907700
9907692
9701495
9907712
9907708
9907716
9907720
9907692
9907720
9907692
9907696
9907684
9907664
9907696
9907693
9907712
9907744
9907696
9907680
9889746
9907716
9907672
9907684
9907704
9907724
9907724
9907724
9907712
9907744
9907692
9313272
9907728
9907728
9907672
9692492
9907744
9907692
9907704
9809055
9907664
9907744
9907684
9907672
9773171
9907668
9844979
9907676
9907680
9907672
9809063
9898729
9907716
9907720
9907688
9907696
9313324
9907716
9907732
9907712
9907724
9907712
9907704
9907700
9907680
9808664
9907704
9907712
9016048
9701455
9907724
9907692
9907700
9898713
9907712
9907712
9808604
9907680
9907672
9214240
9907648
9737299
9719381
9907660
9907628
9907688
9907724
9907700
9719006
9115168
9809043
9907652
9764188
9907640
9817986
9880787
9907706
9907712
9907692
9907692
9907684
9907684
9853922
9907692
9826961
9782142
9889778
9610560
9907676
9115172
9907736
9818018
9313320
9511448
9907660
9907680
9907616
9907744
9907664
9809115
9907644
9800085
9907677
9907624
9889754
9907656
9907669
9907692
9907676
9853914
9907696
9907692
9773187
9907672
9907700
9737311
9511388
9782114
9412380
9907704
9907668
9907644
9826893
9907696
9907748
9907688
9016084
9709606
9907688
9907744
9907672
9907692
9800108
9907684
9907692
9907656
9880803
9907726
9115108
9907676
9907688
9907732
9907668
9889802
9907696
9907700
9907692
9907708
9907712
9907688
9889786
9907680
9907700
9907644
9907704
9907637
9907680
9907668
9907684
9853890
9898761
9907704
9907700
9907740
9907660
9907712
9907660
9313324
9907676
9701491
9907708
9907648
9907712
9907724
9313324
9907692
9907712
9907716
9907668
9835960
9907672
9511456
9665615
9907732
9907688
9907672
9907728
9907688
9907692
9907708
9907660
9907688
9907732
9907672
9907720
9907700
9907700
9214244
9412396
9907716
9907692
9907676
9907676
9907660
9907708
9907708
9907676
9907690
9907660
9313320
9610424
9907674
9214244
9907668
9907712
9907675
9907608
9907611
9907720
9907664
9692496
9907620
9862793
9907732
9907660
9015912
9907688
9907676
9907636
9907600
9826953
9907615
9889770
9907632
9907632
9907616
9907644
9907676
9907692
9853906
9907740
9907664
9907756
9907696
9907636
9907640
9907613
9115168
9907648
9808684
9412404
9907692
9907700
9844843
9871864
9907696
9907672
9898705
8619648
9907656
9115164
9214230
9907636
9907676
9907664
8223369
9907628
9016092
9907704
9610560
9907664
8917008
9907708
9907692
9898717
9907658
9629739
9773143
9907688
9907732
9907684
9907700
9907715
9907704
9907668
9907648
9907655
9907700
9773211
9907680
9907700
9907644
9907692
9907672
9907714
9907688
9907676
9907672
9907740
9214244
9907744
9907648
9511436
9835920
9907644
9214240
9907660
9907659
9907732
9907686
8520728
9907617
9313324
9907748
9764200
9907693
9907644
9907660
9214240
9907702
9907732
9907660
9907720
9907660
9907656
9907692
9907656
9214240
9907684
9907716
9709599
9907708
9907704
9907667
9907732
9016084
9907708
9907732
9511480
9907696
9214252
9907708
9907720
9610544
9610524
9907688
9826949
9907744
9214248
9907732
9907668
9907700
9412404
9907720
9907725
9907716
9907676
9907693
9511484
9907656
9907724
9907636
9511388
9907636
9907704
9809051
9907701
9907632
9907710
9907648
9907648
9907692
9907697
9907628
9907732
9907672
9907672
9907692
9907645
9313324
9907660
9907764
9907676
9907672
9907727
8916936
9907666
9115160
9016088
9844927
9115164
9907732
9808676
9907694
9907683
9746286
9907720
9907680
8718824
9907592
9808716
9907645
9907640
9115152
9907768
9907652
9313316
9313328
9709628
9709628
9844939
9907672
9709640
9709500
9907712
9818062
9610388
4854724
9511480
9826985
9907600
9907652
9907656
9493402
9728348
9907628
9907660
9880755
9907740
9907652
9907640
9907628
9907644
9907656
9907708
9907668
9907700
9907672
9610404
9907648
9907652
9907664
9907652
9907680
9907648
9907692
9907648
9907644
9907688
9907664
9907624
9907668
9907664
9907636
9907700
9907668
9907637
9907708
9907664
9907714
9907723
9907684
9907656
9907676
9898689
9907672
9907664
9907632
9907660
9907652
9907664
9907692
9907692
9907648
9907688
9907696
9907700
9907680
9907688
9907672
9808596
9907700
9907708
9889750
9907680
9907732
9610480
9016008
9907672
9800088
9907724
9907701
9862865
9907668
9907688
9907688
9907704
9907716
9907696
9907712
9907712
9907732
9511436
9907716
9898713
9907740
9709588
8322436
9907676
9907740
9907696
9907704
9907700
9907696
9907688
9907704
9871812
9610448
9907688
9862885
9907684
9907704
9907680
9907688
9907712
9907676
9907704
9907672
9907664
9907718
9907692
9907668
9898725
9808628
9907692
9907680
9907688
9907688
9907724
9836000
9907708
9907665
9313264
9907724
9907726
9907684
9907724
9412280
9907708
9115100
9808644
9907741
9907736
9907688
9907712
9907724
9808616
9907700
9907732
9907716
9907704
9907692
9907688
9907652
9907672
9907712
9907712
9907688
9907724
9907692
9709528
9907716
9907716
9907720
9907692
9907684
9610464
9907720
9907684
9907720
9907732
9853882
9907684
9907752
9907728
9809119
9853934
9907708
9907752
9907672
9907668
9907748
9907680
9889730
8817824
9907712
9907748
9907748
9907720
8709865
9907728
9907720
8421564
9907712
9214140
9907696
9907736
9907680
9907697
9808600
8124376
9907724
9907719
9773243
9907680
9907676
9907708
9907701
9907720
9907728
9907704
9907688
9907700
9907688
9907668
9907697
9907664
9907676
9827029
9907672
9808612
9907764
9907700
9808628
9907704
9808620
9907688
9907696
9907676
9907720
9907712
9610488
9907676
9907696
9889794
9907724
9907688
9791121
9907688
9907688
9907692
9907684
8817920
9907712
9511360
9907736
9871864
9907708
9907696
9907684
9907688
9907700
9907704
9907684
9907724
9808644
9115096
9907704
9412396
9907728
9907700
9709536
9907709
9907716
9907720
9907724
8998086
9412312
9907636
8718840
9907736
9313196
8718852
9709636
9835912
9907692
9907644
9511332
9907708
9907664
9511356
9907640
9907668
9214260
9907648
9907716
9412412
9907684
9115160
9907648
9871772
9907648
9862833
9907688
9862841
9907652
9907660
7430784
9907720
9907732
9907724
9610568
9511492
9907724
9907692
9809047
9907704
9907676
9214108
9907704
9907676
9907632
9907684
9907676
9907664
9791129
9889722
9907680
9511388
9907660
9907680
9313312
9907648
9907688
9907684
9907668
9907668
9907656
9907688
9907692
9907736
9907700
9907736
9313332
9907736
9907736
9889742
8223364
9907704
9907656
9907728
9907688
9907688
9709612
9709592
9808728
7628936
9610416
9907744
9907740
9907716
9907672
9313228
9907688
9907704
9791065
9907644
9808680
9907708
9709536
9791193
9610564
9907748
9313336
9907724
9808640
9313332
9511488
9907692
9907672
9808616
9907724
9853990
9808656
9907784
9808632
9907759
9709644
9907676
9809031
9808668
9844939
9898741
9709532
9907664
9907680
9709580
9709520
9511384
9773179
9907772
9907740
9907680
9907684
9907680
9907694
9907696
9907668
9907728
9907712
9907724
9907640
9610564
9907710
9907684
9907676
9907684
9907692
9907688
9907684
9907700
8817844
9907712
9610524
9907684
9015988
9907748
9214252
9800112
9907676
9880791
9907688
9818006
9907676
8916924
9808672
9907752
9511352
9709532
9907664
9907696
9511376
9907704
9907640
9907708
9826973
9709572
9907704
9907656
9907664
9907688
7926156
9907680
9313212
9907708
9907660
9808584
9907708
9907672
9907680
9907710
9907732
9907692
9907684
9907677
9709500
9907676
9907676
9115068
9907660
8421556
9907676
9907720
9709500
9907660
9907648
9907656
9907684
9827017
9907664
9907692
8916908
9907708
9907695
9871824
9907744
9907660
9015944
9907664
9907676
9791153
9907684
9907652
9907668
9907652
9907652
9907660
9907676
9907664
9907672
9898701
8718760
9907680
9880791
9511380
9907696
9907684
9907640
9610452
9907692
9907660
9115048
9907676
9889750
9907676
9907672
9907672
9907648
9907652
9907688
9907692
9808608
9907668
9907648
9907736
8223364
9907628
9907640
9907652
9907652
9709512
9907688
9907680
9907673
9907664
9817978
9907671
9907660
9907680
9907676
9808600
9907704
9907640
9313324
9907712
9907676
9907652
9907680
9412400
9907664
9907648
9853874
9907632
9016084
9907676
9907644
9907684
9907660
9907648
9907652
9907656
9313208
8124280
9907716
9115172
9907648
9853866
9808584
9907692
9511480
9907728
9907680
9313208
9907748
9412396
9907656
9907753
9016084
9898693
9907672
9907700
9808625
9907707
9511452
9115060
9907684
9214248
9907708
9907660
9835964
9907642
9907644
9907620
9907620
9907620
9907636
9907692
9907720
9412400
9907764
9907728
9115168
9907640
9907636
9907644
9808560
9907724
9907680
9907620
9907616
9907744
9115164
9907640
9907656
9880743
9907640
9907636
9907616
9907656
9907692
9907616
9907612
9907652
9907660
9907648
9844855
9907632
9907638
9907628
9907616
9907656
9907752
9907744
9907656
9907700
9907632