22981.58620689655
24649.268292682926
24226.75
18827.317073170732
22802.916666666668
24766.135135135137
15515.654761904761
23660.80487804878
23658.345238095237
22319.766233766233
21543.32530120482
24899.6375
22974.21794871795
23605.66265060241
22089.488372093023
24133.41176470588
26206.349397590362
14663.878048780487
21575.817073170732
20850.6875
22453.268292682926
21167.976470588233
19919.385542168675
22159.9012345679
20446.27380952381
21760.86746987952
27242.346153846152
25363.025974025975
25204.443037974685
17624.768292682926
22925.26582278481
21328.885057471263
22671.02298850575
23236.563380281692
23339.809523809523
27917.220588235294
25383.604938271605
24673.1875
25650.173333333332
17625.80487804878
20567.66265060241
19374.289156626506
23437.5125
20893.410256410258
20513.9
26957.77027027027
22938.864197530864
22581.556962025315
20892.579545454544
20956.811764705883
22710.906976744187
27089.106666666667
20495.222222222223
24872.65882352941
22385.04938271605
22671.3908045977
21928.693333333333
24493.777777777777
23770.073170731706
22196.68674698795
22133.712328767124
19486.277108433736
27013.141025641027
29260.13432835821
21751.544444444444
25879.045977011494
18841.97701149425
25716.37037037037
18599.8125
24972.513157894737
19768.022727272728
20517.093023255813
25291.493333333332
19480.369047619046
18836.440476190477
21655.105263157893
25496.797297297297
21051.044444444444
23325.475
25195.80487804878
21593.482352941177
23319.5
21623.164835164836
19547.725274725275
21883.449438202246
22085.393258426968
17444.595238095237
20763.632911392404
24450.825
20273.827160493827
22195.795180722893
25049.369047619046
22988.775
24589.076923076922
23023.14285714286
18714.2625
24497.95061728395
25830.909090909092
19356.70786516854
19928.853658536584
24599.127906976744
25858.96153846154
20961.9875
21122.05747126437
19455.70786516854
21111.4578313253
21513.02380952381
22427.7125
21163.88888888889
25204.177215189873
25283.4358974359
25772.607594936708
23064.87951807229
22695.85714285714
22569.57471264368
22452.865853658535
21136.963414634145
17446.35714285714
23180.29411764706
21623.52380952381
18832.475609756097
25325.776315789473
22158.25
23497.223529411764
23656.441860465115
20088.51282051282
19342.860215053763
17252.18666666667
22091.012987012986
21783.61797752809
24746.848101265823
25051.0987654321
24161.716049382718
22564.30487804878
23039.632911392404
23816.34117647059
18019.379310344826
25298.50588235294
21513.60714285714
16149.7
17723.636363636364
23603.597701149425
22221.545454545456
20218.753246753247
27319.864864864863
24497.62962962963
25748.280487804877
18941.63855421687
16546.6582278481
24119.333333333332
23386.69135802469
15870.0
22053.091954022988
21984.489130434784
22844.31325301205
23496.373493975905
22956.036144578313
19480.440476190477
17128.415730337078
24129.48717948718
21783.85393258427
23083.172413793105
21495.987654320987
21026.841463414636
17981.595238095237
20667.629213483146
21495.14814814815
23875.154761904763
21246.743902439026
19569.367816091955
20217.882352941175
20324.223529411764
22387.955056179777
20412.011627906977
22122.09411764706
20609.25925925926
15351.41111111111
22891.76
16668.626506024095
25665.506024096387
21607.738636363636
20893.875
24074.337209302324
25208.32894736842
19155.337078651686
18850.337078651686
19960.59493670886
19701.590361445782
20110.682352941178
22229.211764705884
26495.493827160495
22546.035294117646
18223.494252873563
22264.011904761905
21951.355555555554
23551.121951219513
19820.646341463416
22127.240506329115
24330.213333333333
20624.1511627907
21163.987654320987
20367.134146341465
24292.98734177215
24495.907894736843
25525.70731707317
24119.7816091954
21537.36842105263
19365.511627906977
17585.2375
22343.89024390244
18942.180722891568
18509.10843373494
19053.32183908046
24608.0
23958.74025974026
18721.682926829268
20016.64285714286
21981.44578313253
22415.33734939759
20213.43010752688
21162.9012345679
21249.87777777778
19158.09638554217
20065.752808988764
21218.927710843374
18253.53164556962
21332.164556962027
21710.284090909092
23123.619047619046
21085.928571428572
21440.614457831325
14501.0
22609.988372093023
22496.296296296296
20551.714285714286
18747.85393258427
25893.266666666666
21712.5
19778.655172413793
22696.0
17100.5421686747
17814.0875
18714.8875
20308.616279069767
20149.69512195122
19054.41772151899
15088.214285714286
25546.21518987342
23031.06976744186
17040.435294117648
19480.654761904763
19965.157303370786
16128.961038961039
19539.45945945946
17810.25287356322
20257.80487804878
16373.440476190477
18303.011904761905
18186.469879518074
17781.478260869564
20552.761904761905
25087.682926829268
20853.2
21637.775
22875.9875
17828.925925925927
21252.39534883721
20039.878048780487
18948.397727272728
19711.19512195122
23194.513157894737
22124.788235294116
18844.18604651163
16909.02380952381
20051.876543209877
21053.382716049382
22353.522222222222
18738.232558139534
21052.222222222223
22307.180722891568
16365.022988505747
24122.896551724138
18109.93023255814
24864.518987341773
17388.92391304348
25715.66233766234
19164.024390243903
22970.6
21146.13953488372
21580.91011235955
17337.011904761905
23553.78205128205
21415.2125
19580.517647058823
17171.418604651164
18954.29213483146
19840.75
22849.22891566265
18748.595505617977
20589.524390243903
19054.627906976744
17901.20930232558
23661.09756097561
15839.25
20007.741176470587
19897.49411764706
19768.954545454544
24539.853658536584
17782.176470588234
23922.011764705883
16614.95294117647
15088.416666666666
23705.563218390806
18205.141176470588
23774.29268292683
18051.5
20100.337209302324
22938.654320987655
20533.788235294116
24477.260273972603
20574.935064935064
20915.51724137931
23163.30864197531
22782.48780487805
18077.746987951807
22695.0
22275.271604938273
20322.46153846154
22483.285714285714
20851.82222222222
20453.466666666667
20049.922222222223
17276.581395348836
24329.44827586207
22125.29268292683
22347.719512195123
19595.180722891568
15654.644444444444
20741.425
13819.976744186046
21807.305882352943
16222.449438202248
20624.95
19151.467391304348
17719.40740740741
14553.290697674418
20089.632183908045
16395.022727272728
19258.758620689656
22411.22891566265
16300.929411764706
17518.68181818182
21578.548780487807
17781.811764705883
18939.827160493827
22091.727272727272
19719.876543209877
20956.04705882353
24705.641025641027
22016.085365853658
22335.741176470587
19279.025316455696
18054.81111111111
20678.024096385543
21564.197674418603
16236.87951807229
19581.0
18387.493827160495
21857.74025974026
16600.613636363636
19378.14457831325
20129.532608695652
19055.182926829268
15555.677777777777
24909.21686746988
20753.37777777778
20335.488095238095
17232.775280898877
21409.29761904762
18760.684782608696
19051.703703703704
18841.894117647058
20030.108695652172
22559.935064935064
17555.04761904762
20555.81111111111
16680.13186813187
23553.20238095238
18547.76404494382
13158.261904761905
17942.955056179777
19694.10714285714
16700.261363636364
17405.670731707316
22675.632183908045
17017.059523809523
17067.25581395349
15759.451219512195
15452.177777777777
23134.25581395349
13156.855555555556
15617.460674157302
21813.761363636364
18401.85542168675
18843.511627906977
17724.94318181818
19971.43181818182
19472.732558139534
20830.666666666668
20571.518072289156
19260.627906976744
15593.516483516483
20292.55172413793
20670.05617977528
15213.69512195122
21225.05747126437
13337.623529411765
20292.310344827587
16052.633333333333
18529.29069767442
23191.149425287356
14127.309523809523
20587.56818181818
17916.793103448275
15681.170454545454
19446.228260869564
19052.869047619046
18944.30487804878
15703.616279069767
19675.3908045977
21302.65
20851.855555555554
17973.060240963856
17366.175
18089.27380952381
17314.670454545456
24679.3
18530.116279069767
17586.956521739132
17295.114942528737
17465.835294117645
13595.741573033707
17419.93181818182
18152.966666666667
17336.77380952381
15751.341772151898
17621.954545454544
19720.88888888889
15328.471264367816
20877.535714285714
19901.90588235294
19458.988764044945
21899.21518987342
21171.45882352941
21435.3908045977
22353.333333333332
11204.234042553191
17452.21111111111
14997.78021978022
19879.712643678162
18329.689655172413
17722.43181818182
15318.231707317073
18397.85542168675
14347.081395348838
16469.489361702126
22491.752808988764
15988.212765957447
15981.670588235294
16158.114942528735
18410.77380952381
15692.76923076923
17571.263736263736
20715.304347826088
18743.563218390806
18844.325581395347
17101.289156626506
18754.733333333334
17645.939759036144
21713.18181818182
17123.20238095238
16703.19318181818
20307.837209302324
14947.641304347826
14067.686746987953
17398.045977011494
18731.964285714286
22391.303370786518
18156.98888888889
18031.613636363636
19052.247311827956
17154.144444444446
22295.31395348837
19154.8202247191
20717.467391304348
18183.559139784946
19251.846153846152
16641.317073170732
22979.379310344826
17360.035294117646
16087.318181818182
18951.885057471263
17929.965909090908
20894.5
21253.933333333334
12724.186813186812
21089.154761904763
19052.430379746835
19257.091954022988
20741.125
17534.036144578313
20707.919540229886
14306.703296703297
21578.914634146342
24149.289156626506
20383.579545454544
17447.20238095238
20179.81818181818
18160.91208791209
18209.011764705883
15121.666666666666
17450.3
21610.79012345679
18225.41379310345
18651.16853932584
17980.07608695652
19510.240506329115
18946.77380952381
18739.325581395347
18647.170454545456
17500.793103448275
24583.204819277107
17341.345238095237
16199.231707317073
19811.673684210527
19649.626373626375
19259.375
16354.68888888889
12989.369565217392
17140.968085106382
17982.64285714286
13736.056818181818
20572.32530120482
16971.284210526315
22190.247191011236
21197.977272727272
17588.3488372093
17055.67777777778
22054.869047619046
12923.593406593407
16555.31111111111
21805.34117647059
20570.1797752809
17537.180722891568
17132.483146067414
15122.091954022988
15045.195652173914
18743.35632183908
19785.20930232558
13187.505617977527
20373.121951219513
22532.31818181818
15181.616279069767
15707.08510638298
18949.976470588233
15922.239130434782
15493.978021978022
17089.632183908045
20409.182795698925
20871.869047619046
16608.489130434784
17192.689655172413
13941.102272727272
18737.0
14756.733333333334
19987.3908045977
13693.685393258427
18227.149425287356
19690.070588235296
18426.581395348836
18196.79761904762
18746.375
20977.629213483146
16877.736263736264
17003.706521739132
16704.636363636364
19053.373626373625
15680.511363636364
17053.87777777778
18287.365853658535
19443.641304347828
13222.40909090909
20413.058139534885
17314.272727272728
16260.701149425287
16808.065217391304
20100.0
17392.445652173912
21250.627906976744
9956.5
18569.064516129034
16511.989130434784
22020.105882352942
16088.835164835165
20673.1797752809
17668.483516483517
20677.77108433735
16781.879120879123
14349.40909090909
17134.83146067416
16904.886363636364
14254.91111111111
17631.57894736842
21205.434782608696
23392.24096385542
13741.060240963856
17009.113636363636
19491.10843373494
17814.74712643678
17874.833333333332
16301.364705882354
13856.91111111111
20016.845238095237
16087.647727272728
17828.43181818182
17172.18604651163
16218.728260869566
15790.164835164835
16260.643678160919
17754.055555555555
23813.287356321838
14254.855555555556
16086.681318681318
14654.5
13658.08888888889
14705.404494382023
19053.043478260868
16601.227272727272
13356.455555555556
12279.370786516854
16300.564705882352
19152.659340659342
13127.962025316456
14601.865979381444
16805.0
16125.372093023256
15577.477272727272
17904.441860465115
20012.27659574468
19365.22988505747
14076.521276595744
14292.117647058823
16805.571428571428
13872.152173913044
19369.523255813954
19457.314606741573
18053.644444444446
17930.136363636364
10463.494382022473
17007.94318181818
14451.65909090909
16196.447058823529
19539.010752688173
16190.488636363636
17419.397727272728
9764.393617021276
15945.440476190477
18357.4
15314.685393258427
13180.768421052631
19151.228260869564
18958.0
17883.92391304348
22260.241379310344
13455.08888888889
14980.761904761905
12957.277777777777
18951.18181818182
16216.91304347826
15436.948453608247
14890.569892473119
15497.39534883721
13393.393258426966
17525.13829787234
18667.451612903227
17488.543478260868
14555.011363636364
16235.939759036144
10681.89534883721
13636.451612903225
15497.461538461539
21278.395061728395
17408.967741935485
16676.2183908046
10740.597826086956
13718.918604651162
17997.070588235296
17712.58620689655
16985.689655172413
14663.440476190477
14804.010989010989
20855.88888888889
13151.354838709678
16927.440860215054
12358.441860465116
18331.149425287356
14118.559139784946
19058.14606741573
13953.58888888889
12893.16304347826
14401.685393258427
17677.647058823528
14182.070588235294
18362.648351648353
12489.729411764705
20065.25842696629
17131.370786516854
13951.766666666666
16301.482352941177
16510.92391304348
19739.32608695652
20342.153846153848
17740.101123595505
16702.206521739132
16702.238636363636
20670.8202247191
11235.714285714286
15593.142857142857
10812.819277108434
17216.075268817203
16281.472527472528
14766.93023255814
15376.720430107527
13259.022222222222
11720.804347826086
12404.902173913044
11666.431578947368
15868.635416666666
17336.955056179777
16881.69230769231
20817.103448275862
18753.744444444445
13124.772727272728
17702.139784946237
14410.208791208792
17906.808510638297
13761.552941176471
19924.182795698925
16394.738636363636
14708.966292134832
14853.066666666668
17991.010752688173
10776.425287356322
18461.483516483517
14702.384615384615
11134.380434782608
21131.69230769231
10747.516483516483
9576.946808510638
16498.420454545456
13337.854166666666
15825.565217391304
14320.421052631578
15987.272727272728
19451.582417582416
17023.021505376346
16306.852631578948
12490.188235294117
12529.923076923076
10721.705263157895
18073.760869565216
16778.89010989011
18473.720430107525
17192.25
15160.185567010309
17298.3908045977
22634.301075268817
9206.463157894737
10789.732558139534
14606.655172413793
16995.963855421687
14301.494382022473
19056.98901098901
12229.725274725275
23135.581395348836
13717.848837209302
14608.379310344828
16454.455555555556
18064.582417582416
17360.305882352943
18835.853658536584
16684.967032967033
13613.934065934065
15435.28735632184
11796.75
18665.630434782608
21883.786516853932
9535.697674418605
16527.25842696629
10158.677777777777
16592.315789473683
15155.322222222223
9444.727272727272
10622.284210526315
18449.191011235955
17139.32978723404
13119.404255319148
21819.727272727272
11773.078651685393
13052.488888888889
16559.477777777778
15472.261363636364
16498.757894736842
22628.477272727272
14356.522222222222
16482.648351648353
6892.43956043956
17590.07608695652
12916.556818181818
14765.627906976744
17867.10989010989
14075.648936170213
19258.0
11956.733333333334
12522.380952380952
13215.297872340425
12685.760416666666
15644.631578947368
17967.120879120877
16123.595505617977
17198.108695652172
14246.818181818182
15792.703296703297
13839.193181818182
14957.31111111111
10855.777777777777
12923.802197802197
12022.034482758621
14412.935483870968
20586.712765957447
13021.545454545454
9681.589473684211
14835.58024691358
16466.379310344826
13311.159574468085
21409.886363636364
12796.391304347826
19752.433333333334
12641.212765957447
12027.78125
19864.76404494382
14265.532608695652
12459.466666666667
9276.652173913044
16753.155555555557
11675.775280898877
20736.69230769231
14903.582417582418
15476.09677419355
18239.0
11732.988372093023
14461.702127659575
18658.978021978022
18665.782608695652
12668.333333333334
19924.913978494624
19435.031578947368
14011.461538461539
21985.372093023256
16851.27659574468
20129.152173913044
17739.6404494382
16524.083333333332
15704.521276595744
13554.255555555555
8102.54347826087
16949.055555555555
13408.04255319149
15473.053763440861
16976.516483516483
17462.739583333332
21856.055555555555
14558.010638297872
17785.510869565216
13383.891304347826
14923.142857142857
18391.052631578947
16580.824175824175
11185.0
15476.494623655914
14462.117021276596
16926.516129032258
14755.877777777778
13227.636363636364
10829.161290322581
15954.155555555555
17257.78947368421
11821.510869565218
17701.537634408603
14706.417582417582
17025.354838709678
15791.989010989011
16417.206521739132
18445.8202247191
10058.736842105263
14966.102272727272
17586.934782608696
15538.3908045977
15036.287234042553
15313.730337078652
14312.527472527472
16683.351648351647
12458.177777777777
16586.021978021978
13657.522222222222
15328.16091954023
10249.191489361701
12918.363636363636
14236.5
9452.561797752809
8716.797872340425
12332.494505494506
12640.08510638298
18222.39534883721
15439.728260869566
17176.527472527472
17798.1935483871
19259.29213483146
12756.277777777777
15759.011111111111
19056.733333333334
10058.70652173913
13538.161290322581
14265.315217391304
16481.846153846152
11782.010638297872
12628.802197802197
18650.955056179777
17839.21875
15315.370786516854
13462.463157894737
16214.515789473684
13309.08510638298
13499.58510638298
14035.578947368422
16646.525773195877
16934.76404494382
16564.978723404256
14793.655913978495
14603.623655913978
14855.655555555555
8158.188888888889
14037.126315789474
14898.086021505376
11037.83695652174
13347.043010752688
14075.81914893617
16090.602272727272
13770.239130434782
13084.314606741573
14167.630434782608
16952.82222222222
17178.505494505494
12228.896551724138
15833.6
11229.83695652174
12727.87912087912
19547.184782608696
10359.255555555555
14456.31111111111
14553.673913043478
13053.8125
14806.752808988764
17744.134831460673
13478.75
14402.057471264368
12329.894736842105
14893.032258064517
12047.011627906977
12307.695652173914
12645.919540229885
16123.41573033708
11951.957894736843
18033.298969072166
11796.591397849463
12832.063829787234
13925.58064516129
10352.315217391304
10841.815217391304
14897.333333333334
12382.337078651686
14368.648936170213
11690.602272727272
10727.436170212766
15341.130434782608
13334.25
10255.7
12280.76404494382
14311.612903225807
13889.308510638299
12765.451612903225
12923.406593406593
17980.239130434784
13408.117021276596
16712.34375
11317.086021505376
14355.422222222222
14755.444444444445
11428.91304347826
20568.865168539327
10449.652173913044
12419.040404040405
11190.22105263158
13345.387096774193
13955.466666666667
10685.82558139535
7530.0
11977.573033707866
9401.166666666666
11202.425531914894
16778.516483516483
18958.89010989011
18569.956989247312
8897.161290322581
17085.74712643678
11665.905263157894
14509.422680412372
10770.818181818182
12739.446808510638
16151.988888888889
16702.545454545456
14956.711111111112
15433.630434782608
10156.260869565218
15683.541666666666
15141.79347826087
14747.765957446809
9334.103448275862
15513.702127659575
9186.322580645161
15168.431578947368
9100.787234042553
15380.870967741936
15616.786516853932
16568.797872340427
14604.105263157895
10926.817204301075
7809.322916666667
15821.280898876405
14139.319587628866
12475.956989247312
8943.955056179775
12082.52808988764
12516.568421052632
13617.747252747253
13981.117021276596
9067.12087912088
11358.340206185567
13023.721649484536
11233.08695652174
11506.967741935483
18183.795698924732
13847.252631578947
16728.393258426968
17885.684782608696
9948.602272727272
14128.073684210527
14223.515789473684
12503.91304347826
12740.563829787234
11995.010752688173
12202.295454545454
16755.233333333334
8256.305263157894
12715.90909090909
17629.494736842105
14262.054347826086
8425.617021276596
12931.577319587628
14006.336734693878
14841.659574468085
14759.295454545454
11131.597826086956
9968.144329896908
8540.694736842106
12463.744186046511
12374.824742268042
19625.755319148935
16356.844444444445
11895.881720430107
11741.875
14323.39175257732
12653.37113402062
10934.70652173913
12354.816326530612
13712.604166666666
14271.45744680851
14010.23076923077
13541.129032258064
15012.14606741573
12328.978021978022
13652.488888888889
12333.406593406593
15621.224719101123
7059.430107526881
10647.391304347826
15305.979166666666
10747.329670329671
12927.736263736264
15399.197916666666
12101.431818181818
10335.092783505155
11194.073684210527
13088.217391304348
14271.75
16089.510638297872
13425.9375
13927.52688172043
12557.011111111111
15569.52688172043
12904.561224489797
11853.3
13184.641304347826
15590.1875
13058.47311827957
7342.0
11633.20618556701
12210.532608695652
8318.741935483871
10154.095744680852
10053.385416666666
9959.736842105263
16150.645161290322
12801.831578947369
7341.875
13757.3
11358.865979381444
7212.673469387755
14556.468085106382
9677.0625
8812.372340425532
14978.315789473685
16123.804347826086
11777.13829787234
8746.041666666666
14459.670212765957
6211.635416666667
20679.287234042553
11603.193548387097
12893.195652173914
9580.8
13658.38947368421
14688.567010309278
11291.17894736842
12326.978021978022
9665.0
7314.968421052631
10149.703296703297
15418.202127659575
15265.357894736842
14555.061224489797
9583.252631578947
10537.574468085106
13789.755319148937
11159.683673469388
11649.933333333332
10801.979166666666
13671.173913043478
11022.612903225807
8958.58888888889
15916.918604651162
8897.236559139785
12545.627659574468
9317.536082474227
11827.790697674418
13440.677419354839
12422.593406593407
13996.270833333334
13950.266666666666
14048.37113402062
14973.726315789474
10726.925531914894
15249.855555555556
7527.4375
10637.462365591398
12800.77894736842
12497.130434782608
14052.433333333332
12629.87912087912
12493.677083333334
17323.685393258427
11358.844444444445
15804.360824742267
6926.378947368421
7060.387096774193
7662.276595744681
11504.402298850575
11413.10752688172
13758.08888888889
7512.630434782609
9498.4375
14887.589473684211
7929.05376344086
12851.133333333333
10730.253164556962
13654.231578947369
14052.844444444445
11420.454545454546
9369.16304347826
14750.326086956522
12353.04255319149
10349.698924731183
15416.18085106383
10253.440860215054
6458.484210526316
12443.816326530612
13983.77659574468
12711.22105263158
10344.436170212766
10912.231578947369
7418.652173913043
8352.473684210527
14085.916666666666
15706.5
6461.073684210526
11950.61052631579
12898.448979591836
8219.967741935483
10435.589473684211
10344.263157894737
10520.051546391753
14650.617021276596
9403.15625
9141.336734693878
7359.925373134329
11024.612903225807
7279.117021276596
13731.978494623656
9871.729166666666
9050.612244897959
11275.385416666666
7810.75
13084.061224489797
7186.68085106383
8428.468085106382
10336.375
9586.147368421052
10874.050505050505
13185.033707865168
8440.284210526315
11803.118279569893
14747.135416666666
12544.255319148937
13341.104166666666
10984.453608247422
12549.968085106382
10247.65625
12135.526315789473
10556.577777777778
12139.726315789474
11573.157894736842
14001.561224489797
8333.627659574468
12120.333333333334
14212.172043010753
9963.329896907217
6535.086956521739
9579.27659574468
10543.63440860215
9401.072916666666
7339.364583333333
10878.505050505051
9869.308510638299
11049.395604395604
8525.31914893617
9588.135416666666
13672.08695652174
7621.697916666667
12047.852631578948
13153.46875
12870.25
11667.547368421052
9683.572916666666
13555.936842105262
12087.741935483871
14882.0
13221.074468085106
9571.576086956522
5115.978021978022
11893.043010752688
15683.979166666666
6230.95744680851
13562.936842105262
11605.881720430107
8492.315217391304
6111.15306122449
12724.5
10445.677419354839
9965.694736842106
15398.385416666666
10251.5
7883.010526315789
12238.536842105263
7094.505494505494
8667.082474226803
10633.436170212766
8278.166666666666
14556.622448979591
12474.41935483871
10342.98947368421
11513.070707070707
12278.041237113403
7784.4631578947365
12150.939393939394
11411.58064516129
8718.765957446809
8088.875
8019.154639175258
8122.440860215053
10451.901098901099
10340.663157894736
10057.103092783505
10338.708333333334
11561.21875
6417.478723404255
8003.760869565217
19333.0
9501.938144329897
8482.938144329897
7926.587628865979
5277.541666666667
10721.410526315789
10532.252631578947
9324.183673469388
6898.510638297872
12627.21978021978
7834.032258064516
9964.89898989899
6241.626262626262
6161.742268041237
5088.541666666667
12734.882978723404
13580.054347826086
11724.79381443299
9391.808510638299
11100.2
8241.81914893617
11893.857142857143
11506.31182795699
10061.117021276596
9779.489795918367
8495.34693877551
13459.073684210527
7153.602150537635
12876.61616161616
9314.474226804125
8896.58064516129
9477.989247311827
16404.242105263158
12283.043010752688
5793.278350515464
10693.59595959596
10153.577319587628
4796.563829787234
8540.484210526316
13694.159574468085
7969.676767676768
9407.61855670103
10511.747474747475
9390.0
12601.967391304348
11732.011627906977
12233.934065934065
8080.9670329670325
9141.408163265307
12639.978723404256
13837.91
6821.22
7218.042105263158
9215.291666666666
9291.617021276596
5510.462365591397
8943.0
10345.484210526316
9221.701030927836
9669.086021505376
9421.464646464647
14462.755319148937
7154.208333333333
7832.835051546392
11570.589473684211
15119.791666666666
10054.510638297872
11608.612903225807
8787.652173913044
10051.154639175258
11069.173469387755
10608.42857142857
9302.905263157894
7150.222222222223
9190.086021505376
12477.827956989247
10450.608695652174
10249.336842105264
7896.541666666667
9025.302083333334
7877.676767676768
6935.368421052632
7030.0204081632655
8996.31182795699
9118.302083333334
13019.202127659575
7906.458333333333
7927.680412371134
7121.408163265306
10696.765306122448
9192.010638297872
7090.98969072165
11758.347368421053
5375.785714285715
10711.927083333334
5704.440860215053
10150.010752688173
9672.563829787234
6841.438775510204
5289.6
12159.788888888888
9488.915789473684
12331.357894736842
8104.510869565217
12403.291666666666
9292.410526315789
11262.845360824742
9305.427083333334
7381.054054054054
5749.84375
7735.688172043011
9312.208333333334
9045.908163265307
9578.376344086022
9873.061855670103
6901.159574468085
3875.0
11978.418367346938
8981.826086956522
6693.10101010101
9119.635416666666
7310.736842105263
8587.479591836734
8381.39175257732
15600.252525252525
13914.80612244898
10418.070707070707
7288.736263736264
7213.936842105263
8093.5625
8729.452631578948
7244.270833333333
5421.828282828283
10694.673469387755
11630.484536082475
7022.2947368421055
11973.117021276596
9006.021276595744
9501.484536082475
7148.416666666667
7735.453608247422
8525.191489361701
9138.84693877551
8362.447916666666
6340.108695652174
10654.788888888888
8256.82
9388.042105263157
7551.659793814433
5609.905263157894
7210.581632653061
13079.663265306122
11668.873684210526
10991.333333333334
11042.06
10454.488888888889
9235.121212121212
9867.938144329897
16331.072916666666
8295.752577319588
12050.69696969697
14462.132653061224
10786.42857142857
12169.685393258427
8309.255102040815
14885.806451612903
9289.531914893618
10715.8125
7449.118279569892
11003.378947368421
6720.577319587629
5324.821052631579
8831.854166666666
9671.47311827957
13492.19587628866
10517.744897959185
11598.636363636364
8314.989247311827
7625.25
8480.20618556701
8205.938144329897
10428.701030927836
8436.26
7491.744897959184
7031.747368421053
11259.835051546392
5513.896907216495
11436.051020408164
10147.164948453608
11078.257731958764
10154.020833333334
7061.033333333334
7786.0
13329.808080808081
8577.934065934065
9057.050505050505
6718.453608247422
8728.421052631578
3969.7604166666665
9596.122448979591
12448.553191489362
6939.867346938776
9208.896907216495
5086.35294117647
9632.494117647058
7305.908163265306
9453.243243243243
7153.635416666667
11230.767676767677
9250.58888888889
6747.428571428572
12546.552631578947
5927.438775510204
5701.432989690722
2823.7938144329896
8444.768421052631
10970.979591836734
6696.717171717171
11686.893617021276
7292.5
11308.813953488372
11411.945205479453
8758.680412371134
9912.285714285714
4282.652631578947
12138.98947368421
8632.741573033707
9403.979166666666
9591.28125
7323.076086956522
8307.102040816326
12452.788888888888
7054.377777777778
7261.655555555555
11497.29411764706
6441.2474226804125
6639.29
7741.546391752578
5789.383838383838
4642.622448979592
7755.841463414634
6875.604166666667
11492.531914893618
3852.919540229885
8351.757894736842
7127.336956521739
11413.05
7454.83
8314.918367346938
10058.021052631579
5259.8
2974.121212121212
4920.32967032967
6810.941860465116
9235.448979591836
11464.714285714286
14474.555555555555
10946.593406593407
5200.528735632184
9918.857142857143
7978.368421052632
7487.877551020408
13621.344827586207
10683.486111111111
5934.864583333333
4358.822222222222
5886.134020618557
4100.1625
8701.906976744185
7468.515151515152
7190.7032967032965
7465.134020618557
18289.0
6320.2467532467535
8118.129032258064
12261.869565217392
3700.9655172413795
4682.731958762886
8441.483146067416
8129.459183673469
2564.102564102564
6751.84693877551
23729.424657534248
3867.0967741935483
4029.5227272727275
10733.671641791045
10288.215189873417
14455.392857142857
5838.408163265306
10810.864583333334
5745.510204081633
10611.704081632653
17359.391891891893
14652.785714285714
9029.40625
7858.776595744681
6353.020618556701
7103.506849315068
6938.84
5509.736263736264
4060.74358974359
2774.5476190476193
8480.615384615385
4961.233333333334
3810.0421052631577
7161.4111111111115
9960.051546391753
4896.621951219512
8848.805970149253
5995.935483870968
3704.054347826087
4570.4
9380.075757575758
5406.883333333333
15349.535714285714
10990.791666666666
6358.2
6084.790697674419
6659.0
5960.977777777778
5845.436170212766
4212.675
5107.233333333334
4027.1882352941175
6485.759036144578
6746.736842105263
7279.40206185567
2865.285714285714
9521.223880597016
6757.278481012659
7875.318681318681
8601.282828282829
11406.162790697674
2975.2375
8889.072463768116
6161.674698795181
5703.257731958763
5657.708333333333
4539.772727272727
7011.762711864407
16795.6625
9119.927835051547
4393.913580246914
5558.859375
8340.645569620254
13240.0
9910.306451612903
7548.734177215189
4095.9887640449438
5706.913978494624
7454.8026315789475
6403.65625
15121.825
11129.511904761905
5188.868852459016
2049.1428571428573
4505.558823529412
8464.967741935483
9590.077922077922
7653.810126582279
7732.470588235294
5010.736842105263
9658.55223880597
13054.05
13231.45588235294
5422.79381443299
6684.0375
6870.7468354430375
2801.5
4093.6105263157897
11220.942857142858
4589.4639175257735
4890.620689655172
10167.536585365853
6812.0
3660.711111111111
7325.939393939394
10337.213114754099
10424.148648648648
4606.49494949495
8059.936507936508
17895.376623376622
3284.5844155844156
16670.962025316454
21342.61971830986
3021.246376811594
7220.80701754386
2716.3469387755104
5466.282608695652
5561.621621621622
5342.147540983607
2744.8133333333335
3984.987012987013
6610.698630136986
5716.134831460674
3499.46875
7643.804878048781
13530.07142857143
5563.7027027027025
5747.71875
10464.41791044776
7842.289855072464
6688.770833333333
5047.098360655737
7869.914285714286
7006.3050847457625
4575.206896551724
8511.655172413793
9765.311475409837
3759.8166666666666
6417.265822784811
3792.303370786517
2901.034090909091
5823.441176470588
5399.493975903614
3581.1720430107525
5326.578947368421
7473.151515151515
8466.145161290322
10063.169491525423
10704.418367346938
3109.0
5715.91011235955
7995.327868852459
5663.420454545455
3953.404761904762
3383.516129032258
1728.5
8324.122807017544
2247.919191919192
3493.56
5391.211538461538
8800.38596491228
7735.474226804124
11316.0
3231.5
3129.245901639344
2739.279069767442
5471.09
3338.8947368421054
3544.0344827586205
3133.35
6603.294871794872
3909.1428571428573
2157.212121212121
5082.964285714285
3524.821052631579
8505.775862068966
4680.467391304348
5447.8375
7868.792682926829
8117.202380952381
11110.4
3508.6464646464647
2940.268656716418
9911.803278688525
4559.902777777777
5561.357142857143
4268.3835616438355
4879.858695652174
7467.271186440678
4368.755102040816
4723.525423728814
6061.211111111111
3452.561224489796
6324.107692307693
3528.5833333333335
9127.61038961039
5610.309278350515
2270.298969072165
5155.981818181818
4530.557142857143
4496.917525773196
5113.58
1338.2857142857142
4025.6455696202534
5511.935483870968
8495.9375
7473.285714285715
2481.7977528089887
4302.94
9673.871428571429
3334.7676767676767
7216.071428571428
2343.3142857142857
4426.424242424242
5293.87
4212.73
2293.136842105263
6627.546391752578
5024.169491525424
1459.5054945054944
4801.907692307693
4022.8227848101264
3982.2837837837837
3173.609375
3483.5806451612902
4368.897959183673
3648.0919540229884
4625.25
3335.252525252525
2663.2602739726026
5771.139534883721
3265.969387755102
2474.132530120482
6064.650793650793
6584.561403508772
3694.5689655172414
4403.505154639175
2412.78
4218.412371134021
3981.5454545454545
3265.5471698113206
4293.75
5696.617647058823
1543.517857142857
6689.329545454545
1338.8775510204082
4448.204301075269
4787.781609195402
4360.216666666666
1286.8375
3336.848484848485
5426.656565656565
3491.99
1339.3163265306123
4847.070175438596
3774.1807228915663
4284.315789473684
2708.225352112676
4767.094117647059
2543.3176470588237
2674.0
2748.21875
5330.113402061856
5061.388888888889
2602.6052631578946
2726.5308641975307
5617.301369863014
3695.878048780488
2348.5408163265306
4458.3442622950815
6005.012195121952
2564.277777777778
4141.301369863014
2334.2727272727275
3408.717391304348
2376.2022471910113
5750.014084507042
2594.7386363636365
2500.6702127659573
2055.52
5703.021978021978
4600.932584269663
3554.759036144578
2054.53
3707.8470588235296
1332.39
2164.2551020408164
3266.0102040816328
2299.775
5860.517241379311
4611.234567901234
4239.272727272727
2233.14
1365.6222222222223
2283.53125
1160.5
4155.208333333333
5234.50505050505
4851.666666666667
5145.493333333333
2759.927536231884
1182.9066666666668
2268.9896907216494
1314.1666666666667
2274.6516853932585
1570.6478873239437
5695.0
3919.6703296703295
2269.092783505155
15683.46511627907
6130.652173913043
2226.9411764705883
2412.48
1441.6901408450703
3288.0721649484535
1771.9342105263158
1298.1973684210527
1200.5
2415.6989247311826
1408.0192307692307
3224.56
3133.43
2309.574468085106
1453.5760869565217
1235.6923076923076
1334.6060606060605
2200.5263157894738
3575.186046511628
1207.7377049180327
1188.8714285714286
2408.689655172414
1632.4947368421053
2333.247058823529
2657.8225806451615
2452.6701030927834
2428.8354430379745
1155.5
2386.0
1390.1686746987953
1065.6582278481012
1174.1
1061.7536231884058
2686.377049180328
2145.44
2931.0754716981132
1066.9166666666667
3633.2727272727275
1256.7826086956522
1235.1176470588234
1364.2542372881355
6435.7532467532465
2052.83
2237.467391304348
3669.44
1065.7272727272727
3315.465909090909
1062.3333333333333
2858.9636363636364
3750.2727272727275
1268.7613636363637
1062.5466666666666
1689.4418604651162
10048.382352941177
2951.78
1161.8924731182797
3155.6363636363635
2227.1075268817203
1062.9591836734694
1246.7272727272727
1062.057471264368
1064.268817204301
4013.4210526315787
1242.2
1064.9130434782608
1182.844155844156
2687.0163934426228
1153.47
1208.1587301587301
1063.32
1062.9285714285713
1062.2105263157894
2437.472222222222
1063.9894736842105
1155.59
1065.7166666666667
1063.3846153846155
1061.7555555555555
1060.945205479452
1064.76
1165.3483146067415
1161.608695652174
1064.304347826087
1065.1304347826087
1063.84
1062.0526315789473
1062.2467532467533
1065.7325581395348
1062.6708860759493
1064.5820895522388
1064.7297297297298
1063.0246913580247
1060.8285714285714
1059.076923076923
1061.35
1062.6161616161617
1062.6666666666667
1061.8837209302326
1063.4367816091954
1063.76
1066.1538461538462
1061.764705882353
1062.3157894736842
1060.9444444444443
1061.936170212766
1062.095238095238
4402.395348837209
1062.9166666666667
1061.7912087912089
1061.553846153846
1060.3015873015872
1059.1176470588234
1059.4905660377358
1062.573033707865
1062.9591836734694
1062.92
1061.4761904761904
1061.6976744186047
1061.938775510204
1062.6385542168675
1061.9032258064517
1062.3061224489795
1062.057471264368
1061.9855072463768
1061.7088607594937
1061.6
1062.929411764706
1063.36
1064.2323232323233
1060.6521739130435
1061.8260869565217
1061.7391304347825
1061.3636363636363
1061.578313253012
1065.3950617283951
1062.7142857142858
1063.561797752809
1061.054054054054
1060.7101449275362
1061.7356321839081
1062.4375
1061.4571428571428
1065.561403508772
1062.7948717948718
1062.8494623655913
1059.2745098039215
1062.5102040816328
1062.2753623188405
1059.3076923076924
1061.6046511627908
1059.7169811320755
1062.7446808510638
1060.890410958904
1060.1333333333334
1059.9473684210527
1062.695652173913
1060.655172413793
1058.872340425532
1059.9473684210527
1061.8602150537633
1063.3777777777777
1061.45
1061.5454545454545
1063.6521739130435
1062.872340425532
1061.1081081081081
1061.3648648648648
1064.5733333333333
1061.2666666666667
1061.7826086956522
1062.2957746478874
1063.0697674418604
1062.5263157894738
1064.7826086956522
1061.4651162790697
1063.92
1061.9142857142858
1063.35
1061.8695652173913
1061.8172043010752
1059.877192982456
1062.010101010101
4025.1649484536083
1062.1182795698924
1064.7551020408164
1062.6533333333334
1061.1176470588234
1061.7727272727273
1061.8510638297873
1059.7857142857142
1061.6046511627908
1061.1066666666666
1062.3658536585365
1061.4819277108434
1061.9032258064517
1058.872340425532
1061.8510638297873
1061.8791208791208
1061.8260869565217
1059.24
1062.3186813186812
1062.72
1061.8936170212767
1061.6666666666667
1062.4583333333333
1061.936170212766
1064.6315789473683
1060.344262295082
1063.7096774193549
3304.4375
1062.0958904109589
1061.2631578947369
1061.6511627906978
1061.7472527472528
1063.1052631578948
1061.8602150537633
1063.7659574468084
1061.8695652173913
1059.6666666666667
1060.4375
1060.225806451613
1058.9166666666667
1063.36
1061.3225806451612
1061.4
1062.9759036144578
1063.4444444444443
1063.45
1061.9583333333333
1061.7912087912089
1060.7575757575758
1062.4146341463415
1064.9444444444443
1061.6511627906978
1060.945945945946
1060.641791044776
1063.2588235294118
1064.2682926829268
1063.2117647058824
1061.7
1061.936170212766
1061.6818181818182
1061.8791208791208
1061.2051282051282
1062.5416666666667
1154.3917525773195
1061.6117647058823
1061.9484536082475
1061.6896551724137
1062.0232558139535
1061.7111111111112
1060.8309859154929
1059.9655172413793
1058.872340425532
1062.3176470588235
1063.24
1061.8791208791208
1061.155844155844
1060.1475409836066
1063.6521739130435
1061.8260869565217
1062.1830985915492
1062.2083333333333
1063.340425531915
1063.2173913043478
1064.4805194805194
1061.7272727272727
1062.7684210526315
1061.9130434782608
1061.8351648351647
1061.842105263158
1061.7472527472528
1063.9756097560976
1060.945205479452
1062.0555555555557
1060.9384615384615
1061.2564102564102
1062.7263157894736
1061.8260869565217
1062.6521739130435
1064.9
1062.0117647058823
1061.936170212766
1061.4444444444443
4573.63768115942
6106.625
1062.4146341463415
1059.1224489795918
1061.3225806451612
1062.063829787234
1060.5
1058.9166666666667
1059.0
1062.2173913043478
1060.9354838709678
1061.5454545454545
1063.7826086956522
1061.923076923077
1061.6666666666667
1060.375
1060.8309859154929
1061.0
1058.872340425532
1061.9268292682927
1061.553846153846
1061.7912087912089
1061.3076923076924
1058.9166666666667
1060.050847457627
1061.0
1058.9166666666667
1060.4736842105262
1058.9166666666667
1060.8
1058.8260869565217
1061.9855072463768
1061.8260869565217
1061.4819277108434
1062.4831460674156
1062.6629213483145
1060.357142857143
1061.7191011235955
1061.8192771084337
1063.2926829268292
1061.7356321839081
1061.8695652173913
1061.4
1062.142857142857
1061.054794520548
1061.0533333333333
1061.8695652173913
1061.9263157894736
1060.7058823529412
1063.7368421052631
1062.2555555555555
1061.842105263158
1061.7088607594937
1063.5934065934066
1061.6511627906978
1062.4666666666667
1063.0246913580247
1061.5581395348838
1060.1052631578948
1062.835294117647
1060.5223880597016
1061.774193548387
1061.1875
1062.037037037037
1063.3977272727273
1060.3015873015872
1061.3902439024391
1059.4905660377358
1060.6470588235295
1061.439024390244
1061.723404255319
1063.0978260869565
1061.5
1062.655172413793
1062.8191489361702
1063.0113636363637
1061.5238095238096
1062.0212765957447
1061.8522727272727
1062.7058823529412
1063.5913978494623
1060.3050847457628
1060.8840579710145
1061.8181818181818
1061.7605633802816
1062.892857142857
1062.5227272727273
1063.1348314606741
1062.8488372093022
1061.9775280898875
1061.6046511627908
1061.857142857143
1061.7555555555555
1062.1904761904761
1061.5194805194806
1060.6470588235295
1061.3835616438357
1062.1868131868132
1061.2105263157894
1061.6818181818182
1060.6307692307691
1061.0533333333333
1061.4878048780488
1061.945945945946
1062.2068965517242
1061.5714285714287
1061.4545454545455
1062.5975609756097
1061.4675324675325
1061.4285714285713
1061.554054054054
1061.9315068493152
1062.5696202531647
1061.2837837837837
1062.6170212765958
1061.6811594202898
1062.112676056338
1061.448717948718
1061.2266666666667
1061.2602739726028
1061.8271604938273
1062.25
1062.7564102564102
1062.2469135802469
1062.2470588235294
1062.2631578947369
1062.078947368421
1061.8641975308642
1061.871794871795
1061.7407407407406
1061.3855421686746
1063.0602409638554
1062.5
1062.4938271604938
1062.7469879518073
1063.5108695652175
1062.7682926829268
1062.9302325581396
1062.953488372093
1063.2087912087911
1063.4583333333333
1063.3118279569892
1063.0729166666667
1063.3617021276596
1063.4583333333333
1062.7282608695652
1063.3617021276596
1062.7373737373737
1062.8541666666667
1062.96875
1063.4105263157894
1063.4105263157894
1063.2659574468084
1063.4105263157894
1063.0
1063.3870967741937
1063.9634146341464
1064.0
1063.892857142857
1063.6122448979593
1063.2604166666667
1063.287234042553
1063.5106382978724
1063.6129032258063
1063.53
1063.67
1063.436170212766
1063.5578947368422
1064.264705882353
1063.55
1064.9278350515465
1064.223404255319
1064.4705882352941
1064.1891891891892
1063.720430107527
1064.3239436619717
1064.225352112676
1063.7
1063.7926829268292
1064.09
1064.1616161616162
1063.5106382978724
1063.53125
1064.24
1064.0375
1063.5934065934066
1064.142857142857
1063.6041666666667
1063.5106382978724
1063.4623655913979
1063.7244897959183
1063.4623655913979
1063.8556701030927
1063.5376344086021
1063.5106382978724
1063.5106382978724
1063.77
1063.4891304347825
1063.4842105263158
1063.5851063829787
1063.857142857143
1064.5
1063.98
1063.6526315789474
1063.6315789473683
1063.6315789473683
1063.9277108433735
1064.0204081632653
1063.8831168831168
1063.95
1063.5106382978724
1063.69
1063.4891304347825
1063.6222222222223
1063.5106382978724
1063.4395604395604
1063.4891304347825
1063.6458333333333
1063.6041666666667
1063.5106382978724
1063.9411764705883
1063.5652173913043
1063.8144329896907
1063.8979591836735
1063.5813953488373
1063.4395604395604
1063.8989898989898
1063.9484536082475
1064.061224489796
1063.505376344086
1063.5851063829787
1063.8989898989898
1063.857142857143
1063.88
1063.8556701030927
1063.4623655913979
1063.5578947368422
1063.7525773195875
1063.8686868686868
1063.8969072164948
1063.4891304347825
1064.0833333333333
1063.8979591836735
1064.1063829787233
1063.5376344086021
1063.7857142857142
1063.878787878788
1063.6063829787233
1063.73
1064.47
1063.5376344086021
1063.8854166666667
1063.8979591836735
2896.3225806451615
2992.8602150537636
3707.642105263158
2739.3406593406594
1063.78
1063.4891304347825
1064.66
1063.5578947368422
1063.74
1063.8383838383838
1063.4891304347825
1064.22
1063.95
1063.8
1063.5106382978724
1063.7448979591836
1064.4315789473685
1063.875
1064.51
1064.69
1064.33
1064.45
1063.67
1063.64
1063.55
1063.67
1063.59
1063.61
1064.04
1063.77
1063.46
1063.61
1063.57
1063.37
1063.44
1063.9
1063.56
1063.78
1064.09
1063.55
1064.21
1063.93
1064.44
1064.33
1064.55
1063.24
1063.7
1063.91
1064.02
1063.38
1064.42
1063.57
1063.97
1063.7
1063.7
1063.53
1064.01
1063.6
1064.39
1063.63
1063.82
1064.46
1063.74
1063.53
1063.88
1064.12
1064.51
1063.4
1064.48
1063.36
1063.52
1063.47
1063.43
1064.12
1332.66
3397.32
3666.23
3576.92
2499.75
1064.46
2051.35
1064.4
1063.39
1691.87
1064.56
1063.43
1154.03
2409.86
3307.52
1063.54
1063.64
1063.62
1063.57
1063.712643678161
1063.632183908046
1063.6022727272727
1063.47
1063.59
1063.37
1064.35
2051.52
1063.18
1063.73
1063.6847826086957
1063.57
1063.15
1153.03
1063.45
1063.7
1063.8
1063.56
1063.43
1063.19
1064.22
1063.74
1063.34
1063.26
1063.43
1063.6
1512.94
1063.46
1063.86
1332.71
1063.29
1064.13
1063.29
1063.32
1064.29
1064.34
1691.7
1063.29
1063.695652173913
1063.17
1063.43
1063.34
1063.43
1063.33
1332.51
1063.7441860465117
1063.7916666666667
1063.8041237113403
1063.6022727272727
1063.34
1063.1
1422.32
2050.51
1063.38
1063.5934065934066
1063.83
1063.21
1063.24
1063.27
1063.2
1063.6179775280898
1063.989247311828
1063.17
1063.48
1063.5
1063.632183908046
1063.15
1063.24
1063.43
1063.6222222222223
1063.6516853932585
1063.5222222222221
1063.22
1871.56
1063.7777777777778
1063.6516853932585
1063.6222222222223
1063.28
1601.88
3666.58
1732.0851063829787
2948.53
1063.2
1063.23
1063.59
1063.4943820224719
1064.17
1063.573033707865
1063.77
1063.25
1063.573033707865
1063.71
1063.2
1063.5294117647059
1063.5227272727273
1063.6818181818182
1063.6516853932585
1063.37
1063.7096774193549
1063.6222222222223
1063.42
1063.27
1063.62
1063.28
1063.43
1063.46
1063.06
1063.5
1063.82
1064.18
1691.72
1063.24
1063.23
1063.32
1064.03
1064.28
1063.5959595959596
1063.38
1063.11
1063.38
1063.31
1063.5444444444445
1063.58
1063.98
1063.43
1063.6315789473683
1063.56
1063.17
1063.33
1063.3
1064.28
1063.2
1063.9
1063.89
1063.25
1063.45
1063.33
1064.01
1063.96
1064.22
1063.9
1063.19
1063.33
1064.27
1063.6666666666667
1063.83
1063.25
1063.67
1063.68
1063.92
1063.55
1063.58
1064.08
1064.05
1064.16
1064.31
1063.5
1064.11
1063.79
1063.95
1063.2
1063.96
1063.95
1064.1
1063.5652173913043
1063.5444444444445
1243.81
1064.17
1063.99
1063.95
1062.97
1063.87
1063.92
1064.11
1064.15
1064.121212121212
1063.6516853932585
1063.4943820224719
1064.12
1063.08
1064.21
1063.680412371134
1063.81
1064.22
1063.37
1063.765306122449
1063.6808510638298
1064.23
1063.5851063829787
1063.6666666666667
1063.5444444444445
1063.6881720430108
1063.573033707865
1063.7
1063.6521739130435
1063.723404255319
1063.573033707865
1063.2
1063.42
1063.5652173913043
1063.608695652174
1063.6
1063.551724137931
1063.6907216494844
1063.66
1063.7070707070707
1063.2
1063.79
1602.52
1063.36
1063.7373737373737
1153.58
1063.6629213483145
1063.5510204081634
1063.49
1063.26
1063.58
1062.99
1063.78
1062.44
1062.84
1063.18
1063.15
1063.01
1063.64
1063.6881720430108
1063.6703296703297
1063.33
1063.6373626373627
1063.39
1063.07
1063.5376344086021
1063.27
1063.34
1063.23
1062.83
1062.94
1062.89
1062.57
1062.62
1062.58
1063.24
1062.92
1063.64
1062.67
1063.24
1062.62
1062.63
1062.71
1063.11
1063.17
1062.85
1062.3434343434344
1063.5444444444445
1063.8
1063.69
1063.5164835164835
1063.55
1063.56
1063.81
1063.6836734693877
1063.6938775510205
1063.67
1063.463157894737
1063.5164835164835
1063.608695652174
1063.59
1063.5578947368422
1063.4623655913979
1063.5257731958764
1063.43
1063.5463917525774
1063.5274725274726
1063.71
1602.3
1063.6129032258063
1063.4591836734694
1063.621052631579
1063.4375
1063.4623655913979
1063.632183908046
1063.14
1063.66
1063.4270833333333
1063.4891304347825
1062.7
1062.6262626262626
1062.5581395348838
1063.080808080808
1062.55
1062.84
1063.44
1063.26
1062.54
1063.0689655172414
1061.3880597014925
3665.27
1061.9795918367347
1061.8494623655913
1062.7472527472528
1061.7111111111112
1061.9072164948454
1061.3373493975903
1061.2077922077922
1062.4819277108434
1062.8936170212767
1063.23
1063.09
1062.3333333333333
1158.276595744681
4363.3448275862065
1061.2564102564102
1063.13
1062.97
1060.5151515151515
1061.9895833333333
3214.28
1062.0987654320988
2228.34
1061.4878048780488
1062.39
1063.16
1062.939393939394
1061.9795918367347
1061.2133333333334
1060.7014925373135
1062.7938144329896
1062.93
1062.0416666666667
1063.47
1065.9166666666667
1063.71
1063.93
1063.02
1062.5102040816328
1059.0408163265306
1063.07
1062.9
1061.9787234042553
1062.063829787234
1062.56
1063.21
1062.4845360824743
1062.1397849462367
1062.68
1062.0434782608695
1063.41
1062.0105263157895
1062.4141414141413
1062.5824175824175
1063.11
1062.032258064516
1063.33
1063.0
1062.360824742268
1063.14
1062.0823529411764
1063.08
1062.5102040816328
1062.66
1062.48
1062.72
1062.4285714285713
1063.04
1062.123595505618
1063.08
1063.92
1063.84
1063.4
1062.76
1063.2
1063.48
1063.29
1063.5
1062.5416666666667
1063.08
1062.0434782608695
1062.319587628866
1062.92
1063.16
1062.7052631578947
1062.96
1062.6734693877552
1063.26
1062.96
1062.0697674418604
1062.057471264368
1063.68
1063.43
1062.090909090909
1063.59
1062.103448275862
1063.64
1063.64
1063.76
1063.37
1063.0
1421.72
1242.7
1063.88
1063.35
1063.2
1063.98
1063.57
1063.02
1062.6767676767677
1063.49
1781.12
1063.68
1063.4
1063.16
1063.52
1063.53
1063.25
1063.52
1063.82
1063.44
1422.48
1063.61
1063.56
1062.76
1063.68
1062.0869565217392
1062.0666666666666
1062.96
1063.44
1063.4
1063.6
1063.41
1063.6
1063.96
1691.05
1063.27
1063.12
1063.12
1063.2
1063.44
1063.59
1063.52
1063.28
3215.68
2050.29
1243.1
1063.64
1063.68
1063.56
1063.08
3394.74
2319.18
1063.32
3395.14
1063.32
1063.56
1063.48
1063.08
1063.56
1063.48
1062.88
1062.96
1063.24
1062.52
1062.8
1063.56
1063.36
1062.44
1063.16
1063.36
1421.84
1063.08
1062.4
1063.44
1960.14
1062.0222222222221
1063.08
1062.1958762886597
1062.94
1062.959595959596
1063.09
1062.4141414141413
1062.2043010752689
2586.99
1062.1836734693877
1062.063829787234
1061.989247311828
1062.56
1062.4742268041236
1062.6969696969697
1062.76
1062.4141414141413
1062.66
2407.69
1062.36
1601.1
1690.45
1063.08
1063.64
1063.3434343434344
1063.204081632653
1063.24
1690.84
1061.989247311828
1062.979381443299
1062.939393939394
1062.0105263157895
1062.72
1063.08
1061.9684210526316
1062.0
1062.0105263157895
1062.96
1062.24
1062.3061224489795
1062.6161616161617
1062.4949494949494
1600.54
1062.56
1062.0204081632653
1062.48
1062.84
1061.989247311828
1061.9777777777779
1062.52
1062.36
1062.0105263157895
1062.32
1062.2371134020618
1062.92
1062.0212765957447
1062.278350515464
1242.58
1062.88
1062.84
1062.6734693877552
1062.3737373737374
1062.0434782608695
1062.0
1062.8
1062.48
1062.0
1061.9462365591398
1062.87
1063.2
1062.061224489796
1062.36
1062.1134020618556
1063.36
1061.989247311828
1062.5510204081634
1332.05
1869.39
1063.060606060606
1062.48
1062.24
1332.05
1062.44
1690.49
1062.68
1062.0105263157895
1062.0833333333333
1062.0
1063.11
1062.0105263157895
1869.47
1062.4
1061.9684210526316
1062.3333333333333
1062.6734693877552
1062.9591836734694
1062.2244897959183
1062.0
1062.92
1510.91
1062.0721649484535
1062.0721649484535
1062.0204081632653
1062.010101010101
1063.0
1062.4315789473685
3484.73
2317.94
1061.9484536082475
1061.923076923077
1062.0309278350514
1062.2083333333333
1062.265306122449
2856.52
1062.32
1062.72
1062.39
1063.16
1062.2244897959183
1062.1313131313132
2586.95
2946.63
1063.6
1063.08
1062.1948051948052
1063.48
1063.2916666666667
1062.8
1062.8
1062.1134020618556
1062.72
1063.28
1062.68
1063.92
1063.44
1063.6
1063.030612244898
1063.48
1241.86
1062.96
1062.08
1063.04
1063.12
1063.44
1062.64
1063.4242424242425
1063.24
1063.1234567901236
1063.6262626262626
1062.875
1063.6
1062.12
1062.0309278350514
1062.2929292929293
1062.3658536585365
1063.1818181818182
1062.52
1062.4020618556701
1061.9896907216496
2048.93
1061.9684210526316
1062.0105263157895
1063.6
2139.36
1062.84
1062.591836734694
1062.8
1062.3333333333333
1061.9263157894736
1063.52
1062.96
1063.2222222222222
1062.8
1063.08
1062.3061224489795
1062.72
1062.72
1063.48
1062.56
2049.33
1062.92
1062.52
1063.32
1063.0
1062.52
1062.96
1061.9462365591398
1062.32
1062.36
1062.84
1062.64
1062.7349397590363
1152.71
1062.0105263157895
1062.2371134020618
1062.8556701030927
1063.1818181818182
1063.1224489795918
1062.16
1062.7777777777778
1062.68
1063.1075268817203
1063.5154639175257
1063.32
1336.6836734693877
1063.0425531914893
1062.64
1062.3061224489795
1062.3469387755101
1062.4949494949494
1062.3894736842105
1345.1368421052632
1062.6907216494844
1062.0105263157895
1062.3333333333333
1061.9583333333333
1062.0526315789473
1061.9684210526316
1062.32
1061.9583333333333
1062.44
1061.936170212766
1062.44
1062.0105263157895
1061.9684210526316
1061.9462365591398
1062.0721649484535
1062.0309278350514
1062.4
1062.0212765957447
1062.3737373737374
1063.5979381443299
1063.5050505050506
1063.204081632653
1063.0
1062.9183673469388
1152.47
1062.979381443299
1062.8367346938776
1063.0816326530612
1424.4343434343434
1152.23
1062.72
2318.5
1061.936170212766
1062.96
1063.16
1063.1052631578948
1061.9787234042553
1062.0833333333333
1061.9484536082475
1061.9896907216496
1062.0309278350514
1063.04
1063.08
1062.9183673469388
1062.56
1062.0416666666667
1061.9684210526316
1062.0
1062.68
1062.0309278350514
1062.36
1063.24
1062.0
1062.0
1062.36
1062.142857142857
1062.44
1061.9684210526316
1062.8
1062.96
1422.12
1063.52
1063.4
1062.64
1063.6122448979593
1063.4897959183672
1063.28
1063.2083333333333
1063.4897959183672
1063.0
1062.360824742268
1061.936170212766
1061.8842105263159
1062.0
1062.08
1062.0105263157895
1061.9787234042553
1062.36
1062.2
1062.0
1062.6161616161617
1062.979381443299
1780.72
1062.3469387755101
1062.48
1062.858585858586
1062.8
1062.6
1063.1010101010102
1062.5670103092784
1511.39
1690.81
1152.51
1062.24
1061.9263157894736
1061.6666666666667
1062.68
1062.0309278350514
1062.1612903225807
1061.9787234042553
1063.3030303030303
1154.704081632653
1433.0
1332.05
1780.6
1062.52
1244.010101010101
1063.4242424242425
1063.36
1063.060606060606
1062.0105263157895
1062.9591836734694
1063.1030927835052
1063.16
1062.96
1062.52
1062.5578947368422
1062.469387755102
1062.52
1061.9263157894736
1061.9684210526316
1062.0526315789473
2138.84
1061.9896907216496
1062.0309278350514
1339.319587628866
1062.36
1061.9896907216496
1062.0721649484535
1062.010101010101
1062.4
1062.319587628866
1062.7373737373737
1062.92
1061.9787234042553
1063.4646464646464
1062.0416666666667
1062.2525252525252
1063.2626262626263
1063.2
1062.0
1062.6907216494844
1062.4545454545455
1062.2121212121212
1063.1632653061224
1063.08
1062.24
1242.14
1062.88
1063.28
1062.979381443299
1062.7142857142858
1152.7878787878788
1242.5
1062.7916666666667
1154.6224489795918
1062.0105263157895
1063.08
1062.64
1242.3
1959.78
1063.1443298969073
1245.061224489796
1062.0
1063.1224489795918
1062.52
1061.9583333333333
1063.08
1061.9684210526316
1062.2929292929293
1422.0
1062.4
1690.85
1062.8
1063.2315789473685
1062.1313131313132
1062.96
1968.050505050505
1153.111111111111
1061.9896907216496
1062.72
1062.64
1061.9583333333333
1061.9896907216496
1062.52
1061.9263157894736
2677.34
1062.6
1062.0105263157895
1063.32
1063.24
1511.51
1062.84
1063.0
1063.0
1062.3
1062.6
1062.2244897959183
1062.72
1780.28
1063.16
1063.28
1062.96
1063.32
1063.36
1063.36
1063.32
1063.4
1063.56
1062.96
1062.64
1063.48
1062.92
1063.0
1062.92
1063.44
1062.0416666666667
1062.1546391752577
1063.2
1063.16
1062.6
1063.36
1421.44
1063.0851063829787
1062.76
1062.88
1062.939393939394
1063.7096774193549
1063.2
1691.13
1063.12
1063.4242424242425
1063.16
1063.204081632653
1062.1134020618556
1062.6
1242.06
3932.72
1515.1313131313132
1063.12
1062.72
1062.3
1063.36
1062.88
1063.12
1062.88
1062.96
1153.07
1242.47
3305.11
1062.4315789473685
1063.64
1062.51
1063.36
1869.63
1062.72
1063.2626262626263
1063.36
2318.82
1062.0729166666667
1511.71
1063.44
1063.4
1959.7
1063.2
1063.16
1062.7373737373737
1063.3673469387754
1062.6
1063.3434343434344
1063.4
1063.04
1063.32
1062.96
1062.0105263157895
1063.5684210526315
1063.52
1063.44
1062.88
1152.79
2408.81
1063.32
1063.48
1062.8
1063.06
1063.44
1063.6
1331.77
1062.68
2677.74
1063.68
1063.12
4201.97
1062.6
1063.4646464646464
1063.4
1063.3673469387754
1062.142857142857
1063.3434343434344
1063.48
1063.4
1062.8989898989898
1063.6
1062.56
1063.43
1062.979381443299
1063.48
1063.2
1063.16
1063.2222222222222
1063.68
1063.52
1063.76
1063.5979381443299
3752.9
1062.0947368421052
1063.88
1062.76
1063.72
1063.44
1063.1122448979593
1063.36
1063.6262626262626
1063.31
1063.14
1063.44
1062.88
1063.0416666666667
1063.5979381443299
1062.96
1063.16
1063.76
1421.64
1063.5806451612902
1063.68
1063.48
1062.8367346938776
1063.64
1063.6122448979593
1063.48
1063.6
1063.76
1063.68
1063.52
1063.5454545454545
1063.64
1062.6
1063.76
1063.639175257732
1152.39
1063.72
1242.66
1063.6122448979593
1063.52
1063.5454545454545
1063.6666666666667
1063.6
1421.96
1063.7070707070707
1063.6530612244899
1691.01
1242.7
1242.66
1063.52
1153.19
1332.45
1063.52
1063.56
1063.28
1063.36
1062.6421052631579
1242.18
1063.4
1063.3265306122448
1152.99
2228.99
1063.44
1063.44
1063.24
1063.56
1063.44
1063.408163265306
1063.0816326530612
1063.0645161290322
1062.68
1063.2
1062.5164835164835
1689.93
1063.48
1780.74
1063.5408163265306
1062.99
1421.12
1062.92
1063.52
1062.360824742268
1063.59
1063.04
1153.31
1063.24
1063.3030303030303
1063.1894736842105
1062.4
1063.6
1063.3673469387754
1261.9555555555555
1062.6
1152.51
1063.4
1870.67
1062.84
1248.1134020618556
1063.64
1063.26
1063.32
1062.96
1063.08
1063.4
1242.02
1062.939393939394
1062.84
1062.86
1062.72
1062.1122448979593
1063.08
1062.84
1062.0204081632653
1062.64
1063.0
1062.939393939394
1428.1836734693877
1062.36
1061.9462365591398
1063.0
1062.84
1245.1020408163265
1061.9263157894736
1061.9583333333333
1063.0
1063.24
1062.8
1062.41
1063.1
1062.67
1241.9
1421.32
1062.44
1152.67
1063.12
1062.68
1062.56
1421.52
1062.56
1061.8936170212767
1062.0416666666667
1062.56
1062.2424242424242
2676.54
1062.38
1062.76
1063.12
1063.2
1690.69
2587.71
1062.28
1152.59
1063.24
1062.88
1063.08
1063.32
1063.44
1063.12
1063.08
1062.83
1063.24
1062.92
1062.68
1331.97
1062.64
1062.72
1421.92
2139.08
1152.83
1063.16
1421.8
1063.36
1063.12
1062.92
2228.67
1062.72
1062.88
1063.04
1062.6
1063.2
1062.6
1063.28
1241.98
1062.96
1062.573033707865
1063.2
1063.16
1062.96
1063.2
1063.4
1062.65
1062.8
1062.64
1063.25
1062.56
1062.64
1063.12
1062.64
1062.76
1062.36
1063.0
1062.56
1062.4545454545455
1062.64
1152.909090909091
1062.6
1063.16
1063.24
1511.71
1062.8080808080808
1063.12
1063.204081632653
1063.2
1062.92
1062.88
1062.92
1063.31
1063.12
1063.28
1063.0
1062.92
1063.2
1063.2
1062.8
1063.16
1062.81
1063.1443298969073
1062.84
1063.4
1063.04
1063.2
1063.2
1063.06
1062.68
1063.16
1062.88
1063.32
1063.08
1062.87
1063.16
1600.46
1063.08
1062.8
1063.4
1062.84
1062.76
1063.12
1063.12
1063.16
1062.88
1063.04
1063.2
1062.84
3484.13
1062.9183673469388
1062.48
1063.08
1063.24
1063.0
1063.04
1063.12
1062.92
1062.72
1063.08
1062.25
1063.28
1063.28
1062.8
1062.92
1257.9782608695652
1062.68
1062.92
1063.020202020202
1062.6
1062.72
1063.0
1511.59
1062.76
1062.52
1063.48
1062.81
1062.88
1063.12
1063.08
1063.24
1063.0
1063.0
1062.92
1062.92
1062.84
1063.13
1063.08
1063.32
1063.0
1063.12
1062.7373737373737
1063.32
1063.08
1063.0
1063.141414141414
1063.16
1061.9462365591398
2228.71
1062.88
1063.0
1601.26
1063.32
1063.12
1062.72
1063.0
1063.04
1063.16
1062.96
1063.12
2677.26
2049.53
1062.84
1063.04
1062.84
1063.28
1063.32
1063.08
1062.84
1062.8
1063.28
1063.04
1062.8
1063.16
1063.28
1062.96
1062.8144329896907
1062.8
1063.12
1063.12
1063.2
1062.72
1062.752688172043
1062.48
1063.12
1063.2
1063.28
1062.72
1062.6
1063.09
1062.92
1062.92
1062.76
1062.89
1063.2
1063.28
1062.75
1960.14
1063.28
1063.0
1063.28
1062.52
1062.061224489796
2228.63
1062.92
1063.08
1063.08
1063.04
1062.96
1063.04
1063.12
1063.2
1062.84
1062.6
1062.92
1063.0
1063.16
1063.28
1062.92
1062.72
1062.84
1063.44
1242.78
1062.54
1063.32
1242.22
1063.24
1063.2
1063.08
1063.4
1063.4
1063.16
1242.54
1063.1224489795918
1063.2
1063.28
1062.96
1063.16
1063.0
1063.32
1063.2
1063.08
1062.92
1063.24
1062.5121951219512
1063.24
1063.04
1062.84
1152.59
1062.68
1062.28
1063.16
1061.9767441860465
1063.24
1870.43
1063.0
1063.0
1063.08
3125.05
1062.88
1062.92
1062.84
1062.8
1063.08
1062.8
1063.08
1063.04
1063.16
1063.36
1063.04
1063.07
1062.88
1062.56
1063.04
1063.2
1242.54
1062.84
1063.28
1063.16
1062.96
1062.76
1062.76
1062.76
1062.88
1062.56
1063.08
1062.5744680851064
1062.72
1062.72
1063.28
3215.08
1062.56
1063.08
1062.96
2049.45
1063.36
1062.56
1063.16
1063.28
2408.29
1063.32
1690.21
1063.24
1063.2
1063.28
2049.37
1152.71
1062.84
1062.8
1063.12
1063.04
1062.0212765957447
1062.84
1062.68
1062.88
1062.76
1062.88
1062.96
1063.0
1063.2
1062.5757575757575
1062.96
1062.88
1062.4505494505495
3125.45
1062.76
1063.08
1063.0
1152.87
1062.88
1062.88
1063.1818181818182
1063.2
1063.28
1062.0752688172042
1063.52
2767.01
2946.19
1063.4
1063.72
1063.12
1062.76
1063.0
1968.2121212121212
1062.0
2049.57
1063.48
2498.12
1063.6
1960.14
1332.13
1062.94
1062.88
1063.08
1063.08
1063.16
1063.16
1600.78
1063.08
1870.39
2318.58
1242.22
1062.0309278350514
1063.24
1061.9565217391305
1062.64
1959.82
1062.063829787234
1062.375
1063.4
1063.2
1063.84
1062.56
1063.36
2048.85
1063.56
2139.15
1063.23
1063.76
1242.46
1063.44
1063.31
1063.08
1063.24
1600.86
1063.04
1063.08
2408.13
1063.28
1063.0
2766.89
1063.0
2318.86
1062.2631578947369
1062.96
1063.32
1063.56
1871.07
1063.04
1062.52
1063.12
1062.0549450549452
1062.3673469387754
1063.12
1062.56
1063.28
1063.08
2138.92
1063.16
1063.08
1063.44
1331.97
1062.74
1062.6521739130435
1063.24
1063.12
1062.68
1063.32
1241.98
1063.04
1063.0
1063.08
1062.92
1062.88
1063.12
1242.14
1063.2
1063.0
1063.56
1062.96
1063.63
1063.2
1063.32
1063.16
1601.1
1152.39
1062.96
1063.0
1062.6
1063.4
1062.88
1063.4
1062.0212765957447
1063.24
3125.09
1062.92
1063.52
1062.88
1062.76
1062.0212765957447
1063.08
1062.88
1062.84
1063.32
1780.4
1063.28
1062.2916666666667
3483.85
1062.68
1063.12
1063.28
1062.72
1063.12
1063.08
1062.92
1063.4
1063.12
1062.68
1063.28
1062.8
1063.0
1063.0
1062.032258064516
1062.0947368421052
1062.84
1063.08
1063.24
1063.24
1063.4
1062.92
1062.92
1063.24
1063.1
1063.4
1062.063829787234
1063.4329896907216
1063.26
1062.032258064516
1063.32
1062.88
1063.25
1063.92
1063.89
1062.8
1063.36
3215.04
1063.8
1512.07
1062.68
1063.4
1063.9450549450548
1063.12
1063.24
1063.64
1064.0
1870.47
1063.85
1242.3
1063.68
1063.68
1063.84
1063.56
1063.24
1063.08
1600.94
1062.6
1063.36
1062.44
1063.04
1063.64
1063.6
1063.87
1062.0
1063.52
1062.3737373737374
1062.0105263157895
1063.08
1063.0
1691.57
1421.36
1063.04
1063.28
1152.95
1063.4367816091954
1063.44
1062.0434782608695
1062.1827956989248
1063.64
1063.24
1063.36
1063.0602409638554
1063.72
1061.967032967033
1062.96
1062.0309278350514
1063.36
1062.0222222222221
1062.92
1063.08
1152.83
1063.42
3842.61
2408.57
1063.12
1062.68
1063.16
1063.0
1062.85
1062.96
1063.32
1063.52
1063.45
1063.0
2407.89
1063.2
1063.0
1063.56
1063.08
1063.28
1062.86
1063.12
1063.24
1063.28
1062.6
1062.032258064516
1062.56
1063.52
1062.5
1780.8
1063.56
1062.0752688172042
1063.4
1063.41
1062.68
1063.14
1061.6046511627908
1063.83
1062.0212765957447
1062.52
2498.0
1063.07
1063.56
1063.4
1062.0752688172042
1062.98
1062.68
1063.4
1062.8
1063.4
1063.44
1063.08
1063.44
1062.0752688172042
1063.16
1062.84
1062.438775510204
1062.92
1062.96
1063.33
1062.68
1062.0549450549452
1062.92
1062.68
1062.0416666666667
1063.04
1061.9462365591398
1062.92
1062.8
1062.1958762886597
1062.4020618556701
1063.12
1870.51
1062.56
1061.989247311828
1062.68
1063.32
1063.0
1062.0105263157895
1062.8
1062.75
1062.84
1063.24
1063.07
1062.0
1063.44
1062.76
1063.64
1063.0
1063.64
1062.96
2049.49
1062.99
1063.68
1062.9
1063.52
1063.52
1063.08
1063.03
1063.72
1062.68
1063.28
1063.28
1063.08
1063.55
1062.0212765957447
1063.4
1062.36
1063.24
1063.28
1062.73
1062.8222222222223
1063.34
1062.0869565217392
1062.010989010989
1690.73
1062.0434782608695
1062.68
1062.4545454545455
1063.06
1063.17
2677.14
1062.8
1063.2
1062.3181818181818
1064.08
1062.050505050505
1063.55
1063.6
1062.1739130434783
1062.32
1063.48
1062.1063829787233
1061.9787234042553
1062.142857142857
1062.142857142857
1690.61
1063.28
1062.0204081632653
1063.4489795918366
1062.88
1959.38
1063.8041237113403
1062.9591836734694
1062.0416666666667
1870.15
1064.0
1063.48
1063.44
1250.3541666666667
2856.52
1063.72
1063.4
1332.45
1062.6
1063.48
1063.6
1063.72
1063.56
1063.44
1062.92
1063.32
1063.0
1063.28
1063.639175257732
1063.52
1063.48
1063.36
1063.48
1063.2
1063.52
1063.08
1063.52
1063.56
1063.12
1063.36
1063.76
1063.32
1063.36
1063.64
1063.0
1063.32
1063.63
1062.92
1063.36
1062.86
1062.77
1063.16
1063.44
1063.24
1153.11
1063.28
1063.36
1063.68
1063.4
1063.48
1063.36
1063.08
1063.08
1063.52
1063.12
1063.04
1063.0
1063.2
1063.12
1063.28
1063.2626262626263
1063.0
1062.92
1242.5
1063.2
1062.68
1062.8556701030927
1062.89010989011
1063.28
2139.12
1062.76
1062.99
1511.35
1063.32
1063.12
1063.12
1062.96
1062.84
1063.04
1062.88
1062.88
1062.68
1062.5
1062.84
1152.87
1062.6
1062.5510204081634
1063.1904761904761
1063.24
1062.6
1063.04
1062.96
1063.0
1063.04
1063.12
1062.96
1421.88
1063.1855670103093
1063.12
1511.15
1063.16
1062.96
1063.2
1063.12
1062.88
1063.24
1062.96
1063.28
1063.36
1062.82
1063.08
1063.32
1152.75
1062.939393939394
1063.08
1063.2
1063.12
1063.12
1062.76
1780.0
1062.92
1063.35
1062.659574468085
1062.76
1062.74
1063.16
1062.76
1063.3157894736842
1062.92
1062.7391304347825
1062.7777777777778
1062.59
1062.64
1063.12
1062.88
1062.76
1063.060606060606
1063.0
1062.68
1062.84
1062.96
1063.08
1063.12
1063.48
1063.28
1062.88
1062.88
1063.12
1062.76
1063.08
1063.1632653061224
1062.84
1062.84
1062.8
1063.08
1063.16
1063.020618556701
1062.8
1063.16
1062.8
1062.68
1601.18
1063.16
1062.48
1062.72
2048.81
1600.66
1062.92
1062.48
1063.28
1063.32
1062.52
1063.2
1242.7
1063.2022471910113
1062.88
1062.52
1062.52
1062.8
1164.125
1062.72
1062.8
1062.6
1062.88
1063.1505376344087
1063.04
1062.64
1063.2
1063.03
1063.2222222222222
1062.0243902439024
1062.76
1062.81
2407.57
1063.2
1063.24
1062.92
1062.99
1062.8
1062.72
1062.96
1063.12
1063.0
1063.12
1063.32
1063.03
1063.36
1063.24
1869.71
1063.28
1063.1010101010102
1062.36
1063.0
1062.939393939394
1062.96
1063.020202020202
1063.12
1063.04
1063.24
1062.8
1062.88
1062.7731958762886
1063.24
1063.04
1242.06
1062.76
1063.12
2228.79
1063.12
1063.12
1063.08
1063.16
1062.123595505618
1062.88
1063.2916666666667
1062.64
1421.36
1062.92
1063.04
1063.16
1063.12
1063.0
1062.96
1063.16
1062.76
1062.7777777777778
1062.7826086956522
1062.96
1062.0947368421052
1062.72
1063.0
1063.0816326530612
1062.91
1062.84
1062.8
1062.76
1259.8351648351647
1062.9789473684211
1063.64
1062.1363636363637
1062.64
1063.3829787234042
1062.0
1062.061224489796
1780.88
1063.08
1063.56
1063.5833333333333
1062.92
1063.36
1063.3333333333333
1063.6
1063.32
1061.8602150537633
1063.52
1062.84
1061.9263157894736
1063.16
1062.0869565217392
1063.52
1422.28
1063.52
1511.67
1063.12
1511.59
1063.48
1063.4
1062.5466666666666
1062.8
1062.68
1062.76
1061.9484536082475
1061.9166666666667
1062.76
1063.08
2049.53
1062.96
1063.24
1063.494623655914
1062.96
1063.24
1063.68
1063.16
1063.24
1063.36
2228.71
1242.78
1063.2
1063.0
1063.4
1063.2
1062.1489361702127
1063.52
1063.12
1063.16
1063.32
1063.32
1063.44
1063.12
1063.08
1062.64
1063.0
1062.64
1061.936170212766
1062.64
1062.64
1242.58
1063.120481927711
1062.96
1063.44
1062.72
1063.12
1063.12
1062.3061224489795
1062.5102040816328
1061.9292929292928
1062.6103896103896
1063.5154639175257
1062.56
1062.6
1062.84
1063.28
1063.0425531914893
1063.12
1062.96
2229.35
1063.56
1062.4141414141413
1062.92
1063.0816326530612
2228.07
1061.9896907216496
1062.52
1061.8936170212767
1062.76
1062.8181818181818
1061.936170212766
1061.9583333333333
1063.08
1063.28
1063.060606060606
1062.76
1600.1
1062.6565656565656
1062.16
1062.8989898989898
1062.41
1061.9795918367347
1063.24
2049.69
1062.5353535353536
1690.61
1152.59
1063.1224489795918
1063.36
1063.2
1062.6326530612246
1063.2448979591836
1063.0416666666667
2408.21
1062.28
1062.6
1063.2
1063.16
1063.2
1063.06
1063.04
1063.32
1062.72
1062.88
1062.76
1063.6
1061.9896907216496
1062.9
1063.16
1063.24
1063.16
1063.08
1063.12
1063.16
1063.0
1062.9775280898875
1062.88
1062.4020618556701
1063.16
1063.10989010989
1062.52
1061.9462365591398
2138.88
1063.24
1332.09
1063.12
1959.94
1063.24
1062.9555555555555
1062.4949494949494
1062.48
1063.375
1063.1224489795918
1063.36
1063.04
1063.125
1062.96
1063.6
1062.92
1870.27
1062.7142857142858
1062.96
1063.44
1063.36
1063.12
1062.8
1063.2
1063.212765957447
1062.92
1063.4
1063.3838383838383
1062.92
1063.28
1063.2
1062.9
1062.68
1063.08
1063.16
1063.23
1063.4489795918366
1063.24
1063.24
1063.0869565217392
1063.4
1062.6941176470589
1063.24
1062.8
1063.4489795918366
1063.4
1063.52
1063.44
1063.16
1869.83
1063.36
1063.08
1063.1333333333334
1062.92
1063.05
1421.76
1062.56
1063.4
1063.5934065934066
1063.36
1063.24
2228.47
1063.16
1063.48
1063.32
1063.48
1063.48
1063.4
1063.24
1063.36
1063.28
1152.99
1063.0454545454545
1063.2
1332.09
1063.0833333333333
1063.04
1063.16
1063.6
1063.1443298969073
1063.08
1063.4
1063.304347826087
1063.24
1242.5
1063.24
1063.28
1063.28
1063.52
1063.48
1063.12
1063.08
1063.141414141414
1063.32
1063.52
1062.64
1063.120481927711
1063.72
1063.6
1063.48
1063.48
1063.3265306122448
1063.12
1063.2
1063.27
1063.36
1960.22
1063.29
1063.4
1063.2
1063.24
1063.2222222222222
1062.96
1063.6
1062.0212765957447
1062.88
1063.24
1063.48
1063.2
1062.0526315789473
1063.36
1063.52
1601.26
1063.68
1062.0549450549452
1063.24
1063.56
1063.16
1063.4
1063.52
1063.48
1063.44
1063.2553191489362
1063.1951219512196
1062.84
1061.9565217391305
1063.52
1601.34
1063.3838383838383
1063.08
1062.0416666666667
1062.72
1063.2
1063.2553191489362
1062.52
1062.0947368421052
1063.44
1062.47
1062.0549450549452
1153.07
1063.28
1063.0
1062.969696969697
1062.93
1062.3333333333333
1063.1739130434783
1063.16
1061.989247311828
1062.92
1063.4
1780.36
1063.58
1063.56
1063.8
1063.8
1063.8
1063.64
1063.08
1062.8
1062.0526315789473
1062.36
1062.72
1062.0
1063.6
1063.64
1063.56
1063.6262626262626
1062.76
1063.2
1063.8
1063.84
1062.56
1062.0434782608695
1063.6
1063.44
1332.57
1063.6
1063.64
1063.84
1063.44
1063.08
1063.84
1063.88
1063.48
1063.4
1063.52
1691.45
1063.68
1063.62
1063.72
1063.84
1063.44
1062.48
1062.56
1063.44
1063.0
1063.68