872
877
763
284
317
476
285
306
14
143
541
343
147
177
474
178
958
167
354
701
808
912
790
464
657
62
146
608
364
559
419
461
559
510
403
196
152
520
162
197
219
558
304
798
680
988
935
864
183
414
554
572
934
831
765
647
835
768
278
876
352
673
829
428
806
50
232
387
838
931
647
678
131
758
488
584
163
51
254
846
662
784
349
324
712
661
950
607
879
830
583
58
541
397
958
47
151
748
435
714
202
245
481
524
231
885
748
218
211
73
96
129
23
958
799
423
685
380
695
264
570
374
598
530
22
508
480
420
696
69
269
408
248
831
9
764
852
671
338
49
672
519
480
277
479
63
783
872
332
84
501
771
127
584
137
51
249
141
208
31
138
795
116
493
164
519
967
843
707
353
999
390
492
487
50
543
691
35
989
573
370
534
356
495
308
171
887
715
702
348
389
231
581
323
615
561
562
185
292
462
531
632
109
494
996
905
379
459
145
273
659
756
218
215
97
726
552
84
228
431
687
113
597
780
660
701
430
792
505
899
880
485
464
519
909
857
439
526
252
237
161
883
430
319
888
211
61
794
525
956
796
868
10
93
541
193
934
654
150
564
515
835
954
822
410
974
188
849
988
932
852
433
4
44
179
340
141
576
265
666
342
345
302
184
267
692
460
906
181
92
686
584
172
617
199
564
955
805
804
947
614
293
153
357
737
190
295
324
306
446
141
970
681
449
702
203
508
76
928
54
637
50
320
169
84
47
51
613
982
264
151
996
186
642
209
135
375
302
130
788
742
153
302
546
132
897
172
613
604
126
473
902
730
776
367
89
745
81
613
813
28
20
395
116
625
235
203
60
931
315
469
909
721
108
133
934
53
771
790
724
936
414
371
130
959
815
394
136
268
476
873
990
915
525
276
995
544
857
464
508
42
176
206
376
977
438
871
387
586
448
598
714
923
748
843
170
546
353
782
918
395
545
630
410
218
881
694
336
234
414
632
30
333
951
128
556
59
631
548
838
5
284
461
850
205
730
73
632
272
231
960
282
484
302
91
296
192
333
876
484
571
158
906
449
553
991
935
611
53
608
301
664
83
418
874
285
485
594
416
601
728
810
491
764
946
361
220
60
607
948
472
166
124
723
747
572
338
94
550
769
692
225
295
549
958
954
607
966
250
102
399
674
688
888
247
360
72
277
189
230
261
816
525
970
368
549
926
893
345
210
919
877
23
160
880
435
480
114
223
632
417
379
436
237
654
603
561
525
33
369
158
41
596
72
447
625
240
686
104
403
743
26
195
718
259
612
428
323
677
805
704
481
302
202
552
377
511
924
662
2
615
292
317
687
398
874
424
169
128
669
507
636
873
540
771
884
820
855
676
816
449
586
816
697
751
502
513
595
643
533
345
855
555
845
166
898
927
273
345
236
889
129
498
741
725
536
359
442
546
400
403
45
137
430
540
894
753
634
373
309
97
935
667
448
174
360
161
387
750
708
488
496
284
525
841
607
701
661
694
470
847
460
125
85
317
491
599
323
811
159
24
18
551
73
674
253
182
351
933
903
272
541
360
962
822
422
967
313
698
983
831
424
975
458
709
76
897
529
34
461
910
818
862
899
940
171
422
358
742
808
251
916
469
337
768
967
140
652
537
66
310
876
878
676
599
78
282
926
808
373
734
991
126
290
675
521
748
139
575
754
924
196
591
398
191
954
17
717
720
224
419
497
471
565
655
866
504
889
256
426
515
580
14
572
508
755
383
121
465
650
429
631
937
329
563
235
97
507
748
552
611
988
61
522
875
487
30
309
882
515
232
893
565
605
491
502
277
464
414
270
949
12
572
32
173
551
237
232
817
100
753
55
258
866
812
331
176
370
825
615
392
958
285
577
285
57
892
641
515
874
47
40
18
796
610
600
566
604
95
879
953
815
895
645
923
944
102
118
509
349
614
739
80
921
163
422
344
652
436
365
48
270
710
594
918
32
268
37
152
22
614
652
937
642
6
123
991
140
255
455
442
109
584
835
645
194
68
717
762
47
832
616
738
390
514
322
491
253
131
140
934
556
214
704
552
458
470
757
840
93
685
216
735
365
698
604
212
768
962
277
62
680
952
675
70
85
39
227
828
536
992
565
403
785
173
575
222
759
807
128
826
394
80
360
752
598
922
668
51
826
485
55
51
174
569
97
665
619
762
286
445
563
765
942
914
948
47
526
346
258
30
811
740
481
115
295
573
757
434
538
952
230
544
293
179
793
574
297
17
441
637
165
78
735
650
915
136
755
418
595
722
213
328
849
954
33
71
10
451
163
327
43
411
80
910
351
392
518
567
334
957
993
682
836
588
612
868
728
899
186
912
689
43
97
241
858
999
598
397
13
204
150
755
422
584
69
234
401
655
282
224
601
767
366
562
797
307
312
591
143
451
541
581
14
492
851
536
699
729
239
195
256
598
347
944
503
929
383
566
538
666
852
754
23
201
307
172
868
470
179
87
885
688
521
676
676
512
703
108
639
193
566
302
876
731
472
92
666
970
990
115
665
548
270
944
795
7
604
305
105
426
334
462
291
243
337
427
684
129
425
629
463
335
689
708
41
823
360
854
584
75
130
903
392
17
46
631
236
46
498
761
200
956
394
422
57
25
367
234
585
836
824
411
471
269
666
260
575
410
449
697
475
524
632
848
536
148
59
371
142
979
327
705
800
81
282
857
280
436
708
783
791
536
749
275
82
159
580
306
759
644
310
997
786
436
479
86
2
67
361
193
922
564
115
815
387
10
315
698
873
517
48
606
949
960
538
259
385
317
542
512
200
553
590
835
758
174
948
897
370
70
253
466
453
176
652
200
886
753
692
978
18
104
826
245
860
94
469
717
764
120
289
537
695
250
691
141
740
537
337
550
414
669
461
492
342
518
234
188
574
601
872
383
451
895
52
637
763
78
373
118
967
817
527
944
619
258
33
429
296
828
232
525
152
284
627
183
112
770
988
185
234
871
305
944
885
135
308
179
464
439
673
388
328
965
594
526
822
436
728
251
798
987
663
723
882
96
929
320
764
649
662
992
130
459
597
872
87
871
503
188
189
594
943
890
428
784
734
807
191
719
298
858
61
529
452
939
969
607
953
315
955
262
530
875
694
210
310
530
948
103
410
761
24
186
843
187
871
305
930
906
183
69
830
793
943
662
200
929
450
778
133
44
454
828
633
809
140
223
844
490
526
896
327
71
203
269
730
72
940
851
545
55
789
678
880
646
987
462
917
278
447
457
255
498
683
563
532
349
69
834
63
804
900
580
547
528
822
939
405
540
545
894
366
454
958
957
797
336
833
806
92
688
682
674
240
631
329
223
839
447
663
849
764
731
51
359
361
308
485
102
12
93
560
168
744
143
693
96
395
298
46
982
539
992
788
156
588
645
871
380
343
242
80
201
290
105
545
27
794
315
536
57
813
742
778
137
538
870
948
34
900
807
214
324
702
960
338
442
496
973
584
310
440
661
623
6
493
451
400
332
886
592
646
213
804
836
160
309
514
878
646
125
957
401
343
87
330
825
355
336
163
974
602
383
2
621
438
148
702
100
268
336
96
955
656
536
549
553
564
94
208
441
875
696
10
169
141
764
928
669
984
38
269
119
190
493
197
871
887
987
802
408
532
867
772
107
375
20
357
550
522
974
593
356
229
726
771
398
153
360
924
890
842
777
262
212
797
137
266
447
628
585
381
432
117
564
288
878
826
448
617
672
146
149
11
332
921
964
464
344
189
712
512
90
278
413
767
45
552
840
259
427
515
293
712
358
418
549
454
490
997
933
647
194
610
967
966
787
118
681
300
402
613
377
31
822
49
231
145
6
101
661
951
790
947
380
958
892
179
88
139
391
869
936
52
452
533
653
556
28
773
916
240
181
481
535
989
958
3
286
773
937
47
838
573
61
940
692
252
475
190
972
69
346
80
585
691
203
317
433
872
964
485
335
283
896
986
763
688
614
273
260
776
856
796
745
473
864
376
216
649
707
778
958
978
887
475
753
743
578
21
618
489
772
769
84
588
403
982
998
193
424
864
977
648
429
579
461
278
836
845
85
236
441
162
36
55
421
712
235
124
442
693
61
678
554
232
926
813
280
725
595
916
312
691
517
728
830
273
40
883
146
289
194
631
767
291
125
528
964
843
643
772
804
172
971
136
769
322
689
143
69
211
234
833
388
659
911
89
3
235
336
260
989
173
700
773
941
400
98
70
374
347
997
310
634
480
589
182
255
607
924
344
709
297
346
599
322
777
20
922
956
822
432
320
145
501
875
222
910
740
616
813
120
895
754
478
955
631
629
309
738
951
671
905
973
635
143
700
54
693
408
635
113
297
410
590
688
27
8
836
727
606
781
270
983
726
47
277
82
385
405
450
316
250
441
613
426
546
538
199
768
642
827
796
452
555
531
889
60
358
865
92
266
8
53
59
247
326
563
119
977
738
571
219
726
383
666
90
27
93
866
492
9
67
665
123
88
897
860
184
176
884
722
450
669
630
753
683
962
727
55
60
380
678
56
138
646
141
323
330
817
839
225
860
102
197
571
256
202
854
512
154
305
840
488
304
864
217
605
490
135
311
465
364
350
565
613
79
630
214
538
91
888
715
28
605
924
351
625
24
308
38
442
764
952
338
162
259
785
787
355
622
821
125
498
142
49
915
265
281
987
603
4
158
156
31
847
563
502
624
709
779
332
123
827
576
860
201
429
28
659
705
721
57
718
756
448
895
442
666
776
853
388
137
103
110
958
272
28
273
260
779
868
369
426
93
874
708
379
767
846
495
540
468
797
80
706
580
102
432
616
935
914
902
3
643
314
310
960
969
679
730
214
609
432
827
886
76
442
594
657
685
791
924
620
565
880
831
500
534
493
762
466
767
399
760
109
743
89
950
222
650
446
549
537
5
206
729
724
491
547
621
637
495
263
166
246
829
343
770
512
886
525
402
780
986
174
239
213
639
573
271
243
519
343
253
945
392
865
79
299
521
157
459
272
19
625
153
723
173
810
423
849
768
771
80
399
170
559
250
508
353
122
260
249
183
871
846
280
604
330
950
425
56
26
678
993
459
714
914
288
2
676
587
250
478
492
417
835
881
788
352
125
890
499
791
972
327
618
624
880
651
600
594
478
501
555
684
302
146
473
280
530
254
748
656
83
115
407
414
953
338
512
257
903
432
675
164
836
572
954
547
446
491
112
66
247
273
51
564
24
998
856
655
215
340
593
370
624
381
320
1
290
542
449
375
568
429
566
27
346
188
702
788
660
68
664
662
24
422
17
369
732
789
296
676
401
785
105
805
16
820
625
892
970
24
86
686
858
78
679
433
370
27
501
652
134
966
213
555
474
524
112
78
816
120
562
880
36
2
510
957
527
736
693
67
894
517
546
396
423
49
738
947
701
612
575
516
886
891
220
937
110
175
959
410
755
210
512
663
677
606
590
931
964
109
859
208
495
603
897
442
556
808
17
785
234
4
502
376
628
124
844
632
290
62
951
707
385
59
770
960
110
166
408
365
63
528
261
270
527
286
944
601
352
730
29
814
82
373
54
801
94
418
654
715
632
66
810
938
385
113
905
39
600
714
969
731
677
374
437
4
553
964
903
553
529
293
950
482
341
874
668
741
407
949
802
118
585
172
478
783
685
532
213
759
917
51
36
620
42
832
636
848
739
418
992
163
103
783
226
589
433
925
469
478
223
605
175
410
260
648
316
257
531
57
139
255
724
556
978
184
227
594
649
752
636
408
733
127
692
362
219
356
502
609
254
479
596
70
989
390
112
56
611
769
138
956
497
369
147
197
327
261
81
679
641
767
875
260
888
271
325
327
793
353
727
539
112
293
923
862
34
393
949
381
393
686
824
411
393
923
392
110
482
916
590
140
479
680
636
893
32
411
487
229
220
867
84
200
864
936
190
655
776
962
905
214
745
147
421
570
822
351
90
664
87
840
36
579
559
589
584
488
478
967
512
935
741
391
348
892
32
655
176
197
509
74
564
469
211
153
369
934
519
657
361
479
367
826
161
350
235
666
957
965
729
46
927
198
254
930
183
649
206
916
496
833
55
463
191
22
562
775
763
102
233
709
388
550
886
301
37
565
670
537
91
331
149
431
109
673
37
143
458
912
876
913
947
574
646
547
746
964
266
89
531
10
186
333
141
349
392
659
115
833
260
880
391
648
225
98
871
641
860
974
787
970
618
11
924
685
959
320
871
515
401
196
317
485
467
441
840
981
113
949
901
207
225
673
196
920
576
33
363
858
348
187
91
190
624
45
80
78
771
112
209
915
837
169
107
281
494
407
71
665
186
907
835
238
148
130
532
758
78
714
571
833
919
440
141
166
404
300
822
47
93
329
636
906
42
440
610
426
871
609
46
151
663
624
422
898
761
421
939
282
547
303
683
904
721
925
373
135
723
580
358
343
310
898
832
835
405
896
744
568
752
973
474
644
27
768
880
394
807
294
481
55
269
206
735
536
678
873
922
256
29
222
138
879
183
23
205
269
965
713
781
600
823
811
23
770
321
284
923
390
351
374
573
70
74
551
894
183
589
765
770
641
181
615
310
348
905
993
542
737
483
180
926
383
598
280
102
811
900
36
270
227
70
951
796
452
214
965
127
120
125
206
675
503
311
522
576
852
682
832
905
287
370
721
577
526
109
988
953
680
566
493
25
193
911
216
345
445
564
378
26
90
57
654
376
212
181
399
53
899
491
792
631
85
145
710
425
268
686
473
11
383
172
793
628
946
191
109
183
668
857
828
782
648
937
765
439
79
451
612
565
76
869
209
443
253
549
750
700
638
899
440
147
795
9
80
326
726
885
841
982
662
491
745
922
53
98
195
882
217
357
719
525
351
578
124
833
730
962
600
841
537
237
595
664
479
320
838
49
220
399
978
485
243
328
259
705
195
515
560
153
276
551
683
485
554
238
150
153
112
989
699
621
991
326
318
431
971
764
610
949
727
784
502
885
54
866
7
253
929
624
22
549
172
857
249
406
772
722
575
23
796
279
750
200
858
964
359
659
467
9
126
721
894
40
81
917
955
793
350
355
304
269
596
816
960
863
151
527
490
321
460
356
198
457
994
372
356
397
268
584
3
305
550
677
263
762
693
786
52
437
928
86
737
561
148
101
786
272
796
240
200
304
733
443
79
419
87
13
994
820
120
83
293
159
156
136
604
346
967
901
156
567
672
702
421
849
414
164
984
732
321
656
119
883
856
413
175
971
573
387
881
757
546
807
983
54
655
6
67
940
832
519
494
578
18
836
557
135
788
233
227
996
979
881
832
301
226
611
280
595
6
452
380
375
297
158
385
973
15
865
633
165
199
275
938
661
121
672
262
235
212
705
132
557
178
215
951
264
231
628
338
305
981
176
429
232
717
732
998
956
160
766
849
346
515
583
340
361
416
146
92
358
995
782
316
915
604
167
799
219
139
496
551
887
500
160
900
35
432
563
224
619
219
752
358
147
112
773
190
261
781
511
730
20
999
16
63
870
771
438
904
92
657
200
182
71
954
370
644
282
937
743
779
627
438
630
307
180
520
67
478
819
54
577
6
384
483
716
234
633
249
170
5
108
684
248
402
695
481
218
308
576
437
390
504
953
65
414
460
391
294
72
851
252
388
451
321
879
279
169
233
645
584
558
721
815
964
861
319
76
206
413
657
617
627
903
661
90
494
178
706
321
985
434
842
794
610
324
99
312
817
759
247
977
579
36
849
839
732
424
409
543
92
33
190
957
789
893
911
503
58
228
642
747
195
724
86
188
868
241
747
929
346
92
803
64
538
134
295
517
825
709
488
600
156
722
34
168
461
705
269
199
155
908
972
217
775
621
683
3
97
955
710
923
266
978
404
741
85
569
98
39
193
637
102
851
337
722
765
732
39
766
320
741
46
812
557
831
124
26
983
77
101
832
214
365
856
453
858
997
408
77
881
939
594
890
663
752
843
163
969
468
642
878
715
33
527
249
33
563
712
415
697
388
48
191
526
898
208
385
459
596
781
469
574
514
679
683
537
426
407
39
196
399
110
137
744
59
790
37
947
106
814
908
291
607
982
51
417
562
957
359
470
805
486
913
75
590
455
504
176
719
154
985
277
240
899
663
44
992
269
733
284
714
778
522
145
165
631
346
262
22
580
535
534
546
385
807
975
332
71
302
368
27
293
237
317
897
225
462
350
207
333
397
853
415
485
87
210
900
564
789
216
647
68
447
553
347
796
975
403
381
135
437
506
294
288
415
182
912
127
23
615
329
955
901
885
746
585
936
256
577
538
614
445
752
934
498
811
357
931
48
111
419
719
902
803
741
609
608
3
249
65
910
917
939
72
620
419
974
738
41
53
613
563
830
135
984
22
475
170
890
117
417
980
623
963
347
740
497
609
437
389
174
42
813
296
31
80
927
151
153
573
899
132
12
380
137
170
540
847
103
675
624
33
589
868
206
581
861
576
172
429
665
707
272
928
616
503
60
693
841
926
169
351
232
734
932
874
63
290
336
40
960
117
219
993
677
532
653
722
759
4
990
754
762
115
887
878
37
584
207
643
547
170
308
421
64
221
878
253
538
8
332
249
336
900
100
3
224
188
683
391
36
973
451
414
673
293
541
839
710
11
956
768
816
995
288
287
906
496
870
240
4
700
901
601
305
775
286
49
287
901
210
152
975
122
563
683
672
222
798
102
759
860
406
941
918
144
888
583
590
8
568
680
958
436
296
954
954
355
789
410
339
56
449
743
732
852
585
573
159
879
281
988
613
848
781
813
223
445
560
676
140
788
624
701
82
395
656
206
796
460
638
304
791
96
371
845
766
915
802
504
910
363
303
747
952
195
540
190
103
422
597
666
341
322
347
606
278
794
322
806
182
594
398
771
731
653
930
837
794
797
521
472
311
747
653
184
549
219
863
108
807
176
361
824
406
385
450
479
105
890
285
145
960
909
802
759
852
982
781
609
60
482
166
708
635
612
757
164
204
294
437
135
375
535
658
200
423
904
399
617
359
46
904
433
661
360
202
597
224
595
530
658
402
572
84
650
943
65
272
16
925
19
3
877
852
916
776
406
493
408
742
871
349
10
738
930
903
573
963
254
14
595
191
475
427
980
895
416
678
921
958
827
737
562
613
777
481
467
217
813
605
353
568
783
908
526
781
151
194
707
910
510
705
462
52
392
581
595
471
614
980
525
698
116
262
203
242
848
341
349
439
501
833
493
573
431
549
628
345
58
879
757
285
138
934
274
552
540
371
427
17
461
668
333
591
102
370
82
563
43
255
486
206
120
526
609
583
585
224
278
912
273
968
672
316
199
182
988
970
43
970
497
304
834
137
423
426
160
373
714
59
65
794
39
584
409
847
605
883
468
176
196
780
465
504
289
501
675
691
218
152
550
47
435
336
499
195
936
526
774
719
51
80
374
323
647
733
47
897
245
78
171
408
253
424
918
61
525
436
619
410
114
452
704
741
570
730
330
992
874
898
36
960
188
628
820
803
664
124
706
407
61
203
302
465
346
110
942
669
865
575
415
563
130
160
552
870
910
537
16
975
804
303
922
584
94
70
318
449
89
235
531
251
737
65
839
197
31
81
814
385
240
1
454
64
777
139
646
852
940
921
880
193
968
849
432
780
325
518
361
115
264
367
720
981
619
395
360
656
411
870
16
83
765
506
119
862
286
244
768
643
788
343
229
925
474
315
412
866
839
712
69
396
215
886
344
123
959
99
414
751
730
244
235
509
830
119
698
587
159
45
980
710
582
301
189
598
321
34
406
881
121
683
540
18
561
49
220
362
716
453
588
302
982
730
340
943
519
437
760
582
165
746
361
500
279
29
528
65
937
530
428
438
973
332
283
783
306
565
234
438
947
372
218
322
860
758
18
733
906
22
83
796
307
37
685
447
359
359
86
871
458
433
874
130
241
904
363
210
922
841
314
585
978
123
147
851
537
179
418
408
176
75
415
622
135
364
789
588
128
274
880
350
487
911
698
570
684
202
224
599
244
746
456
453
492
222
52
126
895
763
487
423
945
548
159
138
341
405
807
788
272
241
172
773
675
685
680
393
10
540
733
363
375
96
482
483
729
576
772
988
575
296
582
985
677
87
154
971
384
881
223
189
261
627
322
847
409
705
596
265
849
649
744
771
266
618
18
22
696
755
827
641
29
602
954
219
869
888
266
92
935
710
615
40
801
626
774
375
525
842
211
932
629
528
646
169
231
605
297
393
661
278
602
864
2
265
753
213
927
226
895
905
248
855
241
414
186
690
455
86
630
768
439
924
6
293
500
194
878
715
950
806
465
279
721
281
200
952
473
883
41
250
464
737
647
972
973
464
845
157
959
621
791
167
886
178
822
653
190
849
828
219
373
846
977
940
624
393
303
758
513
724
670
987
664
681
140
651
875
18
85
212
898
53
720
240
652
310
446
491
242
661
915
635
134
273
955
950
648
891
125
861
7
672
31
424
732
877
316
531
882
722
902
747
744
902
328
253
515
224
923
889
636
452
487
510
357
975
27
355
608
548
126
174
743
493
69
78
828
769
407
554
503
923
60
778
489
749
37
286
826
987
823
640
950
841
142
227
738
70
489
777
10
646
642
42
623
390
73
222
80
913
315
97
528
448
892
132
792
604
746
113
532
344
308
244
700
353
565
527
321
84
789
833
86
184
40
535
86
931
37
918
489
631
106
70
705
934
214
534
390
901
777
967
545
695
390
129
240
799
637
918
436
84
227
673
152
747
266
871
294
222
927
355
536
194
222
278
145
428
885
170
53
489
378
4
774
385
661
550
482
564
51
726
555
306
306
76
317
346
968
823
738
510
443
833
580
505
346
235
675
734
245
659
711
521
456
726
353
153
416
6
670
648
47
955
640
858
983
830
477
11
821
812
810
869
564
357
378
69
315
961
861
272
803
871
965
912
133
670
231
141
701
463
851
45
31
502
487
805
373
464
651
21
293
756
167
401
780
429
954
269
505
569
431
772
794
287
42
872
234
62
377
484
613
950
700
511
749
77
921
381
891
263
262
921
258
229
566
927
649
371
400
585
481
923
828
503
975
454
220
749
94
306
943
406
706
166
848
564
634
617
290
191
711
684
266
40
963
909
841
926
334
480
648
621
578
982
544
383
802
339
108
892
227
465
975
858
190
571
187
583
324
857
296
803
243
560
908
345
310
113
913
491
871
755
980
330
236
634
935
50
645
203
534
842
822
341
448
108
796
400
693
840
681
837
874
826
367
44
449
864
35
713
801
686
796
221
92
969
341
878
680
85
644
974
516
438
213
77
809
79
29
845
821
33
429