23800.606741573032
28250.314606741573
27305.463917525773
20364.208333333332
21426.065934065933
14196.71
14750.244680851063
9026.260416666666
8878.646464646465
6462.0526315789475
4550.663265306122
1066.22
1065.445652173913
1066.8045977011495
1064.2409638554218
1062.406976744186
1829.1829268292684
2470.6626506024095
3125.5945945945946
10037.263157894737
10038.093333333334
7553.879518072289
1067.375
1067.575
1065.6161616161617
2105.695652173913
5130.430232558139
1064.0
3050.090909090909
1062.4507042253522
1063.3882352941177
5364.188405797101
1067.704918032787
5397.898876404494
8788.676923076922
5883.477611940299
1064.6351351351352
1067.0
1061.1016949152543
1067.8333333333333
1066.7826086956522
1064.0
1066.5
2059.0
10040.565217391304
7217.823529411765
1065.8552631578948
1065.2
1067.0
1064.639344262295
1963.9444444444443
7248.444444444444
1067.3207547169811
1064.8450704225352
1067.0
5462.264150943396
1065.0736842105264
1063.5238095238096
1063.089552238806
1064.542372881356
1067.04
1063.2666666666667
1060.0
3533.5
1068.0
4800.666666666667
3230.4032258064517
1060.6206896551723
10063.464646464647
5015.428571428572
9795.105263157895
4652.6
1067.0
1065.3064516129032
1064.6444444444444
1067.3243243243244
1065.081081081081
1063.5274725274726
1067.4782608695652
1067.921568627451
1067.0
2234.48
3671.35
7804.25
4363.025316455696
1061.6190476190477
1060.0
1062.5806451612902
1064.6206896551723
1068.0
1066.6823529411765
1064.0
1061.4545454545455
1060.0
10957.6125
1066.1363636363637
1064.0
1067.2413793103449
3150.1684210526314
1067.375
1067.157894736842
1065.9
1063.6043956043957
1060.509090909091
1064.0
1065.8602150537633
1067.560975609756
1068.0
1067.6266666666668
6819.186046511628
1066.763888888889
1060.0
12478.26923076923
1067.0
1067.0
1063.9368421052632
1064.78
1065.3255813953488
1064.9375
1064.14
1065.662162162162
1063.093023255814
4800.61038961039
4982.474358974359
1062.655172413793
1062.2857142857142
1066.1692307692308
1067.0
1061.9324324324325
1066.5230769230768
1065.5903614457832
1065.5326086956522
1065.8987341772151
1066.826923076923
1065.8148148148148
1063.6129032258063
1065.08
1062.4197530864199
1062.0869565217392
1060.0
1062.6666666666667
1064.0
1064.0
1064.0
1064.595744680851
1063.3478260869565
1067.0
1067.0
1063.2666666666667
1060.0
1061.4358974358975
1062.2027027027027
1065.987012987013
1068.0
1067.1272727272728
1064.7727272727273
1063.68
1063.1011235955057
1060.0
1062.3375
1066.1363636363637
1061.7721518987341
1064.3809523809523
1068.0
1066.2372881355932
1062.8875
1067.0
1065.8947368421052
1060.0
1063.111111111111
1067.0549450549452
1064.1304347826087
1064.0
1065.1170212765958
1061.0862068965516
1067.0
1066.3333333333333
1064.0
1061.7727272727273
1062.942528735632
1067.4024390243903
1067.8245614035088
1067.2
1061.679012345679
1064.0
1064.0
1061.9354838709678
1063.99
1061.6455696202531
1064.0
1060.6603773584907
1062.1777777777777
1061.7674418604652
1062.4594594594594
1060.0
1060.0
15623.058823529413
1067.3763440860216
1067.0
1066.8775510204082
1061.9887640449438
1062.1573033707866
1064.0
1064.3272727272727
1065.8947368421052
1066.611111111111
1066.3793103448277
1065.8648648648648
1067.1791044776119
1068.0
1068.0
1065.9368421052632
1064.0
1064.0
1064.0
1061.9565217391305
1064.0
1063.5555555555557
1063.15
1062.5263157894738
1062.0645161290322
1060.0
1060.952380952381
1064.0
1064.945205479452
1064.7721518987341
1062.120481927711
1060.0
1062.52
1067.0
1063.4054054054054
1064.0
1065.3908045977012
1067.7014925373135
1066.3516483516485
1066.2941176470588
1067.4842105263158
1067.2096774193549
1067.0
2590.627659574468
3858.0967741935483
4823.279569892473
2612.5172413793102
9156.463414634147
1247.0
1064.0
1063.7209302325582
1061.9148936170213
1060.6206896551723
1062.9777777777779
1063.52
1066.3370786516855
1063.7894736842106
1068.0
1064.28
1067.2542372881355
1062.65
1061.9148936170213
1064.0
1060.5384615384614
1068.0
1062.8701298701299
1067.0
1063.7752808988764
1060.5
1061.5802469135801
1062.3333333333333
1064.0
1064.0
1064.0
1062.7826086956522
1066.542372881356
1064.23
1062.0210526315789
1062.24
1061.6296296296296
1064.0
1060.9180327868853
1061.641791044776
1063.96
1062.7605633802816
1063.0967741935483
1065.0140845070423
1062.671052631579
1060.0
1060.0
1060.2307692307693
1064.0
1065.1625
1064.448717948718
1062.0
1062.1818181818182
1063.639175257732
1067.1346153846155
1068.0
1068.0
1067.75
1066.7794117647059
1064.9
1066.2380952380952
1067.0
1067.0
1067.0
1067.0
1065.4848484848485
1064.0
1065.5473684210526
1067.0
1065.0945945945946
1064.86301369863
1064.6190476190477
1064.75
1064.8695652173913
1064.0
1064.0
1064.0
1064.857142857143
1066.0142857142857
1064.3272727272727
1064.0
1065.08
1067.0
1067.0
1067.0
1067.0
1067.0
1067.0
1067.0
1067.0
1067.0
1067.0
1067.0
1067.0
1067.0
1067.0
1067.0
1067.0
1067.0
1067.0
1067.0
1067.0
1067.0
1067.0
1067.0
1067.0
1065.72
1067.0
1067.0
1066.45
1066.4406779661017
1066.1818181818182
1067.3428571428572
1067.1875
1067.5054945054944
1067.5348837209303
1067.438202247191
1066.3118279569892
1066.4315789473685
1067.5113636363637
1067.5172413793102
1067.516129032258
1066.621052631579
1067.3296703296703
1067.5348837209303
1067.0344827586207
1066.7802197802198
1067.2555555555555
1067.5393258426966
1065.49
1066.35
1066.38
1064.63
1063.375
1063.6
1062.6
1062.8265306122448
1063.52688172043
1063.5104166666667
1063.5
1062.9166666666667
1063.279569892473
1063.0212765957447
1062.75
1062.9157894736843
1062.7978723404256
1063.3829787234042
1063.3617021276596
1063.4606741573034
1063.1208791208792
1063.2857142857142
1063.1444444444444
1062.8444444444444
1062.10989010989
1062.0851063829787
1062.3222222222223
1061.9545454545455
1062.8522727272727
1062.2808988764045
1062.2988505747126
1062.1685393258426
1063.095238095238
1061.8139534883721
1062.8809523809523
1063.0232558139535
1061.7931034482758
1062.3636363636363
1063.0232558139535
1061.8295454545455
1061.942528735632
1061.9418604651162
1061.9887640449438
1062.7045454545455
1063.0361445783133
1062.964705882353
1062.3103448275863
1062.2093023255813
1062.1477272727273
1062.0786516853932
1062.2613636363637
1062.2758620689656
1062.9886363636363
1062.4606741573034
1063.057471264368
1063.1818181818182
1062.3820224719102
1062.9325842696628
1062.2045454545455
1062.7222222222222
1062.752808988764
1063.0232558139535
1062.75
1062.964705882353
1062.5
1062.4022988505747
1063.2747252747254
1062.8555555555556
1063.4719101123596
1063.111111111111
1062.2142857142858
1062.4186046511627
1062.465909090909
1062.426966292135
1062.4673913043478
1062.5581395348838
1062.3529411764705
1062.840909090909
1062.3333333333333
1062.2758620689656
1062.448275862069
1062.4166666666667
1063.0
1063.5108695652175
1062.978021978022
1062.894117647059
1062.1954022988505
1062.404761904762
1062.909090909091
1062.3333333333333
1062.4634146341464
1062.964705882353
1062.8214285714287
1063.3444444444444
1062.3176470588235
1062.547619047619
1062.8588235294117
1063.088888888889
1062.5681818181818
1062.5882352941176
1062.7142857142858
1062.4941176470588
1062.7469879518073
1062.392857142857
1062.6823529411765
1062.679012345679
1062.7176470588236
1062.6117647058823
1062.6707317073171
1062.7142857142858
1063.043956043956
1063.0786516853932
1062.44578313253
1062.4268292682927
1062.5487804878048
1062.7564102564102
1062.4939759036145
1062.5238095238096
1062.3176470588235
1062.8433734939758
1062.5647058823529
1062.7471264367816
1062.6506024096386
1063.2261904761904
1063.093023255814
1062.6511627906978
1063.314606741573
1062.4606741573034
1062.8117647058823
1062.6265060240964
1062.9767441860465
1062.9
1062.7613636363637
1063.0
1063.2105263157894
1063.2777777777778
1062.8823529411766
1062.710843373494
1063.0113636363637
1062.6117647058823
1062.632183908046
1062.7701149425288
1062.6666666666667
1063.0357142857142
1062.8068181818182
1063.3068181818182
1062.7710843373493
1062.593023255814
1062.7529411764706
1062.6976744186047
1062.8488372093022
1063.370786516854
1062.9058823529413
1062.4939759036145
1062.835294117647
1063.0581395348838
1063.268817204301
1062.7241379310344
1062.5058823529412
1062.367816091954
1062.8666666666666
1062.8
1063.0333333333333
1062.741573033708
1062.5454545454545
1062.7816091954023
1062.894117647059
1062.7228915662652
1062.632183908046
1062.7441860465117
1063.2222222222222
1062.5056179775281
1062.8295454545455
1063.2555555555555
1062.6818181818182
1063.0114942528735
1062.860465116279
1063.3370786516855
1063.0112359550562
1063.0674157303372
1062.8863636363637
1063.0337078651685
1062.5697674418604
1063.0232558139535
1062.7790697674418
1063.0227272727273
1062.702380952381
1062.6436781609195
1062.911111111111
1063.1827956989248
1063.1011235955057
1062.551724137931
1062.5977011494253
1062.5714285714287
1062.6265060240964
1063.1758241758241
1062.9885057471265
10148.602040816326
1062.8690476190477
1063.1063829787233
1062.8333333333333
1062.406976744186
1063.2736842105264
1062.7191011235955
1062.8461538461538
1063.268817204301
1063.2065217391305
1063.111111111111
1062.712643678161
1062.6781609195402
1062.655172413793
1063.2
1062.911111111111
1062.845238095238
1062.6588235294118
1063.25
1063.3846153846155
1063.2613636363637
1062.5747126436781
1062.8695652173913
1063.0361445783133
1062.4705882352941
1062.7586206896551
1063.1855670103093
1063.0425531914893
1062.8139534883721
1063.0537634408602
1063.088888888889
1063.4242424242425
1063.4891304347825
1062.9550561797753
1062.6470588235295
1062.5176470588235
1062.5348837209303
1063.0618556701031
1063.381443298969
1062.6279069767443
1063.6063829787233
1063.0
1062.6091954022988
1062.5180722891566
1062.7011494252874
1062.5176470588235
1062.4597701149426
1062.7241379310344
1062.5057471264367
1062.7325581395348
1062.841463414634
1063.47
1064.84
1066.4137931034484
1063.421052631579
4767.847826086957
4907.9670329670325
1383.3411764705882
1063.360824742268
1066.0520833333333
1277.9882352941177
4809.351648351649
4593.776595744681
4892.887640449439
4767.673913043478
4650.922222222222
4650.811111111111
4863.458823529411
4650.766666666666
4733.465909090909
4937.602272727273
5039.454545454545
4937.284090909091
4937.375
4819.03488372093
4113.19
1603.61
1066.9875
1066.0824742268042
1066.1938775510205
2411.16
3307.2
1066.9166666666667
1067.20987654321
1066.9759036144578
1066.659090909091
2680.39
4834.602272727273
4923.604651162791
4893.988764044944
4691.685393258427
4819.139534883721
4710.076923076923
4710.67032967033
4878.793103448276
4809.2967032967035
4994.6292134831465
5039.079545454545
4808.615384615385
3935.29
2115.872340425532
1435.9484536082475
1066.340909090909
1066.8271604938273
1067.0963855421687
1065.8181818181818
1066.0208333333333
1067.3292682926829
1066.845238095238
1066.6206896551723
1066.9642857142858
1245.25
1066.9878048780488
1066.8837209302326
1066.7738095238096
1066.9285714285713
1066.8024691358025
1066.6309523809523
2231.26
4590.955056179775
4203.69
4733.522727272727
4670.79347826087
4577.628865979382
1066.6896551724137
1066.6235294117646
1066.5
1066.8095238095239
1065.9468085106382
1066.8641975308642
1066.6385542168675
1837.9569892473119
1066.6235294117646
1066.284090909091
4750.488888888889
4382.07
4426.895833333333
1172.4823529411765
4776.0114942528735
4417.212121212121
4793.224719101124
4835.125
4907.879120879121
4866.434782608696
4835.181818181818
4750.8
4835.454545454545
4792.91011235955
4709.923076923077
4950.766666666666
2680.03
2187.2916666666665
1386.9761904761904
4114.46
3307.66
4114.14
1066.906976744186
2321.89
1065.44
1066.2967032967033
1166.1222222222223
1066.8
4415.79797979798
4577.907216494846
1155.56
1066.5280898876404
1066.8953488372092
1067.129411764706
1067.3690476190477
1065.96
1066.5384615384614
3666.12
1519.171717171717
1066.3297872340424
1066.5824175824175
1066.5454545454545
1066.729411764706
1066.4431818181818
1066.7710843373493
1066.3483146067415
1066.75
1066.8095238095239
3755.65
4994.685393258427
4937.181818181818
4908.131868131868
4835.284090909091
4893.426966292135
4994.561797752809
4775.275862068966
4775.609195402299
4878.574712643678
4757.376470588235
4818.895348837209
4732.340909090909
4808.956043956044
4893.438202247191
4818.186046511628
4573.217391304348
1066.0786516853932
1065.904761904762
1277.0
3307.07
1854.1538461538462
2589.95
4907.307692307692
4892.876404494382
4633.193877551021
4850.288888888889
4893.101123595506
4936.522727272727
4834.579545454545
3576.08
4113.86
4792.078651685393
4293.04
4611.538461538462
4750.566666666667
4691.3707865168535
1990.041237113402
4292.68
4808.461538461538
4727.806451612903
4611.428571428572
4850.377777777778
4732.863636363636
4768.021739130435
1804.9896907216496
1513.51
1250.2886597938145
2679.18
4783.882978723404
2230.99
4767.630434782609
4709.7032967032965
4113.26
2410.13
3127.09
2768.37
3036.98
2140.61
2319.98
2499.37
2588.39
3037.46
2947.6
2319.02
2693.2727272727275
1061.3559322033898
1341.4123711340205
1796.1632653061224
1517.0632911392406
1250.8125
1064.0430107526881
1064.1290322580646
1263.3555555555556
1536.0315789473684
2162.326530612245
2229.91
2319.22
2332.343434343434
3306.5
5083.3218390804595
1273.0
1458.4615384615386
1373.4827586206898
10031.0
1562.6555555555556
1064.4761904761904
1064.2298850574712
1064.6
1064.3294117647058
1063.9569892473119
1064.3218390804598
1065.1477272727273
1064.6896551724137
1063.958762886598
1064.2727272727273
1064.043956043956
1060.982456140351
1064.0842105263157
1065.453488372093
1064.4782608695652
1065.2643678160919
1064.8791208791208
1064.888888888889
1691.76
1065.4883720930231
2141.51
2141.43
1961.95
2320.85
2320.66
2141.7
2410.55
2230.66
2230.95
2411.22
2321.65
2322.16
2411.9
2322.18
2412.1
2412.11
2322.07
2501.65
2501.55
2770.6
2681.13
2770.81
2591.37
2680.97
2680.7
3040.44
2860.85
3039.92
2950.24
3039.72
2860.3
3039.8
2949.6
3040.08
2949.76
2949.76
3039.8
3039.48
3129.46
3040.39
3039.93
12628.194805194806
2859.94
2950.13
3129.93
3039.68
3219.31
3129.24
3219.37
3219.11
3309.79
2949.95
3309.56
3039.12
3129.66
2950.0
3039.87
3219.91
3399.44
3399.88
3129.33
3489.29
3129.39
3309.32
2950.25
2950.07
3219.57
3040.4
3399.57
3399.5
3399.69
3309.65
3219.91
3310.03
3309.6
3219.86
3130.55
3039.95
3219.86
3399.74
3399.92
3309.78
3309.89
3220.02
3219.79
3130.69
3309.85
3130.3
3219.91
3309.91
3219.64
3040.59
3309.6
2860.5
3219.86
2950.03
3129.81
3129.88
3219.89
3129.77
2950.55
3219.58
3129.48
2949.45
3129.6
3309.05
3039.93
3039.96
3489.16
3309.57
3309.61
3040.42
3220.0
3130.09
2950.31
3219.81
4474.31
3846.42
3399.26
3129.74
3219.73
3130.48
3130.07
3309.69
3130.17
3040.15
3130.06
3219.85
3129.28
3129.47
2969.808080808081
3309.8
3130.41
2950.48
3219.75
3219.98
3129.7
2860.55
3039.95
2950.03
3399.83
3129.97
3219.92
2860.89
3220.24
3040.75
2950.18
3129.54
3218.65
3129.42
3219.76
3241.5858585858587
3130.42
3310.18
3129.95
2950.44
3130.24
3219.62
3130.37
3309.45
3040.12
3040.02
3220.04
3219.94
3040.75
3040.27
3219.84
3309.53
3399.58
3130.05
3309.49
3040.16
3219.88
3846.39
3757.18
4026.23
2950.54
3668.15
3936.31
3488.2
3578.37
3758.18
3578.3
3875.959595959596
4026.44
3937.49
3899.315789473684
4120.648936170212
3994.073684210526
3963.09375
3933.175257731959
3963.7395833333335
3757.12
3966.060606060606
3667.52
3757.17
3757.61
3398.08
3757.08
3488.4
3488.38
3487.88
3578.45
3398.71
3758.29
3667.89
3309.26
3398.3
3846.87
3874.8282828282827
3936.69
3840.907216494845
3783.8888888888887
3847.27
3937.04
3995.294736842105
4025.979381443299
3847.5
3840.824742268041
4026.16
3667.92
3936.1
3936.02
3846.8
3667.04
3875.89898989899
3846.99
3966.878787878788
3309.43
3847.62
3668.09
3668.48
3488.89
3667.12
3757.96
3758.3
3757.83
3667.56
3488.65
3398.69
3668.1
3308.47
3667.92
3578.39
3935.97
4027.27
3398.38
3757.21
3488.69
3756.87
3577.22
3307.8
3398.17
3667.2
3577.9
3577.93
3811.7244897959185
3577.41
3840.1546391752577
3577.08
3398.72
3937.32
3577.25
3578.0
3847.94
3218.46
3667.26
3578.03
3398.35
4057.6363636363635
3874.212121212121
3847.26
3667.28
3875.212121212121
3904.122448979592
3667.2
3875.222222222222
3846.75
3666.76
3756.01
4116.01
4205.86
3848.15
3285.7634408602153
3307.55
3666.95
3666.12
3846.06
3398.45
3577.67
3756.89
3846.35
3667.81
4025.78
3936.23
4204.62
3846.48
3846.48
3308.63
3309.0
3308.81
3129.37
3578.34
3489.25
3398.25
3218.91
2949.63
3128.41
2949.5
3489.3
2949.35
3128.22
3309.0
3398.45
3487.87
3667.88
3578.67
3938.05
3488.44
3667.94
3398.37
3578.13
3666.41
3936.42
3845.52
3577.78
3666.53
3667.56
3578.17
3667.09
3936.39
3577.37
3397.79
3397.57
3397.63
3755.83
3667.25
3755.12
3846.26
3308.48
3488.64
3487.96
3668.22
3578.18
3308.48
3128.93
3128.48
3578.2
3667.4
3213.7916666666665
3666.79
3667.25
3577.93
4115.18
3756.74
3487.67
3038.72
3219.39
3039.74
3129.22
3308.44
3667.1
2950.37
3398.37
3039.7
3668.69
3309.05
3039.41
3578.5
3487.28
3576.57
3038.61
3218.56
2948.83
3308.46
3218.52
3308.61
3758.14
3038.99
3038.21
3487.93
3219.01
3219.03
3398.76
3129.19
2859.6
3038.91
3308.74
3218.55
3487.05
3667.43
3578.24
3308.41
3488.63
3128.58
3668.48
3578.33
2949.69
3070.5106382978724
3398.71
2950.2
3488.97
3488.57
3579.19
3578.4
3128.71
3039.3
3128.66
3757.7
3039.45
3218.75
3668.45
3578.36
3399.08
3037.8
2679.74
3309.29
3129.2
3668.33
3218.24
3937.54
3904.173469387755
3577.31
3578.19
3309.25
3757.6
3218.82
3937.55
2943.279069767442
1066.25
1925.6438356164383
3757.76
3757.75
3667.82
3904.3061224489797
3895.6195652173915
3905.4591836734694
3668.17
3966.1414141414143
3668.4
3875.5555555555557
4057.4166666666665
3965.3939393939395
3848.49
3757.55
4056.9032258064517
3960.1827956989246
4150.114583333333
3929.446808510638
4026.45
3936.66
4211.969072164949
3898.9052631578948
3846.96
4210.525773195876
4179.959183673469
4121.606382978724
4024.936170212766
4385.79
3847.32
4115.88
4728.591836734694
4303.618556701031
3936.33
4116.21
4205.73
3846.51
4294.75
4204.7
4115.86
4475.02
4385.17
4654.34
4205.3
4832.96
4978.074468085107
4909.938775510204
4654.42
4654.35
4834.01
4764.80412371134
5012.46
4744.79
5102.83
4922.8
4563.83
4743.81
4832.88
4564.21
4563.85
4922.3
4563.65
5191.25
4563.51
5011.96
4653.29
4832.91
4473.79
4833.01
5184.132653061224
4832.62
4653.02
4384.06
4652.95
4743.35
4563.33
4742.92
5012.42
5101.37
5012.69
4384.39
4832.66
4833.18
4832.97
4743.23
4833.35
4922.41
5102.44
4922.04
4832.98
5324.212121212121
4832.95
4832.39
5102.68
4922.87
4653.67
4742.84
5191.39
4922.52
5012.69
4833.05
4833.8
4204.37
4922.87
5012.03
4383.93
5192.55
4833.01
4743.04
4653.6
4833.48
4833.03
4833.52
5102.35
4832.55
5012.77
4832.71
4563.78
4653.26
4474.06
4384.06
5102.57
4294.16
4743.18
4473.69
4922.78
4743.56
4384.99
4025.08
4204.48
4383.79
4205.07
4025.15
4204.29
4652.78
4832.85
4653.61
4293.75
5012.45
4383.95
4742.48
4564.03
4922.24
4652.97
4114.49
4832.06
4474.21
4563.46
4114.49
4474.1
4474.67
4383.88
4473.86
4294.85
4294.17
4383.0
4742.74
4114.0
4204.18
4294.65
4384.01
4654.24
4653.9
4114.9
4383.65
4384.59
4743.49
4023.5
4294.12
4562.9
4384.24
4473.73
4653.49
4473.19
4563.04
4473.56
4832.64
3934.19
4383.53
4204.52
4203.43
4473.25
4114.86
4114.02
4653.62
4652.91
4563.2
4293.92
4293.49
4564.05
4293.91
4204.51
4203.39
4293.29
4563.36
4474.31
4833.36
4562.39
4473.6
4473.61
4383.98
4922.55
4383.26
4384.14
4653.24
4383.43
4383.45
4114.52
4653.23
4563.31
4742.04
4294.13
4652.33
4562.89
4652.93
4563.0
4383.41
4383.42
4473.25
5460.63
4203.9
4742.63
5640.19
4562.91
4472.84
4562.41
4293.18
4383.76
4474.19
4203.67
4562.86
4024.75
4921.69
4113.59
4921.66
4742.65
4831.9
4294.43
5012.2
4652.08
4922.71
4742.98
4473.71
4832.38
4562.76
4204.32
4114.83
4292.92
4384.21
4114.05
4832.12
4384.18
4743.15
5371.33
4832.42
4652.17
4473.71
4922.52
4921.99
4832.45
4473.49
4653.36
4384.29
4473.01
4563.4
4743.46
4294.17
4653.09
4114.26
4293.63
4474.14
4563.29
4204.07
4294.15
4204.04
4023.11
4383.55
4383.9
4832.28
4473.4
4562.98
4204.23
4743.13
4473.36
4473.1
4384.02
4474.32
4832.71
4383.25
4742.88
4474.05
4204.44
3935.56
4384.33
4563.22
4204.81
4293.71
4473.22
4293.57
4472.9
4562.19
4292.7
4473.19
4742.15
4471.98
5281.26
4832.07
4922.81
5012.59
5011.26
5370.63
4831.97
5012.21
5011.77
5011.91
4831.72
4473.43
5011.84
4742.98
4652.9
5190.85
4832.82
4922.19
4832.55
4563.42
4563.74
4562.92
4832.3
4653.47
4652.83
4742.39
4472.44
4832.05
4562.5
4652.43
4652.39
4652.36
4832.39
5013.01
5192.34
4652.9
4921.95
4741.85
5280.52
5011.71
4831.56
4922.29
4382.11
4921.38
5101.09
4831.15
5191.15
5010.9
4651.98
4292.12
5011.64
4742.01
4473.27
4383.49
4921.45
4832.64
4472.77
4383.13
4921.2
4382.13
4652.2
4473.78
4383.67
4831.23
4203.6
4473.65
4562.98
4742.48
4562.85
4294.04
4382.07
5011.53
4473.58
4417.515151515152
4113.86
4922.63
4742.09
4832.35
4652.41
4830.87
4382.6
4922.03
5012.57
4473.62
4652.7
4922.39
4832.58
4652.32
5191.78
4832.38
4832.29
4832.73
4472.36
4921.42
4923.19
4473.14
4743.37
4743.57
5102.56
5013.2
5282.31
5012.31
4923.0
4473.05
4562.92
4384.02
4563.42
4562.8
4293.15
4562.68
4383.05
4293.69
5011.6
5191.3
4563.59
4831.46
4652.83
4651.64
4830.69
4922.34
4473.73
5011.49
4472.43
4473.23
4652.02
4921.84
4652.4
4562.42
4562.67
4831.87
5280.16
4652.53
4562.91
4536.0
4921.75
4741.92
4472.58
4742.53
4653.11
4742.09
4652.37
5012.12
4742.64
4742.79
4563.34
4383.83
4563.15
5012.81
4653.29
4743.4
4383.33
5281.91
4922.29
4923.09
5192.14
5282.1
5191.61
5371.24
5281.21
5371.78
5730.84
4563.3
5101.87
5461.48
5281.28
5281.14
4652.98
5102.02
5192.11
5102.47
5282.2
5101.41
4832.2
4742.69
4741.93
5281.05
5191.61
5281.28
4832.23
5092.408163265306
5323.343434343435
5011.98
5460.39
5281.7
5371.0
5411.422680412371
5460.25
4632.843373493976
4769.641304347826
5115.5268817204305
4920.01
5639.49
4921.66
5279.78
5100.72
5190.31
5051.070707070707
5189.12
5190.54
4831.63
4921.06
5010.92
4831.72
5190.85
4920.92
4832.12
5010.54
4831.6
4832.04
5009.93
4830.82
4831.47
4651.06
5009.29
4920.59
4742.12
4561.18
4651.37
4560.94
4741.9
4651.53
4652.64
4920.99
4922.08
5012.1
4832.2
5191.15
4922.1
4742.27
5191.17
4742.18
4832.43
5011.75
5370.98
5012.21
4832.14
4832.94
4922.62
5010.82
5100.13
5101.45
5101.8
4743.09
4742.07
4742.2
4831.76
4922.28
4742.58
4652.17
4741.95
4653.39
4742.3
4652.46
4831.86
4651.76
4561.58
4831.8
4562.33
4652.37
4563.24
4562.3
4562.65
4742.11
4292.43
4471.37
4652.57
4382.22
4652.74
4560.62
4563.44
4652.9
4562.32
4472.85
4472.86
4472.09
4563.25
4381.9
4383.26
4652.24
4381.17
4652.87
4383.02
4293.86
4202.3
4651.33
4293.19
4381.76
4383.06
4472.32
4563.75
4562.65
4382.95
4472.41
4471.67
4382.8
4383.57
4742.21
4202.69
4202.44
4382.88
4471.68
4472.2
4473.7
4381.58
4202.51
4383.17
4292.12
4472.69
4382.86
4291.67
4472.97
4382.17
4382.94
1061.72131147541
5640.13
4471.31
5280.67
4920.72
4651.56
5370.99
5370.55
5191.59
4651.4
5101.61
4831.48
5012.08
4652.21
4562.19
5192.65
4831.74
4921.3
4921.78
4652.01
5460.13
4831.97
5281.1
4651.46
4562.38
4742.28
4471.54
5012.18
5818.46
5461.11
5640.74
4920.62
5641.39
5370.96
4830.94
5011.71
4831.45
4742.54
5372.45
5011.63
5275.530612244898
5192.06
4651.61
5371.91
5370.58
5101.15
5269.84375
5011.44
5280.99
4740.75
4921.24
4561.78
5371.46
5191.85
5102.03
5280.47
5461.15
4832.29
4831.65
5730.5
5011.12
5281.8
5460.5
5226.360824742268
5641.28
5551.38
4920.75
5010.97
5370.9
5369.83
5191.01
5190.45
5226.577319587629
5550.12
4506.111111111111
4829.87
5640.28
1067.5
4456.609756097561
1659.2
5369.31
5733.826530612245
5550.27
5363.614583333333
5998.79
5503.298969072165
5782.041237113402
5728.67
5879.1894736842105
5594.1752577319585
5740.553191489362
5361.135416666667
6427.979381443299
5974.8105263157895
5687.762886597938
6086.98
5647.684782608696
5268.0625
5818.41
5997.76
5369.43
5549.354166666667
5688.371134020618
5642.395833333333
5728.51
6536.87
5501.631578947368
5230.848484848485
5907.88
5458.31
5997.19
5548.27
5175.177083333333
5549.14
5548.91
5412.131313131313
6176.96
6087.94
6048.535353535353
5818.7
6087.03
6446.81
6087.43
5504.343434343435
5369.14
5907.95
6447.38
5907.76
6445.98
6626.3
6536.07
6535.95
5548.81
6502.181818181818
6536.76
5268.114583333333
6100.489795918367
5639.36
6356.42
5268.316455696203
5907.42
5818.16
6058.701030927835
5997.16
5080.583333333333
6446.03
7045.444444444444
7148.0344827586205
6007.5
6447.3
6178.41
6635.726315789474
6445.25
5956.181818181818
5818.46
6627.1
5204.142857142857
7082.921052631579
7254.11
6739.15306122449
6535.72
7258.833333333333
6620.847826086957
6352.757894736842
6919.957894736842
6923.122448979592
6954.979797979798
6626.01
7076.237113402062
5227.159420289855
5040.342857142857
6177.58
5818.28
5727.52
5690.926315789474
5964.515463917526
6485.494505494506
6626.26
5931.436170212766
5894.25641025641
5547.96511627907
4950.711111111111
5597.7032967032965
6484.78125
5948.288888888889
6232.173913043478
6278.116279069767
7043.6
7319.355263157895
7290.482352941176
4961.355263157895
6369.537634408603
6596.506849315068
6268.34
6362.943181818182
5728.61
6237.15294117647
6087.91
7866.672413793103
7824.68115942029
6446.36
5189.8
4672.141304347826
5639.1
5459.69
6178.07
7165.34
4924.779069767442
5551.75
5550.02
5503.939393939394
4843.368421052632
4403.488372093023
4982.929577464789
5282.36
5550.51
5460.19
4920.87
5191.11
5639.22
5039.639175257732
5280.4
4921.13
5279.56
5460.09
5099.71
5279.23
7744.46511627907
5279.75
4785.882978723404
4631.268817204301
4381.56
4506.686868686868
4484.742268041237
4562.38
1064.6896551724137
4416.252525252526
4594.968085106383
4934.715789473684
4651.0526315789475
4427.6875
4651.56
4112.77
3932.73
4485.659793814433
4632.236559139785
4541.530612244898
4711.142857142857
4672.119565217391
4809.8351648351645
4841.652631578947
4841.6
5280.69
5191.43
5281.0
5191.55
5549.3
4746.9157894736845
4558.010526315789
4557.736842105263
4415.747474747474
4368.547368421053
4521.635416666667
4473.09
4369.494736842105
4393.123711340206
4632.935483870968
4671.20652173913
4651.831578947368
4484.98969072165
4671.782608695652
4632.354838709677
4557.105263157895
4690.95744680851
4651.526315789473
4597.080808080808
4746.136842105263
4855.5360824742265
4669.690721649485
4615.083333333333
4542.642857142857
4690.404255319149
4557.252631578947
4428.541666666667
4301.154639175258
4485.360824742268
4450.877551020408
4707.75
4708.447916666667
5271.62962962963
4652.566666666667
4573.54347826087
4594.585106382979
4671.20652173913
4484.876288659794
4505.757575757576
4729.387096774193
5670.405405405405
5318.0641025641025
5489.453333333333
5264.455696202532
4476.402173913043
4614.40625
4574.032608695652
4573.54347826087
4792.595505617977
4652.547368421053
5073.305882352941
4862.529411764706
5178.117647058823
4476.239130434783
4597.545454545455
4670.40206185567
4751.811111111111
4689.81914893617
5130.011627906977
5329.024390243902
5548.324324324324
5220.243902439024
5819.48
4832.08
4831.64
5062.566265060241
5026.8488372093025
5190.54
4921.91
5100.86
4921.57
5182.948979591837
5231.828282828283
5132.80412371134
5100.68
4473.16
4743.23
4967.894117647059
4743.17
5051.151515151515
5191.25
5432.025641025641
5668.324324324324
5737.366197183099
5611.070422535211
5190.44
5191.63
5191.5
5370.87
5728.93
5547.98717948718
5548.776315789473
5610.657534246576
5997.96
5915.928571428572
5550.02
6088.38
5460.34
5908.99
5374.25974025974
5841.95652173913
5639.32
6536.11
6088.59
6357.44
5818.93
6320.404040404041
6088.1
5548.5675675675675
5737.929577464789
6536.04
6536.84
6626.55
5999.11
5730.09
6267.66
6088.5
6268.06
5908.45
5998.52
5550.79
5371.28
5370.41
5191.98
5281.66
5730.0
5730.03
5371.51
5819.78
5909.35
5551.04
6178.22
5998.8
5461.02
5909.19
5730.01
5999.09
5999.09
6268.06
6088.56
6178.13
5191.64
5730.15
6088.42
5461.24
5371.52
6088.52
5371.35
5640.46
5371.7
5909.45
5460.69
5999.26
5998.9
5640.39
5819.91
5909.39
5281.79
5730.34
6447.71
5461.16
6088.97
6178.54
6178.42
5999.33
5550.62
5281.78
5729.75
5730.45
5999.06
6268.09
5819.73
5819.71
5819.98
5730.0
5999.26
5729.97
5909.62
5998.19
6089.08
5371.31
6357.38
5550.55
5819.52
5819.62
6088.87
5550.67
5729.97
5639.64
6268.03
6178.58
5639.97
6178.36
5819.92
5819.6
6088.17
5730.15
5640.57
5819.31
5550.68
6178.44
6357.98
6088.85
6267.74
5550.84
5909.12
5909.15
5909.83
6268.44
5640.34
5819.84
6088.84
6088.81
5819.7
6178.7
6178.24
6178.21
5999.03
6178.55
5999.28
6178.47
5999.18
5729.92
5819.88
6268.66
5999.34
6357.75
6267.89
6268.52
6177.99
6357.73
5729.96
5909.58
6448.13
5999.37
6268.14
5998.91
5819.79
5998.96
6088.97
5909.14
6268.22
6447.74
6627.18
5819.27
6268.12
6178.15
6087.94
6268.44
5729.21
5729.82
5819.91
5999.52
6537.32
6088.21
6088.78
6178.85
5909.49
6178.81
6446.76
5909.22
5909.77
6268.43
5819.88
5550.36
6178.44
6089.0
5998.45
5818.83
5998.72
5371.73
5371.08
5819.85
5999.24
5640.06
5730.13
6267.97
6178.41
6178.66
5550.3
5550.14
5909.65
5550.53
5280.99
5729.91
5460.49
5639.66
5460.58
5371.28
5999.06
5550.76
5908.94
5819.03
5370.89
5460.26
6267.88
5640.54
5550.71
5370.99
5640.7
5550.65
5370.77
5460.89
6447.03
5370.95
5460.79
5550.46
5639.84
5460.07
5549.93
5729.71
5460.41
5460.45
5640.31
5460.45
5461.4
5460.44
5371.17
5460.65
5640.32
5461.0
5280.93
5550.91
5461.16
6447.21
5640.21
5281.42
5371.27
5550.84
5550.38
5191.59
5371.41
5550.29
5550.57
5371.42
5639.87
5550.45
5371.0
5551.05
5550.67
5460.53
5191.74
5460.6
5639.8
5461.01
5550.65
5370.94
5550.63
5550.79
5550.66
5730.2
5461.29
5640.67
6268.03
5729.95
5550.77
5550.66
5550.88
5819.37
5640.4
5999.09
5909.66
5460.93
5729.61
5819.95
5640.25
5281.61
5640.46
5460.95
5551.17
5640.47
5461.1
5729.7
5639.95
5909.28
5461.28
5730.25
5550.85
5550.87
5640.44
5550.61
5371.32
5551.03
5730.25
5550.96
5819.87
5819.98
5730.14
5820.01
6268.49
5550.41
5729.99
5550.57
5909.89
5550.43
5460.96
5909.54
5371.42
5550.59
6088.75
5461.32
5550.64
5999.39
6088.88
6088.89
5819.33
5999.16
5730.0
5909.73
5550.49
6089.0
6627.17
5819.86
5819.97
5999.58
5999.3
5819.89
5909.68
5730.07
6089.04
5820.09
5730.17
5730.3
6178.73
5729.94
6268.4
5730.27
6448.07
6088.99
5550.78
5550.62
6088.87
5550.65
5730.25
5640.65
5730.24
5550.72
5460.76
5640.36
5460.49
5909.76
5550.93
5550.73
6627.73
5461.15
5730.55
5730.6
5640.73
5999.72
5551.0
5461.26
5820.13
5461.02
6859.010416666667
5640.86
5909.92
5550.81
5909.83
5640.41
5550.78
5461.32
6337.298969072165
6672.572916666667
6765.5625
6358.12
6178.85
5909.68
6140.060606060606
6952.4375
6799.371134020618
6089.32
6089.06
6320.878787878788
6244.237113402062
6089.27
6627.08
6447.39
5640.5
5999.13
5909.41
6178.42
6282.969387755102
6088.88
6683.080808080808
5909.5
6099.826530612245
6178.24
5550.5
5999.17
6089.19
6139.585858585859
6592.69696969697
6268.37
6099.785714285715
5909.77
5460.85
5461.38
6336.917525773196
6111.0
5999.49
5461.43
6151.412371134021
6059.556701030928
6244.381443298969
5550.83
5917.122448979592
5916.7959183673465
5596.212121212121
6298.270833333333
5371.48
5415.020202020202
6049.010101010101
5640.44
5455.340425531915
5596.181818181818
5461.22
5909.33
5820.0
5281.82
5319.7525773195875
5371.61
5126.221052631579
5319.567010309278
6008.459183673469
5276.663265306122
5941.326086956522
5372.12
5819.95
5371.9
6205.09375
5461.56
5324.707070707071
5415.818181818182
5924.854166666667
5360.372340425532
5551.2040816326535
5360.670212765957
5184.897959183673
6221.574712643678
5161.79347826087
5206.7692307692305
4997.741573033708
6015.425287356322
5502.076923076923
5087.873563218391
5403.7032967032965
5245.875
5551.532608695652
5252.644444444444
5644.802083333333
5053.577777777778
5310.344086021505
5551.351063829788
5504.855670103093
6205.09375
5730.45
6178.84
5909.56
5640.61
5640.84
5820.03
5820.12
5999.29
5461.08
5460.9
7208.097826086957
5550.29
5819.64
5370.89
5819.6
5640.05
5640.08
5729.88
6049.343434343435
5999.19
5819.48
5640.55
5909.82
5825.173469387755
5729.93
5867.818181818182
5550.4
5550.81
5819.54
5639.99
5281.07
5460.73
5729.75
5460.67
5372.21
5550.18
5281.25
5371.11
6706.907216494846
5102.03
7793.021739130435
5280.96
5280.84
5191.85
5101.52
5461.0
5281.03
5102.29
5372.18
5101.6
5191.67
5191.48
5370.86
5551.32
5011.68
5102.34
5371.22
5281.57
5461.1
5281.71
5370.98
5281.13
5460.47
5371.29
5191.72
5102.43
5370.72
5101.58
5011.77
5460.85
5191.95
5101.77
5101.64
5012.5
5281.04
5371.95
5909.38
5460.45
5460.41
5011.84
5190.93
4922.14
5191.79
5191.31
5102.39
4832.28
5639.64
5191.47
5011.76
5011.81
5191.81
5191.44
5011.97
5281.84
6537.15
4563.47
4922.67
5281.35
5640.26
1599.5238095238096
2147.6746987951806
2617.641975308642
3578.4
5083.089552238806
1603.02
1066.2666666666667
5110.378048780488
4921.18
5190.22
3253.720930232558
5482.380952380952
5933.406779661017
6178.11
6446.73
5460.07
5998.22
5550.07
5819.14
5819.46
6626.88
5639.6
6357.03
6177.15
6087.53
6177.08
6267.28
5998.21
6177.9
5909.1
5847.8133333333335
5908.54
5998.34
5908.3
6447.42
6716.4
6088.61
6268.06
5908.89
5818.61
6845.511111111111
5818.91
6806.82
5818.69
6357.44
7045.402298850575
6716.9
6358.1
5909.97
6088.69
6331.746031746032
5819.78
6268.12
5909.32
5819.19
5998.73
6268.84
6627.11
5999.24
6627.27
6447.95
6179.02
5909.11
6447.61
6089.29
5998.79
6268.03
6447.56
6089.11
5639.72
6358.37
6089.33
6896.4
6179.0
6088.07
6805.71
5943.838235294118
6447.94
6268.41
6178.57
6178.84
6179.03
6178.96
7344.65
6357.196721311476
6536.64406779661
6358.47
6358.56
6321.49494949495
5999.65
6179.2
6179.19
6244.8247422680415
6593.232323232323
7392.0526315789475
7139.395833333333
6191.897959183673
6952.125
7598.0
6466.244897959184
6283.683673469388
6579.052083333333
6537.82
7598.369565217391
6392.28125
6354.073684210526
7209.166666666667
6410.223404255319
6259.305263157895
6290.582417582417
6219.478723404255
5738.75
6299.0
6060.19587628866
6009.408163265306
7276.219780219781
7444.611111111111
5909.63
7949.709302325581
6321.666666666667
7700.52
6314.925531914893
6375.265306122449
6283.785714285715
6140.464646464647
6756.956989247312
8262.60465116279
8689.925
8540.57142857143
6945.855555555556
6321.656565656565
6152.721649484536
6140.383838383838
6018.697916666667
7111.119565217391
6636.505263157895
7636.918604651163
7580.1547619047615
7385.875
6952.09375
5639.9
5731.24
5909.06
6049.717171717171
6009.142857142857
6269.09
6274.806451612903
7245.333333333333
6100.816326530612
6088.59
5820.3
6140.313131313132
5910.1
10031.0
5909.15
5967.81443298969
5967.546391752578
5875.3917525773195
5640.8
5925.552083333333
5730.65
5819.05
5460.44
5910.2
6089.64
6089.09
5908.72
5729.6
6205.614583333333
5549.96
5819.61
5910.49
5999.3
5819.65
5882.073684210526
5640.12
5820.01
5730.05
5550.53
5550.09
5549.92
5640.03
5734.418367346939
6018.895833333333
6099.530612244898
5908.85
5729.56
5909.5
5640.12
5640.26
5729.68
5819.61
5639.73
5639.77
5999.0
7245.055555555556
5868.393939393939
6111.447916666667
5909.39
5639.84
5550.25
5729.59
5916.408163265306
5640.15
5819.25
5730.18
5819.58
5909.44
5370.78
5370.66
5550.15
5549.82
6048.555555555556
5460.12
5550.79
5909.14
6018.8125
7113.314606741573
6484.78125
5909.85
5549.96
5639.77
5819.32
5908.72
6018.75
5640.01
5549.84
5550.23
5639.8
5640.13
5460.41
5639.72
5550.15
6337.587628865979
6152.5360824742265
5819.04
5925.354166666667
5730.02
6089.83
5641.34
5639.92
5550.76
5729.67
5642.530612244898
5729.79
5460.45
5729.73
5819.64
5909.26
5909.38
5909.26
5549.93
5549.82
5639.97
5460.35
5959.040404040404
5819.75
5967.020618556701
5959.070707070707
5730.36
5737.927083333333
5909.93
5639.8
5460.61
5909.57
5819.91
5729.6
5729.99
5874.319587628866
5729.65
5640.16
5819.39
5729.72
5819.29
5730.04
5874.474226804124
6018.458333333333
5820.02
5729.78
5550.92
5819.77
5730.26
5370.85
5729.96
5730.03
5370.57
5460.56
6089.64
5820.08
5550.45
5640.3
5460.95
5640.05
5550.65
5730.27
5730.04
5550.1
5909.81
5550.71
5820.12
5730.37
5550.33
5550.85
5550.71
5550.73
5550.69
5461.05
5550.51
5909.59
5550.5
5640.22
5640.11
5640.08
5640.3
5730.34
5550.72
5819.94
5909.21
5640.34
5550.8
5460.72
5191.46
5191.5
5550.41
5281.5
5550.74
5868.20202020202
5460.63
5460.64
5460.71
5550.57
5819.46
5999.16
5819.96
5881.336842105263
5730.01
5550.31
5909.07
5999.15
6089.28
5999.2
5999.16
5867.969696969697
5909.15
5999.23
5998.85
5909.42
5819.47
5819.44
5460.58
5819.33
5730.18
5729.88
5729.88
5909.63
5730.0
5729.58
5819.7
5730.27
5730.11
5640.44
5550.76
5730.23
5550.65
5909.86
5777.252525252526
5730.15
5550.56
5909.22
5909.52
5909.17
5999.14
5819.45
5730.01
5909.2
5999.36
5640.25
5825.1122448979595
5640.04
6088.55
5909.27
5909.4
5730.17
5909.81
5999.29
6191.2040816326535
5867.535353535353
5909.21
5999.59
5730.07
5909.69
6089.09
5729.63
6008.4795918367345
5819.99
5916.857142857143
5819.93
5820.04
6088.84
5819.82
6088.88
5998.88
6007.836734693878
5908.99
5819.51
5819.11
6048.737373737374
5819.53
5729.61
5998.92
5867.717171717171
6447.473684210527
8361.626666666667
7599.604938271605
6886.372340425532
6817.815217391304
6178.44
6428.587628865979
6521.4639175257735
5909.07
5909.28
5640.58
5729.96
6089.02
6447.452631578947
6088.71
6427.934782608696
5776.79797979798
5640.02
6048.757575757576
5640.38
5909.41
5640.36
5550.74
6088.75
5640.64
5640.14
5640.51
5819.86
5550.52
5730.19
5640.22
5550.57
5730.19
5640.54
5640.2
5640.59
5550.58
5819.8
5730.18
5550.68
5640.88
5730.04
5640.34
5550.81
5730.1
5819.84
5730.23
5729.92
5640.04
5867.888888888889
5730.34
5819.71
5777.060606060606
5777.171717171717
5777.040404040404
5777.252525252526
5640.46
5639.97
5819.73
5909.24
5909.5
6069.821052631579
5819.68
5958.444444444444
5819.8
6268.15
6746.6
6578.177083333333
7181.215909090909
7365.916666666667
6273.677419354839
7300.414634146341
7112.393258426966
7078.153846153846
6600.010638297872
7291.576470588236
6684.10989010989
6942.0344827586205
6881.285714285715
6915.902173913043
6885.978723404255
6977.795454545455
6585.725274725275
6563.118279569892
6839.241379310345
6839.471264367816
7397.1882352941175
7213.483146067416
6782.791208791209
7011.820224719101
6875.693181818182
6810.404494382023
7599.197530864198
7181.318181818182
6684.2307692307695
7112.6741573033705
6484.864583333333
6542.210526315789
6297.927083333333
6320.929292929293
6191.5
6191.459183673469
5909.69
5999.33
6088.74
6099.632653061224
5958.30303030303
5998.85
6164.442105263158
6810.348314606742
6370.5161290322585
6111.09375
6671.613636363636
6407.573033707865
6385.546511627907
6264.909090909091
5967.082474226804
5741.765957446809
5596.282828282829
5550.93
5640.49
5597.278350515464
5191.96
5551.21
5460.0
5371.82
5281.86
5782.309278350515
5461.21
5102.4
5012.57
4923.02
5192.14
5102.62
4833.48
4923.12
4833.24
4833.34
4564.07
4564.1
4654.08
4653.81
4294.66
1962.2714285714285
4384.61
5012.85
5012.85
4743.61
4833.31
4743.81
5135.041237113402
4294.98
4653.76
4115.79
4474.49
4384.93
4384.59
4962.323232323232
4025.9
5276.806122448979
4910.724489795918
4294.96
4654.06
4294.98
4833.15
5084.15625
4803.989583333333
4743.77
4833.37
5117.537634408603
5456.574468085107
5002.214285714285
4950.309278350515
4564.51
4803.916666666667
1755.1076923076923
4743.94
5002.4795918367345
5809.149425287356
6085.357142857143
6336.9375
5888.7
4937.663157894737
4883.68085106383
5452.444444444444
5126.715789473684
4978.989361702128
5397.436781609195
5305.7692307692305
5084.302083333333
5445.226190476191
5288.211764705882
5607.469135802469
5501.179775280899
5706.379310344828
5718.432098765432
5315.2947368421055
5364.375
5324.949494949495
5315.452631578947
5271.208333333333
5502.0989010989015
5227.577319587629
5699.285714285715
5409.989473684211
5259.402173913043
5809.563218390805
5653.943181818182
5320.020618556701
5601.0
5221.38947368421
5360.882978723404
5234.575757575758
5356.826086956522
5699.43956043956
5453.989130434783
5410.094736842106
5551.945652173913
5502.3626373626375
5360.787234042553
5364.708333333333
5552.045454545455
5599.741935483871
5185.6122448979595
5356.880434782609
5102.66
5102.97
5360.968085106383
5320.577319587629
5093.938775510204
5185.591836734694
5504.273684210526
5404.142857142857
5177.84375
5503.462365591397
5315.421052631579
5074.670212765957
5206.483516483517
5170.021276595745
5400.91011235955
5135.4639175257735
5551.566666666667
5185.336734693878
5315.1894736842105
5501.269662921349
5364.9375
5102.85
5271.010416666667
5102.85
5227.783505154639
5282.1
5276.765306122449
5013.05
5177.4375
4923.44
5013.17
4923.23
5170.127659574468
4744.26
4938.221052631579
5311.268817204301
4883.765957446809
4897.9375
4967.5
4834.3
4833.95
4858.237113402062
4950.845360824742
4834.18
4600.545454545455
4898.197916666667
5153.888888888889
4509.2441860465115
4556.033333333334
4539.731182795699
4407.202127659574
4954.7
4991.84375
4911.377551020408
4898.166666666667
4834.12
4925.569892473119
5021.634408602151
5108.417582417583
4828.795698924731
4635.956989247312
4796.438202247191
5053.777777777777
4844.0
4819.5204081632655
4828.548387096775
4804.083333333333
5094.142857142857
5282.49
5043.319587628866
5054.233333333334
4897.561797752809
4838.647727272727
4749.252631578947
5282.4
5372.29
4843.9157894736845
5182.882352941177
4844.105263157895
5445.773809523809
5134.883720930233
5777.868686868687
5551.43
5281.66
5281.47
5191.28
5819.57
5101.84
5191.92
5868.414141414141
5371.56
4833.19
4923.0
5012.25
4832.57
4922.58
5460.39
5371.79
5281.93
5102.77
5282.36
4957.421686746988
5640.63
4833.04
4743.42
4922.7
4743.37
4833.19
5012.05
4922.39
5281.95
5640.83
5640.38
5012.0
4922.57
4832.57
4922.86
4832.88
4922.63
5191.67
4653.17
5281.84
5819.81
5192.0
5101.94
4922.33
4922.42
4743.25
5102.1
5012.23
5012.67
5012.48
5102.09
4832.83
5191.4
4743.2
4832.97
4832.84
4922.75
4922.69
5012.19
4833.11
4833.15
4743.16
4653.23
5012.3
5281.18
5102.25
5192.34
5102.45
4923.19
4743.48
4743.1
4922.21
4743.17
4922.75
4833.17
4832.93
4653.26
4563.7
4563.86
4508.515151515152
5102.15
4922.52
4833.1
5011.72
5101.83
4832.88
4743.0
4832.57
4743.26
4653.46
5281.05
5012.01
4832.81
5280.97
4832.6
5012.25
4922.77
5101.94
5101.97
5101.88
4832.81
5102.04
4832.81
4832.97
5012.53
4743.33
4832.99
4832.85
4563.77
4474.01
4653.35
4653.63
4832.7
4653.3
4922.05
4742.98
5101.71
5012.46
4743.25
4922.64
4832.94
4833.05
4563.7
4384.33
4563.66
4563.47
4473.68
5191.61
5012.21
4922.73
4832.94
4922.94
5012.51
4742.98
4743.32
4743.37
4563.53
4653.41
4473.94
4653.45
4922.28
5012.34
4832.6
4742.75
4832.93
4922.38
4563.47
4563.5
4563.36
4563.63
4384.07
4563.7
4473.77
4563.41
4563.38
4473.81
4563.47
4473.8
4473.65
4563.61
4473.84
4742.97
4653.33
4473.72
4473.44
4742.77
5012.06
4383.98
4653.17
5011.75
5819.45
4742.96
5012.02
4653.22
4832.9
4742.87
4653.22
4563.44
4563.38
4563.49
4473.68
4474.01
4384.27
4563.58
4473.32
4653.13
4652.99
4832.65
4742.42
4473.68
4563.29
4742.66
4563.39
4742.84
4473.59
4383.87
4383.84
4473.61
4383.71
4922.38
4383.83
4653.1
4742.81
4563.42
4653.2
4563.63
4742.81
4563.51
4742.71
4743.03
4563.56
4832.8
4652.78
4563.34
5191.34
4563.05
4563.39
4563.34
4653.14
4563.29
4563.35
4473.94
4563.61
4473.57
4473.64
4473.62
4384.05
4473.62
4384.2
4383.98
4473.89
4563.19
4473.87
4563.32
4473.64
4743.03
4652.79
4563.53
4473.62
4473.38
4563.23
4473.58
4293.92
4383.95
4293.68
4562.49
4562.96
5011.82
4563.55
4742.52
4563.38
4473.39
4563.09
4473.61
4383.35
4294.13
4563.39
4562.98
4652.3
4832.76
5874.267857142857
4473.71
4652.89
4563.38
4473.1
4742.3
7109.945652173913
4562.35
4383.14
4742.12
4382.86
4382.92
4472.27
4561.75
4506.282828282829
4597.030303030303
4113.66
4382.71
4427.052083333333
4427.552083333333
4292.87
4415.929292929293
4450.448979591837
4450.214285714285
4292.69
4415.939393939394
4472.75
4382.42
4292.72
4415.888888888889
4292.75
5081.53125
4596.969696969697
4472.3
4392.876288659794
4292.9
4562.68
4292.69
4325.444444444444
4382.59
4561.88
4877.758620689655
4382.36
4368.347368421053
4358.673469387755
4562.16
4292.6
4471.88
4506.454545454545
4368.263157894737
4472.48
4816.265306122449
4707.78125
4415.939393939394
4203.83
4472.0
4113.8
4114.26
4293.7
5101.14
4382.5
4652.23
4293.17
4472.96
4450.285714285715
4292.78
4325.242424242424
4203.63
4382.51
4687.666666666667
6091.175824175824
6177.56
6982.010638297872
6177.77
5639.24
5818.82
4472.87
4831.07
5090.857142857143
5084.137931034483
5549.1
6228.858585858586
5549.79
4203.45
4359.010204081633
4292.64
4203.11
5100.49
6501.50505050505
4203.2
5459.39
5011.05
4652.26
4472.09
4293.9
4383.34
5459.63
4293.26
3627.6813186813188
4383.15
4921.02
4652.52
5893.868131868132
5459.42
7044.285714285715
5728.73
5225.360824742268
4801.083333333333
5773.1625
5548.648936170212
5908.67
6267.36
5706.482352941176
5766.865853658536
5218.115789473684
5639.2
4472.17
5296.157303370786
4472.3
5451.108695652174
4203.32
4382.79
4652.86
4204.31
4741.4
5747.888888888889
4293.44
4203.29
4113.47
4113.47
4293.08
5178.552941176471
4741.45
4980.827586206897
5427.013513513513
4691.471910112359
5687.40206185567
4325.333333333333
4462.621052631579
4203.23
3934.19
4651.388888888889
5211.2375
6536.43
6389.927083333333
4293.23
4651.233333333334
4113.47
4651.4315789473685
4113.86
4498.734042553191
5277.409638554217
4691.573033707865
4877.83908045977
6087.89
5795.582417582417
5263.835443037975
5169.55421686747
5438.195121951219
5284.435294117647
4382.39
6008.153846153846
7113.697674418605
8706.567901234568
8041.388888888889
5722.415584415585
5271.185185185185
7043.7733333333335
7274.217948717948
6374.618421052632
5790.094594594595
9162.763888888889
7185.035294117647
6941.0
7175.758241758242
6218.896551724138
6868.329411764706
7218.081395348837
6800.593023255814
5893.076923076923
6296.035714285715
5911.635135135135
5945.227848101265
6639.216216216216
6243.704225352113
5011.46
7078.318181818182
5277.987951807229
5094.853932584269
5548.2
5639.18
5190.92
5908.22
5227.785714285715
5290.712643678161
5369.75
5413.181818181818
4832.4
4953.951807228916
5061.590361445783
4742.22
5011.33
7430.698924731183
5010.98
4831.9
4652.61
4472.64
4382.69
4472.91
4921.9
4832.17
4742.09
4742.15
4472.57
6464.5204081632655
6764.211764705882
4383.11
4293.05
4382.75
4293.56
4383.65
4472.96
4383.02
4383.36
4382.78
4742.9
4473.52
4292.9
4382.87
4652.27
5191.68
5999.03
5012.83
5461.13
4652.21
4562.3
6715.64
7822.194805194805
6178.04
4562.49
4742.45
4473.08
4922.24
4383.23
4383.26
5102.44
4383.56
4384.28
4563.29
4293.62
4562.69
4743.53
4294.88
4743.31
4294.85
4384.7
4295.48
4384.16
4384.38
4384.64
4204.55
4384.13
4294.52
4204.85
4204.79
4204.49
4923.89
4384.97
4294.7
4205.48
4384.81
4385.03
4116.35
4118.371134020618
3993.8947368421054
4205.27
4205.09
4205.66
4205.27
4205.58
4430.635416666667
4295.51
4182.736842105263
4674.847826086957
4654.4
4475.06
4385.42
4385.27
4295.61
4294.7
4564.37
4294.73
4295.21
4295.07
4294.88
4384.49
4294.94
4295.27
4205.45
4295.12
4204.85
4205.27
4116.08
4204.82
4205.2
4385.18
4115.81
4205.81
4205.39
4295.36
4115.36
4115.42
4115.3
4115.87
4024.94
4205.36
4115.69
4114.85
4025.84
4205.0
4115.54
4025.3
4115.63
4115.51
4205.27
4204.82
4025.06
4025.82
4025.96
4115.81
3846.44
3936.45
4115.61
3846.02
3936.08
3935.96
3845.78
3936.1
3756.23
3756.53
3666.83
3576.98
3576.82
4026.22
3756.5
3666.94
3487.16
4115.83
3666.69
3666.56
3666.74
3577.02
3756.53
3576.75
3486.65
3486.98
3487.21
3577.09
3397.46
3396.98
3307.55
3217.64
3487.25
3756.26
3486.98
3217.82
3217.52
3127.73
3128.07
4205.85
2948.42
3128.15
3128.09
3576.71
3487.25
2948.54
3397.49
2948.51
2769.05
3038.45
3038.63
2858.9
2858.99
3038.51
2679.5
2948.72
2679.41
2679.53
2679.32
2679.61
2679.62
2948.91
2679.59
2679.5
2679.41
2499.95
2500.08
2410.46
2679.74
2949.31
2410.46
2590.14
2411.0
2141.33
2231.15
2231.24
2410.67
2410.61
2500.38
2680.25
2321.1
2141.54
2320.83
2051.96
2321.48
2141.78
2052.32
1962.5
1962.38
1962.2
2141.54
1962.53
1962.44
2052.05
1962.44
2051.74
3039.68
2321.39
1962.47
1872.68
2231.63
2142.32
1962.65
1962.53
2052.23
1889.5510204081634
2231.39
1267.2921348314608
2589.71
3038.27
2499.98
2231.15
1805.0
2410.43
2769.62
2141.51
2142.0
1872.62
1782.83
2051.69
1872.77
2321.18
1065.7590361445782
1065.945945945946
3577.5
4473.59
3397.04
4474.07
5281.37
1065.7625
1066.5074626865671
4204.49
5101.58
4204.76
4294.85
5101.37
4473.53
3307.73
3217.79
3397.93
3666.59
3666.32
3845.75
4742.81
4115.55
4025.48
3486.65
3666.39
3486.65
3666.17
3666.35
3756.2
3666.23
3845.93
3576.65
3576.68
3576.62
3576.44
3845.93
3845.9
4025.6
3756.35
3846.08
3756.08
3756.14
3756.14
3846.02
3935.54
4384.6
3845.63
4025.31
4205.1
4025.64
4115.54
4115.39
4025.69
4115.48
3756.38
4384.97
4205.36
3666.74
3666.86
3936.08
4025.6
4205.33
3577.49
3667.04
3936.14
4115.81
3936.29
4026.17
4115.8
3935.99
4026.08
4205.63
4026.29
3936.26
4475.04
3936.41
4474.76
4385.03
4295.45
3846.35
4115.96
4295.54
4295.57
4026.08
4205.48
4295.42
4026.11
4295.21
5232.559523809524
5232.726190476191
5448.46511627907
5006.0609756097565
5239.860465116279
5344.197674418605
5174.686746987952
5104.625
5174.650602409639
5288.917647058824
4749.578947368421
3936.2
3756.5
4115.22
4654.15
4474.49
4564.54
4115.42
4205.22
3935.99
3845.93
3846.2
3846.02
3666.74
3756.47
3667.49
4115.6
3666.87
3666.86
3487.7
3398.3
3935.81
3846.53
4294.94
3935.75
3846.56
4205.21
4115.45
4026.05
3756.92
3935.99
3847.16
3936.68
4026.56
3667.8
3757.34
3667.52
4118.432989690722
3488.39
4206.1
3937.13
3936.95
3995.8571428571427
3995.795918367347
4026.59
3847.28
3937.04
4116.32
3847.28
4116.26
3875.4545454545455
3936.65
3757.55
3488.36
3875.4848484848485
3488.3
2347.214285714286
4206.08
3875.59595959596
3937.19
4178.928571428572
4385.64
3904.316326530612
3869.84375
3846.83
4056.6363636363635
4911.758241758242
4475.28
3937.01
3847.13
4026.86
4206.31
4026.0515463917527
4453.663265306122
3937.25
4026.77
3995.765306122449
4116.29
3937.16
3937.07
4673.556701030928
4295.44
3757.52
3937.07
4564.73
3936.89
3757.43
4026.52
3847.31
4116.29
3668.0
4205.95
3995.734693877551
4206.02
4385.6
3937.19
4206.08
4509.767676767677
4026.83
4509.525252525253
4475.21
4206.14
4116.56
4781.838383838384
4116.26
4295.6
4116.29
4116.23
4385.27
4205.9
4026.44
3936.98
4026.62
3936.89
3936.8
3937.01
3936.87
4475.01
4116.17
3756.8
3757.25
4654.78
3936.74
4116.07
4116.2
3846.95
3936.8
4026.53
4116.2
4295.45
3757.52
3757.49
4026.56
3846.86
3936.35
3936.89
4026.65
4205.85
3936.35
3847.34
4026.74
4026.56
4026.35
4652.96
3846.68
4205.89
4115.9
3936.95
3846.92
3936.8
4295.33
3936.91
3667.94
3847.4
3488.39
3847.22
4026.05
3577.4
3398.21
3667.28
4026.59
3847.13
3847.22
3667.79
4026.62
3936.56
4115.48
3846.59
3667.67
3757.31
3847.01
3757.16
3577.52
3757.61
4026.5
3577.94
3667.22
3846.71
3756.89
4295.09
3846.74
4026.2
4115.37
4026.05
4564.35
4653.78
4294.88
3936.14
3757.31
3936.52
3936.14
3756.74
3846.08
3846.38
3936.05
3846.5
3757.25
4115.92
3756.86
3935.87
4025.66
3488.21
3937.03
3936.65
4294.97
3936.74
4295.27
4295.32
4025.87
3846.5
3757.28
4025.6
4025.67
4115.27
3846.47
3667.37
3667.31
4115.45
3936.17
3667.04
4474.02
3487.82
3757.03
4115.72
3936.23
3936.41
4384.85
4295.19
4205.42
4653.69
4384.77
4833.87
3936.56
4025.84
4025.93
3936.2
4025.9
3846.65
4204.87
3578.03
4653.87
3936.29
4205.27
3846.95
3577.88
3936.25
3757.04
3756.98
3757.19
3667.49
3398.36
3936.13
3757.43
4743.85
4026.05
3936.47
3757.04
4205.09
4384.75
3757.14
3488.3
3936.65
4025.93
3936.38
4205.12
4115.72
3577.67
3218.99
3488.24
3577.73
3846.83
3757.58
3757.34
3578.0
3847.04
3577.52
3756.98
3936.26
5102.64
4384.94
4115.63
4833.57
4564.56
4116.08
3847.19
4026.5
3936.5
3936.47
3936.44
3667.49
4295.14
3936.5
3667.55
3936.32
3577.7
3936.4
3936.56
3936.53
3936.68
4026.02
3936.77
4474.43
3846.89
4025.88
3846.77
3398.48
3936.68
3308.84
4295.41
3488.12
3398.3
3667.76
3847.22
5820.07
4026.39
3757.28
3757.19
3757.31
3847.04
4026.14
3846.72
3936.35
3847.04
4564.48
4026.16
4116.0
4026.05
3846.5
3577.82
4115.96
4115.84
4294.85
4205.27
3936.65
4026.28
3846.5
3846.74
3847.01
3757.25
3757.16
3667.31
3936.86
4385.09
3757.1
4653.74
4115.87
3577.91
3936.38
4564.27
4026.08
3846.62
3757.04
4474.51
3936.56
3847.01
3757.28
4115.98
4295.45
3936.41
4116.04
3308.99
5012.88
4564.43
4564.22
4385.09
3936.56
4025.96
4115.54
4295.0
4115.99
3846.71
3846.59
3936.53
5191.96
4205.27
3936.62
3936.41
3757.25
4205.48
4833.25
4743.42
4115.45
4294.99
4294.7
4205.3
4205.21
4294.8
5102.43
4564.15
3936.35
3846.77
5191.9
4743.47
4474.61
4295.03
4474.4
4563.9
4743.04
4832.94
5101.58
5280.99
4653.89
4295.21
5102.13
4922.76
5281.16
4474.22
4563.99
4563.8
4564.01
4294.88
4653.77
4294.97
4563.89
4294.85
4205.3
4294.94
4474.5
4205.54
4922.86
4025.84
4026.11
4025.84
4833.01
4295.09
3936.41
4205.33
4205.27
4115.78
4294.94
4294.94
4922.9
4115.48
4295.01
4205.24
4115.51
4115.48
4205.24
4384.63
4115.78
5192.06
3936.41
4025.9
4025.87
4025.9
4025.84
4653.68
4115.45
4025.63
4205.33
4294.94
3936.38
4115.66
4384.59
4205.0
4294.97
4025.96
4115.36
4474.33
4205.27
4115.6
4025.93
3936.2
4384.73
4564.3
4205.4
4115.6
3936.35
4115.33
4204.88
4025.3
4115.33
4115.12
4025.66
4205.12
4115.12
4115.12
3935.99
3936.17
4742.99
4204.76
4025.81
4743.21
4115.42
4115.12
3936.02
4115.39
4025.66
4294.4
4204.22
4294.25
4114.94
4204.7
4294.37
4832.67
4115.03
4204.82
4294.16
4383.92
4294.46
4204.7
4473.56
4294.4
4294.28
4115.15
4114.97
4204.7
4204.79
4383.92
4204.7
4294.64
4204.94
4025.66
4563.68
4204.88
4115.03
4563.52
4115.15
4205.05
4204.76
4204.76
4473.98
4115.24
4205.03
4742.98
4204.88
4204.79
4563.82
4294.31
4384.1
4204.61
4742.65
5191.31
4294.37
4294.07
4294.07
4294.19
4384.16
4294.34
4294.34
4294.41
4294.52
4473.86
4204.34
4204.73
4204.37
4294.25
4204.79
4204.79
4025.21
4204.77
4115.24
4204.52
4114.79
4114.91
4204.46
4115.06
4293.83
4204.37
4114.73
4204.58
4115.0
4204.58
4204.67
4204.49
4115.39
4205.06
4115.48
4294.97
4205.03
4294.79
4205.12
4115.39
4115.48
4115.48
4294.7
4205.24
4205.15
4204.97
4294.88
4294.97
4294.91
4205.06
4115.12
4294.91
4205.33
4205.03
4205.15
4115.69
4115.42
4294.52
4205.15
4294.97
4205.24
4205.24
4205.42
4294.91
4294.79
4205.33
4115.48
4115.84
4115.57
4205.33
4115.57
4205.39
4205.57
4115.84
4115.75
4295.06
4205.12
4115.63
4115.72
4026.08
4115.81
4115.75
4115.66
4205.3
4026.17
4025.9
4205.36
3936.41
4115.72
4115.81
4115.81
4026.17
3847.04
4026.08
4025.99
4026.17
4026.08
4026.08
4026.2
4026.08
3936.14
4025.96
4115.81
4115.84
3936.59
4026.08
4025.99
4025.9
4026.17
4026.26
4026.05
4115.72
4026.17
3936.68
4026.08
4025.9
4115.45
4025.96
4115.81
4026.35
4115.75
4115.93
4026.17
4115.81
4026.17
4115.9
4026.35
4026.08
3847.04
3936.59
4026.08
4115.75
4026.08
4025.99
3936.5
4026.08
4115.9
4025.78
3936.41
4026.08
3936.68
3936.59
3846.77
4025.96
4115.27
3846.86
3936.26
3936.56
4026.41
3847.13
4026.17
3936.41
4026.17
3936.59
3936.71
4026.35
3936.5
4026.05
3846.89
3936.41
4025.99
3936.5
3936.5
4026.08
4025.99
4205.39
3846.95
3936.68
3846.95
3936.59
3936.53
3936.5
4026.26
3936.59
3936.65
3846.86
4026.53
3667.64
3936.38
3667.67
3667.67
3667.67
3847.19
3936.68
3847.19
3847.19
3667.88
4116.48
3398.27
3667.73
3488.27
3398.51
3308.72
3757.61
3667.67
3578.12
3308.81
3308.78
3488.24
3488.12
3398.51
3308.84
3488.36
3308.84
3308.93
3308.84
3306.77
3308.9
3219.08
3219.08
3398.69
3308.81
3039.56
3398.57
3398.54
3219.08
3398.51
2696.848484848485
2949.89
3129.47
3219.14
3039.65
3219.14
3308.45
3219.23
2696.939393939394
3218.09
2680.22
2949.8
1065.0140845070423
4938.090909090909
4383.34
3307.13
4203.44
3755.53
2858.78
3217.35
4203.79
3486.53
3486.45
3755.46
3845.16
3396.65
3306.98
3755.45
4293.62
3486.34
3396.59
3396.71
3575.93
3665.6
3307.46
3577.07
3397.19
3487.07
3665.66
3307.04
3575.99
3578.42
3486.53
3665.63
3665.69
3845.62
3486.8
3576.26
3665.6
2948.39
3397.73
3846.14
3845.56
3307.13
3398.0
3307.16
4114.89
4025.58
3667.76
3756.02
3845.94
3397.07
3576.62
3576.38
3846.08
4026.29
3756.29
3756.14
3756.68
3666.56
3576.65
4294.58
4294.07
4922.39
4563.38
4563.56
4563.65
5281.76
5909.88
4833.14
5191.67
5687.171717171717
5550.56
5460.98
5640.11
5550.74
4966.836956521739
5460.74
5102.45
5552.232558139535
5959.19191919192
5191.61
5101.97
4383.98
4653.38
4383.71
4742.03
3665.84
3935.35
4204.79
2801.064516129032
2560.1
3486.44
4383.95
3666.44
4652.42
4897.53125
5281.879518072289
4926.162790697675
5819.15
4954.1325301204815
5908.46
4831.58
5014.571428571428
5062.1325301204815
6087.95
5073.517647058824
5062.096385542169
5728.97
4204.64
3935.06
5550.13
4204.43
5549.9
4594.489361702128
5640.08
4921.28
6088.85
4294.82
4654.01
4895.40243902439
6048.011111111111
6081.548387096775
6088.25
6267.65
5327.4875
5692.526315789473
6058.897727272727
6466.043010752688
5818.58
5729.42
5502.307692307692
5598.252631578947
5998.01
4881.448275862069
5370.26
5371.86
5829.989583333333
5459.81
5639.18
5299.359550561798
5406.548387096775
5356.25
5879.884210526316
5829.4375
5358.212765957447
5639.03
5602.78313253012
5307.774193548387
5397.786516853933
5908.67
5280.98
5343.0
5053.481481481482
5076.694117647059
6007.173469387755
5923.15625
5848.166666666667
5703.620689655172
5596.368421052632
5309.72972972973
5684.441176470588
7226.606060606061
6219.586206896552
6143.469879518072
5978.6164383561645
7826.138461538461
6937.678571428572
6446.1875
5997.125
6847.4078947368425
7984.271428571428
7984.271428571428
7674.3026315789475
8404.337662337663
7791.985294117647
7964.923076923077
7856.085714285714
7694.391304347826
7995.636363636364
7923.676470588235
8220.285714285714
6772.25974025974
8262.290697674418
6257.0
6189.636363636364
5603.814814814815
6446.533333333334
6648.163265306122
5439.0609756097565
6806.6
7046.476190476191
6391.59375
6267.29
6716.03
6536.72
6729.957894736842
6446.84
6177.41
5370.02
6267.29
5461.15
5550.26
5998.34
6177.74
5998.34
4562.75
4832.12
4652.39
4383.74
5190.83
5102.15
5729.27
5191.49
4563.26
4563.32
4025.45
3666.41
5461.22
4563.05
5102.03
5191.91
4832.99
5102.27
5191.16
5460.95
4473.95
5729.24
5371.1
5550.95
5192.16
5831.1875
6298.1875
5825.642857142857
5874.546391752578
5777.454545454545
5941.239130434783
5850.577777777778
5746.032608695652
6093.6373626373625
5696.204301075269
6427.0
5940.902173913043
6118.172413793103
5966.773195876289
6027.968085106383
6048.878787878788
4922.77
4922.47
4653.38
5192.48
4294.55
4204.94
5102.53
5192.18
5596.959595959596
5734.581632653061
4204.91
4294.67
4294.58
4743.39
4833.41
5012.57
4743.29
5596.787878787879
5837.797872340426
4115.12
5371.55
4833.17
5012.51
4922.72
4294.58
4922.78
4294.49
3576.92
4294.52
5642.4795918367345
4473.92
4563.65
4384.37
4294.58
4294.55
4474.1
4114.94
4115.06
4025.33
4115.06
4384.25
5643.244897959184
3935.63
5192.5
4474.22
4025.3
4563.68
4922.88
3935.69
4563.87
3935.63
4653.59
4294.58
5282.38
4923.01
4563.53
4384.13
3666.47
3935.54
3666.47
3845.96
4025.15
4025.21
3845.93
4115.25
4474.01
3845.84
4205.13
4563.65
4025.12
3935.54
3845.78
4204.94
3845.81
4114.91
3935.63
4025.09
3935.6
3935.48
3845.9
4294.55
3935.66
4114.82
4833.37
4204.85
4473.92
4025.33
4115.18
4204.91
4653.78
4923.04
5012.97
4115.12
4384.37
4384.37
4384.37
4384.37
4474.19
4474.19
4204.76
4474.28
4205.03
4564.13
5192.18
4833.2
4474.25
4743.41
4743.5
4743.59
4653.77
4743.47
4474.1
4204.82
3935.66
3756.41
4204.73
4204.7
4204.76
4115.09
5101.85
4742.81
4653.08
3756.44
3846.11
3487.28
3577.07
4564.2
3666.71
3577.1
3666.65
3756.41
4115.12
4564.18
4115.18
4115.18
3756.29
3935.63
3666.56
3666.53
4025.3
4205.03
4294.79
3756.38
3577.01
3935.87
3577.1
3397.79
3576.89
3576.86
3397.52
3576.92
3756.29
3935.63
3756.26
4115.32
4743.11
4025.24
4025.3
3218.3
3666.53
3935.42
3756.17
4384.1
3397.73
3487.4
3487.37
3845.98
3576.95
3577.07
4025.36
3756.59
4923.02
3666.62
3218.3
3307.94
3307.8
3397.52
3666.47
3845.9
5012.54
4384.29
3576.92
4474.16
3576.74
5282.3
3487.22
4294.64
4204.94
4025.48
4564.13
3218.18
3307.76
3486.95
3666.41
3845.84
3192.360824742268
3397.76
3845.9
4114.61
5551.73
4025.27
5102.68
4204.79
3487.13
3756.44
3666.53
3307.88
5192.74
3666.53
3935.63
3756.02
3666.26
3239.848484848485
3845.87
3845.87
3487.25
3666.71
3307.82
3192.453608247423
3666.53
3935.81
3935.75
3666.56
1065.9166666666667
1184.0
1065.890410958904
3845.81
3576.68
3935.72
4474.52
3935.33
3935.48
3486.95
4025.36
3307.7
3845.66
4473.65
5371.94
4025.18
4564.19
4474.38
4384.34
4923.26
3935.45
4922.94
4384.1
4922.48
4743.11
4653.35
5281.76
5640.92
4833.25
4024.85
4294.07
4832.93
6039.586956521739
5102.77
4653.26
5101.91
4114.85
4204.64
4653.26
4832.48
4294.16
4384.37
4024.97
4383.98
4294.34
4563.65
4204.37
4384.04
4025.15
4294.44
4294.22
5597.020202020202
4384.1
4563.53
4563.41
4743.23
4114.85
4563.59
4742.87
4473.83
4025.21
4832.81
4294.37
4294.25
4832.81
4563.5
4204.76
5191.67
5281.37
4653.08
4922.36
5281.43
4473.92
4474.13
4832.63
4653.38
4743.17
4653.38
4563.5
4563.65
4204.58
4473.83
4473.74
4743.08
4294.25
4563.41
5191.58
5011.94
4383.92
4473.68
4025.0
3935.0
5191.34
4922.21
5370.8
4383.62
4473.56
4473.74
4563.53
4563.32
4922.64
4473.84
4294.31
4922.37
4474.11
4563.26
4742.78
4742.72
5011.91
4653.39
4473.8
4563.32
4563.53
5011.91
5281.25
5102.01
5101.67
5101.7
5101.55
5101.28
5280.77
5011.46
5190.89
5370.23
5101.22
5639.66
5460.26
4742.24
4563.17
5191.43
5101.01
5101.13
4922.03
4832.27
4832.09
4921.73
5549.93
4832.51
5550.38
5190.95
5012.12
4832.78
5281.37
5281.28
5011.85
5011.58
5818.97
5190.95
5101.67
4832.06
5190.98
5280.62
5280.53
5370.17
5460.11
5549.75
5101.25
5819.09
5549.78
5459.93
5370.5
5908.76
5908.76
6088.46
6178.31
5909.18
6088.76
6259.021052631579
5999.48
5819.69
5999.24
6268.49
6268.58
6219.085106382979
5909.69
5640.56
5909.66
5730.11
6049.363636363636
5999.18
5999.45
6411.757575757576
5999.15
5999.24
5730.11
6089.15
6089.27
5909.51
5730.38
6139.787878787879
5909.48
5550.08
6268.46
6100.326530612245
6100.234693877551
6100.265306122449
6178.82
6049.363636363636
6089.27
6123.81914893617
6178.64
6089.21
5909.78
5932.968085106383
5730.5
5933.0
5192.15
5820.47
5909.96
5825.857142857143
5868.454545454545
5820.32
5825.8877551020405
5925.03125
5803.528089887641
5646.914893617021
5192.45
5696.032258064516
5599.870967741936
5461.61
5282.06
4923.08
5192.45
5282.12
5192.42
4923.08
5282.12
5371.94
5371.85
5371.67
4474.25
4743.35
5281.7
5192.06
5012.69
5368.734693877551
5012.72
5102.54
5012.81
4833.11
4653.47
4833.14
4743.32
5012.6
4833.23
4833.14
5012.93
5102.39
5461.25
4743.29
5281.85
4833.05
4833.14
4563.77
4832.69
5012.51
4473.8
5102.09
5102.27
4922.72
4832.87
4653.38
4743.32
4473.92
4922.57
4653.59
4384.25
4743.38
4653.65
5640.5
5371.34
4384.04
4384.13
4473.77
4473.95
4653.71
4474.16
4384.37
4563.86
4473.95
4473.77
4384.01
4832.69
4384.04
4384.16
4563.53
4473.71
4563.41
4473.59
4653.08
5011.91
4742.72
4743.02
4742.6
4473.23
4563.05
4652.81
4563.26
4563.23
4562.78
4473.2
4473.23
4652.84
4743.12
4473.23
4652.93
4652.54
5280.71
4473.17
4562.87
4742.45
4473.02
4473.14
4562.96
4472.93
4742.76
4832.06
4562.92
4293.71
4562.84
4742.18
4473.26
4383.47
4563.1
4473.26
4473.08
4563.11
4203.95
4383.57
4563.01
4383.35
4383.47
4293.44
4563.15
4921.55
4473.05
4473.17
4383.32
4473.17
4742.12
4473.0
4742.06
4383.19
4293.35
4383.26
4383.2
4383.29
4473.05
4562.75
4383.29
4383.29
4652.48
4383.11
4472.84
4472.84
4293.35
4652.89
4473.14
4562.69
4383.08
4562.78
4383.26
5011.8
4562.64
4741.99
4383.17
4472.84
4472.9
4293.44
4562.75
4472.78
4472.82
4383.31
4293.26
4113.8
4293.29
4113.92
4203.65
4203.5
4203.53
4203.62
4383.05
4113.83
4293.23
4203.5
4113.86
4024.16
4203.65
4382.87
4203.5
4293.23
4293.23
4383.17
4293.14
4382.96
4472.69
4024.13
4293.35
4293.14
4293.11
3934.43
5281.53
3844.76
4922.34
3934.43
3844.76
4024.13
4024.16
4113.77
5820.09
3755.09
4203.26
4427.375
4993.898876404494
4831.25
6357.89
5191.14
4382.6
5459.54
5369.93
6805.76
5638.97
5190.2
5100.71
5907.83
7164.17
5789.8387096774195
4292.87
4800.9375
5190.38
5370.11
6715.55
5190.53
5548.91
6536.27
6483.53125
6356.72
6805.67
4203.29
5280.53
5280.11
5010.98
5549.18
4113.5
4831.25
5997.98
6536.3
4293.14
5639.39
4921.43
4293.23
3934.34
4450.1122448979595
5638.81
3844.61
3844.74
3665.39
3844.7
5907.86
4959.878787878788
6591.848484848485
6939.190476190476
3934.34
3665.33
3844.7
3575.69
3844.67
3934.46
3755.0
4651.4631578947365
5302.076923076923
4382.66
5280.44
6266.81
4831.58
5492.481481481482
4023.92
4292.94
3665.33
4023.98
3575.66
4472.87
5818.73
6446.72
6177.35
6446.72
6446.36
6177.53
5547.7307692307695
6446.36
5334.107142857143
5011.07
3754.85
4292.69
4921.96511627907
5728.61
4907.178571428572
5908.16
3754.85
4203.77
4954.060240963855
6072.7558139534885
6314.031914893617
5818.46
5100.5
3485.9
4203.96
3755.1
3213.375
3935.99
4456.288888888889
3575.69
3665.96
3755.78
3755.42
3755.72
5193.03
3755.85
3846.53
3846.07
3577.01
4115.72
5144.784090909091
4834.27
5103.01
3936.07
4294.8
4026.29
3217.04
3486.23
3486.86
3845.69
3666.23
3755.75
3841.1958762886597
3486.83
3756.95
4116.65
3666.23
3755.57
3756.5
4115.75
3845.57
3935.15
3935.39
3576.23
3935.66
4116.08
3755.81
3755.39
3963.53125
5103.12
3846.02
4384.13
3756.17
4294.79
4115.12
4114.82
4206.24
4998.3258426966295
4384.39
4115.09
4617.3125
4539.225806451613
4026.14
4087.5408163265306
4501.904255319149
4025.223404255319
4025.24
4294.88
4781.757575757576
4563.59
4473.68
4114.91
4204.34
4383.83
4204.4
4383.89
4384.16
4832.87
4922.45
4653.26
4743.05
4832.6
4922.21
4742.9
4384.1
4024.58
4384.46
4473.77
4384.07
4295.69
4294.28
4294.46
4204.49
4384.25
4743.42
4832.99
4204.86
4563.53
5639.84
5012.51
4921.97
5011.79
4743.23
5012.48
5101.7
5281.7
4653.14
4294.25
4742.93
5011.91
5281.1
4742.63
5881.242105263158
4653.38
5415.20202020202
4922.12
4743.35
5729.85
7045.0
5281.49
4922.6
6241.076923076923
5101.89
4383.98
4024.82
4294.38
4742.99
4114.82
4384.04
3845.66
4672.938144329897
4026.2
4115.0
3935.42
4204.76
4294.73
3576.35
4563.91
3935.06
4294.49
4384.15
3576.44
4744.28
4922.6
4025.42
3757.61
3847.01
4057.1875
3935.54
4115.18
4384.49
4205.04
4024.73
4204.82
3756.02
4025.51
4025.63
4205.08
4204.95
3845.39
3935.03
4025.18
4294.55
3935.63
4744.39
3666.98
3936.04
3576.59
3666.32
3666.23
3755.96
4294.44
3935.78
4026.08
3666.44
3756.35
4655.0
3576.68
3486.71
3755.87
3935.54
3935.6
4115.66
3935.69
3577.52
3577.34
4115.3
3756.26
4564.25
3576.68
3576.77
3576.68
4025.5
3756.62
4025.32
3845.57
4114.94
3665.93
4114.91
3576.53
3936.11
3576.83
3845.51
3576.44
3487.97
3667.82
3756.11
3755.96
3486.74
4205.75
4205.46
3576.65
4384.76
3756.75
4474.63
3577.47
3666.26
3937.28
4950.546391752578
5101.82
4473.89
4488.237113402062
3935.75
4115.27
4025.12
3756.14
3845.93
4204.58
4294.13
5011.55
3935.57
3935.15
3935.51
3935.42
4473.65
4025.15
4115.03
4025.78
3935.63
3846.23
3846.29
3845.99
4114.88
3845.9
3845.9
4295.96
3756.53
3756.29
3935.78
3845.99
4115.45
3846.05
3756.31
3487.01
3756.35
3666.59
3666.17
3666.5
4026.03
4384.46
3846.08
4564.67
3666.56
3935.9
4294.82
3307.49
3846.29
4025.75
3846.26
4025.75
3846.2
4115.15
3935.87
4025.72
4833.17
3935.83
4204.94
3936.02
3307.82
3397.34
3576.83
3666.44
4025.8
4025.92
4295.31
3667.4
4025.6
4115.33
3217.97
4384.88
3487.51
3397.68
3307.64
3397.3
4296.2
4475.49
4382.152173913043
4116.64
4371.7052631578945
3936.98
4419.070707070707
4026.33
3217.92
3757.31
3217.85
4565.05
4295.46
4205.91
3846.08
4116.2
4116.44
4474.7
3936.55
3756.35
4115.3
4026.41
3936.38
4026.4
3847.25
3668.01
2317.1162790697676
4564.91
4743.86
4026.05
3935.51
4205.47
4026.14
4564.71
4923.41
5459.642857142857
5021.451612903225
4026.47
4869.5
4328.646464646465
4118.567010309278
4673.309278350515
4116.56
4950.546391752578
4731.94623655914
4116.36
4600.373737373738
4834.24
4295.72
5103.02
5032.1578947368425
4564.4
4654.07
4385.12
4475.54
4564.64
3398.39
4654.43
4295.36
4617.46875
4116.85
4206.0
3577.88
4206.12
3846.65
5013.15
4116.11
3847.16
3936.8
4385.59
4026.38
4911.040816326531
4564.41
4474.64
5013.25
4295.61
4744.14
4743.95
4474.75
4026.24
4026.46
4205.92
4474.79
4564.37
3936.41
5192.39
4116.08
3936.14
3846.67
4205.63
4026.26
4205.96
4385.31
4385.36
4026.5
4205.72
4115.93
4564.22
4474.56
4295.3
4962.636363636364
4560.305263157895
5153.366666666667
4897.53125
3846.86
4453.234693877551
4834.17
4474.94
4385.42
4474.52
3846.5
4833.67
4115.99
4713.615384615385
4781.363636363636
3936.49
3846.76
4026.18
4115.86
4385.1
4205.6
4205.52
4475.0
4115.81
3577.34
3846.81
4026.06
3756.92
4295.3
4385.14
3487.8
3398.33
3488.0
4474.84
3936.66
3667.37
3757.22
4115.94
3846.47
4744.03
4474.65
4295.12
4295.1
4475.48
3667.34
4026.41
3936.72
4858.20618556701
3757.53
4295.27
3667.32
3846.56
4384.97
4295.25
4026.08
4205.63
4564.68
4385.42
3936.64
4564.92
4205.44
4833.44
4564.34
3846.71
3936.56
3667.43
3667.61
3846.98
3846.8
3667.13
3846.62
4115.75
3846.46
4743.29
4026.26
3847.04
3936.45
3757.1
3936.17
3846.8
3846.77
4564.47
4474.91
4654.15
3667.1
3487.61
3846.86
3128.57
3936.72
3487.89
3756.93
3936.2
3667.13
4026.05
3846.59
3936.48
4206.43
4386.03
4419.575757575758
4475.5
4475.17
4295.57
4026.23
4115.9
3936.56
4116.1
4026.12
3936.34
4205.48
3756.68
3936.39
3756.74
3577.25
4025.9
3667.07
3756.62
3846.51
3756.74
3756.62
3846.51
3577.22
4205.39
3846.66
3756.71
3667.07
3756.53
3667.07
3307.79
3667.25
3666.95
4295.54
4564.37
3846.7
3487.32
3667.06
3577.11
3577.43
3667.07
3218.15
3397.82
3307.91
3487.4
3756.68
3756.63
3397.67
3487.31
4385.53
3846.59
3487.58
3397.52
3756.51
3577.17
3487.28
3487.19
3307.79
3397.49
3397.46
3935.87
3577.22
3048.136842105263
3756.11
3936.06
3487.19
4115.17
3487.13
3397.46
3487.31
3397.46
3397.64
3397.46
3576.74
3217.88
3666.67
3577.16
3577.07
3397.49
3487.13
3397.4
3576.95
3577.02
3307.46
3487.13
3397.28
3666.94
4474.88
3936.23
3307.76
3666.53
3576.89
3576.8
3397.4
3397.4
3486.98
3307.67
3756.4
3577.02
3576.53
4025.54
4383.95
4204.96
4114.76
3666.35
3755.85
3845.6
3755.96
3576.43
3576.38
3576.44
3307.46
4743.86
4475.39
4475.22
4564.85
4385.57
4295.94
4384.82
4384.82
4294.69
3935.68
3576.26
3307.31
3307.4
3128.09
3397.16
3307.31
3396.98
3665.81
3756.1
3397.1
3486.65
3486.5
3396.98
3396.98
3396.98
3486.56
3486.65
3396.86
3845.96
3486.65
3217.64
3486.65
3397.01
3755.51
3576.29
3396.89
3217.55
3666.03
3486.65
3397.01
3397.01
3307.31
3396.89
3576.44
3755.72
3486.56
3665.91
3755.66
4203.99
3576.24
3486.6
3307.16
3396.98
3486.74
3307.34
3486.65
3576.23
3486.56
3486.68
3486.56
3396.8
3396.95
3845.54
3934.83
4652.4
4114.07
4024.46
3934.73
3934.89
3665.87
3665.87
3845.18
3755.54
4472.75
4597.787878787879
3845.15
3934.7
4293.57
3755.42
4024.37
4114.21
3755.63
3845.18
4507.262626262626
4832.66
4383.11
4203.71
4113.92
4114.04
4203.59
4293.32
4024.46
4114.01
4562.39
4024.37
3844.94
3755.3
4203.6
3934.61
4024.25
4634.081632653061
4113.93
4024.25
4383.02
4024.25
3844.94
4293.35
4114.01
3844.97
3755.33
4024.28
3934.61
3934.58
4024.22
4113.97
4476.434782608696
4633.724489795918
4741.72
4472.63
4203.59
4507.030303030303
4325.818181818182
4024.22
4382.9
4382.96
4113.92
4113.92
4293.26
4113.92
4113.95
4203.56
4024.25
4416.535353535353
4113.98
4562.33
4293.29
4472.68
4024.34
4203.71
4293.38
4203.56
4113.89
4203.65
4024.25
4203.62
4203.53
4382.99
4382.99
3934.61
3844.94
3844.94
4024.25
3844.97
4113.92
4024.25
4383.14
4113.98
4113.89
3934.58
3934.55
4024.22
3755.27
3755.27
3844.94
4472.51
4203.56
3934.58
3934.58
3934.58
3844.91
4024.22
4113.89
4024.28
4293.35
4024.22
4024.22
3755.27
4024.22
3934.58
4113.89
3844.94
4024.22
3844.91
3934.58
3665.63
4113.89
4024.25
3844.91
4024.25
4024.22
4113.95
4113.89
4113.86
3844.91
4203.56
4113.95
4383.07
4113.95
4113.95
4293.34
3844.94
4113.98
3934.58
3934.58
4113.95
4203.56
4382.96
4472.63
4542.193877551021
4203.62
3575.96
4113.92
3755.27
3844.88
4113.86
3755.27
4203.56
4113.89
3934.58
3934.58
3934.58
4472.63
3934.58
4113.89
4024.22
3844.94
3844.94
3844.91
3934.61
3934.61
3844.94
3844.94
4113.86
3934.58
4652.95
4203.53
4113.89
3844.91
3844.88
3844.91
3755.24
3844.88
3934.58
3844.91
3934.58
3934.61
3934.55
3934.58
3934.58
3755.24
4113.89
3755.27
3844.91
3934.61
3934.64
3845.0
4024.67
4024.55
3845.09
3845.0
4204.33
3845.0
4024.49
3755.36
3845.0
3755.27
3934.64
3845.18
4024.31
3934.85
4024.46
4114.25
4024.49
3755.33
4024.52
3934.76
4114.16
4204.01
3934.94
4024.7
4024.43
3845.21
4024.58
3755.27
4114.19
3935.21
4024.43
3934.55
3755.36
3934.73
3845.09
3845.09
3755.27
3934.67
3934.73
3844.91
3665.54
4024.31
3755.21
3844.97
3755.24
3755.21
3845.06
3755.24
3845.0
3845.54
3755.42
3845.27
3845.18
3845.18
3755.51
3576.05
3755.42
3575.93
3665.75
3665.69
3755.27
3756.02
3845.87
3755.69
3755.69
3845.21
3845.6
3845.36
3755.69
3845.24
3845.54
3665.96
3845.45
3845.33
3845.36
3935.21
3845.36
3845.27
3935.12
4025.21
3935.39
4115.06
3845.36
4024.76
3845.27
3845.45
3845.51
3845.42
3845.81
3845.72
3845.54
3845.72
3756.08
3666.5
3845.81
3845.45
3845.54
3665.96
3666.05
3935.12
3755.45
3756.08
3756.17
3935.3
3755.6
3845.63
3666.14
3845.99
3845.72
3935.48
3845.63
3755.87
3755.78
3845.81
3845.63
3666.23
3935.39
3845.54
3755.9
3755.63
3755.63
3845.54
3755.72
3845.3
3665.9
3755.75
3576.23
3665.99
3576.32
3486.84
3576.5
3936.39
4204.5
3665.78
3934.91
3665.96
3934.82
3755.42
3665.63
3934.88
3576.41
3665.99
3576.35
3575.99
3665.6
3755.63
3755.54
3576.44
3486.32
3396.68
3576.17
3396.95
3396.68
3486.35
3307.01
3755.24
3665.6
3575.96
3396.74
3576.17
3576.08
3666.08
3486.53
3307.04
3486.32
3845.0
3576.08
3486.5
3396.68
3486.32
3486.44
3486.35
3576.08
3576.08
3486.35
3396.68
3486.44
3486.35
3575.99
3396.65
3575.99
3575.99
3486.35
3486.35
3665.93
3486.35
3665.63
3576.05
3307.04
3486.53
3486.53
3486.44
3576.17
3575.99
3396.71
3396.71
3576.2
3396.71
3486.35
3576.02
3217.34
3486.44
3307.04
3307.01
3396.71
3307.07
3576.2
3396.71
3665.84
3307.04
3396.71
3217.37
3307.04
3307.04
3307.04
3396.71
3307.01
3307.07
3396.68
3486.92
3217.34
3307.13
3307.04
3396.68
3486.53
3666.2
3665.93
3396.68
3396.83
3306.98
3038.0
3217.34
3217.34
3217.31
3307.01
3396.68
3396.65
3486.38
3576.05
3037.97
3038.03
3127.64
3217.31
3038.0
3306.98
3306.98
3396.65
3486.29
3127.67
3037.97
3127.64
3038.0
3127.64
3127.7
2679.38
3127.67
2948.36
3127.67
3127.64
3845.68
2769.02
3038.0
3038.03
2858.69
2858.69
2948.33
2769.02
2768.99
2858.72
2679.35
3666.22
3846.59
2858.72
2858.72
2858.72
2769.08
2679.38
2948.33
3127.64
2769.05
2948.36
2948.33
2948.36
3037.97
2769.02
3038.0
2948.36
3127.64
2589.68
2679.35
3038.0
3037.97
2948.3
2948.3
2948.33
2589.8
3038.26
3127.61
3783.89898989899
3693.3535353535353
2858.66
2769.02
2858.66
2768.99
2679.29
3217.42
2768.96
3038.0
2948.27
3037.94
2948.27
3127.58
3037.97
2858.66
2858.66
2858.66
3127.64
3127.64
3037.97
3127.61
2679.32
3217.28
2858.66
2858.66
3127.61
3037.94
2948.3
2769.02
3037.94
3217.28
2948.27
3127.61
2948.3
2948.3
3037.97
3037.94
3217.25
3127.64
3037.94
2948.27
3127.58
3037.94
3127.64
3306.89
2858.66
3037.97
2589.65
3127.61
2768.96
2948.24
3037.97
3037.91
2768.99
2679.29
3037.91
2948.3
3127.49
2948.24
3037.88
3037.91
2948.24
2858.6
2768.96
2858.6
2768.93
2768.93
2948.24
2858.6
3127.58
3037.94
3037.88
2948.24
2589.59
2858.63
2858.6
3037.94
2858.6
2679.29
2679.32
2679.29
2679.32
2679.29
2858.63
2768.93
2768.93
2679.32
2589.62
2768.96
2589.68
2320.7
2589.68
2320.67
2679.35
2320.7
2679.29
2768.99
2768.99
2410.34
2410.4
2410.43
2231.06
2141.42
2500.04
2320.7
2231.03
2051.72
2231.06
2410.34
2231.09
1065.534090909091
2386.557894736842
2589.62
1962.02
2141.42
2141.33
2500.01
2499.98
2051.78
2141.33
2500.1
2231.09
2410.37
2410.28
3845.06
3845.54
2948.3
2589.62
3306.74
3845.42
4024.52
3935.0
4024.73
3396.59
3844.97
3486.32
3755.51
3845.24
3755.39
3755.6
3127.7
3217.22
3665.75
2858.69
4113.95
4114.07
4024.34
3935.0
3934.97
3845.09
3575.87
4293.47
3845.39
3396.53
4024.31
3306.92
3127.61
3755.36
3127.61
3755.3
3127.52
3665.72
2679.35
2948.3
2858.69
2589.68
3486.14
4203.65
4114.28
3486.14
3665.51
3486.17
3217.19
3217.19
3037.91
3306.92
3127.58
3217.22
2948.24
2948.27
2948.3
2948.27
3037.94
3486.17
3127.58
3217.19
3037.94
3486.32
3037.88
3127.76
3217.58
3038.03
2948.3
3127.58
3127.58
3127.67
3037.94
3037.94
3037.91
3037.94
2948.3
2858.6
3217.28
3307.01
2858.6
2948.24
2679.29
3037.94
2948.3
3037.97
2768.96
2858.63
2858.63
2948.3
3037.94
2768.96
3037.94
3037.94
3127.58
2858.6
3127.55
2858.6
2768.96
2768.96
2948.24
2858.6
3037.94
3127.55
2768.93
2768.93
2948.3
3037.94
2768.96
2768.99
2769.02
2768.96
2679.47
2769.02
2679.32
2589.62
2768.96
2768.96
2679.32
2768.96
2858.6
2768.99
2679.41
2948.54
3038.29
2589.71
2679.38
2858.69
2679.38
3038.03
2589.68
2769.02
2858.7
2769.02
2769.02
2769.02
2948.42
2948.33
2948.39
2769.09
2948.3
2679.38
3038.0
2769.02
2679.35
2769.02
2679.35
2679.38
2679.38
2679.38
2679.35
2769.02
2769.02
2769.02
2769.02
2679.38
2769.02
2589.74
2589.68
2320.7
2500.01
3218.17
2589.68
3007.59793814433
3397.64
3113.467391304348
3143.084210526316
3079.2448979591836
3307.49
3038.01
2948.36
2948.42
2948.3
3037.97
3127.64
3127.61
2948.27
3037.91
3217.28
3037.94
3037.94
3127.61
3127.61
2948.3
3037.94
2948.3
2948.3
3127.61
3306.89
3127.58
3037.94
3127.64
3217.28
2948.24
2948.3
3037.97
3306.95
3127.58
3127.55
3037.94
3217.22
3306.89
3306.89
3037.94
3127.61
3127.55
3306.86
3396.53
3217.22
3306.92
3217.25
3306.92
3127.58
3306.89
3217.31
3396.65
3486.29
3396.72
3486.35
3575.99
3396.65
3576.08
3486.32
3755.39
4024.34
4472.87
4293.56
4293.35
4562.51
4203.53
3755.24
3934.58
4204.52
3665.7
3575.99
3576.05
3486.35
3665.66
3576.02
3486.38
3935.27
3665.76
3665.72
3665.72
3665.69
4113.95
3845.0
3665.63
3844.91
3934.64
3755.3
3665.6
3844.97
3755.33
3845.0
3755.36
3486.29
3665.66
3396.62
3486.29
3575.96
3486.35
3486.29
3665.63
3486.29
3755.24
3575.9
3934.55
3755.21
3665.54
4024.31
3665.6
3575.93
3665.54
3844.85
3755.19
3934.69
3575.87
4114.31
3665.51
3755.33
3665.54
4473.14
3575.87
4473.35
3665.42
3575.84
3665.45
3486.14
3844.91
3575.78
3665.48
4563.15
4473.4
3755.35
3306.86
3575.81
3486.08
3575.75
3575.81
3575.81
3486.17
3486.14
3486.17
3486.17
3306.74
3306.77
3306.77
3306.83
3396.44
3217.13
3575.94
3396.52
3306.74
3396.51
3217.13
3306.85
3306.8
3217.13
3217.13
3575.69
3665.75
3575.89
3486.22
3396.52
3217.1
3217.19
3396.47
3217.16
3575.81
3306.74
3217.13
3217.13
3127.46
3217.16
3306.8
3127.52
3217.16
3396.44
3217.16
3217.16
3037.79
3217.1
3306.8
3217.16
3306.77
3306.84
3396.38
3396.47
3127.49
3306.77
3217.1
3127.46
3127.49
3217.16
3306.87
3127.46
3127.46
3127.46
3127.49
3306.74
3217.16
3755.58
3127.46
3217.13
3486.08
3306.95
3127.49
3127.53
3306.87
3306.96
3127.52
3306.77
3396.66
3576.13
3306.94
3127.52
3127.52
3127.55
3306.83
3665.81
3217.22
3127.55
3396.47
3396.47
3217.22
3217.25
3127.55
3665.79
3665.82
3127.61
3396.53
3217.19
3396.5
3127.55
3037.91
3037.85
3217.25
3217.19
3217.19
3037.91
3037.91
3217.22
3217.19
3037.91
3037.91
3217.16
2948.21
2948.27
3127.55
3127.55
2948.24
2948.24
3037.88
3037.91
3217.21
3576.02
3037.97
2858.54
3486.45
2948.26
2768.98
2948.21
2948.21
2858.57
2858.61
3486.44
3127.56
3037.85
2948.18
2948.28
2858.57
2858.57
2858.57
2948.28
2858.57
2858.57
3037.91
2858.57
2858.6
2948.21
3217.38
2948.39
2858.63
3037.95
2858.54
2858.6
3038.07
2948.15
2948.27
3038.0
3037.94
3127.49
3037.94
2948.24
2948.42
2768.9
2768.96
2948.42
2679.29
2948.27
2768.93
3127.81
2858.6
3038.14
2679.26
2858.57
2679.26
3127.52
2858.54
2768.96
2858.6
2948.18
2858.54
2858.65
3127.56
3037.88
2948.15
3127.76
2948.24
2858.6
2768.93
2768.96
3576.44
3486.66
2858.64
3038.06
3486.78
2948.24
2858.57
2948.21
2948.24
2768.9
2768.9
2858.57
4114.43
3845.21
2948.33
2948.3
2948.3
2858.66
2948.33
2948.27
2768.99
2948.33
3037.97
2858.69
2948.27
2948.33
3037.97
2858.66
2858.69
3037.94
2858.66
2769.05
2858.63
2858.66
2858.66
2948.33
3396.5
2858.6
2679.35
2858.72
2948.27
2769.02
2948.27
2948.3
3037.97
2948.33
3127.58
3306.89
2858.66
3037.94
2948.33
2858.69
3127.61
2858.69
2948.33
2948.27
3037.94
2948.33
3127.78
3038.96
2948.99
3128.0
3127.82
2948.36
3038.0
2948.57
3127.61
3127.85
2948.57
3127.97
2948.42
3306.92
3127.61
3217.43
3038.18
3127.61
3037.97
3038.42
3217.67
3038.0
3127.91
3038.0
2948.42
2948.36
2858.69
3127.64
3127.81
3217.28
2948.33
3306.86
2859.14
2858.96
2768.93
2768.96
2769.0
2948.32
2768.96
2768.93
2768.93
2948.56
2589.86
2769.0
2948.22
2769.19
2948.24
2679.32
3038.13
2858.63
2500.01
2948.24
3037.85
2679.29
2679.32
2679.32
2768.96
2948.27
3396.7
3037.91
3217.16
2769.14
2948.45
2948.24
2768.96
2858.6
2768.96
2679.32
2768.96
2858.66
3037.88
3037.88
3127.9
2679.38
2768.93
2679.41
2948.21
2858.6
2679.29
2679.29
3396.53
2769.23
2858.78
2769.02
2679.29
2768.96
2589.65
2769.05
2948.18
3037.91
2769.05
2769.05
2679.29
2500.04
3127.52
2858.57
2769.05
2948.36
2948.45
2859.23
3127.85
3217.7
3038.08
2948.36
2948.24
3037.88
2858.57
3037.88
3217.19
3037.85
2768.96
3217.13
3217.2
3037.85
2948.33
2948.24
3127.55
3306.8
3217.58
3217.37
3396.69
3217.19
3128.0
3038.33
3575.72
3306.98
3127.49
3217.16
3217.34
3217.25
3306.83
3306.8
3306.8
3217.16
3127.79
3037.85
2769.08
2948.24
2858.6
2769.23
2858.72
2679.41
2858.78
2768.96
2768.99
2858.63
2589.65
2679.35
2948.24
2679.35
2858.63
2769.17
2679.35
2858.66
2858.66
2858.77
2768.99
2948.3
2768.96
2679.38
2410.43
2679.35
2410.4
2410.43
2500.07
2589.71
2500.01
2410.43
2589.71
2679.35
2589.68
2589.71
2500.07
2768.99
2589.74
2768.99
2589.8
2589.71
2589.68
2500.16
2768.99
2589.71
2410.4
2589.71
2410.43
2589.71
2679.57
2679.38
2589.71
2500.07
2500.04
2500.04
2500.07
2500.07
2410.37
2679.35
2679.35
2500.07
2589.71
2500.07
2500.07
2500.04
2589.71
2500.07
2589.74
2500.07
2589.74
2500.1
2589.74
2589.74
2500.1
2500.1
2500.1
2500.1
2500.1
2410.4
2500.07
2410.4
2500.1
2500.04
2589.74
2410.43
2500.1
2410.46
2500.1
2500.07
2589.74
2410.43
2500.1
2500.07
2410.4
2410.4
1065.642857142857
3217.22
3576.22
2948.19
3217.16
3306.93
3396.35
3306.74
3754.94
4485.453608247422
8123.765957446809
4203.28
4450.081632653061
4023.74
3754.99
4415.878787878788
4292.66
4325.464646464647
3396.23
1064.0
1064.0
3665.47
3486.17
4451.285714285715
4326.555555555556
4521.947916666667
4708.854166666667
5012.16
5141.75
4923.604651162791
1798.7551020408164
4922.27
5819.9
5998.79
5101.49
5102.3
7454.818181818182
8133.909090909091
9546.45945945946
10031.0
7260.345454545454
6939.758620689655
6514.481012658228
4302.783505154639
4596.45744680851
4294.69
4653.688888888889
4181.2947368421055
4294.29
4294.16
5237.453488372093
4673.054347826087
4653.655555555555
4248.322580645161
3405.478260869565
3936.02
3784.030303030303
3840.0515463917527
3397.85
3756.65
3642.808510638298
3657.777777777778
3949.9166666666665
3915.8823529411766
3642.9574468085107
1066.2153846153847
1902.8133333333333
3693.7272727272725
3577.46
3846.59
3818.8522727272725
3883.093023255814
4376.726190476191
4020.6341463414633
4392.449438202248
4632.77108433735
4117.639175257732
4699.46835443038
4609.777777777777
5133.53488372093
5189.931034482759
4970.670588235294
4865.635294117647
5299.224719101124
5142.875
5029.406976744186
5143.181818181818
5198.101123595506
5213.193548387097
5355.695652173913
5355.597826086957
5453.326086956522
10037.488372093023
10037.642857142857
5305.505494505494
4983.241379310345
4909.571428571428
4847.542168674699
4740.192771084337
4802.75
4893.536585365854
4909.035714285715
4652.9375
4540.6625
4652.825
4764.875
4346.4390243902435
4055.0119047619046
4224.988636363636
3839.134020618557
4194.139534883721
3961.4270833333335
4054.8333333333335
3855.4666666666667
4054.9880952380954
4237.182926829269
4116.113402061856
4652.6
4506.476744186047
4652.588235294118
4764.65
4523.0
4764.65
3934.7
3892.086956521739
3845.21
3861.7419354838707
3867.8125
4089.8023255813955
4455.792682926829
3892.304347826087
3951.735632183908
3931.381443298969
3774.28125
3641.2340425531916
3746.3092783505153
3726.120879120879
3587.4375
3736.521276595745
3881.220930232558
3944.3703703703704
3848.67816091954
3774.25
3838.721649484536
3665.87
3802.9052631578948
3627.714285714286
3665.87
3934.91
3824.8901098901097
3927.404255319149
4055.0864197530864
4698.443037974684
4471.392405063291
4471.506329113924
4471.392405063291
4629.961538461538
4515.153846153846
4400.115384615385
3746.5876288659792
3715.2613636363635
4400.2307692307695
4399.961538461538
4326.987012987013
4605.894736842105
4515.038461538462
4698.443037974684
4605.776315789473
4630.076923076923
4605.776315789473
4456.085365853659
4652.9375
4676.233766233766
4698.443037974684
4830.333333333333
4830.222222222223
4765.2125
4745.0
4674.90243902439
4764.9875
4674.90243902439
4719.444444444444
4739.650602409639
4925.379746835443
4515.038461538462
4653.05
4675.012195121952
4739.542168674699
4719.444444444444
4830.222222222223
4653.05
4811.797468354431
5015.964285714285
4877.375
4830.222222222223
4955.542168674699
4940.888888888889
4719.444444444444
4719.333333333333
4940.888888888889
4765.1
4317.648351648351
4765.2125
4055.103448275862
4054.8888888888887
4165.765432098766
4584.974683544304
4784.219512195122
4285.01282051282
4307.180722891566
4443.168831168831
4150.967741935484
3845.15
4022.076923076923
3755.71
4055.1190476190477
3786.3483146067415
3990.0652173913045
3914.4823529411765
4127.963414634146
4127.963414634146
4399.897435897436
4629.846153846154
4019.9529411764706
3756.0444444444443
4125.305882352941
3902.0510204081634
3867.7291666666665
4019.8
3902.1326530612246
3802.926315789474
4127.90243902439
3897.1684210526314
3861.8709677419356
3901.938775510204
4055.0833333333335
4165.740740740741
3824.912087912088
3845.06
3755.79
3746.5154639175257
3934.61
3934.55
4024.37
3887.14606741573
3845.25
3755.33
3845.18
3845.0
4024.28
3845.06
3934.79
3844.97
3934.64
3755.45
3845.12
3774.28125
3755.42
3845.06
3934.79
3845.0
3755.42
3665.6
3755.33
4024.16
3755.39
3845.0
3755.3
3934.78
3810.6428571428573
3934.76
3934.67
3934.76
3901.9489795918366
3845.09
3755.42
3845.09
3845.0
3934.64
3755.51
3755.42
3845.06
3755.47
3777.139534883721
4113.92
3934.64
3795.0978260869565
3934.64
3755.63
3755.48
3934.77
3681.1770833333335
3845.11
3755.72
3817.465909090909
3952.103448275862
3855.9666666666667
3737.095744680851
3817.4545454545455
3708.8
3844.94
3845.04
3881.4302325581393
3849.0689655172414
3934.7
4024.28
4024.28
3934.76
4024.31
3641.6170212765956
4024.19
4024.31
4024.22
3845.38
4113.95
3845.25
3914.529411764706
4024.22
3934.79
3934.64
4024.43
4113.95
3665.6
3934.64
4203.68
4203.65
4113.98
3809.0588235294117
3934.94
3810.8061224489797
4024.25
4113.98
4203.62
4113.98
4024.43
4203.56
4024.41
4024.34
4203.62
3934.64
4113.98
4203.59
3934.7
4113.98
4024.37
4024.4
3755.36
4203.56
3934.67
4024.28
4113.98
3934.82
4113.98
3934.67
4203.5
4024.28
4024.31
4024.34
4024.28
3934.82
3934.79
4024.34
4203.62
4203.68
4203.59
4203.62
4113.98
4113.98
4113.98
4114.01
3934.76
3934.79
4203.71
4293.29
4114.01
4114.07
4113.95
4203.53
4024.28
4024.34
4113.98
4113.89
4203.53
4113.95
4113.98
4203.53
4024.19
4113.98
4203.56
4203.59
4113.95
4203.56
4203.56
4203.56
4113.95
3934.76
4024.43
3934.64
4113.92
4113.98
4024.28
4024.34
3934.73
4024.52
4114.13
4203.65
4293.26
4114.04
4114.79
4114.7
4114.61
3935.27
4024.97
4114.79
4114.94
4114.97
4294.31
4294.46
4294.46
4294.64
4384.28
3898.9684210526316
4383.89
4473.68
4653.02
4563.14
4652.9
4384.13
4473.5
4473.35
4293.89
4652.93
4652.27
4562.63
4921.73
4204.07
4562.93
4293.65
4293.59
4114.58
4473.11
4383.26
4383.14
5370.99
5011.85
4563.13
5011.97
5011.85
3935.3
4383.68
4921.7
5012.16
4383.93
4923.48
4743.09
4563.51
4294.26
4294.22
4204.43
4203.95
4293.44
4203.62
4024.31
4472.57
4825.451612903225
4485.484536082474
4393.2474226804125
3934.77
3934.8
4634.132653061224
4203.8
4521.520833333333
4203.62
4574.20652173913
4485.680412371134
4542.336734693878
4114.02
4293.37
4203.65
4203.71
4382.9
4024.34
4416.393939393939
4113.98
4382.9
4574.108695652174
4652.094736842106
4113.99
4507.080808080808
4416.474747474747
4024.43
4114.04
4024.34
3934.61
4325.878787878788
4472.69
4472.61
4393.257731958763
4427.833333333333
4652.042105263158
4359.285714285715
4203.62
4633.7959183673465
4393.1752577319585
4416.474747474747
4293.32
4801.864583333333
4578.030927835051
4785.829787234043
4711.43956043956
4507.242424242424
4203.68
4293.26
4404.085106382979
4690.308510638298
4472.67
4359.234693877551
4427.927083333333
4597.575757575758
4463.273684210526
4450.714285714285
4382.99
4359.193877551021
4325.909090909091
4359.193877551021
4382.99
4267.693877551021
4325.939393939394
4416.484848484848
4382.96
4359.163265306122
4382.96
4293.29
4293.32
4472.6
4293.29
4293.29
4382.96
4382.93
4472.6
4416.454545454545
4416.484848484848
4203.65
4203.62
4393.103092783505
4203.74
4383.02
4382.93
4114.01
4472.57
4203.77
4293.38
4293.38
4203.8
4114.16
4325.848484848485
4293.29
4382.99
4203.77
4383.02
4113.92
4293.26
4203.71
4203.8
4114.04
4114.07
4293.35
4024.49
4114.04
4024.34
4113.95
4113.98
4024.31
4024.31
4113.98
4024.34
4113.98
4113.98
4203.62
4293.29
4113.98
4293.29
4113.98
4024.34
3934.67
4203.62
4024.34
3934.67
4203.65
4024.34
4024.34
4203.65
3934.7
4113.98
4113.98
4114.01
3934.67
4024.34
4114.01
3934.7
3845.09
3934.73
4024.37
3934.7
4113.98
4114.01
4024.37
4024.37
4024.38
4024.37
4114.04
3845.09
3934.73
4024.37
3934.7
3934.73
3934.7
4024.37
3665.78
3845.09
3845.09
4114.04
4114.04
4024.37
4382.99
3934.7
4382.96
4203.65
3934.7
3845.06
4024.37
3755.42
3845.06
3845.06
3845.09
3845.06
3665.78
3755.45
3576.11
3665.78
3845.09
3845.09
3845.06
3845.06
3755.42
3665.75
3665.78
3665.75
3934.73
3576.14
3576.14
3845.06
3486.5
3576.14
3755.45
3576.14
3576.11
3486.47
3486.47
3420.3939393939395
3396.83
3352.908163265306
3576.14
3486.47
3486.47
3665.78
3396.83
2659.7
1065.890410958904
3376.505154639175
3576.05
3665.75
3755.39
3934.67
4024.31
4203.65
3934.67
3934.64
4507.0
4203.59
3934.64
3845.03
4024.34
4024.28
4024.28
4024.31
4114.04
4024.28
4113.95
4024.28
4113.98
4024.28
3934.64
4382.87
4792.932584269663
4382.9
4416.393939393939
4427.75
4472.57
4359.132653061224
4499.223404255319
4614.5
4203.59
4293.23
4416.393939393939
4485.484536082474
4393.072164948454
4499.223404255319
4542.102040816327
4427.71875
4542.071428571428
4416.393939393939
4506.939393939394
4614.5
4809.483516483517
4775.482758620689
4651.8421052631575
4633.540816326531
4393.072164948454
4542.163265306122
4594.808510638298
4485.577319587629
4499.31914893617
4612.43956043956
4573.869565217391
4746.421052631579
4614.5625
4729.129032258064
4521.125
4506.909090909091
4416.363636363636
4542.040816326531
4633.540816326531
4855.350515463918
4688.090909090909
4293.14
4382.84
4382.84
4293.17
4203.5
4382.78
4293.17
4293.17
4472.54
4562.39
4382.78
4562.48
4382.96
4382.87
4472.81
4382.87
4472.84
4203.5
4113.77
4113.74
4203.44
4024.1
4293.35
4293.23
4742.12
4382.84
4203.41
4293.17
4383.08
4293.44
4472.99
4203.59
4383.08
4293.35
4293.32
4293.44
4293.47
4293.26
4293.62
4203.44
4473.23
4562.75
4293.41
4383.17
4383.35
4293.62
4383.26
4383.14
4383.26
4203.65
4024.01
4472.99
4293.47
4203.86
4203.74
4293.68
4293.56
4024.01
4383.11
4562.57
4472.87
4113.98
4383.2
4383.32
4203.83
4383.44
4293.53
4203.62
4383.11
4383.08
4383.05
4472.93
4383.38
4473.02
4473.17
4293.65
4203.89
4383.29
4472.87
4383.05
4473.11
4562.63
4562.72
4472.87
4473.11
4562.63
4652.57
4383.32
4742.06
4473.08
4742.42
4742.39
4832.0
4742.15
4742.36
4832.03
4472.96
4293.23
4473.14
4203.8
4563.11
4293.53
4383.23
4383.41
4383.32
4562.81
4203.8
4203.8
4293.44
4203.8
4293.44
4114.01
4203.83
4114.07
4293.56
4293.71
4383.32
4114.34
4473.32
4024.31
4114.19
4024.49
4204.01
4383.59
4203.89
4203.92
4114.04
4203.74
4114.07
4114.22
4203.92
4383.38
4293.65
4114.04
4293.62
4203.92
4293.77
4204.01
4203.89
4203.89
4203.98
4204.1
4204.01
4383.29
4024.52
4114.34
4203.89
3934.64
4114.25
3934.64
4293.77
4114.28
3934.64
4203.89
4114.01
4293.68
4293.86
4204.07
4203.89
4293.74
4204.01
4024.52
4114.19
4203.8
4024.31
4024.52
4114.16
4203.68
4113.95
4024.28
4113.86
4024.25
4113.86
4383.5
4293.71
4293.62
3934.46
4113.86
4203.65
4024.13
4473.35
4204.04
4114.31
4383.65
4024.67
4114.07
4383.29
4114.04
4473.02
4113.86
4293.44
4203.47
4293.44
4293.65
4203.86
4293.56
4473.05
4293.41
4383.26
4293.56
4203.68
4473.29
4293.53
4113.89
4293.56
4203.77
4203.8
4473.32
4203.68
4203.8
4203.68
4383.47
4024.22
4203.8
4383.44
4203.71
4113.92
4203.8
3844.61
4203.65
4024.01
4113.86
4113.8
4203.83
4024.22
3934.46
4203.8
4024.25
4203.77
4204.13
4293.92
4114.34
4473.53
4114.07
4203.95
4293.86
4293.86
4204.13
4204.04
4024.31
3844.64
3844.7
4024.22
3844.85
4204.13
3844.91
4024.43
3665.42
4114.34
3934.67
4024.28
3844.91
3934.49
3844.67
3755.0
3844.67
4113.92
4203.53
4383.2
4113.86
4024.16
4024.13
4203.53
4024.04
4024.04
4203.62
4113.89
4113.89
4203.47
4023.98
4024.07
4203.86
4203.56
4024.13
4383.26
4203.56
4203.71
4203.68
4293.32
4113.74
4472.93
4024.1
4203.56
4023.83
4113.77
4293.29
4203.5
4293.29
4383.17
4383.2
4293.2
4293.23
4652.69
4383.17
4203.47
4114.01
4024.22
4024.1
4293.11
4472.87
4383.32
4383.47
4203.83
4203.77
4383.5
4473.08
4203.56
4382.99
4203.65
4383.14
4293.32
4293.59
4473.08
4832.42
4562.9
4293.68
4652.99
4473.23
5011.22
4922.06
4473.32
4742.42
4563.02
4652.57
5011.64
5550.71
5596.030303030303
4473.02
4562.69
4473.02
4472.9
4293.32
4293.38
4113.92
4293.53
4293.02
4203.23
4383.05
4652.54
4742.03
4562.54
4472.63
4472.78
4472.75
4383.02
4293.26
4203.32
4293.2
4383.11
4652.48
4293.47
4293.17
4293.41
4203.56
4382.9
4652.33
4293.29
3934.37
4562.75
4383.23
4024.04
4024.07
4023.98
3934.32
4024.1
4293.57
4653.02
5012.35
4113.83
4473.14
4383.17
4293.65
4203.68
4203.77
4203.5
4203.59
4203.56
4024.19
4473.2
4113.71
4383.35
4113.95
4113.83
4293.71
4293.47
4113.77
4473.29
4383.26
4383.41
4383.23
4383.41
4293.17
4472.99
4472.96
4113.8
4562.72
4203.59
4113.8
4383.17
4113.68
4383.23
4113.65
4113.89
4113.92
4203.5
4203.41
4203.56
4203.41
4652.21
4472.93
4024.19
4203.5
4293.44
4383.32
4293.29
4831.91
4203.59
4832.21
4652.87
4293.29
4563.06
4832.04
4921.76
4472.99
4832.51
4473.17
4293.35
4652.6
4562.63
4383.02
5101.31
4742.39
5280.83
4652.48
5011.64
4562.72
4742.42
4921.7
5011.67
4562.93
4472.99
4024.07
4383.26
4472.99
4203.92
4203.89
4203.92
4203.8
4024.22
4203.8
4204.01
4113.98
4204.04
4024.34
4024.25
3934.46
4203.74
4024.13
4383.23
4024.13
4383.59
4203.83
4113.89
3934.31
4383.53
4113.98
4203.92
4203.92
4293.68
4203.8
4113.86
4293.89
4203.74
4024.25
3934.46
4113.89
4293.68
4113.89
4113.86
4113.89
4203.92
4203.77
4383.44
4203.86
4024.04
4024.13
4113.86
4203.74
4293.59
4024.1
4113.77
4024.04
3934.19
4203.74
4023.95
4113.68
4023.95
4113.71
4383.32
4293.38
4023.86
4293.47
4113.8
4293.47
4203.65
4023.95
4293.68
4473.18
4203.62
4203.74
4203.71
4113.89
4203.71
4113.98
4203.83
4024.04
4473.47
4293.64
4113.86
4203.8
4203.71
4024.13
4113.98
3844.52
4024.22
3934.37
4114.07
4113.95
4024.19
4024.19
4114.04
4114.07
3934.46
4204.1
4024.22
4114.07
4024.31
4203.89
4203.89
4114.07
4024.31
4203.89
4114.04
4024.19
4024.31
4113.92
4024.19
4293.62
4203.8
4203.68
4203.86
4203.89
4114.13
3844.7
4293.83
4203.89
4114.07
4203.77
4114.1
4024.28
3934.52
4203.89
4114.04
4114.04
4114.16
4024.28
4024.31
4114.04
4114.01
4024.37
4203.89
4024.4
4114.04
3934.52
3934.55
4024.4
4024.31
4024.28
4024.37
4024.28
3934.55
4024.28
3844.7
3844.7
4024.31
4114.04
4114.04
4203.8
4024.16
4203.77
4114.04
4024.28
4114.04
3844.61
4024.28
4113.95
3934.52
4203.68
4113.92
4114.01
4114.04
4293.59
4024.28
4024.28
4024.19
4024.25
4114.01
4293.5
4293.59
4203.68
4203.68
4383.35
4113.92
4203.65
4203.77
4114.01
4024.19
4293.5
4203.68
4383.35
4203.77
4293.53
4203.77
4203.71
4203.77
4113.95
4203.77
4293.54
4203.69
4473.24
4293.53
4293.53
4293.53
4203.77
4203.65
4203.68
4113.92
4203.65
4203.68
4113.92
4293.62
4293.59
4473.37
4113.95
4113.92
4203.89
4024.19
3934.4
4113.92
4203.77
4203.77
3844.58
4113.92
4114.01
4203.8
4113.92
3934.43
4203.68
4024.28
4293.47
4203.77
4473.11
4293.62
4203.89
4113.92
4114.01
4024.19
4293.5
4024.28
4114.13
4114.13
4114.01
4293.53
3934.43
4293.62
4383.44
4114.01
4114.01
4203.77
4114.01
4024.28
4024.28
4024.25
3934.34
4293.62
4383.44
4293.53
4114.01
4113.92
4383.39
4024.16
4293.62
4024.28
4203.77
4024.28
4203.77
4203.77
4293.5
3934.52
4293.62
4024.31
4203.77
3934.46
4114.07
4114.04
4113.92
3934.55
4203.68
3934.55
4024.28
3934.55
3934.67
3934.55
3844.82
3934.55
3755.09
3755.09
4024.31
3665.45
3844.94
3755.21
3844.94
3934.61
3755.09
3844.94
3755.21
3844.85
3934.7
3844.94
3485.96
3485.96
3665.36
3665.36
3755.21
3665.39
3396.32
3575.63
3844.88
3934.7
3755.24
3755.21
3755.03
3665.48
3485.96
3755.12
3665.48
3844.88
3485.99
3485.99
3665.57
3485.99
3217.04
3485.99
3575.63
3485.99
3127.37
3575.63
3575.66
3575.66
3755.24
3665.48
3575.75
3396.35
3396.35
3485.99
3575.66
3665.48
3485.99
3217.04
3755.27
3575.63
3486.02
3396.35
3665.42
3755.15
3575.66
3485.99
3306.71
3396.35
3486.02
3665.3
3306.71
3306.71
3486.02
3575.75
3306.71
3306.71
3396.38
3396.38
3306.71
3665.45
3037.76
3306.71
3217.07
3396.38
3396.38
3575.69
3217.07
3396.41
3396.38
3575.69
3486.05
3396.38
3486.05
3306.74
3486.05
3665.36
3486.05
3396.41
3396.41
3306.74
3396.41
3217.1
3306.74
3396.41
3396.41
3217.1
2858.48
3127.43
3486.18
3037.79
3217.1
3127.43
3217.1
2948.12
3306.74
3217.1
3127.46
3217.1
3217.13
3127.46
3306.77
3306.77
3217.13
3217.13
3127.46
3217.1
2858.54
3037.82
2948.15
3217.1
3127.49
2858.51
3037.82
2948.15
3217.13
3217.13
2948.18
3396.44
2948.18
3306.77
3037.82
3127.49
2768.87
3396.44
3127.49
2679.2
2499.92
3127.49
3127.49
3396.44
2948.18
3217.13
2948.18
2858.54
2499.92
2948.18
2948.21
2948.21
2948.21
2858.54
2858.54
2948.18
3037.85
2589.59
2679.26
2679.29
2589.65
2589.62
2589.65
2410.34
2141.39
2231.06
2051.78
1705.969387755102
1065.5842696629213
1065.5806451612902
2589.65
2320.76
2410.37
3127.49
3127.49
3127.52
2858.6
3307.06
2948.3
3037.94
3127.55
2589.71
2768.96
2679.26
3127.58
2768.93
2769.11
2769.02
1274.0697674418604
1064.0
2679.38
2769.14
3486.62
4294.38
4024.9
4204.33
5837.521276595745
5819.9
5012.0
5550.44
4832.45
4473.29
5101.49
4921.76
6357.53
5729.72
6791.063829787234
6846.322222222222
7156.79012345679
7225.963855421687
7911.381578947368
6537.12
8300.258064516129
6358.15
8327.936507936507
7701.534246575343
8147.171052631579
7197.620253164557
9538.388888888889
6755.085365853659
6469.0
8566.524590163934
6291.153846153846
8645.155172413793
9529.264150943396
10037.585365853658
9838.222222222223
9464.829787234043
8829.807692307691
10037.6
10036.8125
6000.0
5730.66
5686.656565656565
5820.39
5909.84
5730.56
6785.175
6268.22
5875.371134020618
7398.735294117647
5731.19
5641.29
6357.15
6541.168421052632
5640.62
5729.82
5998.78
6088.65
5998.85
6357.39
6359.301204819277
6445.875
6445.988235294118
6012.850574712644
5549.04347826087
6374.631578947368
5642.447916666667
6356.99
6410.424242424242
6607.426966292135
5998.53
5998.58
5550.52
5825.419753086419
5548.6875
5818.81
5908.62
5640.08
5371.17
5819.65
5551.1
5819.75
5462.24
5282.54
5372.15
5909.84
5782.670103092783
5193.18
5819.94
5372.04
5013.74
4924.23
5013.76
5103.35
5013.87
4834.5
5013.55
4655.31
5192.48
5282.55
5820.38
4744.68
5103.43
4565.35
4565.11
5102.96
5102.62
5192.21
4923.72
4475.37
4564.91
4654.3
4545.183673469388
4361.775510204082
5281.06
5191.49
5011.43
4921.35
4833.26
5012.43
5101.89
4744.23
4654.3
4027.35
4211.309278350515
4206.6
4385.89
4337.072916666667
4205.84
4743.02
4922.87
4564.98
4833.35
4057.4242424242425
4832.54
4206.45
4385.35
4296.12
4475.13
4922.47
4205.61
4473.12
4562.76
4563.41
4563.28
4472.86
4653.29
3575.78
4293.81
3575.94
4563.49
4025.9
4205.44
4205.68
3705.423529411765
3937.12
3847.15
4025.9484536082473
4116.0
4026.51
4026.05
4205.33
3812.7448979591836
4025.61
3935.03
3397.46
3934.92
4026.09
4025.09
4294.14
4204.74
4204.04
4114.73
3756.2
4024.52
3756.69
3666.62
2948.91
3935.09
3576.32
3396.68
2679.51
3844.94
3486.5
2948.6
3577.1
1378.4767441860465
2410.52
1269.3977272727273
2559.96875
3438.2413793103447
3756.19
3576.55
3127.67
3576.67
3577.3
3576.54
3127.73
3038.03
3755.43
3486.47
3934.87
3576.45
3756.35
3487.46
3602.6464646464647
3846.02
3486.49
3285.1182795698924
3666.3
3486.6
3217.46
3576.54
3397.2
3038.29
3127.84
3665.91
3486.65
3576.65
3396.74
2679.38
3396.78
2769.11
3038.09
2769.15
3576.49
3217.53
2858.72
3306.89