27126.772727272728
14240.06976744186
1060.0
1064.088888888889
1067.8367346938776
2946.064516129032
5408.774193548387
1067.0
5920.875
1067.0
1060.4285714285713
4965.023529411765
8399.90909090909
3512.090909090909
8802.25
1060.0
1060.0
1061.7971014492753
1067.418181818182
1064.0
1064.0
1064.08
1067.2307692307693
1060.0
1060.0
1060.0
1065.3064516129032
1067.0
1067.7272727272727
2184.7
5417.941176470588
6859.583333333333
1060.0
1060.0
1060.0
1067.1264367816093
1068.0
1067.4404761904761
1067.0740740740741
1068.0
1068.0
1067.9591836734694
1060.0
1065.6923076923076
1067.0
1067.0
1067.0
1065.39
1067.0
1062.2676056338028
1064.9473684210527
1068.0
1068.0
1061.9692307692308
1064.9710144927535
1066.7142857142858
1060.0
1060.0
1060.0
1061.7272727272727
1061.8030303030303
1064.7
1062.089552238806
1060.0
1067.44
1063.92
1067.304347826087
1067.0
1066.2
1062.2686567164178
1063.7755102040817
1063.0
1067.5232558139535
1068.0
1067.265625
1064.421052631579
1067.0
1067.7407407407406
1067.2727272727273
1067.5
1066.8363636363636
1060.0
1061.84375
1065.5633802816901
1067.2941176470588
1067.0
1067.0
1067.4895833333333
1068.0
1068.0
1067.92
1068.0
1067.4666666666667
1067.0925925925926
1066.873015873016
1063.8333333333333
1063.2
1068.0
1065.26
1066.7333333333333
1067.225806451613
1067.661971830986
1064.0430107526881
1064.972972972973
1067.4893617021276
1067.276595744681
1066.949152542373
1067.741935483871
1067.0697674418604
1065.578125
1065.962962962963
1063.175
1063.0470588235294
1067.0
1067.1454545454546
1066.2068965517242
1062.4782608695652
1068.0
1068.0
1067.2131147540983
1064.8229166666667
1066.7395833333333
1067.0
1064.0729166666667
1060.0
1065.0133333333333
1063.2
1064.7444444444445
1063.1411764705883
1060.0
1065.4833333333333
1067.404761904762
1065.7
1068.0
1065.4925373134329
1068.0
1061.142857142857
1060.0
1067.0731707317073
1067.6969696969697
1068.0
1068.0
1063.240506329114
1064.5352112676057
1067.0
1067.0
1063.0722891566265
1060.0
1064.74
1064.2368421052631
1062.2857142857142
1068.0
1064.7179487179487
1060.0
1060.4705882352941
1060.0
3738.554054054054
16521.65625
1067.0
1066.0144927536232
1068.0
1067.505376344086
1067.125
1067.642857142857
1066.962962962963
1063.6923076923076
1065.36
1063.7802197802198
1068.0
1065.041095890411
1064.1904761904761
1064.29
1067.5333333333333
1062.4166666666667
1067.0
1067.7758620689656
1063.2771084337348
1061.7761194029852
1067.5108695652175
1067.371794871795
1063.8181818181818
1060.0
1065.5064935064936
1067.0
1067.3684210526317
1062.060606060606
1061.125
1064.1666666666667
1066.0925925925926
1064.628205128205
1067.421686746988
1068.0
1068.0
1063.1168831168832
1062.958904109589
1065.2571428571428
1060.0
1060.0
1060.0
1060.0
1066.88
1067.1454545454546
1067.0
1067.5232558139535
1066.4285714285713
1067.0365853658536
1067.0
1067.0
1067.36
1064.87
1061.037037037037
1068.0
1068.0
1067.546511627907
1067.0
1067.0
1067.078431372549
1067.0
1067.0
1067.0
1067.0943396226414
1068.0
1068.0
1068.0
1068.0
1067.528735632184
1067.0
1067.0
1067.421686746988
1067.0
1067.0
1067.0
1067.0
1067.0
1067.0
1067.3513513513512
1067.246153846154
1067.3827160493827
1067.6103896103896
1067.155172413793
1067.0
1067.5106382978724
1067.0
1067.448275862069
1067.5227272727273
1068.0
1067.741935483871
1067.534090909091
1067.7966101694915
1067.5294117647059
1067.4891304347825
1067.546511627907
1067.5731707317073
1067.575
1067.6818181818182
1068.0
1064.4137931034484
1064.1860465116279
1068.0
1065.3714285714286
1064.2790697674418
1068.0
1064.3720930232557
1066.9818181818182
1064.987012987013
1068.0
1066.8048780487804
1064.4444444444443
1064.5301204819277
1065.9718309859154
1066.1016949152543
1064.6117647058823
1067.5897435897436
1065.8064516129032
1068.0
1064.972972972973
1068.0
1064.5569620253164
1067.3962264150944
1065.8412698412699
1066.1333333333334
1068.0
1067.567901234568
1065.5121951219512
1067.6103896103896
1068.0
1065.4875
1064.641975308642
1064.8648648648648
1067.7704918032787
1067.55421686747
1064.4761904761904
1064.6153846153845
1067.641791044776
1067.567901234568
1067.758064516129
1067.0727272727272
1067.5949367088608
1065.157894736842
1067.9787234042553
1067.6338028169014
1066.8641975308642
1066.235294117647
1065.4102564102564
1067.1529411764707
1067.576923076923
1064.8
1066.9473684210527
1067.2156862745098
1066.859375
1066.844827586207
1065.1014492753623
1067.7833333333333
1065.0526315789473
1066.4561403508771
1067.6438356164383
1065.6744186046512
1067.0588235294117
1064.7682926829268
1064.759493670886
1068.0
1067.6315789473683
1064.6
1065.625
1065.6623376623377
1065.6615384615384
1067.0746268656717
1067.6911764705883
1067.5949367088608
1064.4878048780488
1064.5432098765432
1067.6
1067.921568627451
1068.0
1065.12
1067.8545454545454
1067.575
1065.6455696202531
1067.5949367088608
1068.0
1066.9718309859154
1064.8831168831168
1068.0
1066.3827160493827
1064.9473684210527
1065.081081081081
1067.9583333333333
1067.6911764705883
1068.0
1066.6909090909091
1068.0
1068.0
1068.0
1064.6265060240964
1068.0
1068.0
1068.0
1067.6969696969697
1068.0
1067.3086419753085
1064.6829268292684
1068.0
1068.0
1068.0
1067.576923076923
10803.934426229509
1064.5301204819277
2801.561403508772
1067.7758620689656
3131.1967213114754
17518.328125
5838.385542168675
8308.536585365853
10750.739130434782
7382.031914893617
2088.4204545454545
15074.810126582279
11163.551020408164
10603.048192771084
4660.075
4315.031914893617
4514.593023255814
4593.988095238095
4658.717647058824
4660.85
4701.142857142857
4901.865853658536
4528.1325301204815
4660.55
4885.5875
4727.395061728395
4727.3456790123455
4727.358024691358
4792.268292682927
4820.392405063291
4660.825
4747.3975903614455
4773.2375
4528.048192771084
4791.536585365854
4615.061728395061
4529.44578313253
4850.315789473684
4838.271604938272
4868.294871794872
4838.333333333333
4745.566265060241
4773.125
4773.25
4681.451219512195
4613.382716049383
4681.256097560976
4705.607594936709
4658.094117647059
4636.469879518072
4773.1
4838.2962962962965
4854.819277108434
4681.451219512195
4637.192771084337
4636.373493975903
4838.16049382716
4746.686746987952
4837.913580246914
4638.144578313253
4838.234567901234
4636.469879518072
4791.243902439024
4705.670886075949
4744.506024096386
4773.075
4773.0875
4773.1125
4547.0875
4744.6024096385545
4614.802469135802
4753.025641025641
4838.246913580247
4679.987804878048
4727.074074074074
4837.864197530864
4746.879518072289
4700.928571428572
4772.8125
4772.9125
4613.679012345679
4553.635294117647
4613.777777777777
4726.728395061728
4680.085365853659
4660.2
4571.036585365854
4917.74025974026
4570.829268292683
4726.407407407408
4615.666666666667
4679.987804878048
4681.658536585366
4595.083333333333
4637.638554216867
4752.948717948718
4571.951219512195
4765.717647058824
4753.166666666667
4613.777777777777
4592.392405063291
4595.083333333333
6955.333333333333
4681.6463414634145
5663.918604651163
6881.964705882353
4726.913580246914
4702.452380952381
4819.898734177215
4772.75
6815.5
8393.814814814816
4820.012658227848
4744.891566265061
4637.626506024097
4638.024096385542
4885.425
4571.756097560976
7060.851851851852
4615.37037037037
4702.309523809524
4854.084337349397
4681.963414634146
4595.321428571428
4679.64367816092
4571.8536585365855
4615.888888888889
4791.585365853659
4529.44578313253
4638.108433734939
4595.488095238095
4681.5609756097565
4613.975308641975
4765.447058823529
4570.951219512195
9957.629213483146
4746.493975903614
4638.060240963855
4529.686746987952
4594.321428571428
4726.851851851852
4595.369047619048
4659.364705882353
4809.916666666667
4885.425
4658.564705882353
4548.1125
4529.590361445783
4529.44578313253
4570.829268292683
4595.357142857143
4726.259259259259
4553.211764705882
4637.674698795181
4572.219512195122
4488.0
4572.085365853659
4820.06329113924
4659.458823529411
4659.2235294117645
4636.710843373494
4638.289156626506
4809.928571428572
4637.192771084337
4503.419753086419
4571.024390243902
4701.976190476191
4765.494117647058
4702.630952380952
6883.705882352941
4529.493975903614
4572.121951219512
4638.301204819277
8933.761363636364
9959.511111111111
4765.458823529411
4572.1463414634145
4553.682352941177
4638.012048192771
4659.270588235294
11071.32584269663
5774.107142857143
15914.916666666666
6883.376470588235
4702.5
4529.807228915663
4681.743902439024
4553.447058823529
4659.623529411765
4572.195121951219
4765.423529411764
4838.308641975309
4529.493975903614
4765.541176470589
4638.144578313253
4702.607142857143
4462.256097560976
4638.096385542169
4659.505882352942
4765.6
4529.686746987952
4462.170731707317
4658.941176470588
4702.821428571428
4765.552941176471
4638.349397590361
4659.752941176471
4917.857142857143
4513.302325581395
4572.256097560976
4702.5952380952385
4702.738095238095
4553.541176470589
4615.827160493827
4553.588235294118
4659.694117647059
4617.46511627907
4462.59756097561
4638.253012048192
4433.943181818182
4595.690476190476
4659.505882352942
4553.635294117647
4504.604938271605
4682.182926829269
4638.204819277108
4838.3456790123455
4576.80459770115
4595.369047619048
4659.84705882353
4572.1463414634145
4617.604651162791
4572.170731707317
4638.301204819277
4682.3536585365855
4773.1375
4638.301204819277
4809.488095238095
4617.697674418605
4572.585365853659
4488.619047619048
4595.607142857143
4702.5952380952385
4727.395061728395
4576.666666666667
4488.333333333333
4679.9655172413795
4553.764705882353
4659.682352941177
4447.8117647058825
4512.872093023256
4513.011627906977
4332.090909090909
4408.139534883721
4638.493975903614
4512.96511627907
4702.976190476191
4554.117647058823
4576.436781609195
3850.17
4659.7411764705885
4595.583333333333
4488.428571428572
4659.835294117647
4617.232558139535
4448.047058823529
4530.060240963855
4488.380952380952
4572.109756097561
4487.619047619048
4595.464285714285
4680.057471264367
4659.505882352942
4702.690476190476
4488.559523809524
4595.523809523809
4871.211764705882
4421.024096385542
4512.732558139535
4659.317647058823
4553.011764705882
4512.779069767442
4617.558139534884
4462.40243902439
4547.65
4595.607142857143
4680.19540229885
4901.822916666667
4782.954022988506
5464.83
4478.5
4834.98
5373.8
5373.6
5644.1
5551.67
5460.4
5551.11
5551.98
4994.078651685393
4878.149425287356
5597.061855670103
4877.735632183908
5358.627659574468
4954.457831325301
5642.265306122449
4906.714285714285
5221.231707317073
5308.258064516129
4907.428571428572
5084.83908045977
5452.695652173913
5061.144578313253
4907.380952380952
5550.265957446809
5549.967391304348
5450.8
5249.977777777778
5027.011627906977
5408.315789473684
5084.701149425287
4936.886363636364
4922.372093023256
5454.234042553191
5407.989473684211
5130.011627906977
4936.386363636364
5730.3
5203.934065934066
4861.788235294118
5211.89247311828
5255.880434782609
5263.148936170212
5640.78
5640.97
5256.445652173913
5095.134831460674
5196.685393258427
5105.43956043956
5458.448979591837
5462.31
5159.108695652174
5158.760869565217
5503.98969072165
5730.98
5458.367346938776
5551.14
5318.81443298969
5414.141414141414
5504.777777777777
5269.072916666667
4921.616279069767
4937.022727272727
5550.7959183673465
5731.48
4774.6551724137935
5686.979797979798
4892.786516853933
5687.363636363636
4950.633333333333
5457.322916666667
5504.123711340206
5641.42
5730.81
5461.51
5268.947916666667
5167.563829787234
5460.71
5263.436170212766
5104.956043956044
4877.873563218391
5407.789473684211
5504.878787878788
4877.413793103448
5167.712765957447
5550.1122448979595
5414.434343434344
5158.413043478261
5460.91
5689.917525773196
4922.17
5640.8
5269.364583333333
5281.33
4947.525773195876
5358.840425531915
5101.15
5366.7959183673465
4993.08988764045
5061.336956521739
5641.39
5458.775510204082
5505.363636363636
5159.336956521739
5411.515463917526
5641.1
5363.166666666667
5363.020833333333
5105.219780219781
5030.621052631579
4817.627906976744
5281.15
4892.741573033708
4936.386363636364
5175.708333333333
4741.49
5012.48
5552.42
5011.88
4472.42
5211.537634408603
5101.22
5091.673469387755
4980.390804597701
5175.166666666667
4922.83
5281.25
4921.65
4562.89
5011.68
4473.1
5281.33
4936.204545454545
4383.83
5051.404040404041
5318.742268041237
4840.547368421053
5011.0
4563.29
4744.48
4563.37
4833.34
4203.41
3935.44
4652.51
4295.26
4960.414141414141
4203.93
4294.56
5101.71
4204.85
4292.92
3934.76
4384.31
4563.77
4743.33
3575.84
4383.94
3666.71
4027.67
4474.74
4744.44
4476.14
4115.62
4115.5
4116.57
4385.07
3577.2
4024.42
3100.4742268041236
4294.92
4204.91
4206.05
4294.26
4204.17
4295.73
4384.96
4475.23
4206.01
4294.96
3579.48
4384.86
4205.45
3845.93
4115.38
3937.75
4385.21
4384.04
4384.67
4115.56
4294.12
4115.46
3935.34
3936.15
4027.41
4115.44
4294.35
4024.83
3936.8
3757.48
3310.24
3578.39
3577.4
3219.12
3756.79
3846.5
3666.7
3485.81
3846.49
3575.4
3306.85
3845.99
3755.41
2948.17
3309.07
3039.16
3488.48
3577.44
3129.68
2321.49
2410.86
2321.34
2425.4747474747473
2678.57
2052.08
2949.63
2501.17
2230.11
1961.92
1692.77
2411.12
1692.31
1961.1
2051.04
1602.27
1782.04
2501.04
2322.41
1873.07
2859.79
2500.78
2500.08
2949.29
2861.14
2951.3
2320.72
2319.26
2050.85
1063.6
1063.81
1063.1304347826087
1063.3979591836735
1063.54
1063.97
1063.6
1063.44
1064.04
1063.86
1872.89
1063.68
1783.55
1063.72
1063.92
1064.11
1064.36
1063.36
1781.3
2591.03
2411.39
1962.18
2589.55
2232.01
1602.22
2141.68
1782.24
1870.75
1691.91
1872.85
1960.86
1602.02
1063.72
2063.3838383838383
1064.23
1602.82
2051.7
1064.15
1870.95
1512.23
1512.95
1962.1
1423.44
2323.09
2052.57
2232.99
2245.3535353535353
2189.2727272727275
2377.741573033708
1423.4
2348.098901098901
1963.54
1447.1808510638298
2151.4945054945056
1783.65
2216.0581395348836
2319.5232558139537
1161.4516129032259
2114.691489361702
1602.34
1063.64
1063.76
1063.72
1063.74
1063.1489361702127
1873.58
1693.01
2161.487804878049
3236.4175824175823
2950.83
1512.07
2412.33
1694.15
1513.51
1245.85
1783.13
2410.75
2362.733333333333
2757.0
2334.258823529412
2408.73
1872.72
1932.505376344086
3037.09
2052.93
1872.31
1604.02
2053.84
1604.06
1443.1157894736841
1577.4285714285713
2364.9638554216867
2563.595238095238
2946.4418604651164
1861.8354430379748
2217.923076923077
2526.1375
2862.670588235294
2718.114942528736
1061.225806451613
1963.06
2484.315789473684
1782.52
1873.25
1872.87
1604.72
1516.12
2580.2808988764045
2925.1724137931033
3578.57
2691.776595744681
2844.8958333333335
3186.14606741573
2990.969387755102
2418.462365591398
3238.934065934066
1063.62
2053.44
1784.48
1063.77
2234.43
1873.25
2413.86
1965.28
1514.47
1513.21
2323.28
1243.3
1874.09
1783.77
1963.36
1962.81
2323.37
1433.5670103092784
1962.62
2862.44
2593.68
2699.252525252525
1873.06
2054.73
1875.35
1582.9885057471265
2053.42
2234.29
1792.7171717171718
1423.95
2052.42
1603.3
1963.72
2324.56
2144.59
3312.7065217391305
2682.8
1873.77
2233.15
2143.0
3244.868686868687
3620.178947368421
3124.7708333333335
3360.159574468085
3660.381443298969
2323.56
2052.05
4000.581632653061
3687.3958333333335
2862.28
3388.7191011235955
3436.3956043956046
3961.811111111111
3809.1263157894737
3809.084210526316
4061.6666666666665
1782.84
2143.85
4061.6451612903224
4028.769230769231
3721.431818181818
3335.8736842105263
3714.9684210526316
2503.91
3851.21
2641.577319587629
3582.62
3996.6304347826085
4325.087912087912
1692.77
3401.62
3965.0967741935483
4130.056818181818
3551.2127659574467
4192.054347826087
3582.55
4030.773195876289
2862.2
3491.93
4093.0947368421052
4254.784946236559
4361.122222222222
3898.554347826087
3402.8
3743.031914893617
4201.046511627907
4639.409638554217
3845.175257731959
4479.06329113924
3244.040404040404
3632.9795918367345
3581.56
4410.093023255814
3994.14606741573
3968.0104166666665
3994.2359550561796
4158.322580645161
3474.4123711340208
3241.5263157894738
4220.755319148936
3852.09
4211.45
3672.19
3732.6703296703295
4030.680412371134
3934.021276595745
2862.44
3809.2526315789473
4226.241758241758
3780.6145833333335
3838.5
4094.1847826086955
4254.913978494624
3647.031914893617
4125.31914893617
3405.8645833333335
3801.0434782608695
4158.279569892473
4061.4166666666665
2807.3571428571427
4187.821052631579
4155.28125
2052.53
4221.468085106383
1874.34
4092.4210526315787
4297.393258426966
4231.965909090909
4747.590361445783
3041.82
3781.3645833333335
4095.1573033707864
1599.46
3312.22
2684.54
2232.49
4354.390243902439
3492.51
4868.5
4216.515463917526
4773.4875
4541.426666666666
4885.775
3499.2291666666665
3839.1382978723404
4297.7191011235955
3042.67
4361.644444444444
4638.166666666667
4885.775
4885.775
4683.109756097561
4505.888888888889
4592.974683544304
4868.5
4616.83950617284
4949.543209876543
4820.392405063291
4727.740740740741
4727.740740740741
4727.740740740741
4753.333333333333
2954.07
2684.48
2259.1326530612246
3715.4
4276.0952380952385
4860.515463917526
5977.221052631579
5784.216494845361
5832.510416666667
5778.868686868687
1432.8775510204082
1254.2446808510638
2949.47
2412.07
1060.0
4115.66
5736.908163265306
5647.864583333333
5823.27
6037.180722891566
5688.737373737374
4801.194805194805
5602.357894736842
5256.733333333334
5404.2808988764045
5552.625
5690.783505154639
5602.634408602151
5506.258064516129
6050.333333333333
5690.98969072165
5882.663157894737
7043.333333333333
6655.376811594203
6062.242857142857
5129.833333333333
4901.719512195122
5455.2444444444445
4838.641975308642
4855.048192771084
4820.392405063291
4983.410256410257
4868.5
4773.4875
4727.740740740741
4792.414634146341
4934.101265822785
4997.5625
5459.04255319149
5601.989247311828
4885.525
4838.148148148148
4838.641975308642
4773.4875
4773.4875
4753.333333333333
4838.641975308642
5130.785714285715
5140.523255813953
5356.544444444445
5650.619565217391
5647.03125
5506.043010752688
5400.942528735633
5553.117021276596
5601.989247311828
5187.964705882353
5455.466666666666
5889.8279569892475
5033.976744186047
4900.012195121952
5093.482758620689
4885.775
4801.194805194805
4948.802469135802
4683.109756097561
4753.333333333333
4706.683544303797
5129.119047619048
4660.95
4791.4390243902435
5457.945652173913
5203.08988764045
5408.351648351649
5403.38202247191
4885.775
4820.392405063291
4820.392405063291
4661.2
4773.4875
4934.101265822785
4820.392405063291
4753.333333333333
4727.740740740741
4773.4875
4753.333333333333
4801.194805194805
4934.101265822785
4706.683544303797
4838.641975308642
4820.392405063291
4838.641975308642
4934.101265822785
4706.683544303797
4820.392405063291
4773.4875
4684.532467532467
4684.532467532467
4885.775
4638.166666666667
4753.333333333333
4060.717171717172
4773.4875
4753.333333333333
4388.83
4220.329787234043
4753.333333333333
4578.045977011494
4868.5
3851.05
4732.118421052632
4120.62
3940.72
4299.76
4324.076923076923
4119.58
4030.71
3940.8
4900.746666666667
4030.71
3850.89
4030.71
3940.72
4029.031914893617
4371.35632183908
4091.3367346938776
4709.756756756757
3999.5102040816328
4093.5760869565215
3940.8
3761.06
3850.89
3760.9
3940.72
3850.97
3850.97
3940.72
3850.97
3850.93
3671.07
3581.41
3850.89
3850.81
4120.62
4411.287234042553
3940.84
3761.09
3760.98
3940.52
3850.81
3850.81
4478.7
3850.89
3850.81
3850.81
3850.65
4945.886363636364
3850.93
4281.494736842105
4030.43
3850.85
3760.9
3760.82
3671.11
3940.72
3671.08
3491.48
3850.97
3995.7608695652175
3850.72
5025.752688172043
4030.51
4682.865853658536
5106.67
3580.84
4837.86
4478.55
4753.333333333333
3671.09
3851.05
3940.82
3401.65
3401.42
3760.9
3850.61
3940.6
3760.78
4299.12
3760.98
3940.84
3760.78
3581.08
4220.308510638298
3940.64
3851.04
4120.42
3581.39
4573.4390243902435
4616.543209876543
3760.86
3491.24
3671.43
3850.88
4091.091836734694
3760.82
4823.336734693878
4157.591397849463
4120.42
3940.88
3850.93
3581.28
3940.6
3581.04
4528.5
3670.95
3940.74
3670.87
3761.02
3581.12
3850.79
3940.76
3940.56
3850.65
3671.03
3581.17
3761.02
3491.21
3491.13
3581.04
3671.17
3401.22
3760.86
3401.22
4530.55421686747
4254.139784946236
4120.46
3670.87
3401.32
3581.08
3760.62
3491.33
3671.03
3670.83
4030.97
3401.48
4030.31
3760.86
3580.87
4030.51
3670.79
3671.11
3581.0
4225.9010989010985
3491.63
3671.2
3401.33
3670.95
3761.06
3491.09
3760.74
3491.21
3850.75
3581.34
3491.36
3491.4
3760.77
3850.81
3850.61
3580.92
3581.05
3401.38
3221.83
3042.09
3401.43
3491.2
3581.36
3311.69
3311.76
3401.55
3491.14
3401.14
3311.3
3221.85
3221.77
3311.24
3221.5
3041.98
3311.45
3311.41
3131.66
3490.92
3401.14
3400.9
3311.39
3401.1
3041.75
3311.47
3311.3
3221.75
3401.37
3311.22
3311.11
3131.69
3580.8
3490.89
3221.29
3401.39
3490.94
3401.16
3131.61
3041.65
3221.44
3221.44
3311.18
2951.55
3041.06
2951.63
2861.74
2681.53
3041.8
3401.02
3310.99
3041.67
3401.05
3131.4
3041.84
3311.07
3131.38
3400.86
3041.95
3310.91
3131.53
3041.1
3221.12
3041.06
3310.89
3221.11
3221.32
3041.59
3221.3
3221.12
3041.02
3221.24
3311.03
3221.2
3041.48
3221.24
3131.25
3221.28
3310.83
3041.18
3221.4
3041.55
3041.63
3400.62
3221.28
3221.12
3220.8
3131.17
3041.02
3131.13
3221.08
3310.67
2950.83
3220.88
2770.93
3130.96
3310.42
3310.59
3041.18
2950.83
2591.47
3220.76
3130.97
2771.69
3041.1
3130.89
3310.63
3131.05
3041.15
2951.31
3130.81
3041.18
2861.61
3130.97
3041.1
3041.18
3041.1
3041.06
2951.49
3310.43
3220.64
3041.26
3220.52
2770.77
3130.89
3131.05
3130.85
3041.06
3220.8
2771.8
2501.44
3041.02
2861.16
3130.81
3130.81
3041.1
2878.8282828282827
3040.74
3310.48
3220.8
3041.06
3130.73
3220.67
3130.77
2951.39
3220.72
3131.09
3041.26
3310.47
3310.47
3220.72
2771.57
3041.02
3041.18
3040.78
3130.61
2951.35
3220.4
2951.23
3130.65
2861.44
2951.27
2771.73
2771.69
2951.39
2951.03
2950.99
2951.35
2681.86
3130.17
3219.0
2951.17
3041.0
3130.77
3041.1
3041.14
2861.32
3220.48
2951.15
3041.14
3220.52
2950.91
3130.89
3130.65
3577.32
3308.47
3129.25
3398.14
3218.68
3041.02
3040.98
2770.25
2590.91
2949.29
3040.62
3040.9
3308.63
3577.44
3487.17
3577.56
3130.49
2951.19
3129.73
3039.3
3308.19
3309.18
2951.31
3040.94
3130.69
3577.16
3397.46
3130.13
2951.23
3130.61
2950.47
3218.79
3041.1
3039.66
3220.56
3310.39
3398.26
2951.03
2951.19
3398.14
3578.16
3487.97
2949.83
3218.64
3128.61
3129.37
3128.93
3040.22
2771.41
2771.72
3128.49
2859.8
3128.87
2860.32
2861.24
2861.4
3129.57
2861.04
2771.57
2681.78
2771.61
2861.44
2682.14
2771.61
2681.7
2771.45
2591.95
2771.61
2771.41
2771.49
3308.47
2949.43
3128.53
3128.65
3218.72
2859.28
3128.73
3037.94
3038.66
3128.17
2858.19
3038.06
3218.48
3307.55
3128.21
2768.49
2768.89
2678.82
2589.27
2769.29
2589.43
3129.64
2499.84
3309.0
3129.61
3218.72
2769.81
2498.84
2589.63
2859.24
2949.07
3218.68
2410.09
2501.2
2679.5
2051.49
2679.9
2320.7
2860.84
2140.35
2679.18
2409.33
2769.45
2678.86
2319.9
2410.25
2591.87
2769.45
3129.13
2590.11
2231.59
3220.12
2590.91
2590.67
2858.84
2949.43
3309.67
2321.06
3039.38
2411.61
2410.77
2680.22
2769.69
2949.59
2499.84
2231.63
3039.18
2769.45
3128.33
3220.24
3130.05
3220.36
2769.37
2859.2
2948.79
3309.19
2680.46
2680.3
2949.99
3220.52
2410.93
3309.59
2769.97
2770.21
3039.74
2859.76
3040.38
3039.22
2590.23
3129.69
3039.98
3039.78
2590.07
2949.63
2769.69
2590.19
3130.05
2950.15
2769.89
2680.94
3219.32
2860.36
3219.64
3039.78
2860.0
3129.77
3129.69
3039.74
2950.47
3130.29
3219.48
3129.89
2950.35
2860.76
2860.64
2950.03
2950.31
2950.43
2860.12
2949.71
3039.94
3039.3
2950.07
3128.97
2950.39
2949.59
2860.84
2679.74
2671.6526315789474
2950.07
2680.78
3039.22
2858.84
2948.75
3034.8536585365855
1424.8783783783783
1692.25
2774.714285714286
2858.84
2230.8260869565215
2680.1
2769.17
2858.84
3128.21
2859.32
3036.0243902439024
2857.16
3308.39
2859.36
3396.82
3397.26
3307.83
3127.92
3127.85
3664.79
3308.07
3486.33
3218.52
3398.1
3307.79
3308.75
3756.02
3217.96
3039.78
3308.15
1060.967741935484
3039.26
3398.18
3308.15
3397.3
3039.42
3309.11
3308.63
3039.94
3040.02
3308.95
3308.95
3487.81
3219.8
3309.47
3039.62
3488.21
1479.3953488372092
3309.47
2321.74
3488.17
2949.51
3130.05
3309.51
3308.91
3219.8
3309.71
1061.2777777777778
3218.68
3040.26
3398.78
3487.93
3218.72
3577.44
3308.87
3308.71
3219.44
3309.99
3398.18
3130.21
3218.96
3397.5
3128.74
3397.74
3129.93
3129.41
3218.48
3398.3
3308.39
3397.9
3128.73
3219.04
3309.35
3397.9
3397.3
3487.05
3128.53
3308.51
3218.24
3219.08
1061.1176470588234
3309.15
2949.75
3219.72
3219.2
3487.73
3219.48
3309.59
3309.71
3130.01
3309.75
3219.96
2590.47
3040.06
2950.43
3218.08
3129.87
3128.41
3129.53
3308.67
3397.66
3219.12
3130.37
3219.64
3129.49
3219.8
3309.35
3309.19
3039.62
3129.25
2950.19
3040.22
3039.3
3040.38
3129.89
3310.19
2950.07
2949.79
3129.93
3040.42
3039.54
3128.89
2950.96
2860.0
2950.23
3039.46
2949.91
2950.39
2680.38
2949.07
2860.54
2950.23
3040.22
2860.4
2950.63
3039.98
2860.64
2950.61
2950.63
3309.07
3219.4
3040.34
2860.64
2951.07
2950.01
3129.81
3219.36
3218.36
3039.96
3219.72
2950.95
3309.89
3040.11
3129.73
3309.55
3040.82
3129.81
3309.83
2680.34
2860.82
3041.14
3309.27
3308.51
2950.47
3039.5
2860.56
3130.77
2950.02
1961.9
3219.36
3039.86
3129.89
2860.92
3218.48
2950.61
3040.06
2950.14
2860.08
3039.7
2950.79
3220.24
2950.31
2861.64
2950.1
2949.71
2949.71
3038.98
3129.81
2950.83
3129.17
2949.87
3040.42
3039.3
3040.34
3219.44
3218.96
3129.73
2861.44
1415.6184210526317
3039.54
3039.66
2860.77
2949.43
3039.9
3040.22
2681.02
2949.83
3128.81
2141.96
2949.59
3038.74
2860.84
3040.37
3039.58
2681.36
3039.6
1778.9066666666668
2951.17
3219.32
2680.66
1250.3125
3040.26
3040.02
3040.1
2950.54
2950.36
3040.62
2860.16
2771.41
2771.61
2770.41
2770.25
2770.68
3129.64
2861.04
2591.43
2950.59
2501.12
2681.01
2949.98
2771.92
3039.38
2860.12
2681.66
3129.61
2770.71
2860.8
3129.85
2680.1
2860.55
2771.32
2860.8
2860.84
2681.96
2681.62
2949.83
2950.46
2591.71
2680.32
3040.41
2142.29
2142.52
2680.74
3129.61
2770.85
2950.47
3129.45
2681.49
2771.44
2680.62
2949.85
2860.84
2770.47
2590.91
2860.34
2950.66
2502.19
2411.85
2501.31
2680.83
3219.12
2141.36
1243.3
2771.11
2232.07
2052.37
1422.79
2321.86
3308.74
3039.79
2680.75
2861.44
2680.32
2949.67
2232.39
2681.53
2861.16
2681.88
2860.48
2859.92
2770.85
2681.18
2590.67
3129.05
2680.38
2860.16
2591.1
2770.61
2860.28
2860.29
1692.74
2590.99
2860.22
1512.71
2680.87
1962.56
2771.01
1782.63
2232.31
2052.77
1693.04
2770.97
2322.02
2950.39
2591.3
2142.2
2142.24
2860.96
2860.76
2141.98
1873.03
2770.41
1962.46
2411.49
2411.69
2591.33
1962.66
2052.25
2142.67
2859.88
2770.93
2052.33
3129.51
2232.19
2411.82
2322.1
2950.18
2769.85
2681.09
2680.94
2142.36
2680.5
2052.41
2770.53
2052.48
2142.36
2591.74
2770.81
1873.02
3129.69
2322.48
2681.38
2502.12
1872.63
2950.75
3039.82
2232.11
2771.68
2322.18
2591.07
2680.66
2591.51
3039.94
2860.88
2142.36
2860.28
2951.15
2411.9
2681.64
2771.25
2681.67
2502.06
2412.24
1962.62
2412.33
1692.92
2770.69
1962.54
2411.89
1872.87
1872.47
2860.92
2680.84
2142.5
2142.36
2951.27
2860.24
2771.13
2232.57
2770.57
2052.4
1962.26
2052.65
2052.49
2052.56
2232.39
2681.7
2142.36
2232.19
2142.64
1699.1616161616162
2412.16
2501.08
2501.83
1962.89
2681.37
2770.43
1693.01
2680.97
2771.26
2052.29
2591.59
2052.21
2860.56
2412.24
2681.19
2949.63
2232.23
2681.1
2681.18
2680.78
2412.05
2501.44
2231.69
1962.58
2411.89
2322.34
1962.65
2232.31
1880.7575757575758
1782.8
2322.18
2232.27
1782.76
2681.46
1603.02
2322.18
2502.04
1962.74
2590.83
2771.37
2681.82
2232.23
2322.1
1872.79
2232.31
2771.01
2501.12
2232.39
1692.97
1962.5
2232.39
2142.44
2142.4
2681.3
2412.09
2142.44
1962.7
2592.07
2321.94
2142.28
2142.28
2232.03
2142.32
2322.02
2232.23
2322.1
2142.32
2142.36
1782.8
2591.63
2322.18
2501.84
2412.09
2052.49
2322.18
2322.26
2322.06
2771.33
2591.19
1962.42
2412.01
1872.75
2322.1
2232.31
2412.05
2860.12
2322.26
2501.68
1962.54
2591.95
1872.71
2142.36
2321.98
2142.36
2950.39
2591.27
1962.66
1872.67
1962.66
2051.97
2322.22
2322.14
2322.22
2142.4
2322.18
2322.14
1872.75
2502.0
2232.27
2232.19
2142.32
1962.62
2142.24
2322.22
1962.46
1872.83
2142.24
1872.75
2052.53
2052.25
1962.54
1872.67
1872.59
2052.33
1962.42
1692.81
1692.85
2322.1
1872.55
2052.45
2052.21
2859.76
2322.1
2501.16
2232.19
2052.29
2232.27
2411.97
2052.37
2142.2
2142.16
2591.11
2322.1
2411.57
2142.24
2142.2
2052.37
2411.41
2052.37
2052.29
2052.33
2321.94
1962.38
2052.25
2052.33
1962.3
2142.16
2680.86
2142.0
2142.08
2411.53
1512.99
2141.72
2500.96
2770.05
2501.76
2411.89
2232.15
2411.21
1962.46
2142.12
2142.04
2052.25
2052.17
1872.51
1962.46
1692.73
1872.43
2052.37
2321.78
2322.06
2052.25
2411.41
2052.29
2232.27
2321.7
2321.94
2142.24
1962.38
2142.2
2052.33
2052.25
2770.53
2142.32
2142.2
2231.91
1872.51
2232.07
2142.2
2142.12
1782.84
2232.07
2052.37
1962.26
2142.2
1872.43
1602.78
1872.47
2052.32
1962.42
2142.12
2052.37
2411.97
2142.24
2232.03
2411.73
2052.33
1602.7
1782.52
2052.21
2052.25
2322.02
2231.99
2232.15
1872.63
2232.03
1782.68
2232.15
2232.11
1962.38
2142.28
2052.21
2142.16
2232.03
2052.29
2052.21
2052.33
2052.01
2232.07
1782.76
2142.36
2052.33
1962.42
2322.06
1782.56
1782.64
1962.42
2052.37
2052.37
2590.87
2052.25
2142.2
2142.28
1782.76
2411.33
1962.5
2411.29
2142.24
2501.28
2680.98
2231.83
2770.21
1962.26
2232.19
2052.37
2231.55
1962.5
2231.95
2052.17
2052.29
2141.64
1333.25
2142.08
2052.29
1872.55
2052.21
2052.37
2052.41
2232.15
1962.46
2321.78
2052.29
1962.3
2141.68
1962.22
2142.16
2052.29
2142.16
1782.56
2231.75
1782.56
2142.24
2052.33
2321.66
1962.46
1962.46
2051.97
2052.37
1872.51
2052.37
2052.45
1962.5
1962.57
2232.11
1423.0
1783.14
1962.5
1962.58
1962.46
2142.24
2052.41
2142.32
2052.29
2052.41
2052.41
2052.45
1962.54
2052.41
2052.37
2142.12
2052.41
1962.5
2232.19
2232.15
2142.12
2052.33
1962.58
2142.32
2142.08
1962.46
2052.49
2052.45
1872.59
2142.28
2232.15
2142.12
2052.33
1962.62
2052.37
2321.9
2142.16
2142.36
2141.8
1962.5
2142.32
2052.37
2052.37
2052.33
1962.42
2052.37
2052.37
2411.01
1962.58
2142.08
1962.62
2142.08
1962.58
2231.39
1962.68
1872.75
2052.45
1962.34
1962.62
2052.45
1692.85
2052.45
1872.75
1962.54
1872.67
2052.29
1872.75
1962.54
2052.45
2052.53
1872.75
1962.66
1872.71
2142.04
1962.7
1962.58
2052.45
1962.54
1962.66
2052.49
1962.66
1962.62
2142.4
2142.4
1872.83
1962.66
1962.58
2052.49
1962.58
2142.36
2142.2
2142.32
2142.4
2052.45
1872.75
2052.49
1872.83
1962.62
1782.96
1782.88
1962.58
1782.96
1962.66
2052.53
2052.45
2052.45
1962.66
2141.56
2052.49
1872.75
2052.49
1782.84
1782.92
1962.62
1962.66
1962.7
1962.66
1962.7
1872.79
1872.71
1872.83
1782.96
1692.89
2052.76
1783.0
1872.91
1872.71
1872.91
2052.57
1962.66
1872.83
1962.74
1962.65
1872.83
1782.92
1962.7
1872.83
1962.58
1872.87
1872.79
1782.96
1782.96
1782.88
1782.88
1782.92
1962.74
2052.25
1962.58
1782.84
1693.09
1782.92
1872.87
1962.74
1872.47
2052.25
2142.12
1783.04
1513.18
1513.43
1423.55
1423.6
1692.89
1513.47
1423.52
1423.52
1513.51
1333.81
1513.59
1603.42
1513.67
1603.5
1693.25
1693.25
1513.63
1783.48
1693.61
1513.75
1603.66
1603.5
1333.92
1513.87
1603.66
1513.87
1603.74
1693.69
2052.49
1693.45
1513.87
1603.9
1423.96
1513.91
1783.48
1603.9
1783.28
1783.68
1881.888888888889
1783.43
1603.7
1603.81
1513.91
1603.76
1603.76
1513.87
1513.99
1187.337837837838
1872.63
2052.93
2410.89
2412.34
2142.28
3040.06
2232.19
2681.02
2411.85
2949.71
2950.42
2950.34
2681.22
2950.03
2052.81
2770.49
2501.84
2052.76
2412.3
3129.69
2142.56
2502.04
2950.99
3040.26
2322.14
2591.51
2322.5
2052.45
1962.75
1782.92
1872.79
1873.2
1872.95
1962.7
2412.32
2142.52
2232.42
1963.1
2231.79
1872.97
1692.93
2142.65
2142.77
1962.86
1783.39
1693.01
2052.25
1603.38
2052.57
2232.55
1963.01
1872.87
1693.17
2322.06
2231.83
1782.92
2232.56
2322.26
1962.86
1513.07
1603.43
1782.84
1692.85
2052.56
2142.24
2680.95
1962.78
1962.98
2411.19
1783.04
1962.22
1872.71
1782.84
2052.63
1962.74
1602.98
2590.14
2769.21
1962.54
2141.92
2141.24
2501.52
2142.36
2142.28
2141.72
2052.17
2052.01
2140.76
2051.69
2052.61
1782.92
1872.75
1962.46
1962.5
1782.56
1423.24
1692.69
1692.53
1333.53
1783.04
1961.58
1513.35
1692.49
1423.44
1602.98
1872.59
1692.9
1603.27
1513.33
1513.39
1603.26
1333.61
1243.73
1692.81
1603.14
1872.79
1602.54
1333.63
1782.71
1423.53
1782.72
1692.98
2052.45
1693.05
1872.83
1692.69
2500.12
1693.11
1873.08
1513.07
1872.03
2321.02
1512.99
1603.26
1603.0
1513.07
1333.39
1422.8
1872.45
1423.5
1513.39
1692.45
1513.24
1782.64
1513.27
1513.31
1333.45
1512.95
1332.81
1603.15
2052.05
1693.09
1243.46
1513.06
1692.97
1513.14
1603.06
2231.27
1693.05
2140.84
1692.56
1782.67
1423.28
1603.06
2050.97
1603.39
1333.39
2051.41
1602.9
1603.1
1693.05
1513.28
1153.27
1603.11
1692.61
1782.76
1692.76
1782.88
1782.78
1872.03
1603.06
1692.32
1603.14
2141.91
1962.84
1692.76
1603.04
2141.08
2410.05
1692.81
1782.64
1513.15
1962.02
1603.14
1423.24
1512.87
1513.07
2769.21
1333.17
1872.47
1872.47
1872.87
2051.49
1243.38
2140.4
1693.08
1872.59
2769.05
1692.69
1872.43
2050.85
1782.24
2051.65
1782.67
2319.64
2318.98
2859.32
1692.81
2051.85
1692.68
1422.64
1513.22
1512.75
1422.84
2769.17
1782.76
1603.06
1692.85
2410.29
2589.5
1871.6
1961.58
1333.33
1961.54
1961.82
2050.93
2141.08
1691.7
1692.61
2410.33
1602.3
1603.07
2321.22
1603.01
1693.05
2769.45
1781.8
1871.74
1512.95
1602.96
1692.57
1961.34
1782.56
2140.3
1423.05
2589.63
1692.65
2142.14
1512.47
2500.56
1962.43
1782.56
2052.21
1872.45
1782.6
2858.7
1872.42
3038.9
1449.720430107527
1872.8
1872.65
1961.66
2499.8
1872.51
2410.86
1422.92
1872.59
1962.34
1602.71
1602.94
1602.62
1603.06
2500.0
1603.03
1692.81
1513.09
1423.28
1513.18
1333.31
3217.2
1512.99
2858.4
2859.16
1692.73
1513.15
1782.84
1602.34
2052.4
1872.35
2410.65
1423.1
2769.69
1513.3
1782.92
1692.85
1160.858695652174
3306.91
1602.98
1692.57
1333.24
1961.46
1961.3
1513.1
1063.8865979381444
1781.92
2140.58
1603.02
1513.19
2768.97
2320.46
1423.04
1333.37
1243.45
1243.26
1423.44
1333.25
1153.79
1961.74
1961.76
1422.68
1333.37
1243.49
2589.03
2320.11
1243.53
2948.15
1602.82
1422.66
1423.16
2679.5
1512.91
2410.65
2409.73
1962.26
1333.44
1693.09
1513.1
1246.734693877551
1961.24
1423.5
1603.14
1246.8265306122448
1426.8989898989898
1513.14
2948.45
1872.06
1692.87
2321.09
1782.78
1603.19
1603.18
1962.01
1603.22
1243.36
2230.71
1693.01
1423.24
1872.82
1782.56
2052.28
1782.24
1513.27
1423.28
1423.32
2051.91
1603.12
1602.23
1423.69
1602.99
1423.64
1333.58
1782.49
1333.52
1423.38
1243.39
1513.1
2140.6
1513.27
1603.18
1341.8350515463917
2320.42
1422.63
1423.2
1513.28
1155.0102040816328
1513.43
2320.11
1961.54
1333.29
1423.28
1692.37
1243.42
1871.58
1871.83
1153.39
1153.21
2678.69
1160.0645161290322
1423.67
2050.6
2499.18
2230.15
1423.59
2140.79
1782.5
1962.43
1693.08
2140.8
2050.85
1243.18
1423.2
1962.24
1333.13
1692.13
1423.08
1243.02
1333.29
1333.47
2230.67
1333.31
1333.23
1333.17
1692.41
2499.61
1250.4895833333333
1602.77
1332.99
2320.62
1242.77
2141.52
1252.842105263158
1513.08
1333.25
1433.7113402061855
1512.91
1513.13
1870.63
1153.59
1333.13
1333.29
1340.4845360824743
1962.18
1423.44
1155.091836734694
1333.39
2498.48
1243.3
1242.86
2320.15
2319.97
1153.949494949495
1243.34
1243.26
1242.98
1423.2
1691.69
2768.49
1513.06
1243.38
1333.01
1871.66
1333.49
2409.33
1250.875
1781.55
1243.06
1423.2
1512.95
1341.381443298969
1154.4747474747476
2678.67
1612.591836734694
1156.319587628866
1244.949494949495
1423.24
1333.49
1243.3
2409.23
1512.35
2948.03
1512.67
1340.5051546391753
1691.17
1333.17
1254.6702127659576
1341.4020618556701
1163.0
1250.4791666666667
1335.4444444444443
2050.53
1512.63
1430.204081632653
1512.27
2319.93
2319.9
1692.07
1333.17
2230.27
1879.3535353535353
2319.9
1338.5
1630.8842105263159
1781.88
1256.8387096774193
2409.93
1602.74
1872.15
1692.65
2230.59
1602.7
2499.96
2410.41
2588.75
1692.39
2499.72
2320.06
1243.34
2499.25
1423.0
1512.67
1423.0
1153.55
1512.29
1243.55
1333.22
1423.03
1157.40625
2589.2
1243.34
1153.45
1243.45
1512.43
1245.171717171717
1243.3
2409.17
1512.53
1063.74
1157.1041666666667
1153.65
1602.25
1153.51
1063.48
1422.8
1154.2929292929293
1781.56
1871.21
1691.53
1601.7
1422.64
1871.23
1422.68
1960.46
1153.63
1063.74
1243.48
1063.83
1063.68
1063.64
1602.1
1333.37
1601.74
1063.4591836734694
1781.52
1153.51
1781.32
1243.14
1154.3636363636363
1332.57
1153.31
1332.97
1250.7291666666667
1245.1515151515152
2050.69
1153.55
1332.73
1063.56
1781.88
2051.05
1154.4545454545455
1154.3333333333333
1691.49
1154.2929292929293
1063.8279569892472
1601.99
1692.01
1871.31
1512.47
1243.46
1243.38
1333.25
1333.13
1602.32
1512.82
1781.56
1512.55
1243.26
1692.29
2050.93
2230.26
1423.12
1423.0
1333.29
1692.05
1333.29
1512.87
2051.25
1692.29
1961.59
2140.92
1513.23
1513.07
1333.31
1871.91
1871.71
1872.19
1423.26
2230.79
1603.14
1243.38
1602.94
1602.3
1871.95
1961.46
1423.36
1692.32
1423.2
2320.58
1513.19
1602.86
1781.96
1602.58
1603.02
2320.22
2768.85
2500.04
1782.24
2141.48
2231.27
2320.66
1692.29
1872.27
1872.79
2140.88
2320.46
2410.37
2320.46
2409.81
2589.87
1603.28
2230.59
1423.28
1602.54
2590.05
1871.99
2679.1
1872.43
1962.06
2141.12
2589.95
2141.48
1782.88
1512.79
2320.74
1872.03
1782.48
1961.98
1872.03
1513.47
1962.02
3037.98
2589.15
2410.73
1781.84
2589.91
2589.87
2072.377551020408
2769.01
1783.4
2885.768115942029
2319.94
1153.43
2319.54
1243.1
2150.10101010101
3131.17
1063.505376344086
1063.3333333333333
1243.3
1511.83
1871.03
1063.5833333333333
2678.9
1153.59
1692.17
2051.13
1782.69
2051.45
1871.43
1961.39
1871.11
1551.9021739130435
1557.3846153846155
1602.81
1698.7171717171718
1512.83
1536.578947368421
1426.7070707070707
1551.9021739130435
2052.32
1423.08
1692.57
1782.72
1512.87
1258.6304347826087
1430.3775510204082
1602.3
1423.08
1333.37
1333.17
2320.1
2500.0
1691.73
1782.92
2678.98
1265.4606741573034
1526.8969072164948
1692.67
1602.82
1333.29
1782.52
1512.91
3396.42
1705.642857142857
2051.57
1906.1145833333333
2768.89
3037.7
3127.57
1782.6
1692.89
1434.2268041237114
1872.67
1872.71
3306.71
1602.74
1608.4848484848485
2052.09
1961.42
2499.9
2768.33
2051.53
1602.82
1603.1
1536.1157894736841
2051.17
1333.37
1603.22
1333.33
1423.52
2051.21
3395.5
1426.7070707070707
1426.6262626262626
2140.92
1782.8
1531.6145833333333
1512.75
1250.6041666666667
1422.88
1526.7525773195875
1602.85
1603.18
1619.4329896907216
3217.5
3037.82
2678.66
1513.07
2140.6
2590.15
2140.59
1513.33
1602.9
1333.49
1692.93
1692.97
1603.18
1513.15
1423.32
1256.5376344086021
1423.43
1513.23
1871.71
3127.61
1333.05
3216.98
2589.86
1782.6
2319.62
1245.3131313131314
2410.41
1962.14
1962.7
2858.76
3665.79
3396.98
1871.75
2081.783505154639
3397.02
2140.64
1602.94
2500.24
3396.74
2501.72
3575.88
3307.23
2948.47
2410.5
2589.51
1782.24
2769.41
2589.51
3217.72
3127.73
2230.59
1804.9896907216496
2679.14
1692.97
2231.75
1880.8383838383838
1961.86
2500.88
2679.3
1872.23
2769.21
2410.61
2231.07
2768.97
2500.08
3486.73
1962.7
2142.24
1963.07
2501.42
2589.75
2052.45
2770.53
2052.17
1962.14
3127.57
2859.08
2769.17
1782.88
1961.74
2500.28
1962.3
2142.68
1423.16
2140.96
2051.93
2948.47
1512.98
2321.02
2321.06
1692.97
1603.41
2230.83
1692.89
2051.37
1783.2
1783.22
1962.18
1602.86
2051.61
2320.74
1872.15
3127.85
2231.15
1693.37
2052.69
2320.74
1962.28
2051.73
2410.21
1872.73
2410.69
2502.52
2142.08
2679.3
2411.85
2410.85
2948.99
2679.57
2142.91
1962.86
2500.72
2859.24
3218.6
2052.05
2322.42
2770.22
2052.31
2052.53
1962.82
1962.98
2322.57
2322.74
2322.02
2770.29
3307.95
2232.03
2590.39
2231.43
2949.02
2410.73
2322.21
2051.65
3127.73
2321.14
2051.93
2321.74
2321.3
2320.93
2858.6
2500.24
2141.2
1782.8
2320.62
2320.46
2679.22
1783.11
2051.85
1692.97
2589.91
1513.14
1961.93
1693.25
3038.3
2320.38
1602.9
2320.62
2500.04
2768.93
2320.82
2859.04
2590.59
1513.37
2230.83
2500.32
2143.05
2410.25
2231.55
1872.19
1783.08
1603.12
1513.03
2231.11
1872.83
1872.68
2500.74
2140.87
2948.27
1782.21
1603.06
2231.27
2589.43
1783.09
2141.04
1693.15
1782.88
3038.14
2499.68
2321.54
2230.79
2767.65
2410.01
2948.27
2141.64
3217.48
2679.34
1961.62
2411.09
2231.23
2410.57
2141.76
2859.32
2320.5
2231.15
2769.29
1962.18
2410.57
1962.38
2231.23
2230.63
2500.52
2410.36
2500.52
1692.97
2500.4
2231.23
1962.39
1692.89
2052.17
1962.32
1602.98
2499.92
2320.69
1962.06
2230.58
1962.3
2679.9
2230.95
1871.79
1962.19
1961.94
1693.25
2141.52
2230.59
1871.99
2679.34
1961.3
2320.74
1603.3
2589.67
1782.64
1782.52
2140.8
1602.57
2141.28
2320.78
2141.2
1962.58
1782.96
2142.12
2321.14
2141.44
1783.04
2050.61
2051.63
1602.46
1603.13
2411.13
2052.53
2321.25
2680.34
2680.38
3307.75
3039.66
2591.03
3130.17
2770.14
2859.92
2141.52
2321.02
2770.53
2860.36
2321.74
2591.46
2052.49
2500.48
2141.36
2591.33
2681.02
2232.24
2770.81
3128.93
2232.23
2500.84
2948.99
2500.64
2321.38
2321.58
2052.7
2142.5
2770.42
2410.97
2770.79
2770.21
2142.56
3128.58
2950.31
2321.32
2769.89
2231.94
2680.02
2231.86
1423.24
2679.43
2229.91
2321.26
2590.59
3038.23
2770.29
2141.68
2500.58
2680.14
2769.25
2590.19
2500.16
1782.32
1961.82
1871.39
2858.28
2679.94
2679.62
2409.69
2050.25
2768.49
2588.51
2858.16
3306.07
2679.15
2230.13
2408.97
2499.08
2768.97
2769.09
2858.48
2678.62
3037.14
2767.85
2140.08
2947.63
2409.41
3036.78
2589.21
2768.81
3126.69
2229.71
1781.04
2139.97
2319.48
3306.19
2678.06
2319.5
2947.17
2678.14
3216.34
2678.1
2588.55
3126.81
2947.9
2589.99
2947.75
2768.77
3038.24
2858.56
3306.87
2948.19
2947.23
2857.61
2588.55
2679.26
2499.2
2319.48
2768.05
2768.17
2858.32
2140.04
2410.33
2050.41
2588.55
2409.05
2768.1
2409.04
2498.96
2767.73
3036.74
2140.08
2409.21
2229.78
2139.92
2857.76
2857.68
2588.35
2678.25
2678.3
2229.63
2498.76
2409.09
2588.57
2767.85
3037.02
2588.51
2498.84
3216.44
2409.41
2768.05
2858.76
2678.7
2319.46
2947.47
2498.8
2498.8
2857.69
2588.43
3037.1
2767.93
3216.28
2857.56
2767.97
2588.69
2498.92
2588.59
2947.63
2678.26
3037.3
2947.39
2947.27
2678.3
2588.59
2678.43
3037.1
2588.47
2857.64
2857.72
2678.34
2409.09
2409.17
2947.39
3037.3
2409.21
2858.28
2409.09
3037.5
2857.64
2678.26
2768.01
2588.59
3037.32
2319.34
2409.13
3037.22
2947.35
2498.96
3126.65
3216.32
2498.88
2948.19
2678.42
2409.81
3037.3
2499.04
2499.64
3127.73
2768.93
3037.34
2858.72
2767.97
2678.94
2319.5
2947.35
3126.97
2857.6
3127.17
2857.88
2678.22
2409.57
3127.49
2498.76
3039.02
3127.09
2948.19
2768.81
3397.1
2409.21
2589.27
3036.98
3037.54
3126.85
2498.72
2499.12
2589.03
2768.85
2588.91
3038.14
2768.65
2589.23
3308.15
2858.72
2858.36
3128.17
2679.82
3218.08
3397.66
3218.6
3128.57
3218.36
3398.1
3218.52
2678.58
2858.88
2948.87
2858.68
2858.68
3308.47
3038.22
3127.69
3308.19
3308.23
2768.73
3038.34
3128.37
3128.89
3039.18
3218.76
3128.65
3218.32
3129.17
2770.29
2680.18
2949.39
2949.55
2949.19
3038.9
2500.52
2769.96
3039.42
2949.39
3039.38
2320.94
2770.28
2680.5
2769.48
2770.17
2141.4
2859.64
2948.67
2411.01
2859.92
2141.64
2769.97
2949.55
2770.25
2500.64
2859.68
2409.85
2410.45
2500.24
2500.32
2589.91
2769.57
2140.96
2051.93
2589.63
2141.4
2859.72
2141.68
2590.55
2500.6
2589.95
2500.56
2142.08
2500.92
2859.44
2770.01
2141.96
2769.53
2770.01
2859.92
2051.73
2770.25
2500.88
2770.21
2321.26
2590.71
2321.54
2590.79
2411.45
2411.57
2680.38
2680.74
1782.28
2770.25
2680.74
2411.37
2320.94
2410.81
2051.73
2590.39
1872.15
2860.8
2501.52
2141.88
2590.19
2231.82
2680.54
2231.23
2769.97
2411.09
2860.16
2411.17
2770.53
2681.02
2590.67
2770.17
2501.16
2860.6
2590.83
2681.34
2590.19
2680.94
2591.15
2681.58
2681.06
2232.23
2950.51
2321.7
2411.37
2142.16
2500.92
2591.07
2680.94
2950.63
2681.26
2680.78
2141.64
2321.7
2231.67
2770.41
1783.24
2232.39
2500.92
2680.7
2052.01
2321.74
2141.92
2681.38
2590.87
2322.34
2322.1
2501.52
2591.15
2501.84
2501.0
2411.77
2411.41
2411.41
1962.26
2680.94
2500.88
2321.82
2142.48
2501.16
2861.04
2232.07
2410.05
2411.01
2591.43
2232.39
2411.85
2412.73
2501.28
2502.2
2412.09
2502.0
2411.45
2502.28
2861.8
2321.94
2680.26
2142.56
2682.2
2502.04
2501.44
2591.83
2501.68
2232.27
2411.45
1963.18
2052.45
2411.65
2322.82
2142.78
2051.76
1603.5
2682.1
2322.34
2681.26
2321.82
2591.07
2142.24
2680.98
2231.62
2142.52
2411.53
2411.49
2502.44
2142.0
2231.39
2322.02
2411.85
2411.45
2141.32
2052.41
2590.91
2321.54
2231.95
2052.45
2321.7
2501.08
2411.53
2052.49
2501.52
2142.08
2321.5
2411.53
2142.56
2322.38
2231.87
2052.85
1783.12
1962.5
2321.74
2860.8
2052.69
2232.35
2321.74
2501.48
1603.46
2142.96
2142.12
2411.61
2142.32
2501.24
2411.45
2232.47
2411.45
2321.82
2682.38
2502.56
2232.83
2142.72
1962.58
2322.02
1603.42
2142.96
2501.88
2231.55
1872.59
2142.4
1872.83
2322.74
1872.43
1693.33
1783.28
1693.33
2591.27
2142.52
2411.69
2321.7
2142.36
2142.12
1603.42
2501.84
2501.4
2232.67
2412.69
1873.11
1873.31
2501.12
2142.72
1423.64
1513.57
1962.54
2412.05
2231.87
2322.82
2052.89
1783.16
2141.2
2053.01
1963.1
2052.01
1962.74
2142.16
2501.6
2053.05
2411.85
1783.2
2592.51
2232.67
2051.69
2053.09
2052.21
2411.45
2322.82
2231.59
2321.78
1782.92
1782.6
2141.32
1872.27
2501.12
2232.91
1963.14
2231.63
2231.59
2412.21
2232.67
2051.49
1872.55
2231.95
2591.51
2321.86
2321.86
2052.89
1872.55
2231.95
1962.82
2142.0
2051.85
2052.65
1962.46
2231.95
2052.89
2321.66
2411.25
2412.01
2412.29
2411.73
2501.2
1782.76
1961.82
2322.02
2141.08
2322.38
2860.36
2231.39
1872.27
2411.97
2501.68
2591.79
1783.04
2501.64
1872.71
2681.14
1873.31
2591.19
1873.27
1782.8
2052.01
2141.56
2142.0
2141.56
1961.58
1962.5
2411.97
1783.36
2321.74
2231.71
1783.36
2321.62
1961.82
2411.37
2412.81
2411.77
2051.77
2321.7
2860.84
1781.72
2412.33
2051.85
2411.61
1781.92
2232.39
2681.18
1872.11
2592.03
2321.7
2142.76
2412.37
2771.41
2321.46
2141.4
2322.14
2681.38
1961.82
2591.71
2772.01
2052.24
2501.76
2591.63
2681.78
2231.99
2231.79
2502.62
2231.4
2771.45
2231.07
2500.68
2681.34
2411.85
2860.92
2231.79
2141.52
2321.34
2771.37
2681.38
2231.55
2771.09
2141.92
2771.25
2771.29
2861.0
2412.05
1962.3
2231.15
2770.77
2051.85
2771.05
2771.49
2681.46
2591.23
1962.1
2771.21
2501.08
2591.03
2771.37
2771.05
2232.03
2051.81
2051.57
2052.13
2591.47
2322.54
2142.32
2771.09
1782.48
2411.25
2591.67
2052.41
2232.07
1872.71
2771.49
1872.39
2592.07
2502.32
2321.74
1872.39
1782.8
2323.02
1603.5
1963.3
1873.47
2502.0
1513.83
1963.18
1693.41
2412.49
1963.28
1963.11
2142.65
1963.42
2682.65
1963.34
1963.46
2053.25
2682.74
2053.29
1873.47
1603.98
1963.46
2053.28
2143.12
1963.46
1873.59
1962.66
2053.29
2053.29
1963.54
1693.49
1963.42
1963.1
2143.28
2053.33
1873.55
1963.46
2682.26
1873.47
2323.14
1783.68
1962.86
1963.4
1963.38
1873.55
2142.2
2323.22
2233.23
1963.46
1963.38
2233.11
1873.51
1783.64
1873.59
2143.32
1873.51
1873.59
2592.87
1603.86
2053.33
1783.68
2413.05
1963.42
2413.05
2053.41
2143.24
1783.68
2682.78
2682.78
2502.88
2142.71
1873.51
2233.19
2053.45
2323.14
2053.41
1783.32
2592.91
2503.09
2323.14
2503.04
1783.68
2592.87
2592.83
2053.41
1963.5
1963.58
1963.5
2053.21
2413.05
2053.41
2502.96
1603.9
2502.96
2413.17
1963.5
2503.04
2592.87
2682.54
2053.41
2143.28
2053.41
2592.91
2592.91
2592.91
2413.01
2592.91
2592.91
2053.53
2592.75
1963.58
1693.89
2503.0
2233.31
2592.31
2503.12
1963.5
2413.13
2503.0
1783.72
2053.57
2503.12
2233.35
2592.51
1783.84
1873.67
1694.1
1514.08
2323.34
2143.44
1783.76
1783.84
1783.8
2413.21
1962.78
2413.21
2413.21
2053.57
2503.04
1873.67
1963.58
1783.8
2503.12
2413.09
2503.2
2053.57
2052.93
1693.77
1963.66
2413.25
1783.56
1963.66
2323.26
2323.38
1963.66
2323.3
1963.7
2053.78
2503.12
2503.08
1783.84
1693.77
1963.62
1783.88
1963.78
1873.83
1873.87
1783.8
2142.72
2143.4
1873.79
2503.16
1873.87
1873.75
1603.14
2143.93
2323.6
2323.26
1513.23
1604.18
2233.43
2053.65
2503.04
1514.11
2413.29
1334.09
1873.79
2233.39
1963.74
1783.84
2143.48
2233.31
1873.79
1963.54
2233.07
2323.38
2323.3
2063.9333333333334
2143.64
1963.58
2144.06
1874.19
1873.71
1873.63
1602.98
1962.68
2143.68
1514.31
2323.18
1963.94
2413.09
2592.83
2233.27
2501.38
2143.36
2233.35
2143.44
2413.25
2233.11
1603.8
2592.99
2413.17
2929.256097560976
1873.43
1154.15
1782.95
2501.96
1963.38
1692.45
2320.26
2500.04
2681.57
1243.9
1691.89
2050.49
1512.91
2052.72
1782.92
1244.4242424242425
1782.96
1603.62
2501.24
1602.9
1963.02
1333.21
2770.85
2591.43
3038.86
1512.43
2052.57
2680.62
2232.31
2052.56
1332.93
1960.66
1692.97
2409.17
1063.157894736842
1870.71
1871.79
2500.89
1513.11
2320.22
1243.73
1962.42
2771.73
1242.9
1243.1
1513.23
1513.17
1961.74
1781.6
2141.88
2051.49
1870.99
2052.97
1782.4
1422.92
1512.62
1243.53
1512.74
1961.39
2051.29
1423.19
2052.47
2321.77
2321.06
1873.08
2230.91
2231.71
2950.11
1692.57
1603.35
2409.34
2052.31
1512.63
1693.05
1871.07
1781.84
2410.57
1782.68
2140.34
1692.23
1782.85
1781.84
1873.15
1872.74
1243.85
1871.47
1512.51
1782.64
1603.49
2142.48
1603.38
1783.44
1333.21
2320.9
1961.19
1154.25
2409.51
2411.13
2410.64
2230.18
2142.48
2588.75
2859.67
2319.88
3126.65
2411.17
2142.24
1872.59
2052.41
1873.38
1693.57
2409.37
1783.24
2320.79
2140.52
1873.11
1693.69
1513.91
1333.09
2229.95
1423.16
2410.05
1512.99
1872.89
2409.58
1872.83
1692.77
2053.09
1513.15
1693.37
1872.59
1513.43
1962.49
1602.78
2140.56
2321.82
2321.74
1873.35
2409.25
1782.7
1512.74
2050.69
2140.57
2322.14
1783.08
2050.89
3037.98
1423.08
2502.48
1873.5
1153.63
2322.5
1602.58
1153.71
3037.06
1872.15
1422.48
1333.24
1872.08
1601.82
2500.68
1422.88
1782.84
1693.13
1961.02
2143.2
1422.68
1512.99
1512.43
1243.1
1423.46
1512.86
1962.77
1603.38
2052.97
2050.48
1873.11
2232.79
1693.41
2947.51
1693.54
1423.68
1872.31
1153.32
1871.7
1962.54
2861.74
2050.51
2321.98
2052.09
2410.77
2231.75
1513.43
1423.66
1153.35
2860.2
1691.95
1693.33
1333.53
1153.95
1782.49
1423.8
1243.62
2499.0
1873.43
1333.61
1782.34
2409.37
2051.61
2142.55
2051.91
1962.6
2052.78
2141.28
2052.97
2230.59
1691.61
1781.18
1423.32
2142.2
1243.58
1512.59
2321.18
2502.31
1422.8
1782.72
3038.26
2860.9
2502.44
2678.26
2232.59
2320.18
3485.33
2947.39
2771.13
2499.08
3037.1
2588.72
2320.96
2858.32
2411.52
2589.91
2768.33
2140.64
1873.23
2499.12
2499.8
2678.32
2768.09
2409.81
2498.4
2140.24
2052.09
1512.87
1603.18
1871.07
1962.11
2050.45
2229.51
2321.86
2229.83
1513.09
3037.1
2857.72
2678.46
2140.28
3040.62
2409.33
1781.41
2499.8
2861.0
2321.5
2678.54
2682.46
1872.69
1963.34
2143.08
2498.92
2768.67
2590.81
1422.84
2409.26
2678.34
2409.57
2322.26
2051.53
2141.64
2322.02
1154.07
1423.2
2411.53
2230.71
2140.96
2860.72
3037.17
1961.77
2948.18
2771.85
1691.91
3126.97
2499.96
1692.05
2680.98
2499.16
1872.71
2861.96
1423.0
2230.07
1871.18
2140.32
1513.27
1602.34
1692.41
1872.19
1872.63
2501.12
2411.89
3126.69
2499.24
2321.19
1961.82
3037.18
2051.51
2142.12
2768.25
1871.91
2051.73
2052.01
1872.19
2857.8
2411.05
3756.06
2501.6
2412.37
2052.13
1692.77
2230.16
3038.66
2050.78
1691.93
1873.19
1333.17
1962.62
1871.28
2322.38
2412.85
1870.99
1422.92
2947.55
1872.49
2682.06
2232.03
2501.42
2501.12
1783.2
2232.59
2412.33
2409.65
1603.14
2412.49
1872.27
2857.68
1873.4
1781.76
2322.7
1873.11
2502.36
2591.79
2770.73
2768.5
2769.81
1602.66
2858.88
1603.57
2141.52
2772.01
1602.0
1333.93
1873.43
3040.54
1423.84
2592.75
1962.66
1602.61
2950.15
1243.54
3220.36
1423.13
1513.23
1872.89
2860.72
3127.17
3126.89
1872.54
2951.49
3130.85
2411.73
1871.63
2949.75
2949.23
2231.95
2592.03
2321.46
2679.66
2320.06
2500.55
2501.03
2862.0
2500.96
2770.37
1960.86
2052.98
2771.05
2949.91
2590.19
3127.01
2230.83
2412.49
3127.57
2679.79
1782.92
2501.96
2768.57
2321.24
3485.42
2861.86
2141.36
1962.14
2680.78
3217.27
3041.26
2772.13
1333.17
2682.06
2051.93
2051.77
2590.21
2323.06
1693.29
3041.9
2681.22
3306.95
2231.2
3310.63
2771.85
1782.88
1423.56
2500.04
2408.93
2321.31
2500.68
3037.62
2500.39
2232.83
2768.37
2772.37
2770.01
4202.81
3127.89
3038.25
2860.64
1962.98
2768.85
2320.19
3307.47
3755.22
3665.52
2678.26
2410.51
2322.46
2320.18
2680.7
2320.62
2232.07
2232.25
2232.67
2590.03
1962.74
2232.11
2588.59
2320.42
2769.01
2411.17
2322.58
2409.45
2678.38
2590.23
1512.87
1423.39
2321.06
1962.3
1962.34
2141.08
2410.17
2589.95
2859.28
2141.88
3576.84
3038.46
2948.85
2141.52
2051.85
1692.81
1872.39
1962.14
1962.14
1962.7
1872.71
2322.54
1872.71
1872.63
1872.87
1962.66
2320.46
2502.28
1693.25
2142.0
2052.37
1962.86
1782.65
1873.27
1513.63
1962.82
1783.32
1962.86
1693.17
2143.16
2322.5
1783.28
2232.95
1873.03
2143.16
2053.25
1693.61
2409.65
1783.24
1963.14
2231.99
2053.25
2412.89
1873.51
1783.36
2142.88
2142.76
2142.96
2501.04
1873.31
2142.96
2322.82
2322.06
1873.27
2502.6
2412.69
2682.78
2143.04
2232.95
2321.42
2322.66
2411.97
2322.38
2682.42
2771.85
2951.39
2682.1
2592.27
2592.87
2770.89
2772.89
2771.73
2862.16
2772.01
2682.94
2772.13
2771.49
2501.36
2772.05
3220.32
2682.78
2681.62
2772.97
2593.03
2772.69
3131.69
2862.68
2502.32
3132.05
3041.7
2502.32
2971.343434343434
2862.8
2592.59
3311.27
2770.41
2977.031914893617
2499.68
2231.79
2591.23
2681.7
2770.53
2590.91
3487.29
2681.09
2051.41
3667.07
1871.53
3128.33
2409.33
1871.63
1782.8
1691.97
1962.14
1872.03
2052.05
2141.32
1872.11
2858.2
2231.32
2499.92
3128.21
1691.77
2678.61
1962.14
2230.79
2141.4
2858.0
3216.76
2231.51
3935.68
2411.21
2679.9
3486.81
2500.84
2590.43
4204.97
3485.97
2142.0
2321.54
2321.26
2500.84
2768.13
2412.41
3487.41
2321.5
3577.68
2231.51
3665.96
2500.52
4024.31
2142.16
3216.84
2141.72
2321.58
2141.8
3577.56
2859.68
2141.88
2411.09
2141.92
2947.75
2141.82
2052.25
3575.56
3128.75
2590.15
3575.44
2589.95
2679.86
2321.02
3396.54
2679.18
5050.666666666667
1693.98
3217.08
1333.13
1962.22
2051.53
2320.86
3576.52
2589.47
3668.03
2862.6
1333.93
3487.05
2141.48
1244.26
2409.69
2231.47
4292.88
2500.12
3131.69
1513.11
2679.78
2410.13
1153.91
1963.14
1961.86
1333.85
1243.18
2232.23
2681.26
2411.45
1963.22
2051.61
2951.67
2410.93
2231.75
2413.05
3486.26
1423.88
2233.07
2232.91
1872.27
3130.29
2950.95
2861.24
2771.21
2771.21
2053.09
1513.88
2589.21
3576.12
1243.9
2142.52
2231.95
3306.15
2770.25
2232.47
2142.32
2411.89
2142.08
3128.99
2501.92
2322.9
2948.43
1243.88
2769.13
2142.48
2141.04
2140.91
1333.1
2592.51
1963.22
2323.02
2772.61
2682.34
2592.71
2412.73
1440.0694444444443
2142.2
2323.14
2232.03
3664.99
2049.85
3218.68
2052.65
3217.56
3485.85
3128.89
2411.77
2410.25
2231.99
1063.9
1064.22
2499.12
1873.21
1602.7
2411.49
1691.73
3485.49
1960.93
2591.51
2410.53
3039.74
2679.26
2141.16
2230.83
2860.84
2051.93
3039.53
3575.4
2860.88
1692.61
1871.63
2680.9
3126.89
2321.14
2051.81
2500.0
3485.73
2051.77
2858.2
2948.67
1602.06
2950.71
2770.25
2769.77
2858.76
2051.49
2140.24
2229.75
3128.81
3219.28
2320.68
2232.59
1332.13
1871.03
3127.17
2410.73
3487.37
2947.43
3217.56
2229.75
2859.56
2768.57
3218.88
3665.15
3037.62
1602.02
2320.22
3307.58
3575.52
1692.11
2411.09
2858.0
2230.43
2589.23
2500.8
2500.4
1692.89
2860.24
3037.78
2951.27
2858.91
3127.09
2321.62
2232.15
2409.19
1872.3
2858.24
2409.25
2320.28
1512.15
1781.64
2230.95
1423.32
2500.45
2947.39
3306.11
2768.09
1961.18
1961.14
1871.36
2050.69
3037.38
1871.95
3129.25
2500.44
3216.84
2950.03
2410.29
3040.58
3395.9
3308.87
3126.97
3216.28
3216.32
1961.04
2858.68
1512.07
3037.18
3664.99
3126.77
2947.48
3216.64
2141.12
2949.83
1333.57
2768.56
2320.94
2768.23
2498.92
3127.01
3308.67
2858.02
3127.01
2409.41
3307.91
2320.11
3127.05
2858.6
2230.07
3037.42
2858.11
2857.84
2947.67
1691.81
2680.66
3129.69
2050.73
2950.07
1960.94
2768.21
2947.59
1871.36
1781.52
1872.51
3038.66
2501.0
2769.69
2050.61
1871.15
2947.83
2500.32
2589.5
3396.06
2858.0
1602.11
3037.1
3127.24
2859.0
2140.72
3218.64
3037.1
3037.1
2948.35
3397.78
3485.73
3399.34
2409.33
2949.59
2857.8
3218.72
3040.06
3037.5
3397.94
3307.57
2321.42
2858.36
3306.23
3037.86
2050.49
2319.3
3933.92
1422.58
2768.29
3306.31
3485.57
2767.97
3575.2
2767.97
1961.28
1422.66
1781.32
3037.43
2857.64
2768.39
1960.82
2140.32
2858.08
1782.88
3040.26
2230.07
2679.42
2499.8
1781.23
2140.9
2050.65
1961.23
2588.75
2230.15
2770.45
1781.28
3037.58
2050.81
3127.17
1960.86
1870.75
2052.33
2678.95
2499.28
2588.91
2588.91
3126.93
2769.13
1781.44
3037.22
3485.69
3485.81
2320.54
3396.1
3664.99
2678.94
3396.18
2679.54
1423.68
2589.91
3396.06
2498.96
2589.22
2409.65
2678.82
3575.36
3216.84
1871.45
1871.15
2678.62
2588.55
2947.43
2858.08
2947.79
3216.76
2230.03
3485.73
1960.5
3038.42
2140.31
2678.62
2319.62
1601.86
3127.13
2500.51
1602.06
2858.18
2770.49
3039.3
2230.3
2409.29
2500.04
1692.73
2948.15
1781.56
1781.66
3216.76
3216.64
2857.88
2319.74
2949.87
2678.54
1960.7
3037.49
1781.6
2769.05
2140.53
3127.21
2319.84
1781.4
2768.01
1871.35
3307.83
2678.7
2768.17
2140.23
2588.99
3037.46
2141.12
2321.54
2590.95
2230.19
2948.23
1960.98
2857.76
2319.58
2499.64
1691.73
2230.15
2231.11
1870.91
1961.22
3037.52
2230.19
2500.52
2679.42
1871.28
2140.87
2768.13
2140.28
1691.81
2680.62
1962.1
2769.94
2588.91
2588.75
1961.38
1872.59
1692.22
2590.27
2589.07
2679.02
1602.14
3397.9
2857.84
2768.77
3306.39
2589.2
2499.16
3396.29
1961.1
2050.65
2140.56
3216.68
2499.16
2948.13
1602.1
2948.79
2140.48
2859.88
2411.25
3306.35
2499.52
2858.0
2229.82
2050.86
2320.54
3037.14
2050.57
2140.32
2050.21
2949.23
2321.22
3218.16
1871.31
2769.49
2857.6
3396.06
2678.66
3306.39
3037.38
3036.82
3218.76
3127.05
2769.65
2770.37
1781.44
2768.71
1511.94
3306.67
2050.29
2410.77
2140.98
2499.56
2499.0
2409.13
3128.77
3038.14
2768.13
2140.36
1961.62
1422.94
1602.98
3037.3
2140.27
3037.17
2857.72
3127.05
3126.97
3039.36
2050.9
2320.66
3216.72
2230.23
1422.8
2589.95
2051.57
2140.32
1691.65
1872.74
2768.93
2678.46
2947.51
2589.28
2499.4
2768.81
2588.99
3127.05
3216.76
1870.95
3306.62
2409.33
3485.69
2140.28
1871.23
2500.2
3037.3
3754.46
2768.28
2140.21
2140.2
2229.47
3397.78
2500.48
3754.82
3485.77
2678.62
2947.51
3485.62
2320.25
2857.8
2499.16
2229.95
3216.8
2319.7
1871.19
2948.63
2230.47
3037.86
2409.21
3217.28
3126.69
2857.8
3216.68
2499.48
3576.12
2409.29
2768.29
3216.44
2768.13
2678.42
3127.04
2678.86
3216.68
3396.38
3306.15
2409.21
2948.63
2589.07
3306.43
1782.04
2679.22
1781.48
2140.08
3037.66
2949.47
2768.05
3486.39
3216.72
3127.93
2050.81
2320.26
2768.85
3666.31
2769.29
2679.3
2678.34
3397.98
3756.14
3216.84
3757.89
2679.02
2499.85
2678.5
2409.25
2409.69
2768.37
2589.51
2858.76
2319.58
2140.56
2410.01
2409.65
2499.8
2589.39
2768.93
2140.24
2499.68
2589.39
2589.51
2679.3
2409.57
2229.95
2499.48
1960.74
2319.66
2500.16
2499.28
2050.45
2320.46
2589.59
2499.64
2589.79
2679.5
2589.03
2230.31
1961.14
2859.72
1691.65
2769.21
2230.35
2499.44
2499.32
3039.34
2500.76
2140.64
2409.69
2320.38
2410.53
2050.53
2410.21
2499.68
2410.21
2320.22
2590.27
2230.63
2051.21
2949.79
2949.27
2769.41
2769.85
2769.73
1691.89
3039.26
2859.6
2321.06
2590.95
3219.48
2051.05
1960.94
2590.23
2769.61
2680.06
2230.95
2679.78
2769.07
3218.88
3129.61
2680.42
2769.21
2590.07
2949.83
2410.01
2500.64
2769.73
2500.4
2769.69
2859.68
3039.02
2051.89
2230.71
2500.4
3039.26
2769.97
2230.83
3039.62
2770.13
2500.6
3038.66
2500.96
2859.48
3217.84
3218.72
2860.08
3039.06
3038.62
2410.73
2589.75
2769.37
3129.77
2590.67
2769.61
2410.73
2410.65
3129.25
2770.41
2949.83
2948.51
2769.53
2230.47
1692.53
2949.35
1871.51
2770.21
2589.95
2500.44
2948.75
2949.39
2769.69
2679.58
2501.04
3039.58
2859.48
1782.36
2859.6
3219.48
2949.99
3040.14
3039.74
1871.59
3039.26
2500.2
3039.94
3037.98
2231.59
2859.92
2411.13
2770.01
2948.75
1513.19
2230.79
3218.44
3128.26
2410.85
2589.71
3038.22
2141.92
3039.82
1692.69
2589.87
1872.15
2679.22
2680.3
2770.21
2501.24
2858.92
3039.82
2589.79
2949.39
2770.09
2141.24
2679.5
2679.46
2410.49
1872.19
2590.91
2141.32
2140.32
2500.24
2410.09
1602.74
2949.19
3038.54
2141.0
3129.29
2500.16
3039.54
1781.88
1782.08
1962.66
2859.52
2321.18
2589.75
2769.76
2859.12
3038.22
2769.45
2320.42
2859.12
2859.68
2949.23
2681.03
2770.37
2141.36
2141.32
2320.58
3399.14
2590.43
3038.9
2859.24
2949.87
2949.59
3039.5
1782.36
2860.24
2769.61
2859.56
2948.55
1871.87
2410.33
2679.34
2230.67
2050.57
2769.5
2950.03
2679.34
2769.33
2590.15
2769.73
2411.7
3039.34
2410.05
2410.53
2230.75
2411.13
2051.57
2589.71
2499.96
2410.33
2590.59
2680.9
2859.72
2949.15
2500.56
2680.32
2769.61
2770.21
2500.84
2051.57
2679.02
2769.53
2769.33
2140.8
2949.51
2679.66
2769.85
2321.66
2141.4
2950.27
2859.6
3129.05
2589.63
2679.19
2499.56
2230.43
2141.64
2680.06
2410.37
2230.95
2500.0
2141.09
2319.98
2320.73
2679.38
2320.26
2141.32
2679.74
2680.82
2950.11
2679.86
2588.67
2410.73
2410.14
2410.26
2231.15
2500.8
2500.68
1781.88
3128.21
2141.4
2050.49
2051.01
2680.5
1961.34
2770.38
2410.6
2051.85
2859.84
2052.01
2410.33
2769.97
2500.68
2680.06
2679.85
2769.33
2769.77
2948.95
2769.81
3219.12
2499.88
2680.3
3218.96
3038.74
2770.57
2141.16
2590.99
2141.64
2320.7
2770.49
2859.2
2679.9
2770.81
2770.49
3308.27
2770.25
3039.38
2590.15
2949.83
1961.74
2679.69
2859.13
2499.8
2680.38
2589.75
2860.2
3308.47
2769.21
3128.93
2411.61
2500.4
2949.47
2321.69
2680.54
2859.28
2769.04
2769.73
3219.04
2860.24
2859.17
2411.17
3219.04
2859.56
2860.12
2860.22
2858.84
3128.99
2410.73
2859.89
2949.07
2769.93
2051.25
2589.43
2231.15
2590.47
2859.59
2859.46
3128.93
2859.52
2948.78
3129.35
3039.54
2860.12
2949.75
3397.98
2949.79
3039.18
2858.89
3308.15
2949.51
2949.07
2321.26
2949.99
3127.87
2860.0
2770.77
2679.02
2860.64
3398.62
2949.75
2590.59
3308.35
2949.03
3218.36
2678.94
2858.88
2411.05
2321.26
2950.39
2589.99
3219.24
2770.05
3219.11
2860.58
3129.73
3039.42
3218.64
3039.22
3129.28
2770.21
3039.5
2769.61
3307.59
3038.94
1871.39
2231.19
2141.36
3309.35
3219.52
2859.64
2860.63
2051.41
2051.57
1871.67
2681.14
1062.9139784946237
3488.53
2769.73
2950.07
2589.53
1871.39
2500.8
3129.41
3129.77
3039.22
3127.93
3128.13
3128.81
2500.6
2859.68
3038.34
3040.02
3308.79
2769.27
3487.17
2409.97
2320.42
2411.08
3038.66
3128.29
2679.62
2141.24
3129.85
2769.49
2769.73
2680.42
2590.71
2859.64
2680.42
2949.15
2591.09
2680.42
3038.86
2679.98
2769.93
1872.85
2412.65
2320.66
2859.44
2590.31
2680.9
2949.29
2411.77
2949.17
2679.62
2948.95
1333.79
2500.63
2769.53
3041.32
2949.39
2858.08
3308.71
2859.04
3218.16
3128.48
2859.59
2588.71
2140.24
2590.23
3307.31
3756.7
3487.01
3217.88
2374.85393258427
2769.29
3397.22
3845.73
3756.26
4024.71
2230.79
3579.12
3129.27
3576.72
3577.24
2680.94
2948.95
2680.54
3307.99
2681.26
2590.75
3038.86
3936.44
2410.65
3130.33
3131.57
2769.73
2770.73
2770.49
2322.22
2950.07
3847.09
2590.35
2231.67
2680.86
3039.42
2501.0
2770.33
3038.86
2770.49
2052.37
2860.2
3486.73
2859.92
3578.0
2142.1
2769.61
2232.69
1873.69
2680.54
2859.64
2500.4
3398.02
3039.38
3219.24
3758.16
1961.42
2680.98
2949.47
2951.12
3400.54
3487.85
2948.95
3039.38
3129.37
2949.87
2051.62
1692.93
1560.611111111111
2862.56
2769.69
3038.74
3755.82
3129.5
2769.97
2321.38
2680.18
2142.92
3665.99
3309.71
1783.04
3401.3
3668.15
2232.6
2320.7
2590.25
3487.83
1603.71
1602.94
2052.85
2500.96
3040.9
3399.74
2591.11
1693.05
2052.09
2950.59
2679.5
3757.2
1603.46
2590.83
2591.39
2771.25
3218.24
2769.65
2412.69
1963.14
1963.06
2591.07
3218.72
1961.94
2860.44
3757.3
2950.04
2142.96
2052.21
1873.27
2053.13
3400.58
3310.29
1962.5
3221.12
2233.47
3132.13
2142.33
2143.04
2322.94
1604.09
2950.74
2681.14
3041.74
3219.76
3576.88
3039.7
4024.51
2230.99
2322.66
1693.45
2499.28
2501.88
2681.26
2231.31
2143.2
3666.47
1873.51
2322.62
2858.6
3131.57
1603.82
2950.47
2770.73
3578.24
2950.75
4025.47
3666.83
3398.42
2232.87
3756.38
1873.55
2053.25
1963.1
4384.83
3488.85
3846.73
2591.19
2591.23
2949.71
3935.64
3486.65
2499.96
3041.34
4025.07
3217.0520833333335
2142.68
3579.04
2861.96
2141.72
3447.6938775510203
3938.6
2051.53
2502.6
3398.26
3220.64
3847.85
2682.38
3755.66
3218.36
3760.42
2590.83
2949.83
2769.02
3284.7311827956987
4205.13
3935.0
3755.71
3935.16
3486.65
3668.51
3580.16
3129.23
2948.39
3130.05
3665.67
3576.12
2949.59
3128.73
4115.9
3489.53
2232.83
3218.4
3487.61
2412.01
3671.31
2589.31
2858.44
3845.41
2679.34
2860.8
2948.87
3039.22
3849.89
3486.69
3668.79
3037.82
2770.41
3310.47
3755.61
2860.68
3490.93
3396.22
3935.72
3666.48
4115.22
4116.46
3127.89
2768.71
4116.58
4205.61
2859.36
3221.19
2592.15
2591.19
3757.18
2591.79
2768.77
2769.65
3850.21
3217.16
4204.85
3846.14
3845.89
3579.0
3576.04
2412.97
2769.01
4024.55
4028.25
2768.77
3666.99
3487.08
3668.63
3128.29
4117.86
2859.28
3221.25
2768.69
2949.51
2591.27
3038.74
3489.49
2412.77
3217.32
2591.71
2500.88
2678.86
2861.16
2321.74
2499.88
2681.54
3037.86
2320.18
2500.2
2501.44
2590.11
2679.57
3038.7
1671.0337078651685
3040.74
2321.9
3308.96
2681.3
3755.58
2680.47
3040.86
3037.94
2321.5
3935.02
2769.53
2321.54
4817.418367346939
2859.4
4833.5
4671.268041237114
4486.041237113402
2861.84
3847.85
4476.38
5093.34693877551
4536.387096774193
3131.0
4565.81
3041.14
3847.45
4027.47
4204.04
3845.37
4923.53
3220.64
3309.92
4296.54
4922.97
4295.28
4563.45
4743.8
2501.3
4475.8
4295.28
4451.173469387755
3309.29
3757.74
4475.33
2861.76
2861.04
3759.9
4384.79
3578.93
3488.49
3129.29
2682.22
4743.27
3040.36
2412.73
2681.82
4833.74
2951.27
4206.78
2053.1
3398.38
2862.02
3309.26
3399.1
1873.35
1692.89
3577.2
4653.68
4474.7
2860.76
2591.91
4115.38
3668.59
2950.31
2951.23
3399.96
2412.69
3488.93
3218.92
3220.61
3489.17
3129.41
3219.64
3848.21
3580.12
4474.66
2772.34
4474.78
3846.85
4115.82
4294.4
3758.78
3221.08
3759.22
2322.87
4566.13
4923.05
2502.72
4384.93
4026.19
3668.55
3040.66
3040.74
3936.6
4114.18
2592.43
2861.28
4203.93
2143.08
2860.04
3669.14
3488.61
4389.67
3220.24
4653.93
4655.39
4026.95
4655.66
3400.06
3399.52
3938.55
3936.23
4385.87
3400.08
5104.19
4655.68
4295.28
4296.22
3937.76
4475.9
3311.35
4476.14
5282.73
3847.97
3039.54
2322.7
3220.12
3040.62
3220.04
4024.19
2771.68
3130.11
3668.05
2861.28
3757.5
3039.42
3578.14
4115.5
3129.81
4653.28
3935.76
3129.89
2772.17
2053.21
2232.11
2322.7
3847.01
4475.5
2951.79
2501.2
3577.36
3667.27
2680.46
3128.77
3129.89
4473.9
2770.65
3219.92
4473.22
4598.474747474747
4297.2
4117.82
4475.18
3131.69
3130.41
4655.28
4564.93
2951.87
4120.3
4565.97
3668.07
4476.38
4029.59
4386.75
3311.35
3936.84
2590.91
2859.88
3040.42
4115.62
2680.78
2949.7
3040.86
3668.75
3670.7
5103.99
3401.95
4118.54
4655.2
4566.03
4206.88
5102.63
4478.25
4476.42
4835.38
4657.12
4833.14
4026.9
5195.32
3847.57
4295.08
4833.66
3847.45
4565.73
4564.7
4386.55
3848.53
4385.51
5014.52
4295.64
4565.37
4207.53
4924.89
4833.86
4924.56
3580.44
5193.47
5015.12
4294.76
4654.79
4386.16
5103.9
4655.96
4656.4
3759.1
4387.57
4387.38
4745.63
4118.74
4387.11
4747.48
3848.33
4029.55
5285.31
3759.3
2861.32
4208.37
4835.57
5013.32
3400.14
4744.35
3221.24
3937.72
4118.6
2770.85
3041.3
4206.73
4206.25
4566.01
3937.0
3578.76
4578.907216494846
4475.4
3849.22
2771.45
4835.7
5194.09
4836.22
4386.19
3937.88
4834.78
4835.18
2592.45
3578.8
4384.15
4206.49
4384.63
4025.91
3488.53
4207.05
4028.66
4207.45
3847.85
4026.99
4745.23
5105.91
4926.08
3757.7
4926.53
4925.65
5104.03
4657.24
4567.25
3760.14
4656.43
4743.95
4566.53
3847.95
4028.93
3578.96
3936.84
4117.14
4027.07
3578.72
4564.89
3488.05
3489.01
2860.92
3577.92
4923.65
3398.46
4295.72
4206.61
4834.82
4117.32
3847.37
4027.03
4207.01
3668.43
3669.11
3129.25
4296.08
4026.83
3757.66
4474.22
3577.36
4116.1
3398.54
3758.54
3578.44
4026.83
3129.25
4834.94
4296.52
4745.11
4297.08
3219.8
3937.76
4565.65
4923.09
4743.71
4744.43
4743.71
4476.34
4477.26
4386.71
4386.23
4744.99
4657.94
4836.07
4117.5
4026.47
4656.16
3668.71
4926.15
5015.44
4746.99
4656.88
5104.87
4567.73
4676.587628865979
4566.61
4836.94
3758.58
4206.25
4296.04
4744.35
4476.46
5013.48
4834.26
4566.72
4924.53
3668.67
4474.74
4655.12
4205.25
4744.07
3936.2
4655.2
3847.21
4925.17
4386.59
4296.56
4474.42
4744.91
4475.06
4116.86
4655.2
4654.8
4386.19
4744.95
4655.04
4565.13
4386.59
4747.15
4385.67
4206.33
3490.29
4566.13
4476.58
4834.34
4386.07
4657.08
4297.08
4925.45
4925.42
5014.24
4565.49
4385.71
4207.57
4655.2
4386.59
4475.14
3848.33
4475.06
4206.53
4835.14
4295.44
4564.33
4835.18
4475.78
4655.88
3579.28
4834.94
4116.86
4475.98
4027.27
4116.58
4118.33
4657.08
3937.72
4565.77
3758.66
3310.11
4206.5
4206.21
4205.93
3936.52
4026.59
4115.7
3220.4
4027.15
4476.9
4386.03
3579.6
4027.95
3848.17
4115.78
3757.14
4656.02
4745.51
4565.41
3667.95
4475.55
4027.11
4745.07
4475.5
4475.74
4654.8
3936.96
4564.93
4566.37
4745.27
4385.47
4566.21
4475.46
4655.4
4565.45
4475.1
4564.93
4385.55
4116.42
4385.63
4654.8
4565.09
4385.67
4565.17
4296.12
4654.48
4835.14
4565.13
4746.35
4565.49
4385.59
3937.6
4026.79
4296.4
3668.71
4117.1
4655.44
4475.7
4476.06
4386.11
4296.24
4654.32
4475.22
4296.28
4385.59
4027.35
4744.67
4745.67
4476.18
4117.62
3937.16
4386.27
3848.73
4206.57
4116.66
4476.17
4475.66
4385.91
4027.59
3489.53
4385.95
4476.62
4386.15
4386.51
4116.82
4296.36
4655.88
3758.58
4476.38
4296.48
3937.88
4386.56
4116.86
4655.64
4206.17
4117.42
4386.15
4296.44
4296.12
4296.68
4296.48
4476.02
4116.58
4116.7
4116.46
4296.56
3847.57
4027.19
3577.96
4026.95
3668.23
4026.99
4027.27
4206.77
4116.74
4296.16
3937.48
3937.68
3847.81
4296.12
3668.99
4296.52
3937.8
4475.62
4296.08
4206.37
4027.75
4565.33
4027.27
3937.2
4745.31
4296.16
4385.71
4476.02
4206.37
4475.46
3936.88
3848.37
4296.08
4295.92
4296.88
4296.2
4295.76
3757.7
4385.63
4116.34
4116.14
4206.05
4026.51
4206.25
4206.01
4206.21
4206.01
4295.48
3936.32
3936.68
4206.65
4115.98
3488.73
3218.92
3936.56
4116.34
4295.56
4027.07
3936.56
3936.52
3936.08
4025.79
3846.69
3847.17
3489.25
3937.0
3756.78
3846.89
4026.47
3757.82
4206.2
3846.61
4026.31
3757.78
4385.31
4027.91
3578.32
3847.49
4027.19
4027.15
3398.62
4297.84
3579.32
3668.07
2950.39
4206.93
4296.76
3847.21
4207.37
3757.9
3668.51
4116.42
4206.57
4027.27
3758.26
3758.22
3936.92
3757.62
3937.0
3847.77
4296.67
3848.37
4026.67
3578.84
3579.76
3758.14
3579.0
3668.15
4116.98
3309.11
3219.36
3578.68
3489.09
3488.97
3398.82
3757.62
3757.02
4118.26
4206.53
3578.2
3847.13
4387.59
3938.0
3579.04
3938.2
4027.31
3398.66
4027.39
3399.26
3398.94
3849.01
4028.11
3668.55
3669.11
3848.37
3937.04
3218.68
3218.88
3039.78
3848.41
3220.44
2412.17
3847.09
3129.57
3130.13
2770.57
3218.2
2453.8928571428573
3332.1111111111113
3577.36
1998.6623376623377
2660.222222222222
3309.79
3580.24
2682.18
4027.91
3847.45
3756.98
4026.15
4206.37
4116.58
3757.54
3847.61
4387.11
4117.07
3578.8
3399.74
4295.76
3757.66
3310.23
4385.43
3757.62
3309.59
3848.41
3848.09
3846.77
4026.71
4117.21
4025.95
3578.32
4295.64
3757.58
4474.02
4294.16
4474.94
4025.03
4383.75
4384.79
3307.79
4204.21
4204.81
3935.12
4204.97
4653.6
4742.95
4205.73
4451.132653061224
4743.75
4383.87
4383.63
4742.83
4563.45
4564.33
4295.32
4742.99
4204.73
4475.58
4294.64
3577.32
3936.08
3846.33
4563.85
4294.48
4025.31
3935.96
3846.37
4025.63
4206.13
3667.35
4206.13
3935.4
4026.43
3667.15
4385.47
3666.55
4025.95
3666.91
4295.8
3756.34
3577.44
3488.4
4025.59
3936.84
4025.31
4115.46
4384.35
4116.87
3846.73
3488.25
3846.37
3936.52
3847.01
3667.11
3488.45
4207.25
4205.61
4116.7
3847.69
3937.16
3936.96
3398.86
3937.91
3308.67
3308.31
4116.36
3847.69
3935.92
3937.06
3937.68
3577.48
3579.04
3577.56
3667.23
4116.3
3936.64
4205.37
4207.01
4206.89
4206.21
4027.55
3845.93
4116.94
3129.21
3847.01
3846.45
4115.7
4026.07
3487.89
3937.04
4025.83
4026.47
4294.68
3129.41
3846.69
4025.79
3488.17
3757.06
4655.0
4115.74
4206.77
4385.75
4386.39
3756.94
4653.0
4116.14
3667.47
3846.89
3667.63
4384.87
4564.45
3757.7
3757.74
4565.21
3667.27
3756.62
3936.36
4296.52
4474.74
3937.04
4206.29
4206.05
3935.88
4026.95
4026.27
4295.96
3756.66
3757.98
3756.86
3847.89
3487.85
3667.23
3757.7
3398.74
4565.01
4565.05
3936.4
4116.26
3757.9
3846.73
3398.18
3578.32
3398.5
3488.77
3489.09
3578.5
3756.94
3668.35
3309.15
3398.06
3488.77
3848.05
4026.15
4026.67
4384.43
3757.53
3668.19
3936.8
4385.67
4475.7
4026.91
3757.5
3578.08
4385.03
3935.84
4655.0
4116.62
3577.6
3847.49
4117.3
3399.14
4027.15
4115.98
4385.71
4116.62
3847.21
3937.0
4115.62
3936.92
3667.27
4115.12
4026.65
3578.12
3847.45
3578.16
3846.33
3846.25
4475.14
4295.08
4295.44
4834.6
4566.02
4653.92
3936.32
3757.26
4025.99
4475.54
3489.21
4653.68
4116.46
4026.67
4027.58
4474.58
3936.2
3848.39
3399.7
3308.59
3667.75
4564.93
3756.82
4385.55
3667.27
4117.57
4205.81
3847.01
3848.37
3668.15
4116.62
3846.61
3757.02
3846.73
4385.01
3487.97
4384.63
4384.67
4115.82
3756.62
4115.86
4475.22
3846.65
4115.5
4386.27
4205.41
4564.33
4026.03
4026.31
3846.41
3936.68
4295.0
3398.06
3757.94
3757.18
4027.15
3667.27
3488.69
4025.55
4117.5
4025.99
4474.5
3936.28
4116.94
3757.42
4116.22
4205.76
3577.68
4833.26
4026.55
4833.3
4564.53
3937.56
4117.65
4386.85
3936.68
4653.96
4115.78
4474.74
4653.76
3937.48
4116.46
4115.86
3847.97
4475.9
3937.28
4116.58
4027.31
3758.14
3667.51
4205.61
4475.66
4205.81
3668.35
4833.5
4116.59
3757.1
3578.64
3936.84
3847.09
4743.91
4116.3
3847.77
4385.11
4205.13
3937.28
4384.91
4116.38
3846.41
4116.02
4474.89
4026.39
4116.16
4026.75
4116.46
4115.5
3757.78
4295.6
3487.73
4295.08
3577.32
4204.69
4294.56
3757.46
3578.32
3488.82
4205.37
4025.59
3667.03
4026.99
3668.15
4026.99
3846.57
3936.52
3846.33
3757.3
3757.82
3846.6
3936.16
4744.88
3668.19
4296.12
3846.65
4295.0
4115.94
4026.47
4384.71
4474.78
4743.31
4833.02
4654.32
4295.4
3668.75
3847.61
3937.36
3130.05
4385.15
4295.96
3219.04
4205.53
3937.2
4115.9
4026.71
4385.15
4295.19
4476.38
4205.22
4204.89
4025.99
4384.23
4835.1
3758.3
3758.26
3936.0
3488.49
3220.0
3488.81
3487.85
3579.64
3756.82
3667.71
3846.97
3488.29
3399.42
3667.31
3668.11
3757.22
3668.35
4115.94
3578.2
3488.29
4117.56
4026.11
4474.7
4474.18
3757.78
3667.35
3488.25
4475.1
3578.76
4115.46
3848.46
3938.56
4294.32
4476.14
4386.63
4116.06
4296.9
3848.01
4475.38
3668.35
3489.41
4117.18
4294.96
4115.82
4025.71
3668.55
4025.59
3667.91
4206.13
3579.12
4476.31
4295.04
4475.18
3937.72
3578.16
3399.22
3129.81
3220.52
3487.93
3847.17
4028.03
3936.88
4115.82
4474.78
3936.56
2950.91
3936.04
3846.73
4385.27
3936.64
4385.03
3936.08
3937.9
3666.95
3758.82
3399.74
3757.22
4296.48
3937.12
3757.34
3488.05
4205.92
3668.23
4653.28
4115.62
2860.52
3847.29
4475.74
4474.42
3220.12
3848.33
3219.32
3488.89
3937.72
3847.17
3846.81
4297.0
3757.14
2950.11
3397.94
3666.71
4204.49
4205.57
4115.74
4385.27
3309.51
2950.71
2950.11
3398.34
3129.97
3488.37
3309.23
3578.12
3578.8
3309.27
3309.27
3488.13
3758.82
3666.91
3668.15
3218.28
2949.95
2949.39
3039.78
3577.16
3039.18
3308.43
3308.11
3487.33
2949.59
3487.45
3488.41
3307.95
3577.12
3128.89
3039.18
3129.33
3398.82
3667.23
3397.82
3577.16
3307.91
3577.16
3218.72
3576.96
3488.21
3308.35
3487.49
3667.07
3308.47
4117.85
3487.69
3398.18
3488.09
3667.03
3488.18
3666.91
3667.11
3487.89
3308.67
3487.69
3756.58
3398.02
3398.18
3667.31
3577.6
3936.76
3936.36
3488.01
3846.33
3846.93
3578.08
3308.75
3846.85
3667.31
3846.58
3398.14
3577.76
3577.28
3756.82
3756.78
3398.58
3487.53
3577.8
3577.6
3847.05
3936.16
3846.57
3488.09
3308.47
3936.8
3756.9
3936.04
3937.12
3757.26
3757.46
3757.3
4115.98
3846.33
3937.36
3757.46
4026.07
4025.87
3847.05
3847.09
3667.11
3757.22
3668.81
3578.44
3667.11
3936.88
3936.36
4026.27
4115.58
4116.02
4116.42
3578.36
4116.42
3757.58
3936.76
3936.88
3936.69
4025.95
3757.58
4026.91
4205.79
3847.09
3757.38
4115.74
4116.02
4026.95
3846.65
4026.52
3937.2
3578.16
4115.54
3846.69
3937.24
3398.46
3578.2
3757.7
3846.85
4026.51
4116.34
3398.18
3937.2
3936.36
3846.97
4205.65
4026.83
4116.46
4115.8
3847.01
3936.4
4025.94
4026.27
4026.63
3936.6
4384.72
4385.03
4115.54
3757.6
4295.12
4205.33
4385.67
4026.59
4026.99
4475.14
4384.87
4115.94
4115.82
4205.45
4294.96
4474.91
4294.88
3937.48
4295.8
4295.72
4474.58
4295.96
4205.45
4027.07
4295.36
4564.65
4385.72
3937.08
4385.27
4564.66
4295.72
4385.15
4564.57
4654.52
4205.41
4384.75
4295.4
4474.1
4385.71
4205.49
4654.08
4833.46
4384.51
4653.56
4564.17
4385.31
4474.26
4385.13
4384.83
4474.66
4475.5
4743.39
4564.13
4563.81
4833.78
4564.47
4384.59
4026.51
4295.16
4384.59
4743.79
4564.37
4743.51
4564.37
4744.03
4743.51
4294.84
4564.61
4474.92
4743.82
4653.8
4564.53
4564.37
4205.45
4474.86
4564.17
4564.06
4384.87
4654.99
4295.52
4654.08
4563.77
4564.17
4384.75
4295.04
4384.65
4295.03
4385.03
3846.77
4205.81
4474.49
4743.65
4474.78
4384.79
4474.43
4205.69
3936.8
4205.93
4205.81
4026.39
4205.33
4474.54
4115.9
4295.8
4385.79
4653.95
4206.25
3846.69
3936.36
4205.61
4295.24
4026.19
4026.19
4295.12
4564.53
3398.46
4116.3
4295.68
4115.8
4026.07
4295.76
3847.61
4563.93
4026.55
4116.26
4026.03
4026.15
3937.12
3668.39
4026.7
3847.57
4295.04
3757.62
4115.78
3309.13
4384.99
4205.61
4385.79
4385.51
3937.15
4115.5
3937.04
3846.77
3936.72
3668.07
4026.87
4026.55
4295.56
3667.59
4026.23
4026.87
3667.59
3847.05
3847.01
4206.41
3847.45
4026.67
3846.89
4027.03
3757.74
4026.79
4295.76
4117.16
4026.03
4115.94
4295.48
3936.32
3667.67
4027.39
4206.19
3488.25
3757.1
3757.7
3578.16
3399.3
3757.5
3668.43
3667.63
3668.83
3488.73
3847.01
3936.58
3937.92
3847.68
3936.9
3937.76
3937.68
3667.87
3758.34
3578.92
3578.8
3399.74
3936.56
3847.48
3757.54
3757.3
3847.17
3758.01
3757.83
3488.65
3937.52
3578.52
3667.59
3577.96
3848.13
3937.02
3667.87
3667.99
3578.4
3488.45
3668.63
3847.65
3579.0
4027.19
3219.6
3488.65
3398.94
3936.88
3488.73
4295.55
3577.84
4026.19
3219.72
3578.08
3847.73
3399.25
3668.35
3847.09
3309.13
3847.29
3398.22
3757.62
3488.85
3399.58
3667.95
3667.95
3309.31
3578.24
3667.67
3757.22
3308.79
3578.4
3757.58
3668.99
3757.54
3668.11
3847.15
4026.51
3757.38
3578.56
3489.49
3667.27
3578.96
3488.52
3668.49
3668.51
3668.55
3488.17
3040.48
3936.6
3847.45
3489.09
3489.09
3398.69
3578.48
3220.04
3578.8
3578.46
3578.96
3848.04
3579.48
3219.84
3488.69
3488.77
3667.71
3399.09
3758.06
3578.68
3667.65
3488.77
3130.89
3399.62
3578.24
3847.77
3847.57
3399.62
3130.89
3847.33
3399.26
3399.62
3219.64
3937.64
3669.1
3398.74
3219.88
3398.74
3667.67
3308.91
3309.11
3039.21
3667.47
3220.08
3398.42
3577.88
3398.94
3847.97
3309.18
3488.53
3218.68
3667.83
3219.66
3309.11
3219.21
2949.51
3578.72
2859.6
2949.91
3488.61
2950.68
3129.21
3577.48
3039.86
2860.28
3038.94
3398.9
2501.44
2679.78
2770.77
2590.95
2501.8
3127.93
3218.56
3308.82
2770.21
3039.34
3488.69
3039.54
2412.22
2502.44
3041.06
3489.13
3489.48
4207.33
3937.24
3937.8
3937.36
3848.09
3937.16
4027.55
4027.83
3398.78
3936.47
4027.15
4296.04
3488.53
4027.31
3758.26
4026.95
3308.63
4296.48
1872.22
4025.59
3936.44
4026.74
4026.39
4295.44
4385.35
4295.84
3936.96
4116.62
3489.33
4206.09
4205.45
4205.89
4205.45
3757.22
4116.1
3847.67
4205.85
4205.25
3847.57
4296.12
4295.58
4296.36
4116.1
4206.21
4205.89
4116.5
4385.01
4205.81
3667.73
4385.59
4295.32
4385.35
4206.25
4385.39
4385.55
4295.64
4385.35
4384.78
3936.8
4295.24
3936.28
4116.62
4295.52
4295.55
4385.59
4384.75
4026.27
4295.12
3847.73
4027.03
4115.7
4295.07
4026.47
3936.63
3757.38
3936.58
4384.75
4384.81
3308.95
4296.16
4385.79
3962.1354166666665
4296.56
4027.15
4329.010101010101
4206.33
3965.010101010101
4114.9
2680.22
2231.47
4384.11
4384.71
3127.65
2769.33
3398.06
3935.88
2590.31
2501.01
2590.91
2680.78
2949.79
3308.3
4384.75
2501.47
2590.51
1783.52
2501.04
2590.98
2499.64
2141.48
2229.79
2140.44
2231.31
2230.79
2588.99
2499.72
2410.29
2500.48
2410.77
3576.32
2140.68
2590.31
3307.47
2949.23
3577.0
4563.21
1513.15
3755.22
1961.18
1602.62
2589.67
2858.09
3127.43
3037.61
3486.25
4473.54
4474.18
4294.0
4385.15
4025.23
4024.31
4486.01030927835
3666.15
3486.31
4393.690721649485
2859.26
3397.22
4565.21
2948.55
4294.76
4295.24
4474.93
3667.47
3578.22
2502.68
2232.23
3814.3469387755104
4026.35
3577.24
3486.69
3845.53
2140.68
3847.45
4206.97
4026.59
2143.08
3039.1
3935.83
3578.0
4294.84
3667.75
1782.8
2231.19
3666.91
2142.56
2860.36
3845.37
3577.32
3667.69
2770.01
3129.87
3041.58
3846.97
3399.62
4563.13
4393.649484536082
2142.92
3578.36
2950.43
3040.78
2500.11
2501.4
2499.64
3396.44
3845.17
2682.22
2590.03
2500.12
3306.71
3847.53
2678.74
3935.27
3936.6
4026.79
3937.48
2948.39
2679.13
3220.48
4473.78
2051.51
4026.22
3577.8
3038.74
3037.58
4296.04
2861.2
4763.79381443299
2321.85
2502.84
2412.57
2770.49
3486.25
3936.48
1513.31
3846.97
2949.75
2141.8
2230.23
3129.73
3131.15
1962.86
4026.38
2501.62
3400.5
3759.5
3039.86
3038.78
2591.15
2502.4
3934.78
1602.18
2678.66
2768.41
1603.28
3401.32
2500.76
3846.89
2678.78
2412.85
2502.52
2592.63
3220.99
3491.39
3491.21
2410.25
3038.56
3667.31
3757.58
2998.032258064516
2952.19
3488.77
3221.96
1872.07
2320.17
1961.06
2409.73
2589.43
2858.44
1602.42
1153.78
4114.02
4115.98
3399.74
1603.26
2950.71
3667.86
1873.54
1873.06
1154.25
1692.41
2950.54
3131.01
2413.0
4207.35
2500.69
3217.2
2591.19
2860.86
3217.59
3222.04
2590.35
2948.16
3756.44
3667.31
3579.2
2592.31
3758.58
3579.16
1692.29
2232.79
2409.77
3937.16
3489.25
3401.88
2501.67
2320.06
1782.42
2681.14
3130.69
2500.68
2320.05
3487.49
3757.82
1872.63
3397.06
1063.71
2860.4
2948.65
2231.99
1783.44
1781.76
1603.58
2859.56
2052.01
2052.97
2232.83
2051.73
3309.07
1153.91
3129.89
2860.1
2861.75
3578.88
3040.75
2591.22
2772.05
2682.0
3041.14
3129.85
3308.03
1962.46
3576.6
3757.86
3937.28
4207.61
3399.33
4118.58
1872.23
3848.41
1961.9
3397.1
3670.11
3937.48
2590.81
2500.8
2858.08
1783.16
3217.18
2590.53
3758.87
3939.05
2322.71
3128.18
3131.97
3219.16
3576.68
1422.53
4204.84
3397.38
1513.38
3218.95
1782.74
4027.07
3618.3473684210526
2682.22
2590.99
4118.18
3757.54
2862.32
2591.47
1693.29
2858.23
3666.93
3038.58
3758.82
1513.23
1872.2
3307.43
2141.48
3755.14
3218.88
3127.49
3128.69
2230.34
1783.24
1063.76
2948.17
3758.54
3128.21
2770.9
3486.29
3576.32
3307.88
2232.35
3400.1
2680.61
3307.31
3397.98
4191.423913043478
1873.39
1692.05
1693.67
2052.31
2143.1
3310.23
1243.51
2410.45
1603.3
1692.58
2769.21
3129.67
4205.77
2858.12
2860.08
1153.67
2502.56
2951.55
2411.57
1960.86
1782.95
1691.77
1423.42
3039.18
2142.36
1962.42
2859.72
3397.94
1423.56
2231.55
3129.39
3848.49
2319.98
2052.85
1513.01
2230.27
3128.6
3038.98
3308.09
2051.77
2500.68
1423.49
1693.05
1422.64
2501.04
2588.83
1064.12
2319.87
2499.2
1063.98
3040.65
2589.19
2499.22
2229.87
2142.72
3308.83
1332.93
2229.91
2320.82
3755.08
2947.7
3489.25
2500.32
2320.62
2769.11
2500.84
2231.86
2500.28
1603.22
2410.65
3128.22
2682.14
3937.88
4810.043956043956
3308.71
2770.07
2499.83
2052.84
1691.72
3755.52
2858.12
3755.5
3398.74
3667.11
3128.81
2141.72
1693.13
2771.32
3308.63
3666.15
2141.32
1423.28
2322.02
1064.16
1423.56
3758.3
2681.22
3757.53
2321.18
3397.71
2142.2
2231.69
3038.94
3399.84
2681.85
2591.91
3217.06
3667.19
3220.68
3129.27
1873.06
3219.0
2142.12
1422.68
3220.96
2320.21
1333.98
2501.73
2051.09
1063.76
2320.94
1783.2
1962.7
1513.19
2141.11
2232.18
2770.24
2679.38
1603.06
2141.2
2947.8
2141.93
3576.96
2858.04
2768.43
3579.54
1873.02
1960.7
1063.64
1153.63
1333.37
2140.54
1513.23
1423.12
2679.78
1782.2
2052.01
1603.1
2409.53
3129.25
1063.84
1513.07
3037.5
1872.83
2589.87
1781.86
3128.06
3306.39
2499.12
2499.16
1513.19
1782.79
1063.8
1063.74
2858.88
3127.32
2052.61
2949.75
2140.24
1423.74
1243.74
1872.87
1063.76
1961.19
2232.55
2142.68
1962.86
1063.72
1872.46
1873.03
1962.82
1603.7
2052.9
2052.93
1693.05
1873.03
2232.71
2501.88
2232.15
2232.39
1962.1
1783.08
1153.75
2499.36
1512.75
1602.42
2142.44
1513.31
2052.69
1783.33
1961.5
2411.25
2232.55
1962.48
1871.17
2501.56
2862.21
2321.54
2050.59
1063.99
2050.65
1333.58
2499.44
2050.69
2409.37
3218.4
1691.76
1692.61
1063.68
1333.45
1513.53
2319.61
1871.03
1154.4949494949494
1961.77
1781.43
1601.9
2050.51
1243.17
2322.14
2052.53
2320.02
2768.53
2409.45
3217.44
1692.65
2769.17
1603.26
1963.18
2590.27
2410.37
2140.52
1423.44
2141.36
2990.1326530612246
1333.52
2589.95
1333.69
1063.88
1960.86
2051.18
3217.52
3578.16
3038.74
2140.36
2231.54
1423.44
1783.08
1872.16
2140.93
1961.34
1962.69
2769.01
2591.63
1333.53
1423.48
2051.05
1063.96
1873.23
2321.25
1962.38
1783.15
2769.17
2230.75
2948.75
1961.23
3488.47
2142.36
2590.83
2679.78
2499.04
1512.51
1962.24
1781.48
2320.38
1333.49
2232.66
1781.93
2140.84
2499.12
1783.08
1333.77
2142.28
2948.77
2052.08
1872.82
3490.91
2680.33
1513.35
2590.87
1602.39
2681.5
1782.04
2320.5
2230.75
2231.39
1243.8
1063.7551020408164
1333.68
2409.77
2500.36
2050.84
1871.27
2320.74
1243.3
1872.27
2140.38
1602.22
3039.38
1961.5
1692.73
2050.89
2681.72
1960.94
2590.59
2859.46
2321.21
1423.4
2589.27
1783.08
2682.54
1423.39
1782.6
2770.89
1693.13
1423.44
1243.79
1872.27
1871.7
2412.5
3040.96
1423.36
2141.28
1513.27
1873.15
2321.01
1962.39
2770.41
1783.0
2320.98
2232.11
1693.15
1512.99
1782.68
2321.54
2050.93
2051.73
1872.4
1603.18
1873.03
2053.03
2322.58
2232.39
2321.08
1782.96
1334.17
1423.64
2140.92
1243.46
1423.56
2412.77
2412.93
2772.57
2064.0
2323.22
2053.13
1693.09
2412.65
1962.94
1063.9292929292928
3127.86
2411.36
2501.27
3216.8028169014083
1064.952380952381
1603.06
2140.2
3847.57
2052.21
2680.55
2320.02
2051.29
1063.821052631579
2949.78
1781.65
2590.28
4564.13
3218.88
3217.6
2681.08
3127.89
2770.76
3307.03
1423.39
2501.44
1962.0
4204.61
2949.26
3398.85
3040.58
2142.6
2411.65
3129.12
3309.07
2231.73
4205.45
2591.88
1693.21
1871.51
1513.07
2770.85
2591.85
4027.35
1423.42
3397.82
1782.79
1693.06
2590.99
1962.61
4298.79
3576.36
3396.82
3485.81
4116.06
2947.99
4024.34
2859.01
1692.82
1423.62
1693.01
2051.37
3311.23
2052.34
4295.94
2142.58
1063.5051546391753
3397.62
2142.64
2052.94
3219.8
1063.7113402061855
3668.08
3845.91
4296.6
3308.33
2681.63
1063.908163265306
1962.5
3399.9
1243.4
1513.16
3491.17
2770.37
3665.19
3397.46
1961.02
1154.1313131313132
2589.02
1063.2916666666667
3398.27
1063.5102040816328
1423.2
1063.5959595959596
1692.97
1603.1
2142.54
2142.48
2681.78
4565.45
2229.63
2592.11
1631.221052631579
3760.87
2412.05
1517.2828282828282
2951.03
3130.94
2321.66
2141.95
1692.53
4387.11
3400.9
1872.59
2230.91
2052.76
3131.25
1243.3
1698.6363636363637
2141.56
4120.34
3401.54
4029.67
1691.56
2771.1
2412.05
3969.6969696969695
3131.21
1063.531914893617
4387.74
1517.3232323232323
3999.683673469388
4119.96
1782.68
3219.24
2408.97
4559.566666666667
4837.55
1872.4
1243.02
1063.9690721649486
4847.747368421053
2051.45
1063.5416666666667
1063.5510204081634
1155.1734693877552
2679.42
1063.7916666666667
2592.3
1063.7446808510638
3306.27
1063.5
1422.56
2680.06
1160.3010752688172
1601.85
1692.93
2501.28
1521.295918367347
2231.87
2947.43
1512.19
1063.7717391304348
1781.24
1063.6701030927834
2050.29
1063.6288659793815
2502.08
1155.0510204081634
1063.52688172043
1063.6288659793815
2857.86
2501.25
1612.8877551020407
1526.2886597938145
2560.3333333333335
2498.8
2591.39
3221.44
2769.54
2502.33
3399.47
1516.8181818181818
2502.28
1064.06
1601.87
4028.75
3221.52
4209.71
4785.323232323232
1422.86
1782.28
2052.89
4298.38
4092.0421052631577
2409.53
1962.21
2232.31
1063.72
2771.85
3758.94
1603.18
1063.6
1063.94
1063.52
1691.69
2321.22
1063.84
2681.82
1422.36
2588.79
2142.9
4113.62
3216.52
2050.81
2588.75
2319.41
2499.39
4116.76
2768.25
3487.81
4114.79
3396.34
3127.73
4476.3
2588.99
4834.11
1870.91
2916.75
1691.49
2678.76
2607.440860215054
1512.03
4563.57
3938.2
5102.49
3665.67
4485.59793814433
1782.55
4615.114583333333
3396.5
3755.62
4725.642857142857
4293.24
4296.21
3666.07
3399.36
1692.97
1333.47
1063.9368421052632
1693.05
2680.74
1063.6767676767677
2590.39
1063.5510204081634
1782.91
3041.54
1153.47
1063.6734693877552
1602.9
2770.33
3217.0
3310.95
2680.3
2142.04
1063.7142857142858
2679.82
3217.6
1603.4
2589.51
1872.71
4387.55
2501.56
2320.18
1693.0
2951.75
1423.2
2050.21
1063.6734693877552
1429.6326530612246
3307.27
3038.74
3400.38
4030.47
2229.87
1333.58
2678.42
2947.35
3580.48
2951.47
3969.4141414141413
3396.26
3217.64
3761.06
4190.913043478261
3846.19
3038.98
3218.28
3217.56
3578.68
3940.72
2322.18
3666.95
2950.03
2861.88
1783.0
3131.57
1872.99
2231.39
1243.62
1872.87
2230.11
1063.25
2232.03
1423.24
1692.85
1513.27
2052.69
2948.15
3666.07
2232.66
1423.36
2499.12
1243.62
3221.48
1333.33
1781.76
1423.24
3308.83
2322.64
3760.22
3849.81
4655.52
3576.84
3307.79
2230.91
3397.61
3218.08
2679.96
3307.75
4117.82
1693.01
3040.66
2590.79
1249.4226804123712
2409.78
1153.89
3486.44
2949.07
1962.66
2769.97
2769.29
3221.52
1423.16
3579.16
2052.73
2230.91
1871.83
4114.74
2769.89
2321.54
1783.08
3487.09
4205.04
3936.08
2860.72
2232.55
2859.04
2949.59
3039.96
4567.05
3758.06
3397.78
4475.87
4565.85
4115.45
4725.959183673469
2680.66
2769.89
3039.04
3755.96
2320.78
3756.17
1783.12
1693.21
2679.3
2411.85
2321.42
2859.81
2410.29
3128.64
1603.18
3667.27
3218.16
2950.12
1167.5747126436781
1872.47
2410.57
3756.82
1962.19
2949.17
2861.4
4204.89
3399.22
3041.64
1873.03
1782.92
2232.8
2322.18
3846.41
2412.21
2142.69
2410.81
2411.41
2501.28
2232.51
4206.97
2142.68
1782.96
2321.66
1981.408163265306
1872.91
1783.32
3311.47
3221.72
1513.59
1872.87
2949.27
1962.66
1872.75
1423.28
1603.22
2052.61
2591.59
3577.24
2951.75
3850.69
3850.75
1872.59
2322.64
2771.85
3579.64
4295.8
2052.81
2500.64
3846.59
2501.69
3401.18
2232.39
2322.46
3130.89
2052.57
2322.54
2591.71
1782.92
2322.4
3581.0
2232.46
2502.12
1962.89
2502.08
4744.09
3398.24
2142.12
5102.85
2860.56
4025.99
4030.05
3969.6969696969695
2412.29
2771.65
4475.34
3488.48
2501.92
3578.4
4744.82
3491.09
2591.95
2771.69
3668.31
3578.0
4653.92
3490.25
2502.29
3760.78
2502.24
3940.09
3668.81
2591.95
3401.22
2861.24
3581.12
2861.64
2861.68
3578.04
2681.5
2682.1
2681.62
3846.65
2502.16
2412.33
4208.61
2949.75
2232.43
2950.59
3939.8
3488.53
4027.27
2681.82
2950.35
4091.0510204081634
2681.22
2232.47
2949.63
2322.34
3850.69
3491.05
3850.65
2861.76
4060.6979166666665
3219.76
1962.9
2142.56
1962.7
1782.92
1603.3
2951.87
3311.39
2232.47
1783.0
3580.96
3850.61
2142.6
3491.13
2592.14
3401.26
2142.77
2951.93
1962.78
2412.31
1693.13
2948.59
1962.86
4029.23
2321.42
3760.78
3581.12
2142.6
2142.52
2321.46
3668.45
4182.9795918367345
3936.28
3666.87
3039.31
3307.35
3667.15
2861.84
2681.94
3850.61
3039.54
4654.52
3308.83
4027.59
3667.83
3489.53
3578.48
2501.76
3759.38
2502.49
3398.86
2412.37
2232.51
3667.67
2052.69
2501.44
3849.97
3757.5
2142.64
3580.0
2861.24
3757.5
3308.51
3219.08
2142.56
2502.12
3669.37
2680.18
3218.6
2951.67
3038.7
1872.87
3397.82
2335.010101010101
2141.8
2232.45
1872.87
3040.22
2502.24
2679.14
2231.39
2231.07
3131.37
1962.91
3038.22
2590.03
2589.83
3486.69
3756.22
3129.53
3848.49
2142.4
2679.86
3666.27
3666.86
3760.94
2052.65
2322.02
3850.57
2950.99
2142.6
2682.14
2681.54
1872.83
2232.81
2412.33
2142.72
3400.9
2861.98
2860.6
2052.69
2052.81
3217.84
2500.44
3039.78
2052.77
3760.3
4205.77
3221.28
2770.59
3309.99
3670.95
3221.6
2232.47
2951.75
2411.13
3401.18
2860.56
2321.98
2232.39
2232.47
2412.28
2859.48
3846.78
2052.65
2949.15
1962.78
3127.93
1962.78
1962.66
2141.8
2951.67
1782.92
3400.42
1693.13
1783.0
3491.13
3041.7
1872.87
2411.57
3129.45
3491.09
1872.75
3760.9
3311.35
1963.12
2322.26
1872.83
1962.9
3401.14
2142.52
3940.56
3491.17
2769.93
3850.95
2502.28
2590.59
1872.79
2052.21
2859.24
3401.22
3580.04
1693.13
3670.87
3760.9
2322.38
1873.08
4030.67
2052.69
3041.76
2412.21
1872.55
3397.42
3846.21
4026.46
2142.52
1962.5
3128.31
3307.51
3401.39
2322.3
3308.03
2322.42
3128.49
3307.79
2859.24
3487.59
2412.17
3846.29
2232.51
2232.51
3039.7
2412.41
3758.66
2770.09
2682.1
2770.43
3131.49
3307.87
3577.12
2769.81
2232.55
3671.07
2142.48
3131.91
2859.72
3221.4
2052.45
1872.75
2949.71
1962.82
2949.39
2142.95
3129.09
2679.9
2859.88
3128.81
3308.07
2949.19
2142.4