6263358
6209087
6262952
6281070
5902979
6506771
6344503
6146484
5632949
7073584
7145754
6596777
6344137
6470728
6650463
7639962
6776453
6911662
6452186
6262626
6659408
6793992
6452456
6118999
6506232
7073528
7550971
6092241
7055224
6938313
6479476
6830250
5785649
6676946
6883550
6938247
7586948
6424965
6686157
7181580
6911034
7550150
6587424
7001039
7100045
6830613
7739277
7163264
7423969
7424396
7901412
7640470
6578055
7856483
7523948
7208642
6883942
6920456
7576913
7334362
6821198
7568124
6938328
7433631
7379103
7343241
7271074
7181365
6938421
7874034
7270967
7802804
7289206
8197934
7946428
7730531
7099677
8072346
7460233
7478604
6100701
7766251
8045020
8018201
7577138
7748535
7702998
7739158
8441102
7190205
8171052
7360718
8072351
7946165
7883339
8224969
8018161
8063003
7964418
7703513
7855629
7775270
8306319
7748497
7946626
8297098
8549462
8405416
7837996
8405162
8242874
8278948
8018206
7999965
8882206
8224793
8315206
8935479
8692872
8692760
8351066
7837905
8449723
8621084
7901102
8251765
8558081
8441212
8602827
8477109
8342070
8917912
8738184
8656865
9017213
8773919
9106962
8584747
8800888
9061640
8719909
8845464
8665476
8333021
8134852
8692692
9061889
9359072
8881482
9133833
9008244
8863676
8746725
8746855
9457745
8765250
8872910
9187790
9430712
9376653
9044511
9340705
9259925
9376549
9421750
9448757
9475646
9493584
9448786
8999027
9313828
9088511
9475780
9547849
9277553
9556665
9772591
9583678
9574692
9106274
9566080
9367787
8683323
9295885
9457710
9772632
8304505
9502758
9691717
9727719
9772939
9790690
9628595
9583606
9790669
9790658
9411999
9700506
9808524
7034312
9754839
9655398
9781984
9808959
9548787
7079968
9701111
9034081
7602273
9557600
9404841
9232307
8881832
9674375
9548697
9378114
6449247
9512568
9611657
8621319
6730206
7325109
8729979
7431870
6262454
7008700
8035608
9412224
9213962
9114974
9313152
7331720
7664955
9772922
7826952
8619592
9313201
8718748
7044500
7304608
8322419
8520428
8520239
8025000
8916865
9709263
7628577
7628784
6431746
8817836
5746281
7232672
7629036
9296784
8916647
9015989
9106221
8972915
8288033
8188799
9629498
8297754
6467404
3433109
9791108
7098432
6538794
8421534
6340634
9115076
6637951
5548241
9808661
8718712
7529964
8520684
9835680
6116920
9763683
5548913
7430732
9907748
6241711
8916714
7727740
6855232
6350792
7628936
9015696
4656431
6241553
7034496
5944432
8619528
9907600
9907748
9313168
9907688
4755840
5746416
7133560
9295195
9412290
6935476
8223116
9808456
4458240
7926123
7529638
6736963
8620869
9808690
8718743
9313183
5251216
8124336
7431934
7331664
7529660
4432804
5836956
7430553
5052726
9015744
8025019
8025224
7628740
7826721
8619312
5944424
6737072
4557680
8728232
5944604
4854724
4953796
7629321
9709749
4656384
9907405
8575704
8448776
7809160
9907515
6439864
6764531
8025252
6638010
6845757
9178845
7530249
9907447
7827103
4854577
7243590
8160516
7476557
3919542
3532193
9889836
3964192
6701376
7837714
5044100
8575184
7242368
9719380
7089656
4557312
4656384
9746056
4954000
4854920
7628784
8620761
7134873
8223443
6935131
8871912
5071872
7198200
8188312
6142764
9213831
9781904
3135520
9214505
5548109
9313177
9511344
8485768
8718680
4953624
8224673
9313216
5746440
9907376
7430427
7529523
6440096
6836436
9907388
9907570
9511344
7430671
8025144
9907578
4854577
8916528
8520708
4954000
4854920
7925924
7233753
8916529
9312930
8520388
8421608
4854920
5449078
6737021
9313243
6142664
8223280
7331520
7430604
4656384
6043406
8520240
6538872
4656392
6737064
4656384
8817776
9610560
8223448
7925952
6999296
4720832
4854920
8322253
5052721
8123953
7133664
8916910
8673999
3162102
8718504
8025280
6737240
4854724
8223172
7520529
8718386
4755456
6637929
8134035
9412518
6908145
8817629
9213955
7629052
8025288
7529964
4656760
8619680
9907757
8025292
8421316
9114863
8817633
6836366
7592908
8801032
4656431
5395111
8828336
9629468
9907630
9647260
7720964
4836960
6539120
5647113
9907394
4755504
5746222
5765264
7044560
4557680
4755840
9313191
9610424
8700833
4953800
8322237
9808343
9907408
8817600
5052876
8619484
7422194
9556387
8916840
9016116
4854920
4953616
5944412
9610211
9412082
8916717
8025032
5845472
7728012
8718673
4953653
5449036
8124118
7034892
6638733
5747091
9907555
4953616
9412232
7430776
9313067
6043792
9213877
9015835
6142673
5548109
8817688
8223152
6340657
7034519
5746318
8718760
9412416
9907585
5151936
6439756
7629044
9610508
7034304
9412240
9907680
5251044
4755648
4854724
7728124
4954000
6836152
9015730
9709444
7529712
6737056
7430428
5647224
4755504
5250823
9907491
7727826
7925891
4656431
9907354
9907660
4854920
6142764
8223172
9214244
5548424
8421346
7926170
4755840
8223240
9907572
9907628
6340992
9610704
5647923
8620504
7628740
6737096
7331504
4755840
5944432
6836164
8024968
7826936
7232480
8025061
6836368
9511288
4557312
7529621
9412398
8619664
7232648
9015748
4755648
5052864
4656384
8916528
9907668
9808381
5746221
8718672
8322344
6440064
7926152
9016112
8025224
7628792
5746568
5647496
8421448
7529864
7628573
6241632
9610443
7826914
4953800
9313336
6638288
5647300
9213918
8322377
4755840
5548424
7827088
8025112
4755840
9907663
8520607
8520728
5449200
5944608
9412046
7925808
5548048
8619585
5647192
7727976
5746570
4854920
4854906
7430800
7232474
4755504
6737280
5845640
9907451
4656431
6737104
9907589
9412065
6538948
5052696
9907515
8619343
6340653
7628941
4557312
4755456
8024970
9114844
8718728
7827080
6043460
9313028
6043684
6836160
8817644
5151960
6142660
9115164
4755840
6440132
8817952
6341056
6539171
9610240
7827103
4954000
8322336
9015770
8619471
5746381
9808543
6836184
4656572
4854724
9907652
6340655
7727665
9312815
4755504
8223013
4557312
9907408
8916940
4755840
4557680
8124186
4458240
6142592
5944424
7034276
7331440
4755648
4656572
5350116
8421462
9907500
5548424
4854920
4755840
8421565
4755648
4953800
9907514
7232464
8124184
8223264
9313198
8619694
5647490
4755504
6241921
9015920
4557312
9907385
7430559
9610228
4656431
4854577
4755504
9312814
5250823
4557312
9511140
7827029
9213992
8718540
7826880
4953800
6142676
4755504
4755504
4854577
8916675
4656384
4656384
4656384
8322192
8421237
9808274
4755648
6043592
4557312
4359168
4458240
5250825
8223085
4854577
4656431
4656431
4854577
4755504
4656431
4755504
4656572
5052876
8322199
8718384
9213745
8916672
5250819
7430448
4656431
9907556
9907296
8817655
8123992
4755456
9511006
4854577
4755504
8520551
6935257
8718630
7925956
7430655
9907555
9907618
8718384
5151845
6341015
6340798
7034519
4854913
9411935
8124224
8916880
6836359
8421541
9907606
4954000
4854920
7728037
6539136
6043796
9511351
7727897
8025151
4557680
9313183
5647483
7034519
4755840
4854920
9016020
8322576
4755840
6142863
6043784
6043828
9114984
4755840
4656760
5548431
8520295
9511335
7628960
6241711
9412271
6836382
8619687
8817833
4854920
9709469
9016080
4954000
4755840
6737280
4755840
7926151
9214221
4854920
5548424
4954000
8520584
9016104
4755840
6737296
9610502
8421652
4755840
8322546
6043810
6043789
7728034
7133595
8025322
7827136
4656760
9015893
9115024
9214125
9313258
9511372
6539164
6440074
4656760
4854920
8619667
4854920
8025224
5647483
8421557
6241942
4755840
4755840
4755840
9214167
4854920
7529976
6043789
4755840
9115073
6935432
8223364
9610479
7728030
6340994
5152132
4557680
6340976
5944750
9214096
8817798
8718795
9907443
9214232
7827119
8917012
7628950
9907582
9907561
6836432
9907623
5944709
9412264
7826991
9907670
9412030
9214125
9313191
9907604
9511311
9312997
8817791
9610262
6439857
9610293
6538878
8322379
8223039
9214111
9511203
9214103
9511164
7529520
4656431
9313177
8223295
7133328
4656431
4755504
8817624
9015951
8520395
9213970
5845384
9214004
8718697
9412250
9313176
5052729
4854577
9511233
9213831
5647238
9610278
9313170
9015944
5052723
8223164
6439799
9313056
5647209
4755504
9511200
9773141
9755219
9511204
6637871
9853831
9511252
4755504
7232442
9764021
7665043
9808870
9737170
9728162
9755191
9773016
9079777
9674345
7143159
9701113
9683367
9647449
9620692
9638564
9620676
9692260
9656472
9611749
9656277
8378001
8296880
8098783
8197812
8468141
8197725
8179912
8188711
8089660
4730108
8188753
7981815
8179942
7909387
8387053
8972503
8279006
8404735
9278504
8387020
8188869
7990772
8296907
9584876
9593761
8378093
8387004
8378091
8080874
8270049
7891699
8089838
8188755
8477147
8179950
8477075
9584882
8279000
8296830
8378040
8206747
8296921
7999729
8377904
8278813
8197854
8287901
8377921
8098802
8287977
8468102
9602661
8369073
8188871
8107698
8468040
8080636
7900656
8188904
9422822
9377987
9179792
9575787
8828434
9431812
9467925
8936514
9450093
8468114
9458920
9422860
9449958
9450005
9449882
9449769
9458868
9449741
9405190
9440744
9449891
9449728
9413690
8891009
9440844
8783036
7972028
8701914
9071213
9422982
7710688
7890899
8161189
8683904
8242359
9071283
8602821
8855339
8882131
8891074
9440744
9350574
8314412
9440792
9161482
9449867
9071268
8891067
8710849
9405004
8891043
8431545
9440777
8629740
8620808
9414007
8458482
8864085
8440523
8972221
9440849
9431957
9449863
9422978
9449862
9350523
8251250
9440875
9161349
9260514
9080296
9350663
9431687
9431766
9089232
9359576
9440824
9071299
9440776
9350671
9440860
9440749
9440852
9440808
9440904
9440804
9431678
9440836
9440955
9431769
9458637
9431754
9396153
9440924
8539650
9440816
9449707
9071301
9440828
9422866
9440842
9233677
9440797
9431901
9440770
9422694
9332733
9431752
9341570
9431936
9440753
9350699
9332581
8981118
9405044
8891130
9431775
9260574
9350683
9431890
9359590
9341684
9431685
9062278
9179392
9269492
9125966
9332677
9152396
9431905
9170453
9413895
9332721
9062338
9170477
9224704
9422794
9431775
9431805
9251615
8882069
9332689
9332598
9242600
9422815
9449716
9431809
8972197
9440762
8801045
9440728
9449800
8972173
9359535
9440840
9431692
9260562
9440808
9422766
9449685
9332604
9071353
9440820
8891122
9440648
9431764
9152441
9080238
9440773
9458806
9269541
9458717
8719904
9251567
9440648
9251551
9440780
8972221
8710985
8801019
8981237
9323706
8972255
8945448
9215795
9062255
8675141
9422718
9440900
9224746
8864310
9251521
9170353
9152419
9440705
9179326
9431849
9350568
9440764
8891117
9440801
9431883
9440756
9458706
9062271
9251555
9431785
9422726
9170354
9071361
9440720
9440883
9431837
9431758
9440860
9080259
9440850
9062236
9449719
9161395
9422870
9152427
9440694
9431729
8900030
9440653
9089319
9440788
9161434
9422825
9449731
9440815
9440820
9359508
9494639
9503489
9440973
9431837
9260472
9260427
9449706
9440759
9449704
9458553
9458698
9449764
9179295
9440734
9449677
9449715
9458599
9458658
9458856
9449762
9458532
9080321
9449744
9449573
9458740
9440849
9449785
9458569
9458628
9458848
9440659
9467601
9530395
9449625
8638600
9503458
9431886
9251501
9260402
9440791
8719763
9476454
8701754
9134322
9521327
9467705
8611627
8999043
9512595
9431697
9359660
9512614
9530453
9548468
9539601
9521491
9431731
9341697
9494390
9449674
9530462
9566419
9071374
9449714
9503671
9494535
9548162
8999075
9539370
9566405
9467657
9575378
9494613
9340952
9278410
9530546
9512562
9530533
9521503
9314330
8999201
9503559
9512577
9584355
9377524
9530564
9548466
9530447
9539543
9314330
9548083
9530498
9539538
9512516
9512490
9530492
9521584
9521549
9512378
9530558
9566288
9539474
9557479
9530489
9539627
9503592
9539269
9503536
9521565
9512305
9548294
9530577
9530517
9557417
9503608
9521498
9530625
9539589
9566368
9602416
9557602
9521676
9539532
9512686
9530619
9530667
9521493
9512567
9539555
9530607
9530560
9566404
9530600
9530604
9512625
9566364
9557350
9503598
9539460
9548452
9332335
9539522
9539363
9521490
9566457
9539530
8918089
9521533
9134113
9548502
8368379
9521512
9548455
8935910
9512431
9557514
9539307
9521395
9530508
9521550
9530580
9530631
9512578
9557466
9143051
9485299
8071120
9557335
9557272
9548478
9512409
9566377
9557345
9593310
9548384
9539571
9575345
9539351
9557255
9548329
9548318
9548367
9539293
9575344
9584256
9539361
9584323
9575096
9575141
9557211
7332301
8899582
9638091
9584309
9584292
9305293
9557271
7143155
9205757
8998543
7134155
9629166
9620260
9620213
9620140
9593243
9674075
9520962
9611033
9629223
9611066
9557317
6737791
6972215
7134072
9557248
9593196
9593242
9620149
9629173
9602284
9602244
9313804
9404799
9431967
9413950
9476568
9602242
8350498
7710892
7116456
6692457
9692343
7260084
9790695
9511867
9710372
9799755
9754902
7737017
8826954
9187317
9754759
9727766
9808779
9754946
9629110
9593320
9360073
9467882
8108075
7504574
9512984
9369001
9485921
9494999
9566806
9764143
9764001
9584708
9773052
9746179
9728272
9844815
9557110
9782033
9611781
9593892
8747049
8287953
8881990
8557909
9737306
9377680
8891289
9674503
8476731
9791013
6800251
7268719
8385887
8719047
9746186
9809011
9593486
9377861
8269652
9485849
9511655
9773077
8350758
9593884
8196998
7396217
9269721
9035359
8783373
8576270
6900855
9062188
8954469
7513454
8783362
8846498
7261218
9575896
9575396
8602748
8774007
8575843
8422418
8953937
9089388
9405132
9450123
9530866
9197539
9683378
9728287
8918301
8837155
9692413
9413677
8810258
8981549
9602687
9701280
9692271
9755097
8989329
8484946
8836718
9683335
9647081
9637914
9674157
9467874
8792372
8837163
9584924
8972566
9575965
8756488
8972594
9305694
9269798
8476731
9341502
9125424
9134395
8873003
9584908
9575401
9593751
8882441
9179705
8792332
7486402
8387009
8891436
9170702
8602725
9566998
8936115
9593834
9602830
9035235
8990496
9575853
9188636
8404468
9377817
8891412
8900375
8981525
9467938
9638629
8953981
9143178
9665291
8647554
9638459
9593482
9151494
9674379
8828040
9584407
8944818
9287710
9593735
9152017
9458643
9638413
8917984
9593810
9602710
9611551
9278733
9179677
9026380
9656479
9548683
9619963
9584478
9593324
9557733
9458923
9602803
9403947
8449255
9629535
9656376
8089054
9593584
9584755
9557995
7782436
5927065
7863694
6674778
7746536
8926441
9611317
6179034
9548378
9494495
9539535
8359724
8080573
8188610
9089399
9071373
8584965
8098844
8179982
8495045
8008735
9548918
9557390
9557729
9449463
9233097
9521412
9512752
9548068
7620404
8845664
8729064
9557670
9179543
9080527
9557945
9539850
8837537
9485650
9513039
9521785
8396056
9269729
8296997
8792061
7882427
7999428
8089537
7972376
8386770
7422898
9161657
7801604
9377780
8089779
9549009
9557544
9521891
9566737
9503758
8062112
9539777
9368858
9575746
9566836
9584354
9530482
9539744
9107624
8359653
8827410
8088897
7998968
8097838
7818550
9512509
9287551
8224121
7809935
9503708
9404309
9368085
9458761
7828117
7999524
9287930
9458805
9593484
9521581
9530609
8106845
9512750
9251768
9521743
9503840
9530768
9539819
8440569
9494718
9521589
9504009
8611710
9494736
9548475
9521682
9539512
9512539
8197383
8485665
9458505
8170222
9521829
9584590
9161648
9521564
9566490
9530524
9503436
9503574
8755706
9521820
8458884
8485857
9521760
9494741
9215762
9503862
9494768
9512718
9521558
9530888
8089753
9486055
8873472
9431980
9503956
9476732
9486078
9494825
9387007
9530641
9584872
9287720
8756340
9521943
9530774
9557621
9575642
8638809
9512833
9548762
9044684
7170841
7918626
8846495
8539329
9152632
9530574
9539681
9512564
9548699
9377522
9539772
9521643
9422911
9476715
9494683
9485661
9458944
9125093
9494767
9521595
9503798
9476684
9494965
7657029
8756179
9098474
6909065
9512809
9512775
9521986
9476853
9512923
9485829
8702211
9503940
7819299
9513010
9089281
8602933
9494696
9503886
9512850
9477089
9477055
9449862
9503767
9485748
9521678
9521802
9539978
9512939
7873176
9503761
9467861
9494880
9513014
9494740
9485587
9512651
9503800
7944923
9251670
9468063
9467917
9494969
9467787
9485570
9494795
7548583
9548565
9530858
9512891
8990463
9494587
9485839
9512839
9521998
9467855
9476837
9476639
9206827
9440949
9467965
9449817
9467923
9449795
9458601
9377764
9278719
9440794
9476860
9423125
9404870
9485707
9467730
9467693
9278764
9467658
9548588
8224107
9512738
9521769
9413893
9504002
9431979
9459136
9512856
9486044
9432019
9458980
9467799
9449882
9440881
9458892
8882353
9440752
9449949
9485737
9080551
9350831
9458744
9440733
9395909
9440838
8927321
9440816
9431768
9449735
8719780
9458811
8648091
8999543
9098506
9440678
9440621
8909408
9485737
9449825
9449946
9449930
9467897
9341820
9440811
9449763
8548984
9449827
9449720
9449782
9458830
9188681
9458550
9440839
9431875
9422934
9467820
9449726
9458804
9422922
9485782
8711235
9458690
9458849
9440682
9431741
9152693
9431849
9449669
9089559
9449812
9170617
9080560
9458839
8738164
8990437
9233775
8792268
9422915
9440662
8792322
9422982
9422715
9422816
9431906
9431930
9449962
9395921
8990546
9125677
9449757
9422957
9413747
9314842
9449752
8242767
9341800
9458900
9431878
8594133
9431724
9422718
8954538
9404666
9386911
9422645
8801381
8972529
9413988
9413858
9413887
9404746
9431835
9431712
8873419
8945497
9395745
9368984
9206798
9431607
9395910
9350802
8603245
9404856
9422887
9449921
9269506
9423015
9359821
9404732
9404821
8593740
9386938
9431824
9359912
9396002
9386848
8323910
9377874
9395968
9305950
8080563
9296914
8954524
8260970
8855055
9377917
8558226
9360055
8648298
9017664
9396006
9422742
9368909
9278918
9377786
8639305
8467734
7387072
9026625
7819549
7936561
8332905
9431955
9422748
7783347
8089547
8269779
7891418
8224819
9323853
8819486
8152690
8314878
8864374
8197631
8350808
8341865
8206829
9386943
8413951
9449809
8864429
9215810
8242764
9233394
9206749
8585192
8711252
9449676
8557980
8684240
9377839
8458953
9422754
8440922
8449926
9440705
9395879
8566953
8530995
9449715
9359896
8152138
9449959
9368772
9386835
8413504
9422596
7836914
8341326
8377793
8414013
8368761
9386861
8440925
9134698
9071559
9089542
9413863
9378011
8368928
8530989
8341788
9441012
8359826
9422811
8188577
9143677
9350804
9179639
9386812
9422927
9386761
9269844
9386837
9206482
9260306
7656750
9098644
9404742
9422846
8972448
8567111
9431668
8008379
9170791
8630117
8449906
9413801
8602666
8909508
9476809
9449866
9413700
9161625
9152670
7963037
8773926
8999442
9440739
9458696
8756112
9485790
9431893
9467800
9440709
9179601
9449750
8720192
9413790
8936281
9422677
9449915
9458642
8576085
9431847
8567036
9449788
9476871
9422928
9449828
9449917
9026480
8864200
8936388
9125486
9035467
9278791
8765219
9441006
8936370
8909394
9476832
9377864
9422858
8864254
9422773
9377862
9404836
9440865
9368831
9296759
9467788
9107528
9512801
8756219
9467946
9305805
9449759
8873267
8972249
9494696
9206731
9414109
8846322
9242641
8639215
8576020
9440894
9449742
9134403
9035378
8936297
8648239
8494800
9458769
8639221
9053477
9017520
8684140
9449787
9530892
9251456
8783188
8963330
8882194
8684084
8990343
8783084
9296671
8954316
8567011
8747056
9233577
8873175
9449872
9467858
9467847
8990273
9278659
8593937
8774141
9233553
8963343
9071384
9377620
9080253
9494809
9413710
8873263
8882295
8981310
9170371
9080348
8954358
9458865
9062513
8999122
8873265
9188291
9368534
8891114
9350629
8981320
9278381
9458744
9377453
9269475
9089376
9458619
9368547
9575603
9584575
9566651
9503738
9476532
9521678
9566715
9548722
9467577
9530595
9368502
9368650
9584639
9575650
9575581
9584595
9584619
9278447
9575674
9386450
9476533
9566780
9584619
9142970
9593480
9476732
9593519
9629449
9476635
9575595
9386451
9575630
9584517
9395378
9584575
9584552
9584646
9602591
9602486
9584648
9575764
9584395
9611455
9593653
9494764
9602474
9611503
9629479
9584455
9629453
9476690
9602482
9557747
9539534
9575717
9602596
9602564
9557729
9593611
9584421
9593516
9593499
9629558
9602621
9611595
9566434
9611550
9584571
9602573
9593665
9530565
9611628
9620608
9629438
9620551
9602609
9602620
8053201
9629575
9476747
9584661
9611595
9611464
9647434
9593670
9260268
9566608
9125110
9566637
9611258
9566576
9575610
9665447
9593510
9593586
9647460
9638493
9512740
9584433
9656382
9557543
9557389
9584316
9620573
9593638
9521484
9521502
9638419
9593429
8242375
9611546
9611545
9548307
9638434
9188345
6936002
9665327
9638436
8791553
7458727
9620484
9584653
9638535
9683302
9629382
9638463
9647459
9602412
9593535
9647280
9584511
9503729
9620587
9548446
9539445
9620294
9593657
9413783
9611346
8089092
9656404
9548471
9584583
9593610
9575749
9593666
9575441
9602480
9530695
9593494
9638421
9647281
9611586
9620483
9611497
9656295
9611513
9629418
9602447
9521669
8188079
9629447
9629415
9638447
9179130
9611516
9647359
9602372
9575715
9557511
9638462
9629517
9575730
9323167
9611531
9602533
9593451
9593560
9620509
9665239
9575616
8269249
9647407
9611505
9611495
9602572
9665323
9584669
9584501
9449187
9674265
9611506
9656285
9647332
9233079
9611489
9665321
9674222
9620418
9665261
9656314
9611487
9638324
9620439
9656312
9584382
9656273
9674335
9674321
9647388
9674294
9683183
9656304
9548384
9665187
9611367
9656317
9566591
9647436
9656340
9629474
9656359
9602366
9701161
9647350
9602604
9665356
9638460
9629462
9638315
9674274
9584339
9656280
9539430
9530319
9566388
9647178
9602226
9629279
9674277
9692171
9665203
9656325
9521446
9620234
9611290
9665167
9070684
9656286
9701121
9611160
9665230
9557207
9278064
9656366
9665227
9566350
9710226
9692294
9665280
9602398
9602366
9467081
9665341
9620299
9566448
9548297
9638318
9503414
9557203
9548275
9611356
9701207
9656213
9512207
9566381
9530399
9440708
9629323
9674295
9629498
9665367
9701242
9368011
9656273
9683266
9692158
9692163
9683161
9710058
9674147
9602368
9602175
9611356
9566367
9629215
9566123
9548413
9656142
9683158
9674268
9701110
9683157
9692177
9692136
9656313
9701097
9665183
9692219
9692170
9602300
9656286
9683286
9683190
9701167
9692201
9620101
9656196
9701234
9701221
9548375
9611365
9665369
9611182
9521590
9665314
9746106
9593423
9701222
9611361
9539353
9449520
9620312
9683166
9134330
9539133
9701150
9701225
9692151
9656214
9548431
9503469
9593238
9701164
9674276
9674268
9683276
9701185
9710103
9512330
9521648
9674209
9647361
9692157
9683184
9692134
9593360
9521370
9584390
9566105
9602293
9647232
9530391
9611351
9557444
9476500
9710222
9530361
9602286
9683171
9692184
9665343
9611370
9683323
9674172
9683210
9656269
9710070
9494491
9593298
9629224
9548356
9665349
9665261
9638299
9539539
9584456
9539439
9080081
9530470
9638295
9620273
9566497
9638343
9647362
9674315
9674248
9611277
9674173
9602074
9629440
9683274
9611372
9665205
9665333
9674299
9548423
9710265
9620424
9629377
9620472
9638462
9629388
8512296
9656305
9647332
9674253
9692127
9656274
8602356
9683360
9629381
9647362
9539313
9674287
9692300
9674250
9602498
9187885
8998631
9674254
9647393
9638391
9638340
9701191
9647307
9629476
9656284
9629437
9638291
9611290
9665347
9440132
9566456
9620283
9674240
9656293
9656345
9701262
9557544
9476066
9665281
9656273
9656300
9647302
9611497
9620426
9539463
9647336
9611460
9638386
9647367
9521510
9665250
9557425
9548536
9674213
9629389
9647363
9647376
9629402
9629525
9656484
9593476
9314084
9323300
8827744
9521595
9575472
9566479
9593455
9530524
9530574
9557571
9350086
9647381
9440218
9575485
9629451
9674350
9674302
9629409
9629495
9647431
9629409
8980707
8674507
9620446
9647345
9674267
9638420
9620407
9629431
9259979
9575625
9557490
9530450
9494622
9530492
9539484
9593451
9548457
9494699
9647408
9647349
9665365
8665563
8485396
9575422
9512558
9602434
9620396
9611320
9620504
9611436
8242255
7449609
9611463
9548465
9575553
9629394
8386314
9548603
9647376
9431252
8062128
8701693
9548617
9602459
9557481
8323348
9620563
9593573
9656380
9629448
9350301
9530779
7359501
9548590
8918256
9566632
9557708
9107406
9620509
9539677
9620542
9548710
9548744
9602564
9557683
9584692
9557658
9593661
9530815
9557729
9557716
9557647
9512817
9539774
9566694
9638677
9593584
9512749
9629705
9584724
9521818
9620708
9530608
9629640
9611646
9530753
9566569
9512638
9566681
9584744
9647636
9593699
9620740
9458488
9647523
9638572
9638596
9620588
9620704
9602814
9611765
9656505
9611713
9638642
9584720
9638479
9530662
9629611
9440733
9476816
9593735
9215588
9593723
9530710
9548728
9593654
9548588
9638477
9593589
9548600
9611657
9557552
9548778
9638487
9584539
9566685
9557719
9575785
9539599
9530758
9494816
9647655
9512748
9620686
8017502
9602663
9539881
9593687
9503820
9476771
8827921
9548766
9512716
9611664
9251580
9593814
9575722
9575681
9557819
9521787
9494779
9593477
9611565
9602682
9611573
9593667
9593686
9584836
9494838
9521637
9539718
9611558
9530758
9584708
9386572
9539571
9575652
9548572
9539672
9602613
9530626
8656858
9620545
9593591
9611553
9611651
9620468
9611607
9593589
9647571
9584740
9503777
8954244
9539616
9656370
9602586
8512894
9629526
9638443
9467215
9611571
9611474
9593443
9629403
9647385
9602590
9620452
9620509
9611610
9629520
9593633
9656308
9656365
9584505
9539511
9656395
8783137
9611459
9557583
9656372
9647551
9566568
9566650
9557429
9620419
9647365
9620584
9611337
8764692
9620587
7648103
9584580
9557483
9566506
9143226
9593663
9647422
9638406
9620444
9638419
9629535
9566606
9629513
9647306
9665245
9647337
9629402
9647315
9665297
9611393
9620544
9602459
9674207
9584433
9629348
9602558
9629503
9584561
9611597
9629539
9620512
9206370
9611581
9656344
9602403
9638418
9611530
8656599
9647306
9638380
9665256
9674208
9638352
9647315
9134055
9611593
9629475
9674213
9530548
9647310
9638372
9611553
9476782
8998978
8917973
9566473
9593635
9566393
9530602
9602570
9548487
9287380
9584447
9602562
9629427
9611543
9593449
9602545
9602630
9611593
9593603
9611593
9602630
9611535
9629417
9557538
9611529
9638362
9611557
9350455
9602634
9620505
9602618
9566690
9602603
9638381
9656365
9602614
9611572
9611543
9629495
9557501
9611523
9593375
9602553
9395425
9404406
9629445
9377392
9611476
9629418
9656429
9602537
9620466
9593612
9602535
9611573
9476665
9638566
9584700
9305306
9503677
9611617
9611593
9611575
9611573
9629490
9638469
9584674
9602564
9602538
9665395
9611641
9629541
9638562
9593671
9575717
9602626
9629506
8305607
9593655
9584663
9593593
9620445
9647474
9638606
9638468
9638550
9611519
9593611
9584772
9557637
9638534
9575595
9629569
9593554
9575651
9647384
9620629
9602589
9611568
9575649
9584664
9602584
9611608
9629386
9602626
9584688
9647444
9602605
9611613
8909046
9593599
9593651
9602678
9620461
9593691
9647512
9638510
9611533
9404414
9602555
9593667
9602608
9638474
9647505
9593667
9638363
9656470
9611537
9611521
9638543
9638540
9611621
9620539
9593616
9656473
9575725
9665414
9647509
9656439
9620533
9665373
8611814
9638390
9449768
9656547
9593659
9593683
9611705
9647516
9629635
9665468
9611741
9629651
9593593
9647501
9602595
9611653
9647560
9629514
9620570
9602658
9620628
9629643
7440800
7521946
9476645
9575669
9611636
9575698
9467686
8990240
9485688
9602618
9593647
9665443
9575744
9584676
9629575
9656500
9368622
9620561
9656467
9602630
9620579
9566758
9611555
9620544
9638618
9602671
9629488
9602646
9647556
9080370
9620644
9215277
9620572
9629591
9620609
9638443
9611575
9665456
8926984
9584656
9602738
9647585
9620629
9611685
9584708
9611689
9602714
9656481
9629675
9584816
9611675
9647581
9611761
9602654
9611517
9611721
9629561
9647461
9611641
9584713
9611677
9638582
9620632
9629587
9611729
9611605
9629603
9638626
9647482
9584728
9647457
9638524
9638582
9602670
9602538
9638527
9620499
9638509
9620542
9611650
9611606
9449760
9161520
9593775
9629683
9602661
9593750
9431759
9584728
9611578
9647485
9611601
9665489
9629607
9593667
9674420
9665492
9584608
9674472
9620616
9647547
9611568
9656604
9638596
9647563
9638521
9638541
9665442
9620663
9611563
9611697
9575742
9629485
9647547
9638520
9629562
9647502
9638565
9656533
9656488
9620575
9647560
9602669
9647499
9674463
9647570
9638568
9593654
9611621
9656539
9620614
9584736
9665475
9620600
9656487
9620551
9611597
9638598
9620552
9656539
9656572
9629627
9647627
9620636
9674447
9674479
9647540
9620569
9656528
9638600
9584700
9602682
9647508
9629500
9629482
9647529
9611587
9647514
9647449
9620607
9665485
9647541
9656533
9674437
9647568
9620560
9656420
9674417
9602666
9647580
9674409
9620545
9647545
9629564
9701362
9638526
9656421
9620534
9638501
9665508
9647597
9647498
9629582
9665462
9620596
9629615
9620664
9584820
9620626
9593635
9620594
9620617
9602622
9602636
9449644
9575561
9629659
9602622
9602638
9629635
9638526
9629494
9602558
9620632
9566634
9647602
9602641
9611717
9593683
9629548
9674438
9647440
9638531
9602693
9611595
9629579
9620616
9611509
9647506
9593665
9638514
9602729
9674496
9620684
9620674
9611645
9683405
9611651
9611585
9656499
9431331
9665471
9584624
9593711
9548828
9566594
9629592
9611669
9647503
9566686
9629619
9602666
9512928
9629507
9656383
9611595
9287428
9584753
9602535
9656492
9629483
9647537
9611669
9620549
9629529
9638585
9584648
9629607
9674414
7819118
9629587
9638546
9638542
9638624
9575705
9602718
9629627
9629603
9593695
9593679
9647443
9593611
9611604
9620560
9593683
9557738
9629482
9620564
9602598
9629568
9638550
9638574
9674422
9629551
9638542
9629539
9647511
9620585
9665375
9647569
9620576
9647565
9629572
9611694
9611633
9530886
9611737
9647564
9665507
9575675
9611606
9629543
9575657
9620525
9629563
9611685
9638518
9647569
9665450
9611653
9593651
9620688
9602665
9611649
9629563
9620560
9602634
9647569
9656552
9593735
9656492
9584694
9665419
9620581
9611701
9647513
9611669
9566676
9593687
9584688
9629617
9638586
9620692
9656576
9656501
9656564
9593767
9647565
9620732
9674495
9656544
9629603
9647481
9647613
9620640
9638638
9656528
9638594
9647593
9629603
9620636
9611669
9593683
9629603
9629611
9611633
9593759
9611609
9638586
9593673
9611717
9656588
9611625
9674502
9656532
9620708
9620692
9647593
9620640
9611653
9620676
9602746
9638582
9593691
9638558
9593715
9629591
9638550
9611673
9593715
9602666
9620668
9611693
9611661
9593623
9620656
9638594
9647517
9647537
9665403
9665451
9638626
9656560
9638642
9647437
9710373
9611669
9611689
9629595
9575737
9629647
9620620
9494411
9665487
9656540
9620660
9602758
9629591
9638610
9656500
9638610
9620620
9620584
9602622
9611693
9611653
9647589
9638599
9674474
9647521
9620612
9620692
9611717
9638566
9638614
9602746
9629667
9611705
9593711
9638614
9620692
9629619
9647585
9611765
9683461
9683405
9647541
9665519
9611605
9593659
9602650
9629623
9584756
9593687
9611521
9647553
9620632
9620620
9584716
9638594
9611645
9602702
9629640
9593699
9647529
9629639
9593603
9611629
9593735
9638570
9620664
9620652
9629479
9656496
9593643
9593647
9656552
9611621
9620584
9638622
9629611
9638526
9593727
9593731
9629679
9647569
9593575
9602590
9611649
9593663
9557655
9611653
9620732
9557667
9584644
9557867
9638566
9593755
9575661
9584692
9629695
9665455
9584700
9647541
9638586
9602614
9611713
9620584
9647541
9665559
9611669
9629607
9602610
9620500
9665387
9665507
9674510
9665527
9656548
9647481
9611601
9674470
9665523
9656572
9656544
9638650
9647597
9674515
9665507
9665411
9647573
9665547
9674506
9638550
9629599
9665579
9656548
9629647
9647537
9665519
9656592
9638538
9647597
9638610
9656628
9611641
9665599
9656612
9647657
9665555
9665567
9647641
9656656
9629637
9611661
9665579
9647617
9656548
9620752
9683479
9674538
9665567
9647637
9683541
9629727
9593591
9602650
9656572
9656524
9656568
9665591
9674538
9656568
9647621
9629655
9647621
9638586
9629719
8485702
5521531
9602538
9206353
9296462
8801158
9242357
8440802
9386611
9503685
9539563
9584628
9485783
9485671
8882057
9539717
9584616
9386448
8107423
9611570
9521743
9602598
9503749
9557679
9521739
9530738
9557647
9566718
9611661
9539734
9539749
9602610
9530794
9233434
9584604
8278854
9548700
9593703
8575906
9539793
9575685
9548712
9584788
9494898
9575653
9530714
9179249
9530806
9323667
9557663
9548720
9593611
9593583
9638426
9557691
9584716
8026473
9602534
7873371
8575970
9539785
9566650
8377758
8395684
9584672
8431839
9611533
8296648
9593611
9575637
8395684
9602726
9575653
9611685
9638512
9620512
9611609
9224439
7720090
8512726
8026301
9593599
8170571
9044289
9611621
9368785
9503817
9620616
7999488
8278650
8260644
9548393
9584716
9629571
8062520
8882265
9629455
9593687
9665475
9638638
9611681
9638650
9593615
7891345
9296335
7990449
9467638
8089489
9566814
7711127
7819162
8593840
8711089
8188617
9557583
8170483
8026289
7530909
8215490
9629515
9629547
8972222
9359192
9602710
7350691
9629535
9629651
9665507
8593856
9620584
9584684
9638566
9665555
9647569
9647481
9593747
9656440
9692412
9647585
9611621
9611669
9584612
9638574
9638602
9629571
9611709
8422593
9521404
9593759
9629655
9431278
9449204
9611515
9665503
9656476
9638614
9656500
9638454
9656436
9629475
9629579
9638538
9611553
9647465
9629615
9611573
9620528
9656524
9142993
9602610
9611597
9674486
9656504
9629531
9602598
9638594
9665527
9656508
9665527
9665495
9674402
9665467
9143138
9665519
9638554
9647493
9629619
9638458
8701907
9656564
9647385
9629587
9692428
9647413
9683277
9674466
9674430
9665443
9674322
9647521
9674370
9647573
9620508
9638486
9656500
9656444
9638554
9692436
9674422
9638622
9611578
9647477
9629487
9647529
9656540
9674478
9665435
9647461
9656424
9656560
9629527
9683421
9665463
9647585
9674410
9683433
9638550
9656508
9656472
9647429
9629495
9674498
9647541
9665433
9692452
9665459
9638594
9521424
9647545
9665475
9665451
9647457
9665523
9656540
9647533
9647541
9638438
9638526
9647359
9674466
9656460
9674474
9674426
9665363
9656524
9656516
9683258
9674313
9647473
9647425
9665475
9665523
9665503
9647413
9665380
9692408
9674466
9629543
9620616
9656481
9665475
9674430
9665495
9629451
9665491
9638614
9665503
9647589
9665495
9647417
9665407
9638470
9665483
9647537
9629539
9647557
9656512
9638422
9665483
9638594
9656520
9656416
9665527
9665495
9647557
9665419
9683413
9647569
9656504
9656524
9656448
9629639
9629643
9602618
9629519
9647481
9593663
9620644
9674434
9629643
9647569
9620664
9638606
9674474
9638602
9629527
9629627
9656528
9638482
9638606
9602618
9611645
9611597
9584700
9620688
9602618
9611597
9575769
9638547
9611713
9611573
9611633
9611733
9620708
9620624
9647593
9620560
9620652
9611597
9647477
9611705
9629599
9674454
9647577
9620604
9611589
9620552
9611693
9611685
9656532
9602606
9620652
9638598
9620584
9629587
9647561
9575681
9638562
9629659
9611665
9638610
9638626
9611721
9647410
9638602
9620660
9638534
9593679
9656472
9575649
9629639
9620652
9602657
9620552
9629507
9620608
9611717
9593615
9620684
9638582
9620696
9611713
9620672
9638478
9620536
9629635
9629567
9638602
9647589
9647387
9620632
9593627
9575673
9638446
9629458
9620556
9611593
9620648
9575609
9629667
9638578
9602702
9638452
9665358
9638550
9602638
9620656
9620640
9638490
9602718
9638626
9629519
9638614
9656500
9620620
9638618
9611573
9602646
9629659
9629607
9620596
9611697
9647461
9602714
9620572
9602642
9638582
9620584
9620568
9611597
9638610
9629671
9611593
9638598
9611645
9629583
9314401
9611713
9629651
9611613
8828000
9584649
9548672
9620708
9629543
9602678
9638626
9611593
9602650
9611725
9584692
9638531
9611717
9629531
9620676
9593667
9629535
9629611
9620528
8233560
9665455
9611573
9638506
9629563
9620624
9602722
9629539
9629583
9602762
9638554
9476725
9620560
9602650
9530463
9602678
9566770
9602622
9620616
9620572
9629515
9575717
9629535
9629535
9602630
9602606
9629575
9620544
9638498
9611613
9602642
9620521
9602634
9602630
9611601
9611593
9602658
9611605
9593703
9566786
9629535
9611605
9629543
9593703
9629562
9620616
9629583
9602694
9629575
9611657
9620592
9620620
9620604
9620624
9629591
9629583
9620628
9611641
9602706
9638526
9638514
9629587
9557647
9638538
9620636
9557659
9629571
9629575
9629575
9602622
9611593
9575769
9638534
9620620
9638494
9611589
9638546
9629571
9620608
9602682
9638531
9584752
9611617
9611653
9629508
9611669
9611617
9593699
9593715
9602662
9602682
9638486
9638522
9593591
9638534
9647525
9602574
9575533
9629483
9656468
9611657
9611548
9620612
9602578
9629595
9638498
9629583
9629575
9620612
9611677
9620632
9620648
9575825
9629471
9611661
9593743
9620584
9557783
9629555
9566466
9593647
9629435
9611685
9620612
9620612
9638566
9647489
9629531
9620616
9638530
9665389
9584560
9629591
9620612
9611673
9620584
9566570
9638530
9620628
9611625
9620616
9611657
9611669
9629599
9584580
9557603
9611633
9593547
9647509
9647506
9647430
9611645
9620628
9629563
9620510
9629575
9638554
9602682
9611657
9620620
9629587
9593611
9638502
9593579
9620624
9638520
9647505
9575713
8260313
9638442
9611657
9602718
9638375
8683514
9620620
9620620
9584688
9638418
7476668
9602554
9638566
9620560
9602710
9602702
9638530
9674398
9611653
9638570
9629575
9566658
7080364
9593567
9602674
9629619
9629467
9593499
9620616
9557743
9611665
9611673
9629531
9377549
7278508
9620608
9611605
9620580
9611629
9602626
9611677
9611673
7612055
8134312
7260582
9584628
9539777
9602726
9584800
9575837
9413835
9647433
9611681
9611605
9593683
9539773
7863994
9575801
9575597
9575813
9377677
8972430
7810059
9629571
9584772
9494674
9557527
9638530
9557711
9638386
9602706
9629494
9647374
9584788
9629547
9115904
9638534
9602527
9593663
9638486
9629575
9575757
8512550
7179436
9629503
9647469
9593747
9674382
9593771
9170506
9647489
9647537
9602714
9602710
9611599
9602644
9629533
9629581
9575789
9467905
9620572
9620592
9593619
9593711
9485684
9575837
7638784
9575413
9638482
7260562
9377649
9611641
9665399
9566722
9575665
9620584
9575585
9584708
8963359
9584756
9602647
9277948
9647457
9485118
9332710
9170513
9548692
9512708
9530750
8611611
9359156
7818862
9485791
9593667
9584788
9629567
9629531
9629479
9575617
9611621
9548780
9584696
9584752
9638510
9602670
9593459
9620576
9620612
9584584
9593601
9611649
9629559
9575545
9665391
9647421
9665395
9674382
9638534
9629515
9539801
9593680
9647469
9611569
9386037
9602654
9647457
9638482
9557643
9503741
9629523
9602682
9647449
9620572
9629539
9566686
9629551
9602678
9629515
9629463
8944750
9629523
9548728
9566730
9638482
9611573
9638486
9566570
9629551
9485137
9485759
9602526
8989745
9575753
9620584
9539653
9620564
9593551
9566650
9557543
9620588
9539565
9638514
9611605
9611569
9620396
9593671
9620572
9611593
9620568
9602646
9602590
9548516
9656357
9593703
9566682
9602622
9611613
9575577
9548764
9602658
9557719
9620560
9602658
9566770
9629519
9602654
9593616
9521711
9377617
9080397
9620538
9575617
9620504
9539665
9557683
9593675
9593695
9548648
9620596
9584640
9602514
9530678
9539681
9602402
9647400
9575709
9602658
9611625
9575749
9602586
9584668
9602622
9548728
9602538
9187871
9584716
9629538
9593695
8980712
9629415
9611633
9602398
9287508
9593695
9548712
9007898
9602626
9584718
9557647
9602638
9593675
9566670
9575781
9611587
9575769
9611613
9593711
9593695
9611593
9566814
9602638
9629503
9575769
9593679
9494061
9602622
9575661
9611618
9602434
9602666
9575777
9503833
9503765
9620444
9611589
9629440
9602662
9557711
9566646
9548720
9602626
9620536
9566259
9629523
9611581
9620564
9638474
9602642
9602629
9620526
9593639
9620492
9611605
9611593
9584684
9566778
9557683
9593592
9584544
9629485
9602593
9611537
8512307
9557679
9584696
9584630
9602632
9593622
9584708
9566666
9359128
9557743
9548652
9566670
9584724
9611555
9593575
9584704
9566766
9593665
9566678
9170398
9584670
9539769
9593620
9566774
8783193
9557755
9620493
9530818
9179448
9665338
8296760
9566646
9575725
9548744
9584600
9584618
9593639
9584692
9521787
9611581
9602618
9620580
9368063
9620568
9377609
9530798
9566702
9557831
9557795
9548712
9593638
9557723
9602666
9620588
9593655
9602597
9557707
9503793
9620510
9557855
9620576
9566802
9593695
9611565
9602646
9593640
9584724
9359631
9602662
9548736
9584660
9584728
9566790
9377609
9593707
9575725
9593648
9611393
9611560
9566690
9575773
9602686
9584736
9602622
9557735
9593675
9548636
9593691
9647445
9602646
9611621
9557783
9584672
9566666
9593593
9602591
9584700
9584712
9575749
9566656
9557795
9620577
9575777
9602662
9557635
9602634
9566770
9593631
8981333
9602646
9629531
9656373
9566674
9584588
9593627
9602650
9611593
9584616
9584676
9611601
9575593
9647424
9611617
9584716
9611597
9575661
9611601
9530710
9557675
9593495
9620533
9638458
9620464
9557671
9602526
9602646
9530738
9539665
9611617
9566682
9584640
9584584
9611597
9611585
9584704
9584716
9584716
9080413
9584608
9638448
9611609
9548744
9602662
9584744
9584748
9611609
9611605
9557775
9629531
9620568
9593691
9629484
9620560
9575673
9593675
9611589
9575637
9566666
9593667
9611609
9602650
9584588
9584732
9611581
9584708
9575761
9575769
9611613
9629531
9575661
9566674
9593647
9593691
9557655
9584720
9557759
9575749
9575773
9620560
9539701
9629519
9584736
9575637
9584608
9593587
9575757
9584724
9602634
9611601
9584748
9584656
9620572
9575765
9575741
9611613
9566670
9566682
9566774
9584648
9566702
9584732
9584744
9593627
9584736
9611617
9611605
9593711
9548760
9593703
9593641
9548692
9548768
9575709
9485664
9539737
9584721
9611661
9611637
9602686
9584656
9602690
9611636
9548780
9584752
9557751
9620612
9575725
9638518
9566730
9611633
9602694
9584752
9593715
9602641
9584760
9566634
9566766
9566726
9584744
9611665
9638477
9584772
9611649
9593731
9557787
9557839
9584700
9584776
9575801
9539773
9476701
9512824
9548784
9476733
9584740
9593719
9566706
9593679
9584696
9584672
9566762
9620588
9557691
9575685
9602658
9566750
9557803
9575621
9557695
9557675
9611594
9539773
9620616
9593683
9611653
9593695
9557671
9620588
9629572
9629607
9620624
9593695
9620580
9620620
9611657
9575745
9557767
9584733
9584656
9584636
9539685
9629563
9620620
9575689
9629521
9593735
9566686
9611657
9638476
9584768
9548776
9611657
9593715
9584656
9584672
9557679
9530834
9566750
9593723
9611625
9593759
9575729
9602682
9575701
9548764
9557811
9548788
9593699
9575689
9593747
9566690
9548812
9602698
9548712
9530471
9611689
9611577
9575653
9575709
9611661
9602706
9593651
9611621
9575637
9602714
9593563
9548736
9611577
9638530
9602594
9602662
9638622
9512736
9575729
9611685
9593723
9566674
9611697
9602645
9620568
9602738
9557743
9629631
9656430
9620660
9638492
9602718
9620632
9611689
9566658
9602651
9575653
9647545
9593663
9611601
9584666
9602722
9188380
9566638
8836968
9602634
9557627
9611675
9638550
9602698
9602686
9602548
8990268
9593679
9629611
9548720
9602718
9611621
9665396
9611677
9620672
9629631
9629623
9620640
8818993
9566678
9611681
9620648
9647533
9656524
9584684
9602650
9620632
9602550
9593676
9611613
9611661
9593647
9611661
9611677
9611669
9602577
9602610
8792064
9593711
9566558
9638530
9638566
9602622
9539693
9638546
9611421
9638482
9665439
9638530
9602686
9602546
9557675
9638558
9575673
9602646
9584640
9611665
9593723
9629607
9539801
9602690
9602710
9611541
9611593
9647429
9620596
9620464
9629537
9593687
9584692
9647481
9611609
9548732
9548632
9611597
9620580
9584580
9629543
9584644
9593495
9602638
9593599
9602642
9701255
9611633
9719145
9611613
9620540
9602658
9620612
9548696
9638510
9584708
9629539
9602618
9602578
9611589
9593667
9602638
9602634
9584684
9602630
9584640
9566666
9566670
9593623
9638502
9548728
9593659
9638450
9611573
9620544
9629551
9701355
9629587
9611645
9629587
9611657
9548732
9620556
9647517
9629563
9620539
9566710
9647416
9701196
9728224
9692320
9665279
9737112
9674286
9133181
9692344
9665443
9656384
9638464
9602674
9656396
9674358
9710306
9737075
9701311
9665435
9665455
9656444
9611517
9638478
9665427
9638530
9602550
9665435
9674398
9629483
9638534
9620608
9629547
9620620
9620564
9674378
9620556
9593653
9593667
9575669
9647469
9629563
9638510
9656412
9692308
9647525
9611597
9620556
9575669
9611601
9620600
9665327
9629523
9575585
9611601
9611625
9557643
9611605
9656432
9647517
9638530
9629391
9602390
9503501
9593607
9611385
9530666
9629527
9530626
9611633
9638546
9611605
9620564
9620564
9593627
9602626
9638538
9620548
9611509
9593375
9683309
9638490
9611565
9629511
9629523
9620648
9611633
9620600
9611617
9620560
9638498
9665348
9629503
9620540
9620572
9611617
9602618
9611557
9620616
9665399
9638542
9593695
9647493
9611637
9566650
9602642
9647509
9647529
9647541
9602614
9629571
9656508
9602614
9656352
9629435
9629511
9602646
9611597
9620592
9611605
9620592
9611649
9647521
9629515
9620580
9620564
9602574
9584724
9611573
9638586
9656484
9611649
9629559
9620588
9629615
9629587
9620616
9620564
9620564
9620588
9620648
9629623
9656480
9629547
9611597
9638530
9467678
9611573
9575661
9584652
9611597
9611661
9602630
9629555
9620576
9620560
9602630
9602698
9647537
9620636
9602630
9602630
9620640
9602638
9620564
9602630
9566706
9629535
9620580
9638598
9602666
9611577
9620592
9620592
9620592
9629595
9611601
9611581
9611597
9647505
9638538
9629591
9575721
9629587
9638574
9620616
9629519
9593587
9620568
9629539
9602626
9593635
9692276
9647505
9638534
9629591
9620552
9620514
9566614
9593591
9611601
9611633
9629587
9602562
9557667
9611553
9602614
9629551
9629567
9611577
9647549
9629579
9656524
9629587
9602622
9620568
9629535
9620604
9683265
9638523
9638518
9638574
9620540
9620568
9620596
9620560
9629539
9665356
9638492
9620592
9629567
9647521
9629543
9629611
9629523
9620540
9593491
9647501
9638586
9647565
9674478
9665483
9611553
9575537
9647557
9638570
9629491
9656460
9656440
9647397
9638433
9647413
9647469
9620516
9629483
9620532
9620596
9620560
9620604
9647501
9620552
9611585
9629571
9611545
9647525
9647537
9647541
9656532
9638554
9620564
9647569
9638526
9638598
9611625
9629511
9638538
9665491
9620556
9638538
9638542
9593599
9638562
9629623
9611605
7449951
9647553
9620564
9629523
9656516
9656548
9638546
9629555
9602642
9656484
9620536
9629583
9674341
9665463
9656472
9647525
9665323
9656516
9656476
9656436
9647493
9611521
9629535
9647453
9656412
9602510
9638534
9629599
9656456
9638486
9647565
9629647
9620456
9665471
9656468
9557631
9611485
9656492
9656464
9674278
9656500
9629471
9656464
9647429
9647501
9647513
9683385
9638506
9620564
9638546
9665455
9656516
9647569
9638558
9629567
9647487
9629583
9665363
9647485
9674466
9656508
9674446
9593499
9674438
9638546
9584544
9683218
9665423
9665467
9665455
9665507
9656416
9268975
9683349
9674410
9665423
9593539
9656392
9665383
9656476
9656456
9674406
9683389
9674430
9656504
9647513
9656512
9656484
9656464
9638558
9647545
9647549
9656532
9611505
9638558
9656532
9629587
9638542
9665543
9647561
9647569
9638610
9656524
9638578
9629611
9647585
9620632
9647557
9629643
9638498
9629639
9557623
9638602
9647569
9647593
9575637
9656544
9683437
9656576
9656524
9611637
9593567
9674478
9665511
9683453
9620600
9665523
9629635
9629567
9629631
9638602
9656556
9665527
9656564
9647593
9629631
9656544
9638598
9638626
9647585
9647581
9647569
9647609
9602566
9656552
9656564
9656572
9638634
9656509
9611681
9647589
9584608
9665543
9647561
9665527
9656544
9656532
9656584
9656552
9647585
9647593
9656564
9647597
9629667
9638622
9665551
9665571
9656544
9647581
9656540
9647597
9530678
9647557
9620628
9629639
9530714
9629663
9647569
9647593
9611745
9629651
9620708
9656576
9647585
9593799
9638594
9629659
9620700
9647589
9638541
9629667
9638618
9665547
9638626
9638622
9638630
9656580
9647597
9647609
9638634
9656616
9539557
9638686
9440752
9647589
9665567
9620656
9665499
9656524
9629655
9620724
9629519
9611665
9440724
9602706
9638562
9629663
9647541
9638618
9674482
9674494
9638586
9629647
9656528
9665551
9665519
9674510
9548668
9629647
9620648
9638602
9647617
9674506
9647565
9638658
9647633
9647597
9656552
9638618
9629635
9647593
9638630
9638594
9638626
9593643
9611733
9638610
9629651
9620700
9629619
9638622
9638614
9620700
9656560
9521727
9629671
9620740
9620664
9656560
9638622
9629647
9638622
9638634
9620688
9629675
9647585
9647601
9647597
9647605
9647637
9629659
9602738
9638606
9575657
9638678
9656580
9638630
9656416
9656576
9629555
9656568
9638646
9620628
9629600
9647613
9629687
9629691
9647557
9638646
9656572
9638626
9647613
9620676
9620676
9638658
9638638
9620728
9620684
9530718
9629683
9629659
9638622
9656568
9629645
9647585
9638666
9593819
9638428
9611749
9638642
9629691
9584828
9638622
9656580
9620716
9656588
9584604
9674542
9611701
9656560
9647617
9638626
9620700
9620700
9530730
9620704
9593816
9629643
9629707
9602714
9620648
9620712
9620716
9611729
9620708
9629667
9593795
9602782
9629655
9638674
9629663
9638650
9602806
9620680
9638694
9620700
9629671
9629683
9611753
9620712
9629671
9638658
9638642
9647629
9647641
9647589
9620700
9647609
9656532
9656568
9620704
9638542
9656540
9629651
9638646
9656572
9647657
9638610
9629607
9647629
9629627
9647577
9638650
9647557
9656568
9638646
9647577
9647621
9602754
9638611
9620664
9638598
9629647
9638630
9611729
9638626
9638650
9665567
9620720
9638586
9629615
9638634
9629667
9629699
9647633
9647617
9647613
9638650
9638642
9638654
9638654
9638646
9629675
9638449
9629659
9638630
9647593
9620676
9638610
9638634
9620672
9638602
9602770
9611621
9602622
9629615
9629619
9629631
9638598
9656596
9611693
9620608
9629603
9620656
9638588
9629663
9647569
9647641
9620708
9620652
9629647
9629635
9629671
9629623
9638566
9647613
9638590
9476708
9638602
9620704
9611621
9647545
9629607
9638626
9638642
9503653
9647573
9629619
9620656
9629651
9638610
9629639
9629651
9629603
9638626
9584628
9629643
9620700
9620660
9629561
9611637
9629583
9629619
9638602
9647593
9638622
9656624
9638602
9629667
9656556
9638610
9620592
9602714
9629595
9656532
9647593
9656532
9629659
9647629
9629611
9611673
9638566
9629711
9647529
9638610
9647577
9629651
9647609
9638602
9611721
9629619
9647585
9647533
9647597
9647677
9638610
9647601
9629703
9638638
9611793
9647581
9611725
9638626
9647601
9656584
9647617
9638654
9665563
9638658
9647621
9638662
9647617
9656584
9647621
9656588
9647637
9656592
9656600
9656600
9656592
9638658
9638658
9656612
9647617
9647637
9656612
9656596
9656616
9647637
9647645
9629715
9629691
9647621
9647633
9647645
9647645
9647649
9647665
9656616
9629727
9638678
9647621
9638646
9638654
9638666
9629671
9647637
9629719
9629703
9629679
9638674
9629687
9620720
9629703
9611793
9611769
9620760
9620744
9611777
9620752
9620740
9629711
9611769
9620724
9611813
9602838
9620752
9620756
9638674
9602826
9620732
9620752
9629711
9611809
9611845
9629735
9611797
9620784
9602834
9620800
9629739
9611821
9620772
9611825
9611797
9620776
9629743
9620780
9620780
9611821
9620780
9620788
9611805
9620776
9620764
9611821
9638726
9629767
9611845
9620796
9629763
9620776
9620796
9629775
9611817
9629731
9611825
9620800
9620764
9620784
9602858
9611837
9611813
9602862
9620820
9611817
9620784
9611809
9611817
9611837
9611821
9629767
9620836
9620820
9629787
9611861
9620828
9620800
9620828
9602890
9629803
9323616
9620832
9602726
9386994
9557840
9611849
9593907
9602866
9620784
9602870
9602878
9620808
9620828
7449700
9476972
9575881
8468163
9333036
9269554
9593739
9602742
9566770
9584692
9584744
9620560
9593719
9584696
9593663
9575733
9521719
9593663
9611669
9620636
9638546
9638482
9611565
9620552
9611593
9602714
9638602
9629639
9620616
9575589
9620640
9611597
9611525
9584696
9593667
9611573
9611573
9611589
9602558
9593567
9638606
9584704
9602630
9584584
9620608
9611573
9629523
9629527
9638494
9557647
9602634
9602638
9602618
9620608
9566670
9584684
9620564
9602638
9656516
9593587
9557587
9629631
9620572
9611573
9629531
9620596
9584604
9566658
9566574
9548393
9611657
9638494
9620548
9638622
9584708
9611601
9584660
9638598
9638590
9584664
9548692
9638574
9656483
9620664
9629583
9602598
9602654
9575609
9629675
9638610
9629687
9629655
9638594
9566626
9638658
9584696
9593651
9629603
9629683
9638506
9647605
9620692
9647661
9557627
9629575
9638610
9602722
9620684
9638650
9548632
9674510
9575661
9638618
9656576
9566686
9404446
9521635
9647465
9629631
9665511
9593595
9647581
9647597
9656416
9629559
9647457
9656421
9629539
9638582
9629659
9620572
9611609
9629623
9602606
9629595
9665519
9647545
9611505
9638630
9629579
9647577
9584628
9638602
9548692
9656572
9638558
9629623
9602658
9620560
9629675
9629647
9620660
9611725
9629639
9602646
9620576
9611681
9638574
9611613
9638638
9647657
9611613
9620604
9611697
9647436
9629559
9602754
9575629
9584716
9557663
9629659
9638646
9647609
9620720
9584616
9575633
9629599
9647601
9602526
9575645
9620700
9620700
9602550
9557791
9638630
9638658
9629683
9647617
9620732
9566714
9629671
7927385
9611761
9584648
9629595
9620700
9629635
9620700
9647569
9611741
9530718
9674354
9629671
9539814
9611605
9602550
9620648
9611588
9593671
9638614
9638646
9620692
9620700
9620620
9665395
9656560
9611538
9629602
9530770
9539753
9602634
9629655
9638638
9638654
9638618
9638654
9620656
9602606
9629663
9593667
9620736
9548640
9638626
9593759
9629631
9629679
9647577
9629667
9620624
9584648
9638614
9647581
9656600
9620716
9647597
9638654
9638658
9602646
9584562
9629665
9584616
9584688
9620576
9620628
9656418
9656549
9629647
9620688
9629543
8152422
9638610
9629651
9647637
9620652
9620660
9629611
9638674
9647567
9620676
9620640
9647629
9638654
9620752
9566710
9638574
9629711
9647625
9638682
9566778
9539733
9638622
9620612
9629643
9638610
9620640
9593599
9638626
9620684
9629651
9602706
9593679
9548628
9629562
9611603
9602635
9593671
9611601
9638614
9620716
9620692
9593607
9611609
9566762
9557655
9593695
9575745
9611553
9638622
9629631
9629671
9620700
9593715
9620640
9566734
4360021
9602710
9584820
9638506
9620660
9629523
9611597
9638558
9638554
9647537
9647537
9638574
9629619
9629531
9656424
9629607
9629603
9584696
9575733
9611589
9593667
9629531
9593663
9593667
9602634
9638486
9593663
9620560
9602634
9629523
9611593
9629531
9629519
9629519
9620564
9629531
9629531
9620572
9629667
9611593
9611597
9620660
9593659
9602626
9620560
9584700
9611597
9611709
9602710
9647569
9611721
9584700
9620564
9647529
9638606
9602630
9620556
9602634
9593667
9620672
9593747
9602634
9584696
9593667
9620564
9575741
9584716
8386877
9629535
9602630
9638526
9629607
9674394
9629627
9602722
9620560
9602626
9611597
9629523
9665443
9611609
9620560
9629523
9611597
9629603
9656412
9611621
9593735
9602622
9584696
9593659
9575733
9602622
9602726
9638486
9476769
9638482
9611681
9593659
9602630
9584692
9602618
9602710
9611593
9602626
9584696
9593659
9620548
9602626
9584700
9602634
9638490
9620660
9611613
9593659
9602634
9584696
9584700
9593663
9584700
9584692
9593663
9620560
9611589
9575733
9629523
9602622
9593659
9611585
9602630
9629527
9602630
9638486
9611593
9611597
9602622
9386552
9611601
9602626
9611597
9611601
9584692
9593663
9593663
9593663
9629527
9611593
9647449
9611593
9629519
9593659
9620556
8602939
9656416
9602622
9602622
9602630
9593655
9638486
9647449
9647453
9629515
9620552
9620556
9593659
9602618
9611581
9611577
9593655
9584688
9611589
9575717
9638486
9611577
9629515
9647453
9593655
9575725
9638482
9602622
9638482
9611589
9620552
9602618
9629519
9593651
9602622
9629519
9683309
9575721
9611581
9593659
9593659
9089332
9593655
9377577
9620552
9584692
9584692
9602618
9620556
9593655
9575765
9593655
9593659
9566770
9593715
9629527
9602622
9656420
9620548
9611613
9629515
9620540
9620540
9683305
9611589
9611585
9665383
9647445
9620552
9629519
9620556
9620556
9602630
9638534
9629547
9674346
9656416
9620556
9620576
9656480
9656420
9584696
9620552
9629519
9620552
9683353
9683357
9629523
9656416
9656452
9629571
9620560
9638534
9602662
9602626
9602626
9638486
9665423
9611637
9629527
9629567
9611613
9620584
9629563
9620616
9665447
9620560
9629587
9611613
9629567
9647485
9629583
9611613
9620556
9629535
9620572
9647509
9647501
9647509
9647489
9692328
9665358
9620580
9611633
9611641
9638542
9638534
9647513
9647501
9629575
9629535
9656452
9647521
9611625
9674422
9638534
9656472
9647489
9638534
9656476
9638546
9638558
9638530
9638514
9629559
9629583
9629555
9647505
9620592
9620564
9674402
9629595
9638550
9647505
9629575
9629563
9620616
9638562
9674406
9638546
9638550
9602702
9656492
9611625
9611629
9656460
9638534
9611645
9638531
9629547
9602658
9638526
9611609
9629579
9647505
9656476
9629579
9638515
9602690
9629595
9638554
9647525
9647533
9620612
9638550
9629607
9611665
9638558
9620632
9620612
9638562
9629583
9611669
9602710
9638566
9611637
9620608
9638562
9593723
9629575
9674394
9674426
9638558
9611657
9665455
9638554
9629583
9620592
9629571
9620624
9629583
9638534
9620608
9629563
9656492
9611641
9647509
9656476
9638558
9656488
9611665
9656484
9638550
9638538
9665443
9701311
9656456
9638546
9638530
9665435
9674410
9638542
9656468
9665431
9647509
9620604
9656464
9656460
9656468
9674410
9692336
9674390
9665435
9647481
9647505
9665435
9665427
9647497
9674394
9674386
9638538
9638538
9647505
9638522
9665427
9629543
9656452
9683357
9629575
9647469
9665423
9647497
9683365
9638502
9665419
9656448
9647497
9629559
9701283
9665431
9638530
9647489
9674386
9629555
9638518
9638526
9665427
9638522
9665431
9656476
9656452
9692324
9629555
9719217
9674390
9638534
9647517
9665435
9611649
9656458
9665358
9638449
9620551
9629575
9665427
9638550
9665439
9638542
9611661
9665443
9647493
9629579
9620612
9629583
9611653
9683365
9674398
9656476
9674402
9665427
9647509
9620624
9647513
9629587
9656500
9611677
9665463
9638562
9620632
9647533
9647537
9656492
9683393
9629611
9692364
9620624
9638570
9656504
9647537
9656488
9656512
9647545
9638590
9683405
9656488
9719171
9701248
9638564
9692360
9656512
9674434
9647537
8089278
9683389
9656512
9656504
9656508
8179391
7981231
8008140
9737171
9656500
9656508
8053410
9638566
9638542
9719221
9647509
9647513
9647477
9629587
9674353
9647478
9665415
9674362
9656452
9674362
9674370
9656444
9665419
9638506
9656436
9611609
9656444
9602630
9683337
9638506
9647477
9674358
9629535
9674362
9656428
9647461
9674362
9674342
9611605
9620568
9656432
9683313
9656424
9611597
9611589
9665391
9620540
9638486
9638478
9674338
9656404
9611593
9674346
9584688
9620540
9602626
9602638
9593655
9611589
9611573
9674350
9629499
9620532
9692284
9656404
9665375
9647445
9629511
9656384
9629535
9629531
9656424
9665383
9638498
9611605
9629543
9602630
9593647
9593663
9602634
9602626
9620572
9656428
9656412
9602634
9638491
9629519
9620528
9593639
9602622
9593663
9611589
9602614
7792441
9629515
9593631
9611565
9656404
9620540
9647441
9638470
9683301
9620520
9692284
9620544
9692280
9611605
9656436
9620564
9719185
9674374
9665435
9755085
9620584
9647501
9647498
9665363
9746106
9656472
9728192
9656448
9656468
9674423
9674376
9665415
9665405
9647473
9647485
9674378
9692320
9683345
9683353
9647501
9683349
9755057
9701259
9674378
9701259
9674370
9674382
9683298
9674358
9674378
9656432
9656460
9674370
9656444
9719189
9692328
9665403
9710238
9683341
9692304
9772991
9692292
9692308
9656432
9665379
9683313
9683345
9674370
9683313
9674374
9656448
9629555
9647481
9647489
9629527
9665403
9674382
9674370
9746094
9808847
9728168
9701267
9728180
9710238
9701243
9719185
9719173
9710226
9746098
9692300
9665403
9683345
9728168
9719181
9674346
9755029
9710226
9701275
9764029
9701271
9719197
9719197
9683329
9674362
9665423
9692312
9710246
9719209
9701279
9683345
9674390
9674374
9683353
9728156
9656444
9665427
9692324
9683361
9674386
9674386
9701190
9737083
9692308
9683349
9665427
9638506
9656460
9674382
9656452
9665419
9656448
9656452
9665403
9638514
9692300
9746094
9647497
9647465
9674342
9620596
9719197
9647485
9674374
9647493
9674398
9674394
9683357
9656460
9683358
9656456
9665419
9692332
9674378
9692312
9656436
9665419
9683365
9674352
9683357
9665415
9692324
9665415
9683322
9692317
9719205
9701267
9683337
9683357
9665419
9683361
9728168
9692336
9701267
9674382
9692300
9683341
9683329
9683357
9683329
9728144
9790918
9764029
9746094
9665401
9665411
9737135
9674378
9683349
9719217
9692324
9781944
9692306
9692309
9665375
9692234
9683289
9710200
9746098
9692301
9728181
9692261
9674394
9683365
9710224
9728188
9799904
9710250
9728180
9701303
9701246
9674379
9755066
9781962
9692336
9728176
9710234
9692308
9683357
9692312
9701283
9799900
9781962
9719201
9737127
9737081
9746014
9719185
9674358
9719197
9719152
9701259
9728127
9719163
9737086
9710202
9701263
9683309
9701251
9728168
9728160
9701255
9728168
9701291
9701263
9710211
9737139
9755061
9701271
9683329
9692292
9692308
9683321
9665419
9692300
9764036
9719213
9692328
9692243
9683333
9701279
9674394
9755081
9656430
9692231
9692231
9737108
9674331
9692255
9683311
9710210
9665399
9674356
9728119
9665368
9719114
9701194
9674362
9692296
9674370
9763955
9799824
9719173
9710220
9674345
9719183
9719185
9683325
9692294
9719197
9701271
9737087
9683321
9719179
9746060
9737071
9710136
9701179
9701216
9683293
9692276
9701229
9763974
9746098
9665387
9683313
9737087
9710219
9674358
9692292
9665383
9656436
9710182
9754970
9692273
9701203
9710207
9701251
9701251
9701249
9683309
9781974
9710242
9772997
9728144
9746037
9719177
9728172
9728106
9701275
9781942
9764017
9790893
9746073
9701189
9701213
9656424
9755031
9683313
9683265
9683333
9692223
9701243
9692244
9683297
9683341
9665349
9692242
9692300
9683259
9755025
9683297
9755029
9683313
9728152
9665403
9674350
9701267
9692308
9701215
9683349
9755025
9799869
9710242
9737074
9728139
9790889
9701243
9692324
9647485
9719155
9728164
9719185
9710206
9701206
9674358
9763954
9719150
9746090
9674330
9656412
9710218
9692272
9737108
9701186
9692312
9701247
9710210
9683321
9683309
9214323
9683297
9701183
9719141
9638474
9674312
9746042
9647400
9656393
9710150
9674330
9638478
9674303
9755005
9719177
9647441
9746062
9754996
9638506
9638444
9728140
9647455
9701233
9728146
9764016
9710143
9665350
9692268
9799874
9701272
9781978
9701283
9701283
9701283
9683353
9763992
9808863
9719229
9728145
9701238
9719241
9692276
9701275
9817826
9701255
9710246
9719221
9683338
9692244
9710230
9710217
9674406
9773019
9755081
9710219
9790895
9737133
9746057
9817824
9755075
9719199
9728174
9728192
9719218
9710262
9737143
9719178
9835753
9719197
9817786
9746122
9719210
9808855
9737105
9737082
9728160
9746095
9737124
9728185
9719225
9746130
9737155
9808875
9728184
9728185
9764032
9728188
9755069
9737147
9755081
9764027
9826786
9719229
9746118
9799888
9719118
9781914
9737123
9764018
9817810
9710206
9737135
9835745
9764064
9746080
9737099
9737098
9755054
9737128
9728176
9728160
9808835
9728180
9728176
9728172
9710223
9719190
9710238
9701275
9719205
9719209
9719205
9710242
9728172
9728176
9719209
9719209
9719213
9710246
9719213
9737143
9719202
9710250
9719209
9683353
9701177
9710230
9710238
9719201
9683349
9692312
9701264
9701279
9710242
9701279
9701267
9710242
9692312
9701279
9710246
9701279
9701279
9719201
9692312
9710242
9710238
9710186
9710242
9692312
9710242
9710250
9674398
9719213
9764032
9772995
9710242
9710242
9746094
9719197
9710242
9728172
9710210
9737071
9710235
9737124
9728161
9728164
9719205
9710238
9719205
9728164
9728172
9710242
9710242
9719205
9710234
9710227
9710234
9719193
9719197
9728164
9728176
9719205
9710226
9728164
9781942
9728119
9719193
9710234
9728164
9728138
9719197
9737135
9728168
9737135
9746094
9719185
9719197
9728160
9187482
9701267
9710234
9746078
9746070
9674354
9692241
9367696
9701239
9565821
9457821
8962403
9115734
9223777
9692272
9052522
9124689
7629135
8881225
7448945
8890226
9151582
8178753
8034384
7728219
8196710
9034564
9737083
9683285
7764083
8619923
9601704
8701031
9016197
9755021
9476144
9772967
9799860
9439408
7430548
8853915
6602084
9412499
8241506
8205632
9710202
9701243
9763968
9746042
7196477
9106293
7394692
8701045
8737322
7205471
9665344
9692232
9710146
8646804
9061449
8079680
9628996
8872268
8592958
7638070
8935468
9692248
8854354
6773287
6394917
7025241
6520898
6304820
6800196
6899268
5548064
8340613
6854433
5638181
5980687
6241600
5647152
5944372
6746386
6043452
5818403
9575665
9620496
8809487
8638240
7016709
6773287
6791217
6845462
5349920
6016547
9584656
9584692
9602562
8854769
8386290
7512536
8278243
7187968
7305417
8575463
8386797
9080305
8773619
8782594
7926778
8179163
8368344
7728622
7782863
6926600
8584458
8584454
8269280
7710688
7530466
7332318
7809752
6971878
7341289
7260147
8206060
8476391
8359381
7864009
8539591
8674539
8071128
8413207
8170196
7746560
8449079
8485374
8890637
8422166
8296173
8431125
8034813
7791838
7809329
7962638
9115714
8818470
8791569
8701472
9196836
8989737
9322849
9277547
9269023
9457777
9602614
9629523
9620547
9611597
9611617
9611653
9683361
9620576
9629543
9620596
9620540
9701175
9620572
9647497
9602650
9692304
9674374
9602670
9602698
9584752
9584728
9620544
9584720
9575777
9575785
9584760
9593731
9620620
9620557
9710290
9647497
9692368
9665431
9647521
9719241
9656465
9656500
9593727
9647537
9656492
9638534
9638566
9629611
9647498
9638570
9602710
9629611
9629600
8215231
9665435
9620652
7539657
6504501
9160677
9728144
9692286
9683385
9656456
9647485
9638554
9620632
9647509
9638526
9701279
9656444
9638534
9638538
9611609
9656464
9701291
9638538
9647509
9629563
9647509
9629551
9683369
9656484
9683393
9629567
9611641
9611637
9593727
9629591
9656476
9656488
9620612
9611657
9710270
9629571
9602662
9629595
9638546
9611641
9629571
9647509
9647489
9701279
9665399
9674406
9692324
9665415
9656452
9656468
9647509
9647545
9620620
9665447
9728180
9710250
9746094
9710258
9728196
9710266
9746123
9674398
9665427
9764064
9737163
9701283
9719213
9683361
9692340
9755117
9656488
9683321
9656480
9674430
9665451
9692344
9755121
9746134
9647501
9773015
9701287
9755101
9701287
9674382
9737147
9665427
9691853
9701275
9719233
9701275
9701267
9710242
9728180
9710270
9746098
9710222
9692332
9728140
9755045
9719217
9710223
9719241
9808847
9692300
9710210
9692288
9710226
9701271
9799904
9746046
9746079
9701263
9773035
9764016
9701287
9710258
9728180
9772955
9719202
9737119
9710242
9728148
9728144
9701259
9701279
9719181
9737127
9746134
9746098
9781934
9781942
9746118
9710238
9755053
9746102
9746098
9773023
9701295
9737155
9728212
9728168
9701303
9755077
9701295
9710250
9728208
9746071
9719221
9728176
9701279
9719217
9790914
9719209
9737151
9692308
9701291
9746067
9764032
9710238
9737139
9755057
9719159
9701279
9746091
9772983
9755069
9728168
9710186
9728176
9692300
9701288
9710230
9701229
9701263
9737151
9746110
9737107
9737123
9710206
9719185
9710218
9719177
9728108
9764024
9710230
9719193
9719185
9710206
9710194
9701247
9728160
9701263
9710202
9719149
9746070
9728128
9728172
9728144
9737107
9772963
9764016
9746134
9737107
9737111
9755053
9737107
9764020
9728092
9737103
9710210
9710222
9781930
9737131
9755033
9728096
9781958
9737111
9772951
9737095
9728100
9746114
9719165
9719165
9737091
9746038
9710190
9728112
9719137
9737123
9772979
9728120
9746050
9710198
9728136
9719169
9710222
9737075
9728124
9737111
9710222
9728132
9737071
9746066
9772963
9737059
9737111
9746050
9737099
9746074
9763960
9763964
9728116
9728132
9746058
9728144
9746066
9664872
9737059
9728140
9737071
9728124
9746042
9755013
9719157
9728104
9719161
9737091
9781942
9737104
9728160
9719168
9710175
9737104
9737099
9746094
9755061
9737111
9728164
9737143
9755065
9737111
9728168
9737123
9728176
9710222
9728172
9746118
9746102
9719201
9728172
9728164
9737163
9701255
9728164
9755073
9737128
9710230
9728180
9728192
9719205
9728158
9728176
9710242
9728176
9728168
9719209
9746102
9719213
9746114
9728176
9746138
9737144
9737151
9728176
9719209
9737171
9728192
9710238
9728176
9728192
9746114
9737139
9719205
9719205
9728172
9710242
9719205
9692296
9719205
9683329
9692288
9728176
9719193
9701251
9719193
9692288
9737127
9692288
9737139
9719205
9719205
9710238
9710234
9701251
9728160
9719201
9710230
9728168
9710226
9701271
9737151
9692308
9710230
9728164
9674343
9710230
9737131
9701239
9719181
9692292
9710218
9719193
9701263
9710226
9710218
9701243
9719201
9701255
9692288
9701243
9701255
9683317
9701247
9674362
9728172
9674358
9719189
9719189
9692284
9665383
9665367
9674342
9692272
9683305
9683305
9692280
9701255
9674322
9710222
9692272
9719201
9701247
9719193
9701255
9701247
9710230
9683301
9719177
9674332
9701247
9692300
9701255
9692284
9710218
9701251
9719197
9692276
9710214
9692276
9701251
9701235
9701247
9710222
9701251
9710222
9701251
9692292
9692292
9692296
9728152
9701271
9701275
9737143
9710222
9710215
9719205
9701255
9719189
9701255
9692292
9701247
9719181
9683325
9701255
9710222
9692296
9701247
9692276
9692288
9701264
9701259
9701259
9701255
9701271
9692292
9728160
9692288
9701255
9710222
9710230
9719189
9746078
9701259
9692296
9719205
9710246
9701275
9719201
9710222
9737127
9710230
9710238
9710226
9710226
9701271
9728152
9719185
9719205
9710226
9719197
9710215
9710238
9719179
9737135
9701275
9710242
9746053
9719174
9746094
9728168
9728160
9719201
9737127
9719189
9719205
9719197
9728172
9719185
9728144
9719185
9728168
9737123
9728152
9728152
9728160
9728168
9764036
9746098
9737119
9746098
9737127
9737131
9719217
9737147
9728184
9728184
9737155
9737151
9728188
9737155
9728200
9737159
9719229
9737159
9728196
9719229
9719229
9719217
9719225
9719221
9719225
9710258
9728192
9719229
9710258
9710258
9710258
9710230
9710262
9719221
9719221
9728188
9710254
9710250
9710254
9719213
9728176
9719205
9692308
9701279
9701275
9710250
9701283
9719209
9710250
9701287
9683353
9710242
9701287
9701287
9710254
9701287
9701287
9710254
9701287
9710250
9710250
9701291
9710254
9683357
9701283
9701287
9692328
9710254
9692320
9701287
9701283
9683353
9692316
9692320
9692316
9692308
9692320
9701287
9692324
9683357
9701291
9683321
9692320
9683345
9692324
9683357
9692320
9683361
9674398
9683365
9683365
9683373
9692328
9674390
9674398
9683369
9683361
9701303
9692328
9683365
9701295
9683357
9692320
9692324
9692320
9683361
9692324
9692324
9692328
9692328
9701283
9683353
9692324
9692324
9692324
9692324
9692332
9692320
9701291
9692332
9692324
9701287
9692316
9692324
9692324
9701295
9701287
9692324
9692324
9692332
9701291
9701291
9701283
9701295
9701295
9692332
9701291
9710254
9701295
9692328
9701295
9719217
9701287
9710254
9728184
9710254
9719221
9710254
9710258
9719221
9701287
9710254
9719217
9719217
9710250
9710246
9719213
9710258
9719221
9710254
9719217
9728184
9728176
9710246
9710254
9710254
9710258
9728196
9719225
9728200
9719225
9710254
9728188
9719217
9719229
9728192
9728196
9737159
9719229
9719225
9755089
9728184
9746102
9719217
9719217
9737151
9710258
9719225
9719225
9719225
9728192
9737155
9719221
9719221
9728180
9719233
9737167
9710274
9728192
9728196
9728188
9728188
9737151
9728180
9737147
9728176
9719217
9719205
9728180
9719217
9719217
9719217
9728176
9728172
9728168
9728168
9737147
9728160
9728184
9728180
9728180
9737151
9728148
9728172
9719177
9737123
9737139
9719217
9728152
9719209
9728172
9719197
9719169
9728152
9737143
9737143
9737143
9728172
9728180
9719173
9728148
9737143
9728160
9728168
9737135
9728164
9728148
9728164
9719197
9728164
9719185
9728176
9728176
9728176
9728176
9728168
9728168
9737131
9728168
9737139
9728164
9719229
9719221
9719221
9719209
9719205
9710250
9719213
9710246
9728180
9728180
9719213
9719205
9728176
9719221
9710242
9719205
9710242
9728164
9719189
9728156
9719205
9719205
9728160
9737135
9728176
9728176
9728168
9710234
9719205
9728164
9728164
9728168
9719201
9719197
9719201
9728168
9737131
9728156
9737127
9728168
9728168
9737131
9746102
9737123
9728160
9746098
9746098
9728168
9728164
9737131
9737131
9746098
9737131
9755061
9746098
9746098
9737123
9737131
9737135
9755057
9737131
9737139
9737135
9746098
9746098
9737127
9746102
9746098
9755069
9737143
9737139
9755069
9755061
9746090
9755061
9737135
9746106
9737139
9755061
9737131
9746094
9737131
9737135
9746094
9737135
9728176
9746094
9737127
9737123
9755049
9746098
9746086
9746090
9746098
9737131
9737127
9755061
9746094
9737127
9746098
9746098
9737131
9728160
9746094
9737131
9746106
9728164
9728164
9728168
9728160
9728164
9728160
9710230
9710230
9719201
9710230
9719201
9710230
9701267
9692292
9710234
9701267
9692296
9710230
9701271
9692300
9692296
9683333
9692304
9683341
9692300
9683341
9683337
9692308
9674374
9692308
9674374
9692304
9674378
9674370
9674374
9683353
9674374
9656440
9647477
9665411
9647477
9656448
9656444
9665407
9674378
9674378
9674382
9674378
9674374
9674382
9665403
9665403
9656432
9656436
9665407
9683341
9665407
9665403
9674366
9647477
9692332
9701303
9683353
9692328
9692328
9701291
9710258
9710258
9701295
9692320
9710254
9710250
9692316
9710250
9728188
9728192
9719217
9719221
9719217
9710246
9719209
9719217
9728172
9728200
9728192
9737159
9737159
9728188
9737155
9728188
9746126
9719217
9746122
9728184
9719217
9728180
9719217
9710246
9728184
9719213
9728180
9728180
9719213
9710242
9728176
9728172
9728176
9737143
9728180
9728176
9728176
9728180
9719209
9719209
9710234
9719209
9719209
9737143
9719209
9719209
9719209
9728176
9719209
9728184
9728172
9728172
9719213
9710242
9719217
9719213
9710246
9719213
9719213
9710242
9719209
9719209
9692312
9728204
9719241
9719237
9737167
9710274
9701307
9710278
9683373
9692332
9701295
9674418
9683373
9701295
9674406
9674406
9692324
9656472
9683377
9665439
9692328
9674402
9674402
9674406
9692336
9665435
9674402
9665435
9656460
9674394
9674402
9674394
9656468
9665423
9683361
9656464
9665423
9665431
9665431
9692324
9674398
9665431
9674398
9674394
9692324
9683361
9692320
9674398
9665423
9674394
9683357
9683361
9683361
9665439
9692324
9674398
9656460
9683369
9674402
9692328
9674394
9683357
9683357
9692324
9683357
9683357
9692320
9710254
9665431
9674394
9674390
9683361
9674394
9683357
9674386
9692320
9683357
9692324
9692312
9701287
9701283
9701275
9683341
9710246
9710246
9692312
9701275
9719205
9710250
9710246
9701279
9701275
9710242
9710242
9701279
9710254
9701287
9701275
9674382
9683337
9692304
9674378
9683341
9701275
9674382
9692312
9701267
9710234
9692304
9701275
9710242
9701271
9701267
9710238
9719201
9710238
9692304
9710234
9710250
9710238
9728176
9710238
9719201
9710242
9710242
9719209
9728172
9692308
9719209
9710242
9701279
9710246
9719205
9719205
9701271
9710234
9719213
9701271
9692304
9692304
9692304
9710238
9701271
9701275
9710238
9692312
9692304
9674382
9710238
9710246
9692308
9692312
9710242
9701275
9719205
9701267
9692320
9710234
9719209
9728172
9728168
9701263
9728172
9737139
9710238
9710242
9701267
9719201
9710238
9719205
9728164
9746102
9737139
9728176
9728172
9719197
9728180
9710234
9737139
9737135
9737139
9719201
9728168
9728172
9728172
9737139
9755073
9728168
9737127
9737135
9746106
9728168
9737147
9746090
9728168
9755069
9728164
9728164
9719221
9737139
9746110
9439923
9719209
9737135
9737151
9710214
9746090
9674322
9710218
9719189
9719193
9674346
9683325
9674366
9692300
9701255
9710222
9674370
9647457
9674366
9674366
9674362
9683341
9692292
9683329
9683329
9701259
9692284
9683313
9701267
9692296
9692296
9701263
9692296
9701255
9692288
9701263
9701271
9683333
9692300
9674370
9692300
9692296
9683333
9692304
9701259
9692304
9710202
9728160
9728164
9701267
9710238
9719189
9728164
9701267
9701255
9710210
9710234
9710230
9701259
9701263
9701263
9701255
9719193
9692288
9719209
9719197
9719169
9710222
9701255
9692296
9701259
9701263
9683325
9701255
9692280
9710214
9710234
9710218
9692288
9674378
9701251
9701259
9701239
9701251
9701255
9683313
9683321
9728148
9710202
9683301
9710218
9692284
9710210
9710210
9701255
9674338
9692284
9719177
9701255
9701263
9710218
9674358
9701259
9683325
9701247
9701259
9692260
9719185
9701243
9701255
9719189
9692280
9719181
9710218
9701263
9701267
9710222
9719197
9692300
9701275
9719193
9692296
9683313
9710230
9683321
9719193
9710234
9728156
9710218
9710230
9701263
9701267
9692304
9701259
9710230
9710218
9719189
9710238
9710214
9701259
9710222
9719185
9728164
9728164
9701259
9701259
9701259
9719193
9719197
9710226
9719189
9710226
9719185
9683309
9674354
9665391
9683329
9656412
9683321
9701251
9701259
9719189
9674362
9701259
9719189
9710206
9719185
9701255
9674346
9710214
9701243
9719185
9710214
9692288
9710218
9710226
9737119
9701259
9728160
9719189
9692284
9701247
9710226
9710226
9710230
9728156
9683325
9683321
9710218
9701259
9701255
9719165
9701235
9701247
9701247
9665367
9692288
9701247
9701239
9719189
9701255
9719185
9701259
9728140
9692272
9728156
9719189
9728152
9701255
9692264
9710222
9701247
9710222
9674350
9701219
9674350
9674354
9674346
9665375
9683321
9674326
9683321
9692296
9683333
9665395
9683329
9683321
9674330
9692292
9692292
9665407
9665363
9674362
9674358
9683329
9683337
9746058
9692284
9683321
9656432
9665399
9710226
9692288
9683321
9710214
9647441
9701247
9710198
9719185
9692284
9683313
9674378
9683333
9683333
9683333
9674362
9665391
9674362
9665395
9674362
9683321
9674362
9692296
9665399
9674370
9692288
9692292
9683325
9683325
9683325
9692304
9665403
9692284
9692288
9710218
9692284
9701271
9710214
9683325
9683305
9719193
9710214
9692288
9710214
9701243
9701251
9701251
9710210
9710222
9701255
9692292
9701251
9692288
9719185
9701255
9701247
9683325
9710202
9710222
9701263
9710218
9710218
9692296
9710218
9701259
9710218
9692268
9728128
9719185
9710214
9710226
9719181
9701239
9710222
9710214
9719185
9728132
9674330
9683321
9665367
9710202
9719157
9719169
9683301
9683313
9665395
9674334
9692280
9692284
9710206
9737107
9710206
9710218
9692288
9692288
9683321
9710214
9701247
9692280
9710214
9710214
9719185
9710218
9701243
9692280
9710214
9746058
9728136
9701251
9710198
9728132
9737103
9737099
9719181
9710214
9719177
9728136
9728132
9746050
9719169
9719173
9719177
9719177
9737091
9746050
9719169
9728136
9728144
9728148
9728144
9719177
9710214
9710198
9728144
9728140
9746050
9737059
9763972
9746058
9728132
9728128
9719177
9701239
9737103
9701211
9719173
9728140
9701239
9737083
9746062
9719165
9701239
9710206
9710206
9710210
9701239
9719157
9737091
9719141
9737095
9746078
9728140
9719173
9692272
9701247
9737079
9755013
9728100
9719169
9737095
9755033
9728140
9719173
9719181
9719177
9719173
9728136
9746074
9728140
9710210
9719177
9710214
9719169
9746054
9728136
9755017
9746050
9737091
9719149
9737091
9737079
9719161
9719165
9728128
9719165
9728136
9728132
9701259
9701215
9719173
9719173
9719177
9728120
9737091
9737099
9728140
9719173
9737099
9755029
9728128
9710202
9710202
9719173
9719177
9710210
9710202
9737099
9295473
9737091
9737111
9710206
9620576
9584724
9278509
9575757
9647465
9476657
9575729
9593671
9620544
9692252
9665359
9683309
9701211
9728124
9674326
9683301
9692268
9674338
9665371
9665375
9701215
9683301
9692276
9692280
9665371
9755021
9719153
9710198
9719149
9665367
9656412
9629539
9620564
9638502
9629495
9665375
9674350
9665359
9656412
9656416
9656408
9665391
9620572
9674362
9701243
9692276
9692276
9763984
9719141
9746042
9746050
9737091
9710198
9665403
9701267
9683321
9638514
9719165
9665387
9728136
9728160
9719181
9710214
9710226
9629519
9665403
9620564
9629547
9629551
9629543
9620564
9620564
9647441
9611613
9683353
9629555
9611593
9611593
9602630
9611597
9638486
9692316
9620544
9719157
9710206
9701243
9674338
9656412
9647449
9638478
9638490
9710234
9656404
9656424
9638478
9647465
9683361
9683361
9674390
9665431
9665431
9674402
9665423
9719229
9692320
9701271
9692312
9683341
9665419
9665415
9665415
9674386
9665415
9656452
9656452
9674398
9719229
9656452
9629539
9647493
9647493
9647493
9656456
9656456
9593663
9656472
9629571
9665451
9647497
9647493
9620608
9719221
9701275
9620556
9665423
9665431
9647497
9701327
9665431
9620556
9674398
9683349
9674386
9674386
9593659
9665431
9647493
9656456
9647493
9656456
9647489
9638530
9638526
9386560
9629571
9647473
9674390
9683357
9611585
9683353
9692300
9683353
9683361
9674390
9683361
9719225
9647461
9701263
9674370
9665411
9665411
9656448
9674398
9665415
9665411
9647465
9701307
9719201
9710278
9701307
9656464
9683377
9584696
9674418
9692344
9710270
9674390
9719209
9710250
9692324
9674382
9683349
9656424
9638466
9719209
9656452
9602622
9611597
9611605
9602634
9602638
9602638
9593679
9638546
9584724
9620572
9656452
9611593
9629567
9638534
9656448
9647485
9665411
9656452
9638518
9683341
9665415
9656452
9602662
9674430
9629567
9629567
9665415
9674362
9656452
9638518
9629551
9656452
9647477
9638518
9638518
9620580
9638526
9638526
9647489
9638522
9611621
9620552
9683321
9629515
9656444
9647489
9656444
9611589
9665427
9656452
9674362
9701287
9638506
9683349
9656448
9656456
9638518
9638514
9638518
9638518
9638526
9620564
9629555
9611629
9584696
9629555
9629563
9647505
9629559
9647481
9611613
9602654
9611625
9629547
9611593
9638510
9611593
9665403
9665399
9647477
9647441
9656452
9638518
9629551
9656428
9692304
9629547
9665435
9620584
9629555
9620584
9629555
9638518
9629539
9638530
9629555
9575733
9629571
9620592
9656444
9386548
9593655
9584696
9584708
9584704
9467702
9593667
9611613
9665375
9548389
9629515
9620568
9602658
9602634
9629531
9602642
9620580
9584720
9620600
9611637
9656440
9629551
9629555
9665431
9683329
9647473
9629547
9620584
9620592
9611601
9620588
9377601
9377609
9593711
9575765
9593703
9611617
9593691
9602658
9593703
9575769
9665443
9602634
9647505
9683321
9692292
9647469
9647477
9422472
9647469
9638494
9611669
9611597
9620584
9638498
9611609
9593683
9620552
9620584
9629555
9665427
9629535
9386568
9611617
9557855
9629547
9593711
9620584
9620592
9620584
9593691
9602658
9611621
9620584
9386592
9593687
9629555
9620584
9620584
9674390
9665419
9629567
9593695
9602686
9683341
9674382
9647497
9629599
9260595
9593715
9602662
9656452
9683341
9638538
9629551
9584756
9620580
9629543
9584760
7684406
9674354
9746122
9737163
9701311
9674354
9701271
9737163
9692272
6142528
9629511
9638478
9665427
9584692
9620576
9602626
9611621
9593663
9647517
9584720