28965.477272727272
29582.19318181818
26458.211764705884
27943.793103448275
31500.70930232558
29414.228260869564
29645.522222222222
31078.38202247191
33081.083333333336
24889.106382978724
24921.536842105263
29206.913978494624
28047.534090909092
30562.279569892475
27057.98901098901
15251.533333333333
26482.902173913044
25821.05376344086
27643.52808988764
26462.04705882353
28533.462365591397
24651.2
29233.89010989011
29806.67816091954
28642.945054945056
24080.559139784946
23867.565656565657
30909.988636363636
22610.065934065933
24723.554347826088
28145.82222222222
25898.152173913044
32073.54117647059
25118.134831460673
21018.735632183907
23895.527472527472
23504.161616161615
25431.10465116279
25849.366666666665
22918.709677419356
22487.932584269663
17171.31868131868
27750.725274725275
22350.67777777778
21250.61111111111
26692.548387096773
17807.26595744681
24737.22105263158
19444.684782608696
21988.463157894737
16967.242105263158
21372.268041237112
24530.172413793105
19971.80612244898
23365.020408163266
25049.979166666668
24492.285714285714
27293.094736842104
18667.817204301075
21275.892473118278
24348.911111111112
18762.322580645163
25534.322580645163
24286.622448979593
22465.23157894737
20322.16304347826
21956.40860215054
23742.5
25533.322580645163
17255.43157894737
21107.75
19698.721649484534
21761.440860215054
14744.854166666666
18218.061855670105
21257.030612244896
20368.34831460674
18601.151515151516
21611.23157894737
23827.714285714286
29201.616279069767
19241.552083333332
15455.578947368422
15737.884210526316
19532.14893617021
20258.19587628866
18193.212765957447
18675.178947368422
12211.854166666666
24453.63157894737
15024.875
17435.303370786518
16919.886597938144
17367.447916666668
19697.76530612245
14463.239583333334
17478.546391752578
14363.372340425532
16304.021052631579
22326.737373737375
16569.478723404256
20800.51020408163
16237.787878787878
21073.70408163265
19871.050505050505
13711.895833333334
13781.79797979798
16085.84
16757.063829787236
14373.040816326531
13372.905263157894
13900.958333333334
16617.020833333332
16807.03125
10420.747474747475
12642.202127659575
15290.959183673469
7062.09375
9589.25
9590.416666666666
13149.729166666666
17635.736842105263
12122.052083333334
13058.343434343435
18685.340206185567
15938.316326530612
13694.737373737375
14005.183673469388
12356.051020408164
13638.887755102041
15016.836734693878
10060.080808080807
12758.16
12696.919191919193
9967.87
12400.81
9070.38
9774.242105263158
9409.19587628866
7674.285714285715
10244.030927835052
7999.75
8924.463157894737
15109.173469387755
14509.978947368421
9591.125
9521.11
6549.28
7624.5625
8801.67
10057.56
9694.326530612245
10887.704081632653
9966.237113402061
5562.55
11602.121212121212
10514.646464646465
8262.1
4880.282828282829
5426.333333333333
9694.89
5789.444444444444
7540.75
5427.383838383838
5922.5
5652.43
5383.54
4245.212121212121
5652.14
10149.73
7001.72
7400.091836734694
5382.2
4661.51
6427.343434343435
4573.35
2414.09
4303.22
4393.08
5282.979166666667
4479.2
5515.888888888889
5756.054347826087
7181.15
5562.9
2413.68
3575.9883720930234
4152.545454545455
2243.868686868687
2862.81
2410.61
2233.1
3854.05
4303.94
2233.31
2233.42
1066.3263157894737
1155.2448979591836
2054.76
1065.1830985915492
2591.61
1615.530612244898
2320.16
2050.41
4652.13
3154.1369863013697
3128.89
1943.4673913043478
2674.9615384615386
4564.0
6091.59
1923.968085106383
4636.430107526881
3396.25
4653.03
6358.86
3882.582089552239
5014.32
4023.43
5400.2307692307695
9191.27027027027
8576.1375
8245.484210526316
4859.615384615385
9379.797101449276
5427.8378378378375
4478.0
1063.957894736842
1065.1397849462367
1064.195652173913
1063.9148936170213
1062.7027027027027
1871.3461538461538
2410.78
1064.6582278481012
1064.2298850574712
1063.3936170212767
1063.3181818181818
4944.054054054054
1429.081081081081
1063.5833333333333
1065.2558139534883
1067.453488372093
1065.9259259259259
1063.7222222222222
1065.8877551020407
1067.5714285714287
1064.8831168831168
5555.5
1063.191011235955
1066.1896551724137
1062.3013698630136
1061.6103896103896
5274.857142857143
1066.1444444444444
1063.1978021978023
1159.3369565217392
5688.263157894737
4875.252873563219
4921.406976744186
3845.02
7942.733333333334
3611.582089552239
9795.026315789473
2228.92
4215.243243243243
1067.3636363636363
1063.129411764706
1067.59375
1063.0869565217392
1066.1044776119404
1064.267857142857
1062.6161616161617
1063.7272727272727
1061.5263157894738
1062.2790697674418
1783.2
4563.125
2503.17
6090.627118644068
1063.5733333333333
1062.52
1065.2222222222222
1065.4
1066.4102564102564
4928.444444444444
5352.059701492537
1062.909090909091
1066.4175824175825
1067.0
1067.7301587301588
1062.5915492957747
1066.1333333333334
1064.9655172413793
1064.0
1062.52
1063.7446808510638
1063.12
1060.0
1063.8620689655172
1062.7777777777778
1254.9468085106382
1063.2631578947369
1061.7714285714285
1066.313253012048
1064.6868686868686
1068.0
1063.4625
1065.8157894736842
1067.014705882353
10339.28125
1062.3232323232323
1063.375
1063.5851063829787
1060.4528301886792
1062.7317073170732
11664.595238095239
1063.4594594594594
1065.5263157894738
7789.916666666667
2857.4
1065.96
1066.9411764705883
1065.89010989011
1065.6913580246915
1063.1604938271605
1065.4545454545455
1067.5822784810127
1067.448275862069
1066.2666666666667
1065.4117647058824
1060.0
4225.3626373626375
1063.2666666666667
1064.0
1064.08
4773.4875
3042.51
1068.0
1065.95
3783.775280898876
1898.4186046511627
1289.873417721519
1064.85
1065.1692307692308
2103.31884057971
1062.8148148148148
1065.2238805970148
3720.887323943662
3520.5789473684213
4820.392405063291
1065.53
1062.746835443038
1067.0
15912.209302325582
1820.5301204819277
3041.8571428571427
8987.860465116279
9570.948717948719
1241.64
10044.727272727272
1590.3529411764705
7931.6
1236.078431372549
2694.7272727272725
4845.684210526316
2946.2
4333.8378378378375
1068.0
1068.0
2679.44
1060.0
1060.0
1064.8831168831168
10340.40625
12055.148148148148
1062.3734939759036
1066.7
1563.2
6216.444444444444
6656.883116883117
3806.9176470588236
1063.1612903225807
1066.5483870967741
2320.96
7918.823529411765
2113.351063829787
1066.625
1063.6489361702127
1063.5
3710.818181818182
1064.090909090909
1067.52
10741.380434782608
1063.2340425531916
1063.448275862069
1066.24
1067.64
1067.328947368421
1061.6
1061.2173913043478
1066.12
1064.3
1063.5
1064.3866666666668
1064.148148148148
1064.22
1067.0
1067.4666666666667
1062.0
1060.0
1060.0
1065.95
12986.349397590362
1067.4555555555555
1066.276595744681
1065.7209302325582
1062.2588235294118
1060.0
1065.8545454545454
1066.1617647058824
1062.9468085106382
1064.774193548387
1064.3373493975903
1065.4054054054054
1065.28
1068.0
1067.7704918032787
1067.4418604651162
1066.1818181818182
1067.8297872340424
1065.5294117647059
1068.0
1063.8651685393259
1062.0618556701031
1062.313253012048
1065.6
4259.232876712329
5723.36
1060.0
1065.5595238095239
1067.0392156862745
1067.4024390243903
1061.3333333333333
1063.2222222222222
3762.233333333333
9794.228571428572
1066.090909090909
1062.469135802469
1062.9411764705883
1064.0
1065.6385542168675
1185.671052631579
1067.4318181818182
1068.0
1066.4328358208954
3306.25
4093.8979591836733
1452.2142857142858
1065.5168539325844
1065.215053763441
1061.4025974025974
1062.3703703703704
1061.5263157894738
1060.0
1063.2183908045977
1062.43
1062.320987654321
1065.6941176470589
1065.4021739130435
1065.4719101123596
1062.231884057971
1530.8051948051948
4476.608695652174
1067.0
2047.0727272727272
6221.531914893617
3845.32
1063.7
3667.4
7116.3373493975905
1426.530612244898
1062.4242424242425
1067.842105263158
1066.06
1067.0
1067.2068965517242
5627.475409836065
4943.243243243243
1060.0
1060.0
1063.5
1063.4639175257732
1266.8977272727273
1064.0
1065.75
1065.828282828283
1065.92
1065.8426966292134
1064.0
1065.471264367816
4983.666666666667
1620.5463917525774
1064.0
1061.8021978021977
1060.0
1067.68
1066.4666666666667
1065.659793814433
1065.4526315789474
1065.3666666666666
1065.530864197531
1064.2033898305085
1062.923076923077
1064.1704545454545
1066.94
1066.6181818181817
1065.3902439024391
5073.891891891892
12788.25
15623.95588235294
1064.45
1067.68
1063.8736842105263
1062.9866666666667
1064.8191489361702
1061.4426229508197
1066.0537634408602
1064.89010989011
1064.6290322580646
1066.625
1064.8539325842696
1065.879518072289
1067.234375
1062.2676056338028
1065.551724137931
1063.1818181818182
1061.9368421052632
1064.15
1064.3076923076924
1066.8307692307692
1061.5064935064936
1062.5979381443299
1065.2957746478874
1063.7894736842106
1063.2
1063.698113207547
1064.0
1064.0
1061.4871794871794
1060.0
1065.3333333333333
1066.043956043956
1064.0408163265306
1064.842105263158
1065.6470588235295
1067.6266666666668
1065.8947368421052
1067.0
1067.867924528302
1065.09
1065.3076923076924
1066.3625
1067.0
1066.46
1063.4
1060.0
1063.1612903225807
1065.6385542168675
1062.1075268817203
1061.0
1065.3411764705882
1062.875
1060.0
1064.8192771084337
1064.28
1063.72
1062.0
3062.181818181818
10490.42857142857
7446.408602150537
1065.4545454545455
1065.0588235294117
1065.6216216216217
1060.0
1066.1333333333334
1065.159420289855
1066.320987654321
1064.860759493671
1064.9315068493152
1065.1728395061727
1062.2028985507247
1064.0833333333333
1068.0
1066.0394736842106
1062.1263157894737
1063.4022988505747
1062.6301369863013
1065.8461538461538
1064.0
1064.235294117647
1068.0
1067.4666666666667
1063.32
1065.4444444444443
1067.2241379310344
1064.1818181818182
1064.4761904761904
1062.0923076923077
1063.1
1061.8461538461538
1063.1604938271605
1064.7792207792209
1061.2413793103449
1061.122807017544
1064.1411764705883
1062.842105263158
1067.6233766233765
1066.4761904761904
1063.2680412371135
1065.139240506329
1064.0
1061.9574468085107
1061.0746268656717
1064.561403508772
1065.6129032258063
1064.0833333333333
1060.0
1061.0
1062.9367088607594
1064.5432098765432
1060.0
1063.37
1063.1744186046512
1061.7674418604652
1063.6363636363637
1063.2
1065.8315789473684
1067.4
1067.7142857142858
1064.3103448275863
1066.4561403508771
1063.3846153846155
1061.2068965517242
1060.0
1060.2857142857142
1062.6666666666667
1065.013698630137
1067.0
1062.3529411764705
1061.3559322033898
1065.49
1067.0
1064.9411764705883
1064.11
1065.6315789473683
1065.030303030303
1067.5294117647059
1064.85
1067.0919540229886
1067.296875
1062.844155844156
1068.0
1068.0
1066.2962962962963
1065.608695652174
1063.5454545454545
1063.0379746835442
1066.8852459016393
1065.2340425531916
1063.2131147540983
1065.2173913043478
1065.3483146067415
1063.8461538461538
1064.8387096774193
1062.1304347826087
1060.0
1061.0461538461539
1061.887640449438
1061.0
1061.6515151515152
1065.360824742268
1062.746835443038
1060.0
1064.5714285714287
1065.6043956043957
1065.6206896551723
1064.4655172413793
1063.8080808080808
1064.8695652173913
1064.0
1064.0
1063.48
1067.265625
1067.371794871795
1067.5
1067.0
1067.55421686747
1068.0
1065.92
1062.888888888889
1060.0
1060.0
1064.560975609756
1068.0
1065.9354838709678
1066.2666666666667
1065.6901408450703
1066.4864864864865
1064.0
1064.0
1063.7777777777778
1063.9764705882353
1065.0
1061.0
1060.0
1060.0
1062.764705882353
1064.0
1064.0
1064.86
1065.150684931507
1064.5853658536585
1064.5301204819277
1063.4255319148936
1063.057471264368
1061.2280701754387
1067.0
1061.888888888889
1063.956043956044
1068.0
1066.15
1065.88
1065.4845360824743
1067.0
1067.0
1067.0
1067.5106382978724
1067.867924528302
1068.0
1065.625
1063.6835443037974
1064.8172043010752
1065.6818181818182
1065.5696202531647
1064.0
1064.5806451612902
1067.0
1067.0
1067.0
1065.8333333333333
1068.0
1068.0
1068.0
1066.2857142857142
1066.6235294117646
1066.5252525252524
1064.0
1064.72131147541
1068.0
1068.0
1068.0
1067.8301886792453
1066.686746987952
1067.0
1067.0
1067.0
1067.0
1067.0
1067.0
1067.0
1064.0
1064.0
1066.202380952381
1067.4545454545455
1067.47311827957
1065.8666666666666
1067.9433962264152
1067.36
1067.0
1064.44
1067.04
1065.2247191011236
1066.9268292682927
1068.0
1067.0208333333333
1067.0
1067.0
1063.8255813953488
1064.9
1064.659090909091
1065.55
1064.6
1064.45
1063.82
1067.4545454545455
1066.0576923076924
1061.640625
1065.03125
1062.2676056338028
1060.142857142857
1067.0
1064.0975609756097
1063.5555555555557
1062.3333333333333
1063.0470588235294
1063.94
1060.0
1060.0
1062.6025641025642
1062.1818181818182
1061.377049180328
1063.4270833333333
1064.3974358974358
1064.0617283950617
1060.0
1063.5851063829787
1061.3508771929824
1062.2676056338028
1060.0
1060.0
1062.857142857143
1061.7142857142858
1060.0
1061.5645161290322
1061.5737704918033
1060.8524590163934
1064.0869565217392
1060.0
1060.0
1060.875
1066.8023255813953
1063.59375
1062.5974025974026
1065.2222222222222
1063.463157894737
1062.0
1063.1379310344828
1063.2247191011236
1060.0
1063.7857142857142
1062.1978021978023
1060.0
1060.0
1062.3529411764705
1060.0
1063.1125
1062.3548387096773
1060.0
1061.0
1060.0
1063.4418604651162
1061.934065934066
1060.0
1062.1176470588234
1062.659793814433
1061.7411764705882
1060.0
1062.0714285714287
1061.1475409836066
1061.4918032786886
1062.6410256410256
1062.2916666666667
1061.9506172839506
1062.3291139240507
1060.0
1064.2527472527472
1063.6521739130435
1063.3870967741937
1062.787234042553
1063.2083333333333
1061.7575757575758
1061.9384615384615
1060.0
1060.0
1063.367816091954
1060.0
1063.1604938271605
1061.3508771929824
1062.8588235294117
1061.5555555555557
1060.0
1060.0
1060.0
1062.9354838709678
1060.0
1061.3684210526317
1061.4918032786886
1060.0
1063.1195652173913
1062.4
1063.3253012048192
1062.8969072164948
1062.6923076923076
1061.96875
1060.5384615384614
1060.0
1062.25
1060.8333333333333
1063.6989247311828
1063.6179775280898
1062.784090909091
1065.57
1062.236559139785
1062.5443037974683
1062.088888888889
1062.7272727272727
1064.18
1064.39
1061.2753623188405
1063.77
1061.5166666666667
1063.536842105263
1064.1645569620252
1063.3
1066.0
1063.3870967741937
1063.5
1063.96
1063.84375
1065.563829787234
1063.6966292134832
1065.1340206185566
1065.2769230769231
1064.8144329896907
1066.090909090909
1064.0595238095239
1067.2409638554218
1063.5376344086021
1064.96875
1063.6236559139784
1065.375
1067.3684210526317
1067.0
1063.6489361702127
1064.1566265060242
1066.0
1067.0
1067.0
1065.573033707865
1063.6153846153845
1065.639534883721
1065.0537634408602
1065.6949152542372
1064.6881720430108
1063.8977272727273
1063.6842105263158
1063.659574468085
1066.8823529411766
1067.0
1064.65625
1066.5483870967741
1065.6491228070176
1064.9690721649486
1063.723404255319
1063.6923076923076
1067.0
1065.7349397590363
1066.1692307692308
1064.936170212766
1066.157894736842
1067.0
1065.0
2408.59
2587.81
1064.9583333333333
1067.2985074626865
1601.69
1064.4583333333333
1067.0
1065.4520547945206
2499.79
1870.2179487179487
2051.3
2768.3
2858.38
2588.09
2409.84
3546.627659574468
3396.55
3610.824324324324
3128.87
3306.33
3665.51
3933.08
3754.36
3933.24
3217.4
3575.28
4022.51
3577.23
4935.443181818182
4773.563218390805
4860.2
4816.604651162791
4992.348314606742
4817.616279069767
5024.7441860465115
4922.430232558139
4967.529411764706
7392.78431372549
4921.941860465116
5118.392857142857
5024.395348837209
4846.180722891566
4832.579545454545
4687.840425531915
4979.0114942528735
4631.647727272727
4485.319587628866
4832.954545454545
4920.593023255814
5011.761904761905
4773.252873563219
4291.24
4202.39
4934.397727272727
4833.136363636364
4934.420454545455
5070.894117647059
5081.9655172413795
5059.289156626506
4965.435294117647
4921.918604651163
4891.157303370786
5024.302325581395
4891.966292134832
4291.18
4979.080459770115
4774.137931034483
4935.0
4712.709302325581
4773.091954022989
4905.130952380952
4936.545454545455
4981.229885057472
4816.116279069767
4876.770114942528
4936.352272727273
4859.976470588235
4875.896551724138
4992.786516853933
4113.39
5036.897727272727
4920.569767441861
4755.317647058823
4993.483146067416
5073.694117647059
4951.373493975903
4920.186046511628
4959.979797979798
5412.858585858586
5502.969072164949
4382.13
5210.602150537635
4869.171717171717
5460.75
5070.702127659574
5639.07
4992.651685393258
5550.8
5911.4
5640.42
5639.95
5641.18
5642.31
5551.32
5642.59
6088.1
5732.56
5641.09
5642.72
6003.1
5554.797872340426
5731.56
5698.752688172043
5234.9047619047615
5553.978260869565
5648.197916666667
5910.18
4946.320987654321
5068.9277108433735
5242.453488372093
5749.739130434783
5400.241379310345
5647.46875
5603.505494505494
5934.265957446809
5649.244680851064
5554.106382978724
5732.56
5689.757575757576
5658.045454545455
5732.08
5691.731958762886
5641.33
5647.625
5554.18085106383
5456.858695652174
6089.96
5554.436170212766
5403.539325842697
5732.23
5307.692307692308
5405.846153846154
5999.93
5100.876404494382
5841.223404255319
5302.662921348315
5695.5684210526315
5731.51
5820.43
5641.37
5910.22
5641.38
5690.272727272727
5298.045977011494
5731.25
5693.103092783505
5644.959183673469
5553.583333333333
5688.858585858586
5823.13
5822.34
5460.5
5598.828282828283
5731.76
5647.302083333333
5732.24
5688.777777777777
5731.4
5732.51
5731.48
5731.92
5730.96
5731.96
5823.22
5731.64
5730.45
5822.31
5553.63
5822.46
6178.47
5730.76
5255.0
5731.84
5642.93
5647.28125
5731.72
5911.34
5731.58
5918.806122448979
5732.03
5820.99
5732.3
5913.06
5869.969696969697
5822.48
5780.707070707071
5820.64
5732.47
5688.49494949495
5871.50505050505
5601.9157894736845
6089.56
5553.510638297872
5822.25
5644.34693877551
5688.656565656565
5821.1
5598.686868686868
5779.555555555556
5823.15
5741.270833333333
5507.092783505154
5553.34693877551
6057.876288659794
5870.535353535353
5785.40206185567
5820.95
5599.2474226804125
6001.05
5870.090909090909
5740.645833333333
5599.0
6010.367346938776
5912.06
5822.25
5821.95
5735.765306122449
5649.904255319149
5870.414141414141
5871.333333333333
5827.755102040816
5911.85
5642.84
5821.91
5695.821052631579
5732.38
5505.10752688172
5732.72
5642.0
5696.073684210526
5599.242424242424
5731.6
5823.08
5644.469387755102
5731.92
5912.34
5643.15
5871.272727272727
5646.739583333333
5731.8
5553.595744680851
5733.52
5822.36
5784.938144329897
5554.1875
5732.27
5551.94
5552.84693877551
5552.83
5358.434782608696
5736.255102040816
5733.52
5736.418367346939
5732.2
5695.5684210526315
5455.380434782609
5505.387096774193
5600.663157894737
5961.151515151515
5695.210526315789
5977.38947368421
6101.275510204082
5741.510416666667
5844.989130434783
5912.82
5731.0
6009.938775510204
5838.829787234043
5736.724489795918
5600.278350515464
5785.164948453608
5732.95
5507.773195876289
5821.51
5689.818181818182
5732.36
5553.648936170212
5731.99
5821.17
5732.44
5552.94
5741.34375
5736.377551020408
5822.15
5912.74
5600.268041237114
5646.65625
5732.8
5731.17
5821.63
5822.42
5731.4
5553.96875
5731.5
5741.708333333333
5642.81
5692.628865979382
5911.3
5785.082474226804
5733.06
5822.71
5458.829787234043
5733.47
5459.59375
5732.12
5692.226804123711
5911.75
5642.69
5731.85
5731.8
5599.515151515152
5193.61
5105.11
5730.27
5821.63
5645.3877551020405
5645.84693877551
5642.94
5732.41
5642.96
5554.47
5553.02
5642.36
5508.092783505154
5732.66
5643.23
5642.85
5554.01
5553.42
5551.44
5642.38
5554.68
5553.322916666667
5642.56
5644.27
5552.6
5731.51
5642.15
5554.31
5553.72
5551.52
5733.41
5463.99
4836.05
5643.75
5210.32967032967
5105.42
5821.14
5736.928571428572
5646.102040816327
5732.09
5359.967391304348
5375.46
5555.717391304348
5971.731958762886
4926.73
5462.95
5506.736263736264
5413.231578947369
5014.05
5823.03
5597.979797979798
5013.86
4835.47
4655.32
4743.99
4925.09
5822.69
5779.424242424242
5196.1
5643.26
4835.38
4475.81
5646.520833333333
5642.86
5103.29
5194.65
4658.38
5412.894736842105
4746.3
4475.95
5463.43
4386.22
5193.87
4824.163265306122
5462.34693877551
4834.54
5014.38
4834.67
4924.97
5095.816326530612
5411.5684210526315
5104.41
5014.23
4296.45
5417.535353535353
4834.36
4655.34
4835.53
4744.57
5095.816326530612
4659.17
4835.02
4744.62
5014.84
5015.1
4835.08
4924.16
4924.51
5016.22
4834.42
4477.12
4745.26
4565.21
4835.11
4743.73
5104.08
4747.31
5104.64
4924.35
5016.95
4657.06
4834.23
4834.83
4565.83
5103.92
4925.02
4833.75
4744.11
4476.32
4115.84
4563.98
4923.24
4744.68
5013.14
4833.81
4833.33
4925.07
5014.33
4744.45
4833.93
4834.4
4475.96
4834.0
4833.96
5013.75
4476.36
4566.5
5104.02
4745.4
4655.48
4912.091836734694
4744.78
4746.37
4925.1
4475.43
4744.7
5266.712765957447
4924.67
4992.989583333333
4654.98
5044.784090909091
4924.88
4655.45
5077.127659574468
5015.69
4564.86
4746.93
4926.05
4834.92
4924.5
4834.2
4833.69
5014.22
4565.34
4899.885416666667
4328.89898989899
5185.64705882353
4566.65
4567.28
4655.22
5015.91
4476.23
4566.55
4206.9
4656.16
4744.29
4386.55
4746.49
4567.45
4656.71
4656.82
4656.33
4747.07
4386.56
4297.44
4746.39
4296.77
4389.04
4388.59
4567.89
4915.311688311688
4445.569892473119
3759.09
4296.91
4297.08
5188.030612244898
4567.29
4897.933333333333
4246.697916666667
4410.81914893617
5017.933333333333
3848.34
3937.4
3937.87
3938.6
4207.57
3399.25
3968.6666666666665
4029.67
3847.77
4029.34
4566.83
5241.5352112676055
5920.878378378378
5019.04
4567.52
4208.04
4207.58
3938.51
3848.27
4117.16
4117.56
4121.40206185567
5142.030303030303
5820.33
6000.5
5374.32
4117.58
4157.264367816092
3753.85
3971.675675675676
1721.514705882353
3216.57
2030.7567567567567
1244.090909090909
2079.5154639175257
3036.28
2142.45
2590.98
2203.0759493670885
2062.733333333333
2402.5851063829787
2592.41
2862.34
2052.21
2590.54
3848.9
4206.8
6539.27
5461.18
6943.735632183908
7490.938271604939
5010.16
5503.626262626262
5280.79
5190.01
4471.94
2498.57
2499.99
4292.92
2409.48
2678.21
2857.28
1691.85
2618.469387755102
2319.67
4022.19
4201.08
4018.5824175824177
4876.172413793103
3596.6304347826085
3983.7191011235955
2766.94
4449.3877551020405
4534.741935483871
3394.97
3813.5113636363635
2229.87
1585.6376811594203
1914.0675675675675
2629.686046511628
2173.179775280899
2678.14
2049.89
3236.10101010101
4447.540816326531
3981.2558139534885
4323.343434343435
2081.701030927835
2409.23
4154.275862068966
4201.16
2556.690476190476
5316.705128205128
4575.865979381443
4019.159574468085
4668.554347826087
4848.111111111111
5607.739726027397
3733.744680851064
4879.691489361702
6221.825
4668.673913043478
5016.365591397849
5838.467532467533
4381.04
3418.8282828282827
3479.9101123595506
3722.3406593406594
3782.2134831460676
3330.597701149425
3861.1075268817203
4462.231578947369
6088.68
5638.77
4831.34
4332.302083333333
3306.22
2857.13
4244.290322580645
4083.967391304348
3215.87
4082.0714285714284
4376.326086956522
4591.606382978724
4113.13
3127.2
3217.29
2589.03
2429.9021739130435
2611.885057471264
3033.2087912087914
3306.65
3669.19
3760.86
3398.43
4504.909090909091
4570.739130434783
4083.8804347826085
4290.76
4687.170212765957
4380.35
4960.782608695652
4686.872340425532
4205.01030927835
4575.072164948454
3813.5113636363635
3835.855670103093
4082.9052631578948
3988.4736842105262
3694.3152173913045
4290.92
4385.99
4202.49
4629.881720430108
4518.072916666667
4571.173913043478
5375.4177215189875
4833.079545454545
4533.1612903225805
4611.854166666667
3480.1685393258426
4470.02
4052.7419354838707
4201.66
4111.7
4020.478723404255
4496.425531914893
4381.47
4425.041666666667
3536.919540229885
4447.989795918367
4533.419354838709
4437.043010752688
4591.86170212766
4504.262626262626
3753.71
3860.6344086021504
3896.021052631579
3487.09
4056.0666666666666
3755.41
4205.18
2783.68085106383
3396.21
4183.04347826087
4295.93
3959.1612903225805
4390.412371134021
4202.65
3802.978947368421
4598.151515151515
3755.87
4247.698924731183
4201.9
4112.9
4024.49
4482.958762886598
4518.364583333333
4114.68085106383
3575.21
4653.17
3940.37
4295.22
4206.76
4562.67
4595.323232323232
4111.97
3192.092783505155
3022.1264367816093
3844.65
3576.24
3841.7380952380954
4204.16
4292.45
4560.05
2859.55
2975.0
3057.358024691358
3404.086956521739
3308.3
3113.467391304348
4026.83
3592.59375
4656.22
5195.05
4744.65
5143.136363636364
5074.435294117647
4923.604651162791
4462.115789473684
4651.863157894737
4751.5
4859.482352941176
5023.930232558139
4690.056179775281
4797.916666666667
4650.82
4566.1
4562.71
4690.878787878788
4953.432989690722
4925.88
5012.48
4659.32
4884.95
5025.333333333333
5258.869565217391
4563.3
4519.760416666667
4555.505263157895
4560.55
4741.5
5112.720430107527
5283.5
5009.61
4922.15
4730.272727272727
4575.783505154639
4772.218390804598
4574.119565217391
5171.0
4908.714285714285
4968.976470588235
5230.761904761905
4835.795454545455
4974.641025641025
4706.072916666667
4998.487804878048
4448.367346938776
4966.129411764706
4649.91
4564.56
4921.09
4472.63
5102.42
4162.476190476191
4742.23
4539.408163265306
4382.54
4471.64
4296.46
4835.18
4742.56
5268.916666666667
5143.943181818182
4189.891304347826
4976.505882352942
4914.190476190476
4871.317647058823
4791.829268292683
5014.91
5369.071428571428
4510.686046511628
4896.890243902439
5102.92
5146.979797979798
4547.2959183673465
4596.959595959596
4675.158536585366
4907.571428571428
5365.2040816326535
5551.95
4205.16
4924.19
4833.91
4765.35294117647
5012.5
4760.948453608247
4922.57
5101.6
4832.32
4741.81
5302.146067415731
5192.82
4924.11
5099.91
4454.333333333333
5192.64
4655.25
4923.18
4744.88
5014.61
4821.593023255814
4795.449438202248
5554.95
5137.418604651163
4921.71
4294.1
4706.166666666667
4924.36
4475.1
4834.76
5105.64
5104.26
4969.282608695652
4921.8
5096.359550561798
4793.29213483146
4922.4
5192.59
5132.144329896907
5101.38
5192.32
5012.82
4924.42
4831.12
4966.435294117647
5279.45
4726.322580645161
4867.474747474747
5100.44
5372.68
5279.22
5191.75
5321.747474747474
4833.59
4291.28
4390.309278350515
4962.391304347826
4920.57
4832.26
4563.79
4383.58
4153.233333333334
5011.67
4652.38
4932.8
4528.786666666667
4734.8674698795185
5016.397849462365
4192.483146067416
4800.083333333333
4834.26
4743.19
5014.36
4653.01
4451.0
4742.28
4923.57
4959.080808080808
5372.85
5193.17
5283.39
5550.56
5086.947916666667
5192.33
4924.05
5102.02
5373.16
5190.35
4427.1375
4964.141304347826
5364.229166666667
4180.763888888889
5011.91
5012.25
4920.14
5371.47
5010.77
5281.71
4511.307692307692
5100.6
4782.695121951219
5009.9
4463.357894736842
4551.855555555556
5193.04
5101.14
5011.5
5369.11
5369.45
5641.38
5102.33
5282.52
4923.22
4921.98
4740.22
5010.61
4125.658536585366
5102.39
5461.39
5191.2
5009.86
5192.6
5284.13
5013.49
5102.0
4418.036144578313
4761.958762886598
5459.37
5460.83
5190.31
5462.13
5284.3
5192.05
4588.316455696203
4654.35
4831.42
5011.09
5503.547368421053
5194.13
5281.61
5011.61
4920.02
5461.45
5371.63
5373.61
5224.257731958763
5730.51
5460.35
5641.83
5460.77
5642.05
5553.99
5415.111111111111
5459.193877551021
5732.06
5371.4
5908.75
6091.3
5282.93
5462.7
5463.07
5458.734693877551
5463.42
4654.12
4510.8488372093025
5012.62
4922.31
5050.171717171717
5099.98
4867.484848484848
5548.64
5011.44
5279.56
5819.81
5550.2
5462.01
5641.18
5731.19
5551.08
5646.882978723404
5732.48
5640.51
5282.63
5550.927083333333
5687.161616161616
5552.56
5732.67
6180.91
5731.62
5168.5
5731.84
5822.32
5642.65
5359.782608695652
5551.89
5106.0329670329675
5407.968421052631
5363.895833333333
5733.22
5733.79
5359.063829787234
5282.63
5641.75
5640.54
5640.7
5461.03
5778.181818181818
5731.89
5642.37
5151.288888888889
5641.73
5642.8
5642.18
5551.7
5411.329896907217
5554.5
5731.61
5821.25
5910.66
5461.8
5642.74
5551.96
5910.78
5282.18
5452.663043478261
5553.1
5551.51
5733.18
5822.59
5782.340206185567
5821.51
5643.31
5457.09375
5641.88
5597.556701030928
5550.833333333333
5551.61
5159.95652173913
5503.821052631579
5917.806122448979
5599.4838709677415
5910.85
5733.38
5598.903225806452
5910.18
5912.85
5911.84
5820.94
5820.7
5640.38
6180.79
5502.6736842105265
6060.855670103093
5642.43
5910.43
6002.53
6050.686868686868
5642.48
5395.551724137931
5778.383838383838
5551.0
5821.22
5698.978021978022
5822.76
5912.82
5881.7052631578945
6093.34
6270.89
5913.55
5501.4946236559135
5692.3263157894735
6000.12
6001.42
6001.13
6092.54
5821.65
5822.88
5741.925531914893
5976.873684210526
6182.55
6450.16
6193.081632653061
5823.93
6180.9
5687.454545454545
5598.846153846154
6091.44
5911.13
5640.79
5553.2040816326535
5909.85
5596.353535353535
6092.68
6091.79
5703.2967032967035
6270.62
5821.76
6540.88
6179.98
6271.52
5550.113636363636
6361.26
6180.32
6140.50505050505
5074.552941176471
6231.777777777777
5881.852631578948
6265.340909090909
5937.287234042553
6360.83
6093.56043956044
6539.45
6136.760869565217
6206.0
6179.94
5912.58
6450.91
6413.555555555556
6362.14
6234.510869565217
6054.066666666667
5433.948717948718
6112.65625
5928.566265060241
5657.130952380952
5447.897727272727
5820.45
5912.52
5221.134146341464
4968.858823529412
5085.068965517241
5062.674698795181
5601.850574712644
5959.666666666667
6315.68085106383
5341.279069767442
5652.75
5838.148936170212
4818.709302325581
5244.454545454545
5346.079545454545
5808.632183908046
6270.57
5601.224719101124
5641.91
5837.563829787234
6101.122448979592
5395.586206896552
5921.693877551021
5225.061855670103
5797.2307692307695
5452.478260869565
5643.24
5051.333333333333
5746.086956521739
6361.61
5095.5842696629215
5912.46
5298.179775280899
5197.011235955056
5732.95
6181.21
4951.633333333333
5351.166666666667
5642.85
5595.595959595959
5347.697674418605
5640.41
6452.28
6271.65
5606.247191011236
5914.04
5719.349397590361
5352.204545454545
4937.806818181818
5600.528089887641
5040.443181818182
6271.39
5298.146067415731
5967.855670103093
5644.59375
5457.270833333333
6001.37
6359.89
5038.545454545455
5351.233333333334
5346.954545454545
5729.88
5141.977272727273
5911.89
4923.988372093023
5875.288659793814
5687.434343434344
5504.546391752578
6271.88
5910.73
6272.39
5549.755102040816
6271.63
6196.306122448979
5647.081632653061
5612.222222222223
5362.458333333333
6092.58
5911.54
5693.178947368421
4949.877777777778
5823.32
4802.1547619047615
5595.762886597938
5303.549450549451
5197.23595505618
6001.99
5605.208791208791
5358.0
5371.91
5641.34
6003.0
5690.257731958763
5782.577319587629
5341.940476190476
5796.709677419355
5409.031578947369
5732.61
5553.04
4964.869565217391
5282.1
5821.07
5462.0
5732.91
5504.938144329897
5642.5
5355.304347826087
6002.1
5073.18085106383
5913.23
5640.85
5553.58
4850.166666666667
5821.53
4950.711111111111
5642.12
5371.29
5910.72
5641.72
5640.83
5124.421052631579
4826.021505376344
5072.04255319149
5082.854166666667
5029.821052631579
5458.459183673469
4865.880434782609
5729.94
5072.234042553191
5359.212765957447
5371.68
5414.10101010101
5911.42
4825.440860215053
5912.27
5414.121212121212
5141.656565656565
5731.35
5505.343434343435
5275.1122448979595
5462.12
5269.916666666667
5011.99
4963.70652173913
5460.54
5182.806122448979
5642.41
4728.5268817204305
4690.54255319149
5193.04
5225.2474226804125
5998.91
5018.258064516129
4855.041237113402
5203.571428571428
4850.888888888889
5731.06
5642.58
4989.96875
5030.757894736842
5073.010638297872
5104.406593406594
4692.808988764045
5552.31
5203.505494505494
4840.242105263158
5218.736842105263
4709.89010989011
5642.13
4831.08
4764.164948453608
4670.565217391304
4785.425531914893
4632.537634408603
4710.505494505494
4498.053191489362
4671.695652173913
5276.010204081633
4881.31914893617
4950.988888888889
5063.304347826087
4948.484536082474
4729.5161290322585
5641.28
5461.42
5461.53
4498.797872340426
5459.806122448979
4651.811111111111
4768.902173913043
4948.731958762886
4785.287234042553
4651.747368421053
4450.0
4558.38947368421
5191.91
5052.020202020202
4728.569892473119
4631.451612903225
4594.148936170212
4615.302083333333
4557.38947368421
4880.872340425532
5551.35
4745.126315789474
4404.659574468085
4728.548387096775
4428.635416666667
4542.714285714285
4536.623655913979
4725.418367346939
4594.04255319149
4486.587628865979
4597.131313131313
4451.7040816326535
4578.40206185567
4462.357894736842
4598.393939393939
4542.581632653061
4383.97
4294.25
4473.49
5102.62
4417.454545454545
4923.22
4472.85
4652.78
4507.909090909091
4834.05
4543.040816326531
4541.530612244898
4293.61
4383.5
4384.19
4294.05
4293.81
4485.907216494846
4383.26
4359.897959183673
4417.444444444444
4472.2
4293.81
3898.2105263157896
4205.2
4415.434343434344
4204.81
3845.51
4416.414141414141
4384.05
4359.8877551020405
4383.7
4294.83
4268.7959183673465
4294.25
4294.48
4293.54
4114.09
4115.14
4293.52
4382.36
4296.05
4025.45
4203.47
5192.36
4115.26
4024.97
3845.21
4295.45
3845.47
4415.858585858586
4115.18
4562.53
4744.66
4382.83
4114.04
4114.36
4562.71
4203.89
4295.79
4204.84
4205.01
3844.42
4113.79
4024.05
4475.66
4024.5
4294.29
4114.27
4203.35
4834.35
4023.72
3933.92
3845.62
3934.49
4113.91
4113.8
4268.559523809524
3844.25
4415.282828282829
4293.39
4024.05
4025.36
3665.66
4203.3
4673.319587628866
4473.92
4086.2105263157896
4473.63
4027.42
4474.24
4383.9
3485.53
4204.9
4204.14
3665.4
3755.07
5012.6
4295.67
3576.18
4564.57
4566.11
4296.84
3934.27
4203.62
4925.16
4924.98
3755.81
4205.71
4298.430232558139
4024.54
4024.55
3692.4545454545455
3755.66
4428.072916666667
3806.6388888888887
3486.73
3755.64
3529.5274725274726
4515.294871794872
3935.16
4293.47
3754.65
3306.98
3846.18
3755.37
3665.41
4115.88
4204.65
3667.2
4294.89
5102.71
3934.13
4655.54
4745.55
3937.06
4203.43
6002.17
4026.54
3841.285714285714
3575.96
4655.29
4294.17
4203.9
4382.51
4203.34
4385.59
4115.2
4833.05
4205.06
3755.79
3667.19
4024.14
3935.17
4025.03
3577.05
4024.87
3845.82
4115.53
4923.31
3809.6588235294116
3845.53
3845.85
3755.53
4524.0625
4024.84
3666.41
4116.28
4382.85
4564.89
3755.38
3844.83
4382.7
4024.8762886597938
4024.69
4114.67
4205.49
4204.4
3934.91
3487.61
4383.84
3985.9418604651164
3665.93
4024.95
4025.05
4114.28
3486.77
4293.31
4294.99
3719.7244897959185
3397.35
4024.94
3577.15
3666.68
3962.09375
4025.11
3486.79
3397.78
3935.82
3487.39
3576.86
4025.13
3756.76
3935.61
3576.88
4296.18
3577.27
3396.65
3396.79
3666.12
3397.06
3308.17
3576.96
4656.16
3488.13
4026.33
3576.83
4474.09
3665.64
3576.6
3845.26
3576.41
4116.34
3128.39
3666.5
4113.96
3486.44
3755.4
3845.38
3756.85
3397.26
4296.61
3577.2
4745.7
4836.81
4476.12
3668.22
4117.74
3847.21
3397.23
3218.29
3487.97
3576.75
4925.54
3937.66
4027.1
3488.33
3643.3617021276596
3577.14
3128.79
3057.5757575757575
3487.7
3602.5555555555557
4489.855670103093
3576.34
3487.73
4476.5
3037.74
3217.06
3487.2
4116.02
4116.34
3537.1326530612246
3486.59
3937.01
4475.52
4657.03
3756.82
5105.86
4567.97
4657.25
4026.44
3127.93
3577.87
4057.10101010101
4476.19
4836.01
5732.92
3846.77
3397.05
3845.02
3486.33
3127.58
3562.5670103092784
3577.27
3307.34
3218.42
3218.37
3308.39
3039.42
3398.53
4116.32
4118.25
4026.44
4476.33
3847.85
3512.4949494949497
4655.87
3578.58
3308.42
3397.32
3128.9
3308.43
3218.23
3218.64
3576.87
3129.03
3488.17
3217.81
3218.3
4117.0
3577.14
3307.14
3308.1
3128.33
3217.99
2967.2626262626263
3578.04
3127.66
3127.79
4656.25
4026.35
3486.31
4028.18
4924.1
3486.86
2678.94
4205.77
3127.78
4026.39
4746.47
5644.8
3936.88
3308.34
5971.649484536082
3785.121212121212
3128.5
3127.75
3218.49
3577.86
4655.69
5105.31
4207.62
3128.36
3397.24
3397.32
3307.24
3128.15
3038.97
5016.7
4923.52
3397.91
3666.39
3218.43
3308.16
3218.66
4206.4
4926.3
4296.1
3512.6767676767677
4117.07
3667.68
4836.09
4026.49
4565.56
5375.0
3037.78
4836.39
4117.14
3308.29
3218.16
3486.57
4026.3
3306.77
3398.28
3307.9
3577.31
3039.3
5195.09
4207.02
3847.76
4656.44
3486.51
3487.39
3757.01
4744.61
4295.44
4745.61
5555.822916666667
4835.3
3757.05
3937.27
4475.03
3756.57
3666.38
3396.85
3397.52
4027.23
3398.27
3149.3535353535353
3845.6
3307.26
4026.28
3487.95
3486.67
3397.01
4655.77
3037.35
3935.76
3846.23
3935.28
3755.38
3846.12
3409.3636363636365
3576.95
3666.68
3397.47
3218.73
3577.26
3484.3146067415732
3306.4
3846.19
3666.38
3783.3030303030305
3397.13
3217.0
3397.5
4115.02
3425.4210526315787
3380.52688172043
3397.46
3666.07
3756.09
3756.6
3128.09
3666.93
3845.24
3577.16
3845.63
3757.09
4027.1
3486.53
3812.122448979592
4475.44
3937.17
3397.6
3577.07
3576.55
3127.38
4564.56
3445.4489795918366
3487.19
3577.27
3577.0
3666.98
4025.03
3935.74
4745.37
3666.64
4025.4
3756.14
3666.33
4924.9
3487.5
4565.75
4654.64
3397.87
3846.11
3666.37
3666.24
3845.98
3844.75
3575.16
4205.24
4118.515463917526
5004.285714285715
4186.260869565217
4924.05
4385.28
4475.21
4205.45
4834.76
4834.26
4564.29
3747.360824742268
3666.19
3811.2448979591836
4385.15
3845.49
3396.5
3396.98
3845.91
3845.05
3665.69
3845.91
3573.2580645161293
3756.588888888889
3935.54
3666.55
3397.33
3755.8
3935.93
3845.69
3681.8854166666665
4383.75
4565.1
4835.5
5193.78
4835.08
4745.16
4205.49
4655.43
5193.01
3665.92
3666.51
3486.35
3855.9666666666667
3715.0454545454545
4385.78
5014.42
4115.66
3936.04
4026.8
3934.96
4025.64
4299.825581395349
4632.192307692308
4025.37
4655.35
4384.47
3846.06
3745.5862068965516
4653.97
3666.24
3902.734693877551
4162.285714285715
4517.0
4653.83
4115.41
4565.19
4469.333333333333
3934.37
4204.27
3576.2
3845.52
4728.765306122449
4832.21
4562.064935064935
4654.1
5264.936170212766
4473.68
4562.92
5271.1875
3934.91
4743.23
3934.58
4652.9
4652.56
4114.36
4563.17
4293.08
4563.42
4203.39
4831.85
4562.71
4562.84
4563.53
5011.83
4742.26
4473.06
3753.23
4204.16
5012.51
3842.95
4292.76
4921.82
3932.92
4833.92
3843.6
4023.54
4832.47
4474.31
5013.62
4473.19
4292.56
3663.64
4203.01
3932.6
4599.717171717171
3664.77
3754.28
3754.04
3934.12
3932.96
4111.86
4022.35
3574.95
4022.87
3753.58
4292.8
3755.21
4833.38
3843.89
4779.060606060606
5371.84
4202.65
5133.938144329897
4202.77
4832.9
4652.72
4203.46
4654.12
3755.23
4204.11
4654.0
4023.43
4564.48
4652.22
3755.13
4294.61
4473.15
4562.81
4382.15
4744.01
4832.42
5191.84
3663.45
5012.52
3933.14
4693.547619047619
4113.37
4741.19
4203.13
5101.8
5372.29
4184.336956521739
4652.34
5012.84
4023.36
4762.886597938144
4201.86
4382.78
4383.19
4561.81
4922.13
5192.21
4205.23
4024.35
4113.18
4024.27
4203.33
4203.14
4291.64
5191.62
4923.63
4742.82
4024.42
4832.42
4292.92
4358.65306122449
4744.29
4383.48
4654.28
4743.28
4113.87
4833.74
5009.692307692308
3934.55
4204.09
4024.47
4023.49
3935.32
4023.93
4204.11
3664.29
4292.6
5102.23
4882.085106382979
4743.84
3576.3
4114.14
4489.505617977528
3844.74
3755.57
3535.765306122449
4024.29
4025.26
4205.57
3845.97
3666.15
4114.1
3935.48
3934.91
4023.9
3844.8
4203.67
3576.92
3576.35
4294.95
4744.89
3576.05
4671.119565217391
4025.41
4564.17
3576.28
3664.49
4474.32
4473.5
4565.71
3935.81
3666.35
3934.16
4026.63
3824.703296703297
3934.13
4538.7125
4294.2
4565.17
4474.94
4898.0625
4203.37
3665.78
3755.94
3935.56
3755.81
3844.65
4473.94
3844.87
3666.94
3487.55
3666.63
3845.98
3666.85
3487.03
4026.07
3934.56
4115.41
3397.93
4295.67
3846.52
4114.42
3844.97
4294.39
4024.03
3844.61
3934.88
4240.3125
4024.19
3576.56
4115.97
3755.82
4024.7
3955.5666666666666
3666.94
3756.2
3487.44
3397.92
3756.48
3666.85
3992.0526315789475
4024.07
3845.25
3397.87
4834.52
3666.9
3756.28
4024.47
5372.18
4406.191489361702
4247.817204301075
4475.27
4203.65
4476.07
4833.98
4114.3
4655.13
4393.81443298969
4295.53
4114.38
3845.73
4024.57
4205.51
4114.55
4113.7
4024.07
4203.97
4024.07
4113.7
4024.65
3845.83
4564.62
4024.71
3756.38
4024.43
4727.193877551021
4113.66
3934.95
4113.82
4473.1
4113.97
3756.19
3576.35
4113.86
4024.28
4024.57
3845.05
4564.99
4024.77
4206.25
4114.47
4268.316326530612
4176.673469387755
3845.55
4452.326530612245
4025.24
3845.82
3575.71
4114.63
3935.34
4203.88
4114.65
4024.27
4416.111111111111
3754.34
4293.0
4209.01030927835
5103.23
4023.83
4024.07
4024.25
4024.27
3845.1
3755.31
4293.26
4114.36
4114.62
3486.05
4023.59
3844.59
3754.38
4203.29
4382.83
4113.74
3844.94
4673.252873563219
4203.45
4293.37
4204.07
3935.55
3665.26
3753.94
3755.32
3754.5
4024.81
4203.89
4292.28
4563.63
3754.66
4384.05
3844.31
4204.46
4383.49
3666.16
3933.71
4114.11
4024.32
4383.51
4293.36
4114.16
4023.92
3846.14
4113.74
4293.12
3665.56
4113.95
4023.87
4343.806451612903
4204.01
4203.49
4113.22
3935.39
4203.09
3664.88
3754.9
4024.67
4176.591836734694
4114.45
4203.33
4113.92
3755.26
3664.95
4203.33
3756.37
3575.3
4024.63
4024.79
3754.57
3754.6
4023.79
3934.61
4203.84
3575.27
4382.75
3485.86
3664.91
3575.61
3934.67
3486.27
4453.177777777778
3756.1
4687.79797979798
3574.53
4203.41
4203.17
4022.95
3664.84
3843.65
3485.32
4022.59
3843.49
4204.07
3664.99
4114.05
4023.47
3664.4
3844.86
3934.3
4113.42
3933.72
3843.57
4745.128205128205
4925.493670886076
4416.313131313132
4383.31
4023.64
4383.02
4506.80808080808
4499.148936170212
4324.969696969697
4113.82
4203.53
3485.57
4382.56
4293.24
3844.25
3575.0
4541.816326530612
3934.39
3575.33
4113.7
3934.21
4472.42
4024.45
3934.56
3753.82
4113.29
3845.12
4113.54
3664.44
4557.1578947368425
3933.56
4147.53125
3934.28
3844.09
3933.91
3755.57
4024.25
3485.44
4150.924731182796
4293.44
4112.62
3664.15
3933.71
4023.15
4292.92
4023.11
4112.86
3575.19
3843.25
4291.84
4023.25
3664.19
4022.39
4113.46
4024.83
4022.79
3844.39
3665.39
4023.59
4292.87
4023.23
3754.18
3933.68
3844.13
4022.71
4023.95
3843.97
3753.74
3665.18
4292.72
3665.43
3754.76
3754.18
4113.3
4114.62
3754.73
3935.01
3754.91
3934.58
4023.5
4023.94
4687.878787878788
4707.5
4202.25
3843.17
4113.39
4202.5
4869.707070707071
4292.72
4024.22
3665.15
4023.99
3485.11
3843.93
4203.33
3395.8
3485.08
4293.92
3395.28
3933.84
3664.53
4024.32
3573.96
3754.04
3664.37
3754.79
3754.59
3485.58
3933.37
4024.37
4023.03
4382.58
3845.15
3664.53
3754.8
3844.38
3664.98
3754.35
3574.67
3575.12
3934.25
3664.4
4113.31
3665.01
3395.37
3664.3
3754.32
4203.46
4023.79
3574.61
3933.86
4292.64
3485.25
3934.0
3575.13
3934.49
4024.03
3754.02
3934.48
3574.61
3574.28
3843.73
3663.73
3933.64
3395.53
3395.21
3664.6
3934.31
3574.72
3754.0
4293.0
4113.18
3664.92
3845.0
3845.18
3664.71
4024.13
3664.86
3665.51
3933.93
3485.15
3664.59
3574.67
3395.63
3664.32
3934.4
3575.8
3395.83
4113.34
3664.2
3395.91
3934.55
3664.55
3844.36
3126.38
3754.74
3575.79
3934.66
3754.99
3484.92
3664.03
3665.02
3844.18
3485.38
3934.04
3843.85
3933.36
4291.8
3933.74
4203.65
3934.06
3933.83
4113.78
4113.64
4689.050505050505
4384.39
3843.41
4113.78
4113.62
3843.65
3754.74
3845.06
4114.42
3933.68
4473.66
3663.98
4113.59
4022.83
4203.17
3844.52
3395.62
3665.6
3754.69
4113.07
4024.05
3844.21
3933.84
4024.91
3664.94
4203.35
3754.86
4112.71
3395.04
3933.16
3933.26
4023.55
3305.95
4023.49
4024.15
3575.01
3901.9285714285716
3485.29
4293.76
4202.89
4651.72
4474.06
3844.08
4023.31
3664.97
4473.14
3843.81
4113.34
5010.72
3844.93
3576.17
4024.05
4393.319587628866
4292.47
4114.65
3575.08
3845.17
3664.63
4023.31
3934.51
3844.71
3754.15
4293.52
3843.93
3395.86
4784.90243902439
3844.13
3754.54
3754.58
3753.76
4382.95
4112.82
3843.73
3843.97
4203.05
4203.21
3665.57
4203.89
4023.96
3934.4
4203.17
4562.62
3845.18
3934.36
4114.02
3844.32
3754.5
3754.26
3395.78
3844.49
3754.58
3844.61
3664.89
3934.15
3486.25
3664.31
3934.24
3664.35
3844.28
4023.06
4023.67
4831.14
4022.63
3664.36
3484.93
4383.25
4023.94
3844.57
4383.43
3934.75
3844.37
4023.15
3754.82
3664.31
3485.5
4023.47
4203.49
3933.12
4113.35
4023.51
3844.37
3934.4
4113.66
3664.31
3574.48
4202.65
3575.08
4293.06
3485.81
3934.19
4022.99
3664.87
4023.31
4473.24
4203.13
4293.12
3843.83
3754.14
3933.08
3574.24
3574.99
3574.36
4202.33
3664.35
3932.68
3395.05
3574.56
3843.97
3665.19
3663.87
3933.6
3753.62
3574.72
3754.06
3664.07
3843.97
3933.64
4023.31
4203.17
3843.97
3843.89
4023.67
4202.41
4023.91
3754.14
4203.27
4022.83
3574.12
4023.75
3394.98
3574.68
3932.92
3933.08
3664.07
3933.6
4023.47
3933.24
4112.54
3754.18
4203.09
3754.42
4202.85
3844.09
3754.5
4023.27
4202.85
4113.34
3933.32
4023.07
4023.39
4203.77
3933.44
3754.06
3664.83
3664.63
3485.97
3485.49
3753.74
3574.4
3753.58
3665.63
3036.27
4023.31
4023.11
3844.05
4382.63
3843.53
3933.8
4236.858585858586
3485.13
3574.6
3933.4
4112.42
3844.09
3753.9
3575.0
3753.9
3933.8
3934.16
4113.78
4023.07
4023.47
3664.11
3754.01
3395.26
3664.79
3933.88
3933.08
4022.83
3754.34
3753.86
4112.54
3843.33
4022.95
4202.89
3753.86
3933.08
3843.81
3664.15
4022.35
3305.39
3305.95
3664.59
3484.81
4023.95
4203.41
4113.5
3843.77
4292.44
4203.13
4024.79
3664.47
3933.68
3933.8
4292.84
3754.06
4023.55
4112.98
3843.6
4203.01
3664.71
3843.61
4203.97
4023.71
4202.65
3754.3
3933.36
3933.48
3845.21
3575.04
4203.57
4203.53
3574.48
4023.79
3934.16
3753.78
3843.89
3754.74
4202.73
4202.69
3843.21
3664.31
4204.25
4114.1
4023.51
4203.37
4563.45
4023.47
3932.68
4563.33
4293.56
4561.33
3754.34
4202.45
4383.39
4293.08
3843.05
3485.45
4293.0
3664.59
3754.14
4113.86
4022.87
3934.16
3664.59
3484.41
4023.31
3843.93
4113.9
3935.0
3486.13
3484.93
3394.9
3484.73
3574.52
3665.19
4023.99
3395.3
3484.77
3574.28
3574.56
3753.5
3664.03
3394.85
3484.93
3485.89
3664.27
3484.53
3394.94
3754.5
3844.01
3484.21
3574.52
3843.53
3664.63
3484.81
3574.08
3754.62
3664.03
3753.9
3573.72
4023.59
3484.01
3573.88
3663.43
3484.45
3484.33
3663.59
3573.44
3843.63
4023.39
3484.21
3663.83
3574.52
3932.48
3305.21
3394.62
3484.33
3663.63
3304.59
3842.73
4204.09
4113.5
3574.28
3574.76
3574.32
3484.09
3394.62
3574.32
3663.79
3843.45
3663.79
3754.14
3842.81
3711.568181818182
1541.232142857143
4114.62
5229.144329896907
5278.142857142857
5503.89247311828
4857.969072164949
5299.528089887641
5325.747474747474
5103.15
4744.37
4293.72
5282.17
5283.29
4634.010752688172
4742.83
4293.84
4359.918367346939
4758.552941176471
4024.3
4922.57
4114.02
5102.51
4563.21
4922.61
4832.62
4563.53
4472.82
4023.39
4742.66
4742.51
4113.9
4832.06
4949.958762886598
4293.96
4980.758620689655
4653.0
4202.97
4852.155555555555
4742.07
4383.15
4652.88
4292.12
5191.02
4383.47
4832.86
4522.822916666667
4831.94
5000.540816326531
4563.37
4652.8
4203.89
4204.17
3755.74
4563.09
4292.84
4586.75
4114.66
5280.108433734939
4851.444444444444
4742.15
4473.5
4938.204545454545
4734.5
4293.28
5400.23595505618
4024.67
4776.229885057472
4203.89
4383.63
4734.5
4112.74
4383.47
4023.15
3754.88
3934.88
4023.91
5042.690721649485
4830.246913580247
4491.393258426966
4588.797619047619
4204.01
5133.360465116279
4936.957894736842
4023.79
5505.80808080808
5101.83
3933.84
4908.0
4983.103448275862
5190.068965517241
3691.5858585858587
4292.84
3844.29
5286.823529411765
4631.774193548387
3845.45
4203.13
3485.25
3753.62
4023.19
3753.5
4203.85
5063.55421686747
4301.494845360825
5015.607142857143
4507.292929292929
4969.541176470589
4471.86
4940.901234567901
4784.365853658536
4652.888888888889
5454.25
4923.523255813953
4564.17
5134.383720930233
4588.940476190476
4812.037974683544
4611.046511627907
3844.85
3844.53
4690.829787234043
3653.4845360824743
4112.9
4676.480519480519
3844.65
3843.49
3484.93
4652.711111111111
3934.16
4293.16
3754.34
3484.45
3664.31
3665.19
4202.53
3575.6
3215.88
3664.15
4023.79
4023.31
4293.88
3754.26
3753.98
3844.29
4022.91
4428.715909090909
3964.2020202020203
4202.41
3843.45
3902.469387755102
3719.5510204081634
4024.85
3484.97
3575.24
3753.86
3575.0
3755.46
3575.64
3845.25
3844.21
3754.62
4024.47
3665.35
3843.85
4024.27
3934.72
3574.76
3897.9684210526316
4113.9
4024.03
3395.14
3574.96
3844.69
4114.02
3754.06
3484.73
3574.92
3484.73
3485.05
3395.98
3485.33
3896.442105263158
3484.81
3754.46
3665.07
3843.81
3755.42
4514.648351648351
3574.36
3666.15
3844.13
3215.72
3665.87
3307.23
3395.34
3395.7
3485.57
3396.78
3664.79
3396.3
3664.27
3934.92
3755.14
3575.0
3575.56
3754.46
3215.64
3395.78
3753.78
4024.22
3665.23
3845.13
3664.71
3574.6
3395.22
3485.65
3665.39
3575.76
3574.4
3844.73
3305.79
3485.37
3664.15
3395.9
3305.67
3754.5
3574.92
3575.28
3665.71
3845.05
3395.02
3664.59
3485.67
3215.48
3485.41
3754.06
3964.0
3664.55
3485.25
3485.49
3665.43
3484.77
3574.6
3664.67
3664.59
3755.62
3754.74
3666.41
3395.34
3575.4
3395.26
3395.74
3486.37
3574.76
3574.84
3307.42
3396.87
3665.27
3665.75
3485.25
3484.77
3484.97
3665.87
3486.2
3215.92
3395.34
3844.57
3933.84
3575.19
3485.25
3395.7
3485.05
3845.49
3485.09
3753.86
3484.97
3664.11
3485.05
3665.83
3485.93
3755.3
3485.17
3664.63
3844.61
3664.43
3574.88
3755.78
3485.17
3754.06
3574.8
3575.84
3484.73
3485.05
3664.43
3485.81
3305.87
3664.31
3574.96
3574.76
3575.52
3843.61
3843.57
4113.82
3844.81
3665.19
4203.37
3933.56
3395.66
3843.57
3664.31
3933.36
3753.94
3395.26
3753.98
3844.73
3843.73
3574.72
3755.18
3753.94
4113.82
4023.55
4024.03
4293.0
3933.12
4113.82
4024.03
4382.31
3754.53
4022.87
4024.27
4023.67
4022.67
3932.92
3933.76
3664.07
3934.4
3933.48
4024.03
3665.23
4022.95
3844.01
3395.46
3664.23
3933.96
4024.11
3934.48
4023.07
4023.15
3574.68
4113.94
3933.48
3754.02
3934.16
3844.13
3664.39
4383.19
3754.38
3843.41
4023.35
3753.9
3753.74
4022.79
3665.9
3753.98
3933.4
3754.66
4203.21
3575.28
4383.51
3843.61
3933.48
4113.43
3934.48
3844.93
3933.92
4022.83
4203.85
3933.16
3754.18
3933.04
4022.87
3933.28
3755.22
3934.64
3843.65
3844.33
3753.98
3664.11
3666.13
3933.68
4203.73
4383.27
3755.54
3845.42
3934.44
4024.07
3933.52
4383.91
3843.33
3754.22
4112.98
3755.48
3486.42
3754.5
4113.62
3933.44
3933.6
3755.1
4112.82
3753.74
3844.81
3753.86
3575.0
3933.8
3753.82
4024.27
4113.54
3843.41
3843.93
3934.04
4023.03
3665.39
4112.86
3934.28
4113.58
3754.18
3934.16
3934.32
4024.03
3753.9
3843.29
4024.07
3754.02
4023.55
3844.17
4115.2474226804125
4022.87
3843.49
4023.87
4183.478260869565
4293.51
4653.28
3932.92
3844.57
4113.22
3753.74
4024.07
4113.5
4022.75
4293.08
3754.69
4022.83
3844.69
3933.24
4203.33
3844.65
3843.89
3934.72
4400.930232558139
3485.45
4024.27
3754.94
3844.37
3933.76
4112.78
3844.61
3844.17
4112.38
3754.46
4415.50505050505
3934.4
4113.5
3872.6969696969695
4113.22
4472.3
4113.78
3933.84
3934.28
3844.85
4382.83
3844.65
3844.65
4113.7
4113.94
3844.25
3934.56
3755.02
4023.87
4113.58
3934.79
4113.66
4113.7
4023.99
4024.07
4113.42
4023.95
4202.97
4472.14
3844.65
4023.95
3844.57
4202.97
3844.38
3933.84
3844.17
4113.06
3844.25
4023.43
3934.08
3933.8
3933.96
3933.76
3844.09
3844.17
3933.72
4023.59
4112.94
3754.74
3754.86
3844.13
4563.53
3754.62
3933.64
4563.41
3844.29
3844.25
3844.25
4113.78
4024.07
4382.31
3754.66
3933.8
3755.06
4024.11
3754.54
3844.29
3933.92
4113.18
3754.69
4292.48
4023.83
4023.47
3844.92
4023.31
4023.83
4203.01
4202.85
4113.38
4113.18
3755.14
3754.78
4204.09
3754.66
3664.75
4114.26
4384.67
3845.17
3575.32
4023.43
4024.52
3933.88
4114.22
3844.05
3755.02
3844.17
3844.25
3933.88
4023.23
3933.68
3933.52
4381.75
3845.29
4023.39
4202.57
3934.16
4562.17
3844.45
4475.34
4203.53
3845.65
4023.15
3933.88
3933.88
3754.34
3665.11
3844.69
3933.84
3754.7
3486.11
4294.4
3844.09
3933.88
4023.27
3934.16
4474.3
3754.7
3933.72
4023.75
3933.84
4023.43
4023.31
3844.01
4294.2
4563.97
4023.67
4204.53
3664.91
3664.94
3665.7
4023.55
3933.72
3844.37
3934.9
3844.25
3754.46
4113.18
4023.43
3933.8
3844.13
4203.89
3754.98
4204.21
3933.76
3754.8
3664.95
4382.87
4089.8488372093025
3755.58
4023.43
4112.82
3756.25
3656.511111111111
3933.8
3933.8
4293.12
3755.82
4285.282051282052
4114.46
3754.34
3934.4
4112.9
4112.98
3754.7
3396.02
4023.47
3754.3
3844.25
4473.42
4459.405405405405
4204.33
4113.26
3843.81
3845.33
4205.01
3933.84
4562.57
4023.35
4023.27
3844.69
4450.724489795918
4370.1578947368425
3933.92
4023.95
3934.2
4023.71
4113.74
4023.23
4023.27
4989.3125
4442.211764705882
4606.026315789473
4293.72
4742.23
4112.74
4292.0
4381.63
6001.65
3665.67
4023.19
4023.95
4203.17
4742.27
4237.634146341464
4381.99
4384.03
4381.87
4449.418367346939
4688.617021276596
4895.378048780488
3844.29
4292.28
5193.26
4564.73
3754.7
4562.89
3756.14
4112.94
3845.06
3666.26
4292.12
3844.53
4183.115789473684
3754.66
4114.73
4203.37
3755.14
3844.25
4382.43
4493.3707865168535
4414.1866666666665
3844.97
3665.31
4202.53
3396.18
4202.29
4613.895833333333
3665.11
3664.63
4112.86
4112.9
4024.01
4113.56
3844.67
3844.19
4382.11
5460.95
3934.28
3934.08
4203.81
4202.89
4325.010101010101
4381.63
4655.2
4385.87
3755.18
4606.289473684211
4449.7040816326535
4023.59
3486.01
4472.78
4383.35
3934.16
4384.15
4292.92
4785.117021276596
4292.44
4113.53
3494.7083333333335
3665.43
3353.081632653061
4908.265306122449
4613.822916666667
4653.08
5012.92
4832.5
4455.433333333333
3653.855670103093
4788.024390243902
5282.09
4203.33
4292.12
3844.33
3844.69
3845.21
4383.83
4023.79
4652.2
4293.04
4292.48
3754.9
4113.3
4205.41
3934.24
3933.88
4294.16
4203.99
4023.51
3844.41
4384.55
3486.09
3665.79
3486.05
3396.18
3754.66
3844.85
4741.99
4203.2
3665.31
4024.31
3376.7319587628867
4113.46
3665.43
3755.18
4563.57
5102.59
3844.77
4113.18
3665.51
3934.28
3844.61
4473.14
3844.49
4113.22
3844.85
3845.37
3959.8924731182797
3844.77
4652.72
4472.7
3755.18
4024.27
3755.14
4474.3
3844.49
3352.887755102041
5282.41
4114.74
3476.0752688172042
4382.47
3934.16
4743.47
3934.36
4204.49
4473.5
4564.57
3934.12
4744.35
3754.86
4023.95
4024.31
3936.04
4203.29
3934.28
4024.07
3934.32
4113.54
4114.1
4654.84
3576.43
4202.97
4473.18
4113.78
4023.87
4384.23
4652.36
4113.42
4562.81
3934.4
4113.42
4472.3
3844.81
4113.46
4203.84
4922.89
4450.030612244898
4556.873684210526
3934.62
4383.83
3934.96
4743.35
4563.17
4203.25
4203.05
4653.52
3934.04
4293.6
4114.86
4833.22
4743.19
4115.98
3666.0
4382.91
4113.42
4023.75
4382.51
4114.14
4293.32
4113.78
4652.72
4114.62
3425.5684210526315
4292.84
3844.62
4203.05
3573.2043010752686
3845.85
4023.67
4116.02
4392.494845360825
4203.05
4652.88
4311.297872340426
4113.74
4292.82
4563.53
4113.62
4203.25
4473.3
4382.19
4024.13
4382.31
4023.87
4202.89
4203.05
4024.07
4471.86
4113.62
3844.97
4382.31
4203.21
3261.826530612245
4113.78
4383.39
4023.82
4115.66
4113.34
4382.23
5101.67
5102.35
3935.56
4024.11
3845.6
4113.38
4562.89
4473.54
4652.8
4113.74
3934.64
3511.121212121212
3844.77
4024.19
3934.36
3755.26
4113.58
4113.71
3934.74
4203.61
3935.08
4023.95
4024.07
4293.16
4472.22
4563.17
4204.08
4294.56
3845.15
4114.07
4024.63
3409.2386363636365
4563.21
4293.04
4293.7
4113.68
4203.78
4292.92
4473.34
3654.144329896907
4562.57
4653.48
4473.3
4292.76
4024.45
4204.25
4292.96
4472.34
4203.35
4473.22
4615.020833333333
4293.3
4742.31
4203.8
4472.26
4670.510869565217
4562.45
3935.07
4831.82
4520.75
3486.62
4774.942528735633
4473.54
4382.75
4652.56
4294.0
4293.82
4203.61
4293.08
4922.13
4024.19
4113.82
3934.2
3562.0309278350514
3934.32
4450.1122448979595
4832.02
4472.98
4561.69
4562.05
4652.88
4203.62
4562.77
4113.34
3934.12
4203.45
4114.03
4562.93
5102.07
3934.9
4561.45
3934.24
4471.98
4203.05
4024.35
4113.54
4203.6
4292.76
4633.561224489796
4113.38
4652.64
4293.4
4292.72
4472.1
4450.1122448979595
4202.93
4382.75
4203.52
4026.07
4024.4
4473.1
4382.27
4113.14
4292.64
4113.78
4562.65
4203.25
4653.64
4203.09
3665.55
4113.54
4023.79
4562.17
4293.28
4473.34
4204.07
4114.09
4293.0
4292.88
4382.51
4473.44
4562.05
3934.23
4382.23
4113.38
4563.65
4113.66
4472.3
4203.69
4593.904255319149
4113.54
3844.69
3576.27
4473.26
4294.12
4203.73
4113.5
4024.07
4293.84
4293.24
4023.99
4384.07
3665.76
4023.83
4292.84
4024.03
4383.39
4023.99
4832.9
4563.25
4205.05
3934.67
3755.42
3935.36
4563.29
4114.74
4113.54
4832.62
4743.35
4023.83
4473.18
4293.6
4294.16
4024.03
4024.15
4292.96
4292.84
4292.84
4556.7052631578945
4293.92
3755.52
4023.91
4652.56
4113.38
4292.56
4292.52
4023.91
4023.95
4562.25
3844.69
3934.32
4203.09
3845.16
3934.4
4383.27
4203.25
4024.11
4383.63
4473.34
4203.33
4023.91
4113.5
4294.12
4292.68
4024.19
4292.92
4382.39
4382.31
4023.87
3844.69
4383.39
4473.26
4203.53
4203.09
4563.45
4292.8
4562.41
4382.51
4382.27
3934.4
4742.99
3844.81
4292.64
4383.63
4293.92
4204.13
4382.43
4292.76
4113.66
4023.99
4292.52
4293.44
3934.28
4382.35
4382.59
4023.87
4473.3
4473.18
4472.26
4293.52
4472.98
4292.68
4292.56
4203.73
4292.64
4023.83
4023.95
4202.89
4652.4
4202.97
4203.59
4653.08
4652.32
4382.91
4325.212121212121
4742.63
4292.79
4023.39
4023.63
4113.14
4293.44
4113.1
4023.64
4652.2
4292.48
4562.49
3933.88
4382.75
3754.82
4472.7
4023.67
4113.06
4292.48
4202.85
4113.59
4292.4
4473.66
4472.34
4472.74
4292.56
4023.35
3755.23
4292.28
4023.51
4202.69
4562.13
4561.61
4293.0
4292.24
4381.99
4742.27
4415.747474747474
5011.76
4652.16
4415.424242424242
4292.6
4202.81
4472.94
4203.21
4293.04
4293.28
4472.38
3934.12
4563.09
4383.15
4113.42
4472.5
4561.97
4383.79
4563.05
4563.25
4024.06
4742.27
3933.84
4203.17
4023.47
4203.05
4563.29
3934.12
3844.28
3843.93
3933.76
4203.05
3934.2
3933.8
4023.43
4382.55
4562.33
4292.67
4293.44
4293.64
4743.15
3844.37
3933.8
4383.11
3844.79
4202.65
4473.14
4023.43
3755.24
4292.32
4652.24
4023.43
4202.85
4293.44
4293.28
4563.21
4831.66
4472.5
4202.77
4023.75
4202.41
4382.71
4113.18
4382.99
4652.36
4561.89
4652.12
4203.01
4383.11
4202.53
4473.1
4651.88
4113.02
4652.88
3872.6161616161617
4023.11
4024.23
4383.47
4382.91
4023.39
4112.94
4203.49
4023.79
4383.63
4112.86
4204.37
4652.64
4024.23
3754.7
4114.06
4113.38
3753.78
5012.64
4382.71
4023.15
4202.77
4473.26
4023.03
4113.55
3934.32
4112.62
4562.57
3843.69
3575.7
3933.4
3755.08
4112.82
3933.68
4023.11
4473.42
4113.49
4383.47
3664.55
4203.37
4023.99
4293.34
4112.78
4427.708333333333
4473.62
4086.0
4113.66
4563.73
4023.25
3754.5
4113.02
4113.14
4114.52
4498.851063829788
4203.21
3843.89
4652.8
4112.82
4023.79
3486.04
4023.23
3933.28
3843.69
3843.77
3933.6
4281.380434782609
4473.22
4023.19
3933.52
3664.67
3574.76
4293.16
4113.5
3933.68
4114.5
4203.24
4023.87
4023.39
4203.53
4023.39
4023.23
4023.31
4114.23
4113.9
4574.086956521739
4202.89
4474.42
3754.7
3754.34
4113.78
4743.07
3754.54
4025.79
3755.18
3485.61
3754.7
4113.14
4114.54
4563.25
3754.42
4383.27
4113.54
4293.6
4023.35
4202.77
3843.93
4741.99
4113.1
4112.9
4024.59
4024.07
3665.71
3934.04
3935.36
3844.63
4203.13
4293.08
3665.19
4023.91
4652.68
4653.68
4024.03
3934.2
4294.2
3844.57
4293.56
4205.05
4113.62
4204.01
4113.58
3127.45
4023.67
2948.55
4023.87
3934.6
4113.42
3933.88
4653.04
3754.9
4292.92
3844.61
4113.82
4114.22
4024.11
4203.33
4113.62
4113.66
4293.16
4113.7
4293.6
4473.34
4473.3
4203.77
3754.98
4652.72
4203.41
3755.5
4024.27
3934.56
3844.49
3126.45
3844.13
4023.55
3844.13
4023.43
4652.68
3934.44
3664.83
3844.37
3934.61
4472.9
3665.84
3128.04
2857.76
3216.8
3487.21
2768.88
3397.14
1933.752688172043
3216.56
3485.57
3576.16
3755.36
4113.26
3576.04
3396.42
3036.94
2769.25
3126.89
3485.65
3485.45
3575.56
4024.83
3755.22
3485.73
3754.7
4114.5
3485.65
3396.02
3845.17
3754.66
3933.92
3844.53
3933.8
3934.36
3396.22
3934.44
4203.47
4203.33
4383.31
3665.31
3844.37
3754.9
3575.88
3216.92
3664.75
4024.03
3934.44
4383.31
4023.99
3934.0
3486.73
3844.77
4384.15
4023.99
4023.75
4563.57
4023.95
3575.68
3664.83
3754.7
3846.09
4116.1
5104.99
4203.93
4026.15
4833.34
3844.73
4833.74
4023.67
3754.54
4023.95
3934.36
3934.36
4203.73
4113.74
3754.62
3934.52
4024.91
4206.25
3306.91
3755.1
4024.35
3844.89
3844.77
3933.52
4023.67
3934.0
4023.83
3934.4
3755.02
3486.52
3844.97
3934.6
3934.28
4023.83
4113.82
4024.43
3933.84
3486.01
3754.58
4203.05
3665.07
4023.63
4473.5
4113.58
3664.91
3664.71
3664.59
4113.86
3844.29
3574.92
4113.86
3576.48
3845.65
3844.89
4113.54
4024.03
3934.08
4023.95
3934.08
4023.51
3664.79
3844.85
3934.2
3934.36
4114.26
4292.76
4024.27
3754.14
3575.16
4023.51
3844.41
3934.12
3843.85
3844.13
3933.84
3934.36
3934.36
3934.12
3933.52
3843.77
3575.2
3844.53
4024.03
3754.7
4506.888888888889
4024.27
4383.39
4293.48
4024.03
4023.39
4113.7
3844.45
3934.24
3934.4
4113.7
4113.02
3664.63
3933.64
4113.7
4113.7
3933.6
4113.62
3934.36
4113.7
4472.94
3844.65
3934.2
3754.02
4113.34
4024.23
3934.08
3934.08
3934.08
3844.05
4023.99
4024.19
4024.03
3664.95
3754.62
3844.09
4382.79
3844.13
3754.26
3933.84
3844.81
4204.13
3934.32
3844.61
4113.74
4203.65
3217.24
3664.95
3754.66
3844.09
3934.48
3934.86
4473.86
4204.09
4023.99
4023.67
3844.13
4114.38
4563.33
4024.47
4113.86
3844.49
3844.33
4024.23
3664.51
3844.21
3574.76
3844.13
4113.78
3934.32
3844.65
3933.96
3307.35
3754.77
3754.82
3754.26
3934.6
3934.32
3934.04
3934.4
3844.61
3486.44
3755.08
3934.08
3844.33
3664.79
3844.57
3843.89
3844.77
3934.6
4205.09
3664.99
3754.14
3664.35
3395.22
3485.17
4024.47
4384.63
3664.43
3754.3
3845.09
3575.4
3575.6
3666.03
3755.67
3665.87
3665.31
3934.84
3845.17
3934.68
3934.04
3934.4
3933.96
3664.99
3934.48
4024.15
3844.29
4024.55
3664.75
3664.63
3664.59
3574.68
3754.46
3934.36
3664.31
3754.74
3754.02
4023.75
3844.89
3754.62
3485.09
3934.44
3754.62
3754.58
4204.01
3754.38
3843.77
4023.95
4627.807692307692
3664.47
3934.36
3844.77
3574.84
3574.52
3754.54
3844.45
4113.58
3575.16
3934.64
3844.17
3396.59
3485.37
3575.28
3664.75
3486.77
3574.84
3575.24
3575.64
3665.07
4024.79
3844.65
3665.47
3575.88
4114.9
3754.66
3844.01
3575.44
3755.14
3664.35
3843.53
3935.44
3485.29
3575.32
4563.69
4025.15
3575.08
3575.36
3397.22
3575.0
3845.29
3575.36
3665.71
3664.99
3664.87
3306.15
3754.94
3934.36
3754.54
3485.45
3574.84
3664.31
3754.42
3844.33
3665.13
3844.17
3486.37
3665.15
3395.34
3574.92
3395.54
4205.01
3395.62
3754.54
4294.56
3307.82
3485.77
3485.33
3485.45
3484.93
3575.84
3588.1770833333335
3306.51
3395.9
3485.77
4204.61
3576.08
3486.17
3575.24
3575.44
3395.94
3306.11
3395.7
3574.96
3664.87
3574.88
3575.16
3575.36
3754.42
3664.55
3664.51
3574.68
4024.95
3754.42
3574.68
3844.13
3754.58
3484.57
3664.39
3664.31
3753.9
3574.76
3754.22
3843.89
3664.15
3933.68
3664.43
3843.57
3755.02
3843.61
4563.77
3753.98
3664.31
3664.07
4383.63
3574.56
3305.63
3574.24
3574.76
4023.63
4204.33
3395.22
3484.89
3305.47
3934.0
3484.77
3843.65
3844.33
3843.69
3753.98
3574.44
3484.73
3574.36
3664.07
3843.69
3574.56
3754.02
3753.74
3664.15
3664.19
3664.31
3663.91
4114.34
3574.48
3574.36
3574.28
3753.66
3574.91
4023.19
3664.11
4293.92
3484.57
3664.39
3484.73
3574.56
3574.68
3574.16
3574.48
3664.15
3664.07
3574.36
3664.03
3843.33
3753.78
3484.49
3484.29
3574.56
3664.19
3574.6
3664.03
4833.22
3664.43
3933.72
3843.61
4832.86
3843.37
3664.31
3664.07
4022.55
3843.49
3932.92
3574.24
3664.15
4202.01
3754.06
3843.41
3933.0
3664.11
3754.59
3843.33
3753.82
3484.53
3753.74
3753.78
3753.7
3574.2
3664.03
3663.91
3753.66
3573.84
4744.43
3753.14
5732.48
3664.11
3484.33
3933.44
3485.01
3574.76
3843.45
3932.76
3844.81
4023.35
5732.76
4112.94
3754.38
3843.37
3664.59
3753.82
3395.18
3395.06
3754.14
3843.53
3574.72
3484.49
3484.81
3394.9
4653.32
3843.53
3933.52
3753.98
3663.83
3394.94
3664.35
3753.42
3663.67
3664.03
3574.48
3753.82
3843.65
3664.07
3753.7
3754.06
3753.74
4203.57
4022.67
3753.9
3843.49
3933.0
3843.81
3753.78
3753.86
3933.0
3574.4
4922.73
3843.29
3932.6
3933.36
3574.4
3753.78
3843.53
3753.78
3753.66
3933.12
3843.25
3664.15
3663.99
3664.03
3663.95
3663.63
3843.41
4112.62
3753.94
4383.43
3753.22
3574.2
3753.7
3575.84
3574.24
3844.45
3574.32
3753.54
3933.72
3844.0
3663.87
3843.13
3843.09
3664.43
3753.54
3574.28
3753.74
3663.87
3933.24
3933.24
3753.42
3753.62
3932.72
3933.16
4832.82
3843.17
3843.41
3753.78
3574.32
3843.55
3664.15
3753.34
4201.81
3755.72
4022.51
3753.58
3843.09
4291.72
3753.78
3574.2
3932.84
3574.12
4293.96
3394.58
4022.99
3574.4
3663.83
3753.74
3933.0
3933.0
4832.7
3932.96
4201.84
3843.57
3842.93
4112.86
3933.52
3932.88
3932.84
4022.71
3932.92
3843.33
4202.05
4112.18
3843.45
3753.26
3843.37
3753.5
4111.94
3933.2
3753.06
3933.0
3843.29
3843.17
4022.47
3932.88
3843.29
3753.42
3753.58
3663.71
3663.59
3664.11
3933.0
3663.91
3574.68
3574.32
3932.96
3754.58
3574.6
3843.49
3753.54
3574.28
3663.43
3753.9
3843.93
3663.71
3843.73
3664.23
3753.5
3664.43
3574.32
3753.54
3664.23
3663.79
4112.46
3753.89
3933.36
3754.02
3843.53
3753.7
4022.71
3753.74
3753.5
3484.33
3932.8
3754.14
3843.85
3753.66
3843.33
3843.01
3663.67
3663.83
3663.87
3753.5
3753.58
3753.46
3753.46
3753.54
3843.25
3755.51
3843.41
3753.7
3664.07
3933.24
3753.9
3753.66
3933.28
3753.98
4112.3
4023.79
4113.78
3843.85
3843.81
3843.69
3754.02
3574.04
4023.07
3933.92
3843.97
3933.44
3754.12
3843.37
3664.31
3663.59
3932.92
3933.48
3843.53
3843.65
3843.29
3843.77
3754.34
3663.87
3754.1
5372.92
3753.98
3932.96
4023.79
3664.55
3843.93
3753.74
3753.58
5103.47
3664.27
3843.81
3933.44
3843.49
3753.9
3843.61
3843.49
3843.97
3753.74
4293.72
3843.57
3933.0
3933.4
3844.39
4023.63
3844.17
3843.81
3753.98
3664.07
3753.78
3573.76
3753.98
3843.33
3574.44
3753.9
3934.08
4112.86
3844.05
3574.68
3664.07
3574.68
3843.41
3663.71
3843.89
4023.27
3754.34
3842.89
3664.71
3753.9
3664.23
3843.49
3663.91
3753.98
4022.79
3843.81
3664.15
3664.67
3664.03
3663.23
3753.9
3663.99
3842.97
3753.62
4022.07
3664.19
4022.75
3753.74
3663.99
3574.16
3663.83
3753.46
3484.37
3753.42
3663.79
3753.38
3663.83
3574.16
3663.79
3574.12
3663.63
3574.08
3574.0
3574.0
3574.08
3753.42
3753.42
3573.88
3663.83
3663.63
3573.88
3574.04
3573.84
3663.63
3663.55
3842.85
3843.09
3663.79
3663.67
3663.55
3663.55
3663.51
3663.35
3573.84
3842.73
3753.22
3663.79
3753.54
3753.46
3753.34
3843.29
3663.63
3842.81
3842.97
3843.21
3753.26
3843.13
3932.8
3842.97
4022.07
4022.31
3932.4
3932.56
4022.23
3932.48
3932.6
3842.89
4022.31
3932.76
4021.87
4111.62
3932.48
3932.44
3753.26
4111.74
3932.68
3932.48
3842.89
4021.91
4021.55
3842.65
4022.03
3932.16
4111.66
3932.0
3842.61
4021.79
3932.28
4021.75
4022.03
3932.24
3842.57
3932.2
3932.2
4021.79
3932.2
3932.12
4021.95
3932.24
3932.36
4021.79
3752.74
3842.33
4021.55
3932.04
3842.37
3932.24
3932.04
3842.25
4021.83
3842.69
4021.75
3932.0
3932.36
3932.16
4111.42
4021.63
4021.87
4111.38
3931.8
4021.83
3932.16
4021.91
4021.83
4021.63
4021.79
3842.33
3931.64
3931.8
3842.13
4021.39
3931.72
3932.0
3931.72
4111.1
3841.97
4020.2474226804125
3931.68
4112.74
6270.06
4561.6
4021.51
4200.93
4111.34
3932.16
4111.3
4111.22
3931.92
3931.72
3390.6493506493507
5370.28
4381.19
4992.101123595506
6809.64
4577.587628865979
4202.61
4112.58
4472.3
4293.08
4292.56
3934.4
4202.81
4293.04
4203.37
4382.67
4922.81
4203.37
4023.31
3933.64
3754.54
3755.18
4024.35
3934.48
4024.07
4112.86
3753.98
3843.61
3933.84
4384.11
3933.6
4024.03
4024.75
4293.04
4203.33
4024.27
4024.27
4024.11
4114.42
4204.33
3753.94
4292.96
4113.7
4294.16
3933.92
4024.27
3844.77
3844.73
3755.06
4563.53
4113.66
4113.62
4113.82
3933.92
4473.3
4293.16
3934.36
4113.62
3574.84
4204.13
4564.13
3843.69
3934.28
4024.27
3844.69
3934.04
4293.96
4473.42
4474.26
3691.5858585858587
4023.43
3755.06
3934.52
3753.78
4292.92
4023.99
4293.4
3754.02
3754.1
4293.36
4653.08
3754.26
3575.17
3933.36
3844.17
4114.02
4113.46
4383.91
3843.25
3753.9
3843.13
3843.45
3754.06
4473.74
3753.42
4293.04
4203.49
3843.97
3843.17
3754.94
3663.95
3933.08
3663.39
4563.73
3844.25
3753.9
4112.78
3933.16
3753.5
4653.68
3394.9
4383.39
3753.82
3574.24
4473.14
4176.265306122449
4923.65
3665.35
3843.69
3484.89
4204.05
3664.19
3664.03
3575.84
3844.41
3665.43
3575.79
3844.61
3754.18
3843.41
3934.28
4023.91
3843.77
4113.94
3844.05
3484.81
3664.55
4024.95
3753.7
3844.21
3664.23
4293.72
3753.98
4653.08
3574.28
3754.42
3843.77
4113.42
3934.4
3843.25
3843.53
3933.4
4022.75
3843.61
4113.54
3934.24
4023.19
3754.26
4023.87
3753.62
3663.43
4023.87
3933.96
4023.03
3665.64
3844.41
4112.46
4383.71
4292.84
4563.37
3843.41
3753.54
3663.91
3932.8
4293.84
4383.67
3844.01
3663.99
4114.74
4383.55
3933.0
3933.0
4114.5
4562.09
3753.7
3753.42
3843.17
3663.83
3932.68
4472.86
3843.29
4629.3373493975905
4022.39
4293.52
3844.05
3933.0
3843.65
3933.0
3664.31
4022.59
4832.82
3396.46
3843.29
4741.86
4023.95
4114.5
3933.52
4024.12
4203.29
3753.86
3753.54
3933.08
3933.0
3933.8
3486.05
3574.4
4024.62
3843.98
4832.3
4742.47
4113.66
3843.45
3753.62
3753.46
3753.82
3753.46
3933.44
4113.94
3843.37
4203.33
3932.64
4653.6
3753.74
4202.41
3843.69
3843.21
3664.23
3843.33
3933.76
4293.52
3753.86
3664.19
3574.0
3932.84
3664.03
3753.46
3753.42
4113.54
4294.38
3843.35
4293.84
4293.12
3934.24
3933.72
3575.82
3574.51
3843.53
3933.12
3844.57
4229.15294117647
3753.9
3843.49
3663.63
3933.48
3933.4
3843.89
3753.26
3664.33
3933.24
3933.6
3663.71
3753.46
3932.48
4472.9
3754.26
3842.89
3663.75
3753.18
4472.22
4742.67
3753.78
3933.88
3843.57
3753.9
3933.6
4204.01
3753.74
3933.16
3843.49
4112.94
4203.21
4653.72
3844.38
4023.97
4113.65
4203.29
4023.99
3753.86
3932.84
3933.08
4203.93
4023.91
4472.38
4563.45
4203.05
4382.55
4024.47
3753.78
3843.69
3843.29
3933.0
4202.85
3933.6
4472.66
7373.595744680851
4112.9
4291.8
3754.94
3933.4
3844.77
4024.03
3754.42
3754.46
3664.63
3664.63
3754.26
3843.81
3844.69
3575.76
3843.93
3843.97
4293.04
4382.67
4024.11
4203.33
3844.69
4203.37
4203.33
4113.66
3755.14
4203.37
3934.4
4113.66
3844.77
4024.07
3844.69
3844.81
3844.81
3934.36
3844.69
3844.69
3934.28
3843.33
4024.07
4024.03
3933.4
4203.41
4113.74
3934.4
4293.0
4024.03
4022.91
4112.9
3664.31
4022.79
4293.0
3934.36
3664.71
3753.94
4113.7
3934.44
4113.66
4203.33
3933.28
4202.53
4113.66
4293.04
4203.33
3934.36
4382.59
4292.84
4834.579545454545
3844.65
4113.7
3754.74
3843.93
3396.06
3843.73
4112.78
3934.4
4113.74
4024.03
3844.77
3485.57
4023.91
3934.4
3844.77
4024.03
3843.97
3575.88
4023.79
4202.65
4113.78
4293.04
4203.41
4382.67
4113.78
4112.74
3755.14
4415.060606060606
3755.18
4023.19
4203.41
4113.7
4293.08
4113.82
4112.9
4024.07
4113.74
4293.04
4203.41
3934.52
4113.74
4293.0
4113.66
3755.1
3933.4
4023.87
4203.41
4113.66
4293.04
4293.0
4203.37
4293.0
4293.08
4203.37
3934.4
4024.11
4382.67
3844.77
4113.78
4203.41
4024.15
4113.7
3844.73
4113.7
3755.14
4024.07
4024.03
4113.78
4358.857142857143
4023.99
4113.74
4024.03
4023.99
4293.08
4203.37
4203.37
4203.37
3844.73
4024.07
3665.51
4024.07
3844.81
4203.41
3934.44
4551.788888888889
3575.84
4113.78
4113.78
4113.7
4203.45
3755.14
3665.51
3665.47
3844.85
3934.48
3934.44
4203.41
4113.82
4024.19
4024.23
4203.45
4293.12
4024.11
4382.83
3755.14
4024.23
3844.85
3665.47
4203.45
4382.75
3755.18
4113.78
3755.18
4024.11
3934.48
4113.82
3844.81
4203.49
4113.78
3844.81
3306.91
4382.79
4024.19
4203.41
4203.41
4462.821052631579
4203.45
4450.438775510204
3934.48
4293.08
4293.08
4113.82
3934.44
4203.45
4382.35
4203.45
4203.41
4472.3
4202.85
3844.73
4113.78
3575.8
3934.52
4023.87
3844.85
3934.6
3934.6
3306.95
4024.11
4024.15
3486.17
3665.55
3934.48
3844.81
3934.44
3934.44
4113.7
3754.66
3844.53
3396.54
3575.84
3934.44
3934.24
3575.2
3575.8
4293.04
3934.48
3844.81
3934.48
3306.47
3306.43
3844.77
3575.84
3575.48
3844.29
3934.4
3754.66
4113.38
4113.74
4113.74
3755.14
3485.77
4023.63
3844.73
3844.33
4023.87
3934.16
3844.37
3933.84
3485.53
3934.4
3844.13
4023.87
3844.33
3665.15
3844.17
4023.87
3934.44
3844.65
3934.28
3664.91
3664.99
3664.91
3665.11
3216.72
3486.42
3934.2
4023.67
4023.59
3754.58
3754.66
3664.87
3664.99
3844.25
3844.65
3575.48
3664.79
4023.75
3395.78
3754.66
3575.28
3665.11
3754.66
3575.24
3754.54
3754.42
3754.7
3754.86
3844.41
3844.17
3844.45
3664.95
3934.08
3934.36
3395.98
3844.05
3754.5
3664.95
3844.25
3844.37
3933.84
3754.38
3395.94
3754.54
3754.5
4112.98
3575.08
4023.75
4023.71
3575.4
3754.66
4023.55
3754.69
3844.53
4113.42
3754.74
4023.91
3844.21
3664.95
3575.24
3844.21
3754.85
4113.1
3844.05
3754.46
3664.75
3664.67
3933.88
3754.5
3843.93
4023.35
3754.42
3933.68
3933.88
3754.38
3844.17
4023.31
4112.9
3754.34
4023.63
3933.92
3754.38
4202.77
3844.25
3396.06
3395.74
3754.42
4023.43
3485.45
3754.46
3844.17
3934.08
3844.29
3933.76
3844.17
3754.66
3933.92
3844.37
3575.08
4023.59
3664.91
3575.24
3754.42
3575.12
4023.35
3575.16
3754.5
3754.62
3485.57
3126.89
3575.44
3754.54
3754.7
3485.65
3395.9
3754.58
3575.32
3485.69
3664.91
3933.96
3575.36
3575.4
3575.32
3395.9
3216.64
3396.1
3485.65
3665.19
3664.95
3485.65
3485.73
3665.03
3396.06
3396.14
3754.62
3754.62
3664.95
3754.78
3485.73
3844.57
3575.48
3306.43
3844.25
3665.31
3485.77
3665.03
3306.35
3754.98
3485.81
3575.52
3665.03
3844.41
3127.17
3485.69
3754.7
3665.11
3396.14
3844.45
3754.82
3754.74
3485.73
3754.78
3485.69
3575.24
3575.48
3216.76
3844.45
2947.83
3396.1
3754.66
3664.83
3485.65
4023.51
3575.42
3486.42
3755.51
3934.49
3844.25
3485.73
3754.5
3485.61
3754.58
4023.39
3485.57
3665.07
3844.21
3933.88
3844.17
4023.47
3306.35
3396.02
3575.24
3395.98
3485.73
3664.91
3933.76
3664.87
3844.13
3575.0
4023.23
3485.37
3754.38
3933.68
3664.67
3664.63
3575.08
3306.07
3843.89
3216.36
3933.76
3754.3
3574.96
3664.63
3575.12
3574.88
3664.55
3754.1
3305.95
3575.12
2948.29
3127.52
3754.36
3216.4
3574.88
3395.66
3664.63
3839.0714285714284
3306.11
3574.88
3574.96
3574.92
3911.8705882352942
3980.590361445783
3656.385542168675
2768.29
3575.0
3574.92
4266.071428571428
3754.34
3754.58
2947.79
3664.91
3664.87
3665.23
3844.13
3396.47
3665.22
3485.85
3396.38
3575.48
3396.38
3396.3
3575.56
3485.81
3754.94
3575.64
4023.91
3575.56
4113.7
3306.63
3754.94
3665.23
3396.42
3844.65
3396.38
3575.72
3665.39
3396.38
3396.58
4023.95
3934.32
3575.68
3306.87
3575.76
4024.03
4024.11
3486.09
3934.6
3755.14
3755.22
3396.62
3575.96
4024.07
3396.54
4293.12
3934.6
4113.74
4113.62
4203.45
4024.11
4024.27
3396.5
3845.01
3934.68
3217.16
3575.96
3486.25
3665.55
3844.89
3576.16
3844.65
3844.69
3575.76
3486.17
3755.02
4023.95
3844.57
4113.7
4203.53
4203.37
4113.66
4113.74
3934.28
3575.72
3575.88
4113.66
3755.09
3844.81
3934.72
4203.61
4113.78
4203.37
4024.11
4113.86
5110.231707317073
3844.85
4203.69
4024.35
3575.96
3934.6
3665.59
3755.3
3306.99
3934.8
3217.16
3934.56
3217.2
4023.95
3575.64
3934.36
2948.15
3396.26
3485.65
2589.15
3934.16
3664.99
3665.02
3486.37
2678.94
3575.28
2858.08
3575.52
3575.32
3395.77
3396.24
3485.85
3485.95
3665.27
3665.15
3396.22
3216.8
3306.55
3306.47
3664.99
3306.51
2589.43
3127.41
3396.22
3127.41
3396.3
3396.18
3307.02
3396.42
3396.22
3575.68
3575.4
3396.3
3575.56
2948.11
3216.72
3485.97
3037.62
3306.59
3216.96
2410.09
3217.08
3216.92
3575.68
3486.21
3306.87
3306.55
3396.3
3306.87
3396.26
3575.52
3844.45
3665.19
3665.11
3844.73
3485.97
3396.18
3396.3
2679.06
2051.53
2858.32
3127.33
2858.2
3037.62
3127.57
2948.15
2948.27
3037.74
2679.02
3217.0
3485.97
3306.55
2858.32
2948.19
3396.54
2589.71
3037.74
3127.25
2499.71
3127.29
2948.03
2948.03
3306.71
3396.38
3485.77
3216.88
3037.54
2947.91
3127.21
3306.55
3396.1
3396.26
3306.47
2858.44
3575.56
3485.73
3216.76
3306.39
3396.14
3396.14
3128.1
2769.17
3216.92
3306.51
3485.73
3754.94
3575.4
3396.18
3575.48
3485.81
3575.52
3575.48
3485.97
3754.86
3217.0
2679.06
3665.03
3665.35
3396.58
3934.04
2948.03
3665.15
3396.26
3665.07
3396.02
3396.06
3306.43
3575.4
3306.42
3575.44
3485.81
3216.68
3396.22
3216.88
3575.64
3485.81
3306.35
3396.48
3306.43
3485.85
3216.76
3485.85
3306.78
3216.83
2947.95
3127.33
3306.63
3306.43
3485.81
3306.39
2858.32
3216.64
3127.33
3396.18
3217.0
3306.59
3306.71
3306.43
3306.71
2858.56
2230.82
2499.71
2679.06
3485.99
3485.89
2768.65
3396.22
3306.51
2947.83
3216.76
2320.56
3216.94
3216.91
3486.25
3217.66
3307.11
3038.0
2679.02
3216.99
2858.19
3217.39
3396.06
3306.35
3037.76
2858.12
2140.96
3037.5
2858.2
3126.97
3127.54
3396.21
2589.34
2320.38
3216.64
2858.24
3037.66
3216.92
3306.43
3216.88
3127.17
2141.0
2320.38
2947.99
2768.73
2769.19
2679.86
2948.15
3396.42
2948.03
2948.48
3127.41
2858.73
2948.37
2769.14
3037.98
3127.37
3306.91
3127.49
2858.32
2858.4
3127.45
2858.32
3127.09
3127.37
3037.89
2768.61
2589.39
3127.29
3306.71
3217.08
3216.92
3306.79
3485.81
3217.0
2499.64
2947.87
3216.72
3217.57
3306.67
3127.21
3396.06
2589.19
3575.7
3217.69
3217.69
2768.92
3396.69
3217.45
3306.89
3037.9
3486.01
3396.44
2858.81
3486.32
2948.86
3128.06
3396.38
3217.04
3396.3
2500.45
2141.76
2948.27
3037.8
3396.55
2948.17
2948.15
3306.75
3217.06
2948.03
3127.29
2769.13
3306.79
2948.21
2679.4
2769.29
3038.64
3128.21
3127.84
3307.07
3217.24
3127.71
2500.26
2679.02
3486.13
3306.87
2769.13
3037.81
3396.42
3217.08
3486.17
3575.64
3038.18
2590.3
3217.27
3127.97
3037.93
3127.49
3127.49
3127.51
3306.91
2320.26
3037.58
2410.03
2858.56
2679.63
2948.23
2858.28
2858.94
3127.25
2320.58
2499.83
2231.07
2679.27
3128.11
3127.87
3575.76
2589.69
3306.87
3307.35
3306.67
3217.77
3127.57
3217.56
3307.03
3306.59
3486.51
3217.58
3217.0
3307.41
2589.75
3307.03
2589.71
3306.87
2858.48
3485.97
3396.5
3127.33
3216.92
3127.85
3306.51
2589.75
2141.31
3037.58
2769.26
2858.61
2231.11
3127.57
3216.76
3665.15
2948.45
2858.36
2948.15
3037.94
3127.94
3396.42
2500.46
2948.5
2679.1
3396.7
3575.88
3037.82
3217.28
2768.92
3128.14
3216.88
3127.53
3037.9
3306.79
3306.91
2115.2872340425533
3307.03
3128.17
2948.59
3755.26
3396.88
2679.58
3666.0
3576.07
3038.5
3396.7
3755.22
3396.97
2589.95
2948.23
3665.59
2679.38
2590.04
3754.94
3755.56
2858.6
3665.45
3127.67
2858.54
2499.84
3038.57
3486.5
3217.32
2141.26
3127.28
2320.22
3127.17
3127.17
3127.17
3306.47
2500.08
2051.37
2947.71
2858.55
3127.62
2947.59
3217.24
3127.25
1961.74
3127.45
3037.54
2947.79
3306.62
3217.56
3037.7
3037.83
3395.94
2409.81
2589.19
3037.81
2231.05
2768.67
2679.43
1961.76
2589.25
2948.01
2858.26
2858.08
2947.82
3037.38
2768.57
2948.22
1782.47
2948.03
1962.14
2678.78
2947.9
2051.45
2768.95
2769.18
2858.4
2679.05
2768.76
2858.15
2947.75
2678.7
2768.45
2051.25
2858.16
2858.15
2499.68
2858.12
2589.31
2768.53
2589.19
2499.73
1872.14
2947.71
2678.82
2141.12
2948.82
2320.86
2768.77
2499.82
1961.9
3037.94
2768.65
1782.55
2499.36
2679.2
2769.01
2769.02
2589.46
2768.72
2858.24
2858.4
2051.65
2858.2
2858.24
2858.28
3037.77
2948.1
3037.62
3127.25
2947.95
2947.91
2947.95
3037.58
2858.28
2858.24
2947.91
2947.91
2947.87
3037.54
2947.87
2768.57
2947.98
3037.5
2947.91
3306.47
3128.23
3037.7
3037.62
2947.99
3306.51
3216.88
3127.36
3127.21
3037.58
3127.21
3127.33
3037.58
3216.88
3127.21
3037.54
3127.21
3127.21
2947.99
3216.88
3037.58
3037.62
3038.14
3037.58
3216.88
3037.58
3037.5
3396.02
2947.87
2499.68
2410.05
3037.58
3037.58
2679.06
2948.03
3037.58
2858.28
3037.9
2769.29
3037.65
2768.76
2858.39
2858.36
2947.95
3037.62
2947.95
2858.36
2858.28
3037.58
3037.58
2947.95
3037.66
3037.73
3037.66
2948.07
2948.03
2858.36
2858.24
2947.95
3037.74
2858.36
2320.58
2858.81
2948.07
3037.66
2858.36
2858.62
2948.03
2768.65
2858.32
2768.65
2679.06
2948.15
2948.03
2858.4
2400.8297872340427
3127.33
3037.66
2679.22
2679.3
3396.46
3217.59
2559.8333333333335
3127.61
2529.581632653061
2636.6907216494847
2722.5760869565215
3164.1063829787236
3047.6105263157897
3217.28
2801.05376344086
3068.840425531915
2330.576923076923
2544.120879120879
2127.565789473684
2445.2087912087914
2782.744680851064
2773.8928571428573
2159.7073170731705
2314.4430379746836
2560.1190476190477
2994.1505376344085
2769.17
3307.15
1860.4683544303798
2186.3295454545455
2163.4285714285716
2375.6067415730336
2137.858695652174
2589.79
3444.6530612244896
2410.33
2141.4
1812.8333333333333
1066.0266666666666
1763.1666666666667
1601.4328358208954
2093.1354166666665
2026.8333333333333
2453.904761904762
3037.98
3127.57
2500.32
2679.58
1558.123287671233
2222.8709677419356
1544.1066666666666
2375.449438202247
3058.6444444444446
1434.9178082191781
3486.56
3217.68
3038.54
1880.8636363636363
2705.064516129032
2794.4578313253014
2877.4141414141413
2642.5494505494507
2492.75
2216.025641025641
3015.3478260869565
3217.52
2839.4065934065934
1976.4202898550725
1756.6615384615384
1192.943661971831
1338.5151515151515
1627.1875
1586.4347826086957
1579.0285714285715
1067.4285714285713
2015.1411764705883
2219.5285714285715
1224.5438596491229
2095.9508196721313
1066.984126984127
1067.157894736842
1067.1333333333334
2366.289855072464
1067.016393442623
1523.0
4383.35
3935.04
3332.4505494505493
3081.123595505618
2685.7083333333335
1976.4202898550725
1716.5652173913043
2347.6857142857143
1067.4074074074074
1508.0819672131147
4293.44
4293.08
4114.38
3892.5108695652175
3745.862068965517
3825.4358974358975
3881.360465116279
3005.2972972972975
4016.092105263158
3786.483146067416
4835.488636363636
4557.8421052631575
3726.6043956043954
3627.978021978022
3471.9756097560976
3914.5529411764705
3952.137931034483
3532.225
4055.2716049382716
2582.2535211267605
3685.4157303370785
3685.4606741573034
3985.5813953488373
3756.4
3595.5641025641025
3662.1315789473683
3723.3086419753085
3308.3611111111113
3544.092105263158
3338.04
3598.1176470588234
3817.375
4055.1609195402298
4237.451219512195
4189.539325842697
3756.233333333333
4055.1428571428573
3436.4712643678163
4020.0470588235294
3308.0
3024.1494252873563
3715.2954545454545
3502.641304347826
3333.4942528735633
3672.8720930232557
3230.5172413793102
3335.024096385542
3944.4691358024693
2523.3875
3034.6585365853657
3164.31914893617
3233.736263736264
3529.3516483516482
3456.9777777777776
3331.2
3476.1612903225805
3026.9895833333335
2481.6105263157897
3587.6770833333335
2637.144329896907
4113.86
3844.77
3934.53
4024.03
4023.83
4023.47
3306.39
3934.24
3844.57
3934.04
3934.6
3128.25
3934.28
3665.03
4113.5
3216.96
3396.26
4113.3
4113.02
4292.48
4292.72
3934.56
4292.8
4382.23
4382.15
4292.4
4202.69
3933.8
3934.43
3037.1
3665.03
3216.32
3485.69
3664.79
2947.59
3575.35
3575.0
4202.73
3664.63
3575.08
3754.66
3754.34
3843.89
3665.02
3754.3
4112.9
3843.89
3844.0
3490.2235294117645
3485.65
3933.48
3477.730769230769
5871.869565217391
2685.9893617021276
2858.56
3217.14
3306.15
3575.44
3665.15
3754.46
3933.68
3664.91
3754.74
3127.21
3575.56
3754.66
3754.62
4023.91
3575.36
3127.09
3754.62
3664.91
3844.37
3664.91
3844.49
3306.31
3575.16
3306.07
3844.33
4023.59
4023.63
4202.73
3844.09
3575.24
3575.12
3933.88
4023.43
3037.3
3844.29
4113.38
3844.05
3754.54
4023.59
3844.29
3664.91
3665.11
3127.21
3486.01
3395.94
3216.76
3485.85
3575.48
3575.32
3664.91
3664.55
3933.8
3485.53
2858.2
3037.5
2679.06
3037.42
2858.04
3037.34
2678.77
3396.02
3485.73
2499.36
2768.37
3127.17
2947.87
3306.39
3216.6
2588.83
3575.12
3306.79
3575.2
3395.7
3485.49
3216.56
2588.79
2678.66
3664.99
2409.85
3127.13
2588.99
3127.13
3396.18
2768.53
3485.73
2242.4949494949497
3127.25
2947.67
3127.25
3127.33
3037.58
2858.2
3037.3
2679.02
3037.78
3216.68
2858.6
2589.55
2947.83
3037.77
2947.59
2051.53
3217.0
3037.9
3217.12
3037.74
3127.29
2140.96
2679.54
2679.21
3127.37
2409.65
2499.84
3127.13
3037.42
2858.2
2410.45
2947.98
2768.81
3037.58
2858.52
2858.56
3127.41
3127.21
2948.19
2768.73
2678.66
2679.02
2320.66
2320.58
2678.82
3037.62
2589.47
2678.98
2679.02
2409.77
3127.05
2768.45
2857.88
2858.32
3126.97
2589.23
3127.05
3037.5
2857.92
2679.29
2947.79
2858.24
3127.21
2947.83
2230.86
2947.91
2768.49
3216.92
3127.09
2679.33
2499.68
3037.62
2768.61
2589.43
2948.41
3127.21
2679.09
2410.17
2589.31
2858.32
3038.14
2858.24
3217.0
3127.12
3037.7
3127.71
3127.37
2768.49
2678.9
2768.93
2768.77
3037.94
2948.15
3037.82
2948.23
2858.92
2499.76
3037.7
2948.07
2948.15
3037.94
3038.06
3127.53
2858.4
3127.37
3037.98
2948.51
2679.3
2858.72
2858.28
2858.56
2768.93
2410.37
2499.84
2678.66
2768.93
2768.89
2589.47
2768.93
2499.8
2859.08
2768.97
3037.9
3037.78
2320.7
2768.69
2589.67
2859.04
2320.42
2768.89
2410.49
2769.05
2859.0
2678.86
2948.35
2948.35
2769.09
2679.62
3038.1
2858.88
2948.63
2768.77
2410.21
2858.8
2679.5
3038.02
2858.64
2948.31
3037.78
2769.25
2858.76
2768.89
3037.78
2858.68
2769.29
2679.34
2410.37
2769.41
2768.89
2679.5
2769.01
2679.26
2500.4
2500.36
2858.84
2858.68
2679.42
2858.56
2679.34
2515.030303030303
2769.41
2858.6
2769.29
2858.76
2679.58
2589.87
2948.43
2858.96
2948.39
2769.09
2320.58
2768.96
2858.4
2948.32
3038.25
2768.96
2769.01
2679.06
2589.39
2768.89
2858.36
2768.57
2589.35
2768.89
2858.32
2768.77
2858.24
3037.78
2858.28
2678.82
2678.98
2947.99
2858.28
2858.36
2768.37
3127.45
2858.36
2589.27
2768.72
3037.7
2858.2
2858.08
2947.95
2858.42
2858.24
3037.58
2858.24
2858.32
2947.91
2678.98
2947.87
2678.86
2858.24
2678.62
2768.56
2768.49
2858.24
2947.91
2768.29
2858.08
3037.62
2858.24
2858.08
2678.86
2768.61
2947.95
2947.95
2858.28
3037.58
2947.95
3217.04
2947.95
3306.71
3217.12
2858.24
2948.07
3127.49
2948.07
3217.12
2768.73
3217.12
2768.61
2947.95
2947.95
3037.62
3037.66
3127.49
2858.4
2947.99
3037.7
2858.32
3037.74
3127.29
2768.49
3216.92
3037.7
2858.36
3396.57
3037.7
2768.69
3127.61
2948.19
3217.08
3037.82
2948.07
3127.37
3037.74
3037.82
3127.57
2947.99
3127.45
3217.12
3127.57
3127.45
3306.83
3127.53
3396.38
2858.28
3396.42
2948.11
2948.11
3217.16
3486.17
3486.33
3396.58
3217.28
3306.95
3306.95
3217.2
3127.45
3396.78
3037.78
3217.28
2947.99
3127.53
2948.07
3127.45
3127.53
3037.7
3306.99
2948.23
3396.68
3127.53
3217.0
3127.45
3217.16
3037.82
3127.49
2948.03
3217.24
3037.86
3217.24
3127.49
3127.65
3127.53
3037.78
3127.49
3037.78
3127.49
3217.08
3217.08
3217.04
2858.48
3127.29
3127.25
2768.57
3037.78
3037.85
2947.95
3127.45
2948.11
3127.45
3217.08
3127.53
2948.19
3306.75
3127.45
3037.78
3217.04
3127.53
3217.24
3217.12
3127.36
3127.41
3127.41
3127.45
3127.29
3217.08
2858.4
3217.12
3127.45
3037.78
3037.7
2948.11
2679.22
3127.41
3217.04
2947.95
3037.54
3127.25
2947.99
3037.78
2768.73
3037.7
3037.62
3037.74
3037.74
3127.29
2858.48
2948.15
2947.95
3037.74
2948.03
3037.85
3037.62
2948.21
2768.65
3127.25
3037.58
2679.47
2948.26
2679.06
2858.32
2858.4
2947.99
2768.73
2948.11
2947.95
2948.03
2858.28
2948.15
2858.56
2948.15
2858.32
2768.77
2858.48
2858.48
2858.4
2858.32
2499.64
2679.02
2768.81
2679.02
2768.73
2768.69
2947.83
2768.53
2858.16
2858.16
2768.45
2768.49
2858.12
2768.45
2858.0
2768.41
2947.71
2768.41
2858.04
2947.71
2947.71
2947.83
2947.75
2947.79
2947.75
3037.42
2858.08
2947.71
3037.42
3037.42
3037.42
3037.7
3037.38
2947.79
2947.79
2858.12
3037.46
3037.5
3037.46
2947.87
2858.24
2947.95
3216.92
3127.21
3127.25
3037.5
3127.17
2947.91
3037.5
3127.13
3306.47
3037.58
3127.13
3127.13
3037.46
3127.13
3127.13
3037.46
3127.13
3037.5
3037.5
3127.09
3037.46
3306.43
3127.17
3127.13
3216.72
3037.46
3216.8
3127.13
3127.17
3306.47
3216.84
3216.8
3216.84
3216.92
3216.8
3127.13
3216.76
3306.43
3127.09
3306.79
3216.8
3306.55
3216.76
3306.43
3216.8
3306.39
3396.02
3306.35
3306.35
3306.27
3216.72
3396.1
3396.02
3306.31
3306.39
3126.97
3216.72
3306.35
3127.05
3306.43
3216.8
3216.76
3216.8
3306.39
3216.76
3216.76
3216.72
3216.72
3127.17
3306.47
3216.76
3216.76
3216.76
3216.76
3216.68
3216.8
3127.09
3216.68
3216.76
3127.13
3216.84
3216.76
3216.76
3127.05
3127.13
3216.76
3216.76
3216.68
3127.09
3127.09
3127.17
3127.05
3127.05
3216.68
3127.09
3037.46
3127.05
3216.72
3127.05
2947.83
3127.13
3037.46
2858.16
3037.46
2947.79
3037.46
3037.42
2947.79
3127.13
3037.46
2947.83
2947.83
3037.5
3037.54
2947.87
3037.42
2947.79
3037.46
2947.83
2858.16
2858.24
3037.54
3037.46
3037.46
3037.42
2858.04
2947.75
2858.0
2947.75
3037.46
2858.12
2947.83
2947.71
2858.08
2858.04
2768.41
2947.71
2947.75
2589.11
2858.16
2678.98
2947.83
2947.83
2768.49
3037.42
2947.75
2947.75
2947.75
2858.08
2768.45
2947.79
2947.79
2858.2
2947.67
2768.33
3037.26
2858.08
2858.04
2858.12
2858.12
2768.49
2858.2
2768.53
2858.24
2947.83
2947.95
2858.2
2947.83
2947.83
2947.83
2858.24
2858.28
2858.32
2858.32
2768.53
2858.4
2858.16
2858.2
2858.2
2768.49
2858.52
2858.28
2948.23
2768.77
2768.61
2947.83
2858.48
2947.91
2858.28
2948.03
2948.31
2858.48
2768.57
2768.57
2768.57
2858.28
2858.2
2948.27
2858.52
2768.57
2858.4
2858.32
2768.65
2858.36
2858.52
2858.36
2948.03
2858.36
2948.15
2858.24
2858.24
2858.24
2858.24
2858.32
2858.32
2768.69
2858.32
2768.61
2858.36
2947.71
2947.79
2947.79
2947.91
2947.95
3037.5
2947.87
3037.54
2858.2
2858.2
2947.87
2947.95
2858.24
2947.79
3037.58
2947.95
3037.58
2858.36
2948.11
2858.44
2947.95
2947.95
2858.4
2768.65
2858.24
2858.24
2858.32
3037.66
2947.95
2858.36
2858.36
2858.32
2947.99
2948.03
2947.99
2858.32
2768.69
2858.44
2768.73
2858.32
2858.32
2768.69
2678.98
2768.77
2858.4
2679.02
2679.02
2858.32
2858.36
2768.69
2768.69
2679.02
2768.69
2589.39
2679.02
2679.02
2768.77
2768.69
2768.65
2589.43
2768.69
2768.61
2768.65
2679.02
2679.02
2768.73
2678.98
2679.02
2589.31
2768.57
2768.61
2589.31
2589.39
2679.1
2589.39
2768.65
2678.94
2768.61
2589.39
2768.69
2679.06
2768.69
2768.65
2679.06
2768.65
2858.24
2679.06
2768.73
2768.77
2589.51
2679.02
2679.14
2679.1
2679.02
2768.69
2768.73
2589.39
2679.06
2768.73
2679.02
2679.02
2768.69
2858.4
2679.06
2768.69
2678.94
2858.36
2858.36
2858.32
2858.4
2858.36
2858.4
3037.7
3037.7
2947.99
3037.7
2947.99
3037.7
3127.33
3217.08
3037.66
3127.33
3217.04
3037.7
3127.29
3217.0
3217.04
3306.67
3216.96
3306.59
3217.0
3306.59
3306.63
3216.92
3396.26
3216.92
3396.26
3216.96
3396.22
3396.3
3396.26
3306.47
3396.26
3575.6
3665.23
3485.89
3665.23
3575.52
3575.56
3485.93
3396.22
3396.22
3396.18
3396.22
3396.26
3396.18
3485.97
3485.97
3575.68
3575.64
3485.93
3306.59
3485.93
3485.97
3396.34
3665.23
3216.68
3126.97
3306.47
3216.72
3216.72
3127.09
3037.42
3037.42
3127.05
3216.8
3037.46
3037.5
3216.84
3037.5
2858.12
2858.08
2947.83
2947.79
2947.83
3037.54
2947.91
2947.83
2858.28
2858.0
2858.08
2768.41
2768.41
2858.12
2768.45
2858.12
2678.74
2947.83
2678.78
2858.16
2947.83
2858.2
2947.83
3037.54
2858.16
2947.87
2858.2
2858.2
2947.87
3037.58
2858.24
2858.28
2858.24
2768.57
2858.2
2858.24
2858.24
2858.2
2947.91
2947.91
3037.66
2947.91
2947.91
2768.57
2947.91
2947.91
2947.91
2858.24
2947.91
2858.16
2858.28
2858.28
2947.87
3037.58
2947.83
2947.87
3037.54
2947.87
2947.87
3037.58
2947.91
2947.91
3216.88
2857.96
2947.59
2947.63
2768.33
3037.26
3126.93
3037.22
3306.27
3216.68
3127.05
3395.82
3306.27
3127.05
3395.94
3395.94
3216.76
3575.28
3306.23
3485.61
3216.72
3395.98
3395.98
3395.94
3216.64
3485.65
3395.98
3485.65
3575.4
3396.06
3395.98
3396.06
3575.32
3485.77
3306.39
3575.36
3485.77
3485.69
3485.69
3216.76
3396.02
3485.69
3396.02
3396.06
3216.76
3306.39
3216.8
3396.02
3485.77
3396.06
3306.43
3306.39
3306.39
3485.61
3216.76
3396.02
3575.4
3306.31
3395.98
3216.72
3396.06
3306.43
3306.43
3216.76
3306.43
3306.43
3216.8
3037.46
3485.69
3396.06
3396.1
3306.39
3396.06
3306.43
3396.14
3216.8
3306.43
3216.76
3216.88
3127.13
3127.17
3127.25
3306.59
3037.54
3037.54
3216.88
3127.25
2947.95
3037.5
3037.54
3127.21
3127.25
3037.58
3037.58
3127.21
3037.46
3127.13
3127.25
3396.18
3306.63
3216.96
3396.22
3306.59
3127.25
3396.18
3216.88
3127.33
3037.66
3216.96
3127.25
3037.58
3127.29
3127.33
3037.62
2947.99
3037.62
3216.96
3037.66
3037.5
3037.62
2858.24
3037.62
2947.99
3037.58
3037.58
2947.91
2858.28
3216.92
2947.91
3037.58
3127.21
3037.54
2947.95
2947.95
3127.29
3037.66
2947.87
3127.29
3216.96
3216.96
3216.96
3037.62
3127.29
3127.25
3037.62
3216.88
3216.96
3396.18
3037.62
3037.54
3216.92
3216.88
3037.58
3127.25
2947.95
3127.33
3216.8
3037.66
2947.91
2858.28
2858.32
3127.37
2858.28
2768.61
3037.62
3037.58
3127.33
2947.99
3037.62
2947.95
2858.36
2678.98
2768.61
2858.24
2858.28
2948.03
2858.2
3037.66
2768.61
2768.65
2768.61
2947.99
2858.32
2858.28
2858.28
2768.61
2589.27
2858.32
2768.73
2768.65
2678.94
2858.32
2768.53
2679.1
2858.32
2589.31
2858.36
2858.36
2947.79
2768.61
2678.9
2821.2061855670104
2947.91
2768.65
2768.49
3037.86
2679.1
3396.78
3037.82
2948.11
2948.07
3396.54
3306.75
3396.34
3217.0
3127.45
3037.78
3396.3
3665.43
3396.34
3396.34
3396.38
3306.59
3217.08
3306.71
3306.71
3127.41
3217.16
3306.87
3127.33
3217.04
3217.04
3127.37
3217.04
3127.45
3217.12
3127.37
3127.29
3306.67
3217.0
3396.3
3217.0
3217.04
3306.67
3216.96
3127.41
3216.96
3037.98
2858.4
2858.36
3127.33
3037.62
2948.11
2858.36
3127.33
3127.45
3037.9
3037.66
3037.7
3127.41
3127.37
3127.37
3127.45
2948.07
3217.12
2947.91
2948.03
2948.31
3037.78
3127.45
3217.04
3127.41
3127.37
3306.75
3127.45
3217.2
3037.86
3037.66
3037.82
3217.12
3396.22
3127.49
3127.41
3127.61
3127.49
3127.45
3306.87
3306.79
2858.52
3037.98
3306.99
3037.82
3217.16
3037.9
3037.9
3127.45
3396.62
3217.16
2948.23
3127.45
3127.37
3037.82
3396.42
3127.41
3306.75
3127.53
3127.41
3217.4
2948.15
3127.57
3127.45
2948.11
3217.2
2948.19
3037.82
3127.37
3127.33
3037.78
2948.03
3217.0
3127.25
2948.07
3217.04
3306.87
3037.7
3306.79
2948.07
3037.66
2858.44
3037.82
3037.7
3127.37
3127.33
3216.96
3127.41
3037.7
3037.82
2948.11
3037.62
3037.86
3127.41
3037.78
2948.15
2858.36
2858.36
3127.41
3127.41
3127.41
2948.07
2948.03
3037.74
2948.11
3037.74
2948.15
3306.91
3396.46
3486.09
3306.71
3575.88
3306.79
3127.49
3127.41
2948.11
3396.38
3127.41
2948.11
3037.94
2948.15
3127.45
3396.54
3037.86
3127.57
2948.15
3037.86
3217.12
3037.82
3037.74
2768.81
3127.41
2858.4
2948.11
3217.16
3127.53
3037.74
3037.74
3037.7
2858.44
3306.75
3306.79
3037.82
3127.41
3127.45
2948.35
3127.65
3127.53
3127.53
3486.33
3217.12
3127.53
3127.61
2948.11
3127.45
2948.15
3127.41
2858.6
3217.28
2858.44
2948.11
2858.48
3127.45
3217.36
3037.78
3127.53
3037.78
3396.5
3127.81
3396.5
3396.46
3396.54
3486.25
3306.79
3396.74
3306.79
3217.04
3306.67
3486.05
3306.71
3306.79
3396.7
3217.08
3217.08
3485.93
3486.37
3396.38
3396.42
3306.71
3306.63
2679.42
3217.16
3306.79
3575.68
3486.01
3037.74
3217.12
3306.79
3037.86
3665.59
3127.53
3038.02
2948.15
3217.16
3306.87
3396.22
3306.67
3306.67
3306.67
3396.38
3486.09
3396.38
3486.05
3396.38
3306.79
3396.38
3217.04
3486.01
3396.3
3217.12
3217.08
3306.75
3306.75
3306.75
3216.96
3485.97
3217.16
3217.12
3037.82
3217.16
3127.29
3037.86
3306.75
3306.95
2948.07
3037.86
3217.12
3037.86
3127.57
3127.49
3127.49
3037.9
3037.78
3127.45
3217.08
3127.49
3217.12
2948.15
3127.45
3127.53
3306.75
3037.98
3037.78
3127.37
3037.82
3037.82
3217.04
3037.82
3127.41
3037.82
3217.32
2858.72
2948.15
3037.86
3037.74
2948.19
3127.61
3037.78
3037.86
2948.15
2858.68
3396.7
3306.79
3486.33
3037.98
2948.43
2948.31
3306.99
3306.87
3486.05
3396.66
3217.2
3217.16
3037.94
2768.93
3037.94
3037.82
3217.12
3217.12
3306.79
3037.86
3127.53
3217.2
3037.86
3037.86
2948.15
3037.82
3127.57
3217.2
3037.86
2679.42
2858.64
3127.49
3038.02
2858.68
2768.97
2769.01
2948.19
3037.86
2948.23
2858.64
2858.68
2679.5
2948.31
2948.27
2948.23
2948.23
2769.09
2679.5
2948.31
2858.64
2858.56
2858.52
2858.56
2948.23
3037.86
3038.02
2858.56
2858.6
2679.5
2769.41
2500.28
2679.42
2858.68
2858.72
2948.23
3127.61
2768.97
3127.89
2948.27
2858.6
3127.61
2769.17
2679.38
2948.35
3127.61
3037.94
3037.94
3037.9
3127.61
2948.43
2769.09
2948.59
2769.05
2679.22
2858.6
2948.27
3217.28
3127.53
2769.21
2589.87
2859.0
2948.31
2769.05
2589.67
2858.6
2948.27
2948.19
2948.23
2948.27
2858.64
2679.26
2858.6
3037.9
2948.23
3037.86
2948.31
2679.46
2858.64
2589.83
2679.5
2769.09
2948.51
2769.09
2769.21
2948.39
2948.35
2858.72
2948.35
2858.64
2858.68
3127.41
3127.85
2948.27
2948.27
2948.23
2858.8
2769.09
2769.01
2858.6
2948.27
2769.01
2589.71
2858.72
3037.98
3037.98
2948.27
2948.23
3037.9
3037.98
2769.01
2292.915789473684
2769.09
2768.89
3037.94
3934.24
4292.76
4485.268041237114
4382.43
3665.35
4416.19191919192
4382.71
4203.29
3934.56
3217.48
3486.41
3306.91
3127.89
2858.76
3396.74
3306.99
3217.32
3396.62
3486.29
3486.25
3127.85
3306.99
3217.24
3217.2
3486.29
2589.79
2948.47
3038.02
2948.51
3486.33
3575.88
3844.61
3934.36
3754.98
3845.05
3486.25
3396.5
3486.41
3575.88
3575.84
3575.92
3486.09
3934.28
3396.38
3127.57
3217.24
3217.24
2500.16
2948.59
2679.58
2679.5
2769.09
3038.02
3485.97
3127.33
3306.79
3754.86
2948.35
3486.13
2858.64
2858.4
2948.19
3037.86
3037.74
3844.81
3485.97
3934.36
3844.53
3844.49
3844.57
3934.36
3934.36
3665.59
4023.87
3306.47
3844.45
4024.07
4024.07
4113.7
4024.03
3755.14
3216.84
3934.56
2948.43
3037.94
3127.57
3396.62
3575.88
3665.51
3755.22
3755.1
3037.66
3575.96
3575.76
3755.22
3665.35
3306.39
3306.39
3396.1
3485.69
3485.69
3395.98
3485.77
2947.71
3216.8
3127.29
3216.88
3306.59
3485.81
3485.85
3485.85
3396.14
3485.85
3575.48
3575.48
3396.02
2947.71
3575.48
3844.61
3665.07
3665.07
3665.07
3575.44
3575.44
4203.37
3575.28
3844.29
3485.49
3665.03
3665.07
3933.92
2947.79
3127.25
3934.44
3485.77
3485.69
3665.03
3126.73
3485.69
3934.44
3396.02
3306.51
3396.14
3396.14
4203.41
3485.69
3665.07
3575.44
3665.07
3575.44
3665.11
3754.7
3754.74
4358.775510204082
3844.29
3665.27
3396.1
3306.43
4024.15
3306.47
3217.0
3306.47
3306.39
3396.1
3306.39
2947.75
3665.39
3127.37
3396.3
3485.89
3485.89
3575.52
3396.02
3485.85
3485.89
3665.35
3126.93
2947.99
3037.22
3126.93
3575.36
3306.23
4293.04
3395.82
3216.56
3037.3
3396.1
2947.91
3037.5
3216.76
3396.18
3306.51
3575.76
3755.34
2947.91
3575.48
4113.78
4024.03
4023.95
4113.66
4113.62
4113.62
4203.21
3754.54
4292.76
3934.28
3575.48
4024.07
3844.33
3754.66
3575.52
3665.15
3485.89
3575.48
3754.82
3306.59
3485.85
3575.48
4113.38
3395.7
3844.33
3844.33
3485.85
3396.38
3575.48
3754.82
3844.49
3575.48
3665.23
3754.82
3754.82
3934.2
3754.74
3754.74
3665.11
3754.78
4023.79
3934.48
3306.79
3844.85
3575.56
3665.11
3575.56
4024.11
3485.73
3575.48
3396.38
3127.13
3754.94
3306.51
3575.52
3575.44
3754.82
3754.86
3754.82
3754.82
3754.74
3934.36
3844.45
4023.71
4293.04
3844.45
3844.37
3664.95
3844.41
3665.19
4023.87
4113.46
4023.75
3844.53
4024.07
3754.9
4024.07
3485.97
3486.01
3665.23
3665.59
3575.48
3754.82
3844.49
3575.72
3216.96
3844.53
3485.65
3934.16
3844.45
3934.16
3844.45
3754.82
3844.61
3754.7
3844.45
4382.67
3844.29
3934.08
3575.56
4358.897959183673
4203.45
4293.04
4292.92
4292.96
4506.646464646465
4203.33
4023.87
3486.25
3691.626262626263
3844.85
3934.32
4113.42
4113.66
3844.69
4113.58
3934.2
4292.8
3934.0
4023.63
3575.6
3844.49
3844.45
3485.69
3306.71
3665.27
3844.53
3934.16
3934.08
4023.99
3934.12
4450.193877551021
4450.1122448979595
4202.89
4382.35
4202.97
4023.83
4203.09
4113.42
4202.97
4382.31
3485.57
4113.66
3664.95
3306.79
3217.08
3665.31
3665.23
3992.326530612245
3665.31
3755.06
4023.31
4024.03
3934.16
3755.02
4023.91
4203.17
3934.48
3934.16
3844.45
3485.73
3844.65
4358.693877551021
4023.83
4561.45
3844.53
4202.89
3934.16
3934.08
3934.16
4203.09
4113.42
4023.79
3934.16
4358.448979591837
4203.13
3844.45
3934.16
3934.16
3396.1
3485.81
3844.33
4203.05
4113.14
3306.59
3396.18
3665.03
3844.01
4669.948453608247
4202.85
4113.38
3575.48
3306.59
3754.62
3844.49
4292.44
3934.2
3844.57
4292.4
5270.79012345679
3396.46
2678.78
2768.37
3126.89
3396.46
3127.29
2768.37
3217.28
1066.967741935484
3844.89
3755.22
3485.73
4293.08
3934.24
4113.74
4023.79
4203.37
3664.83
4292.8