6272355
6137381
5948233
6434632
6245403
6326440
7298609
5768042
6524698
5633240
6226972
6875788
6191531
6497128
6388975
6488730
5885016
5821920
5651218
6605391
6173353
6317339
6632370
6506490
5732248
5110566
6029254
7181430
6713573
5479923
6362650
7109919
6218545
6605348
6398701
5930435
6911374
5966290
6245730
6741167
6587948
6758591
6299359
6569612
6434362
6570032
5335808
5884882
5579146
6506300
6929516
6335459
6155432
5911891
5552467
5983713
6587551
5750504
6938612
5678000
6092352
5741380
6281794
6605291
6407180
7209271
5687320
5885333
5830938
6668848
6758713
5939402
6127971
6254251
6092293
6344297
5912417
6713767
6380562
5498011
6290327
6848035
5786080
6379762
6524616
7037533
6407485
6029347
6236582
6236292
6074384
6524560
6425547
5786141
6641812
6857314
6425639
6461494
6533255
6173279
6065530
6164131
6659850
6956861
5218773
7110134
6848944
6839615
6074430
5578980
5704850
5894026
6496746
6786215
6524529
6695626
6587554
6587766
6524559
6362505
6551404
5534298
5047669
5974520
6146501
6749436
5714427
6028920
5380369
6137609
6164607
6155735
6011326
6254496
6839185
6371018
6866567
6489112
6128032
6587847
6245104
5633257
6218201
6371670
6109791
6442901
6407205
6812849
6200419
6542427
6128655
7010345
5939243
6587506
5335771
6713754
5857783
6569017
5749464
6479670
6479295
6704757
7019082
6524615
6245127
6353114
6757763
6281411
5380625
6038179
7109510
5722744
6002066
6767923
6650361
5965708
6217763
5813224
6344597
5975059
6929381
6470288
6325989
5849391
5695941
6704406
6416719
6371417
6560723
5776926
5777264
5678406
6173441
6713211
6506479
5875924
6344139
5803996
6452445
7604167
5786221
6758670
6074361
6569366
6695077
6731700
6074114
5560957
6299580
6650504
6830499
6110727
6749536
6434535
6740492
6560097
6488472
6830339
6128294
5839826
6200454
5876058
6173392
6758258
5884666
6091806
6938538
5867350
6218519
6533225
5399294
6128703
5579019
6776111
6272144
6506088
5911951
6290503
6803174
6551303
5975234
6569860
7217295
6307957
6641100
7127307
5632370
6713582
5966113
6658724
6893462
6704687
5723265
6227304
6497603
5632912
6524920
6407275
6100847
6182284
7020174
5425420
6542129
6164409
6785582
6146405
5605841
6119243
6731095
6515311
6227756
7541627
6092508
7370371
5759200
6173210
7199686
6245459
6668785
5984077
6695932
5768175
6732073
5741241
6623079
5759248
6542611
6002284
6110250
5723502
5857843
6496931
6524617
5560863
6875196
6749781
6245292
5812749
6047267
6578120
6839871
6848574
6209868
5948385
6848786
5173470
6920832
6452288
5993291
6569366
6929512
6371515
6461231
6920336
5911713
6083398
5668728
6705164
6434140
6308950
6542791
6731359
6767587
6785489
6542704
5956907
6146085
6173475
6109893
6182420
6119164
6101350
6425374
6308310
6632564
6164406
6263450
6390109
6209527
6208976
6497022
5651000
5749995
6227268
6857609
6479703
7181541
6164563
5714228
5975315
6560634
6092303
6380400
6281368
6469709
6803254
6938967
6452674
5543054
6811970
6569517
6488618
6866488
5740936
5686706
6371060
6335681
6893424
6641422
6362476
5714178
6191766
6515264
5669087
6074119
6227562
6659699
6470189
6056222
6749638
5894232
5056327
6299259
6362367
5893645
5956718
5858089
6695528
6902515
6092058
6236262
6092132
6532880
5957001
6073968
6776341
5750069
6110198
5579106
6344777
6155451
5705129
5965855
6983380
5308284
7001714
5876335
6659569
5885071
6596512
6281576
7208250
6326122
6172991
5911275
6407225
6749356
6011396
6335156
6542242
6118968
6371290
6389488
6236308
6398465
5957421
6281413
6110128
6524502
6443211
7109068
6109587
5462352
5317601
6335157
5894036
6002353
6046840
6677923
6164103
5930185
6182051
7208800
6803969
5912078
6577874
6974516
5380631
6181772
6047495
6623336
5759026
6119437
6722204
6992118
6938793
6362369
6110780
7118893
6452747
6290050
6884540
7496576
5975369
6623518
5903022
6839515
6722208
6092355
6497093
6677319
6308084
5705120
6389399
6587585
6344554
5885030
6533605
5768060
7190365
6038137
6496959
6731035
6632956
6119167
6236050
6380198
6263163
6686490
6461252
5803914
6586896
6128682
6308312
6001784
5524876
6011299
6569406
6497440
6506137
6632996
6785011
6370811
5957189
5722923
5885211
6290336
6227513
5984222
6055880
6767237
5840336
7082739
5290802
6596539
6569884
6839109
7326325
6353429
6694744
6488333
6515125
6758236
6668651
6425166
6299134
7208910
6812634
6785328
6380475
6335448
6263858
6200232
7091556
6416642
6776781
6677314
6488362
6407071
6128150
6110004
6092606
6596979
6263251
4975673
7046889
7136982
6074197
6515623
6596023
6578772
5939177
6136982
6263371
6425404
6353278
5155306
6227074
6488152
6875967
6281261
6083075
6470430
6263362
6722297
6893170
5948241
6334915
6307943
7046694
6650167
6263484
7145887
6308495
6560573
6146217
6507006
7010673
6479482
6065437
5777022
7046921
6137320
6902731
5272279
6739870
6371116
6047366
6803631
6632388
5317860
6209363
6461216
6254429
6938776
6884952
6640927
7100366
5533954
5984079
7018953
6416490
5957500
5551680
6515045
6443764
6488625
6065456
7137085
6380524
5443607
7397660
6785455
6956496
6353316
6082683
6173464
6749434
6056503
6397915
6488597
6470372
6137453
6461086
6254424
6262960
6290456
5929911
6884401
6632347
6398785
5695970
6182456
6245645
6641188
5560691
6227586
6416615
6299433
5695616
6542396
7020116
5983993
6938374
6245384
6344543
5966384
6200423
6461476
6109992
6821261
5587792
6479335
6587316
6694861
7298696
6677427
6362685
5101344
7325988
6155436
6839359
6137218
6641525
6524332
6110588
5749984
5930438
6227227
7109534
6596375
5830890
6343798
6155409
6704738
6407328
6362372
6317345
6245381
5984311
6128583
6677460
6389710
6191178
6326620
6443384
7334541
6578651
6389501
5533397
5965873
6839459
6227505
5794797
5641815
6758550
6470252
6443262
5875634
6299290
6406945
6596797
6659444
6560292
6055657
6254183
6218417
6650104
6344218
6487843
7037305
6209168
6190639
6839834
7244705
6884645
6632183
6029398
6478953
6839413
6317356
5858451
6461384
6578076
6425788
7253770
6064451
6064969
6083248
6551427
6182626
6173103
6866711
6551828
7514850
5758704
6191219
6803638
6290374
6794835
5785913
6443496
5912069
7001719
6389355
5578794
6974572
5794551
6470263
6992231
6902094
7334534
6011015
6065343
7010809
5966427
5975069
6398451
6588042
5579174
7037300
5632936
6497548
6524721
6343823
6470407
5660034
6362350
6191469
6434265
6245419
6704743
5948370
6443552
5687105
6371003
6604831
5894337
5533959
6307723
7343720
7046528
6335044
6461327
7163699
6560532
6470145
6740155
6380823
6307897
6199947
5794609
7181403
6542817
6497443
6119294
6767543
6488382
7910794
7047211
6380538
6416565
6389185
6389427
6110526
6371584
6812402
7118807
5894159
5821793
6596946
5993398
5227590
6793637
6155426
6533556
6704215
7244663
6443643
6685874
6164414
6172974
6622903
6281320
6101085
6335827
6533068
5551767
6254457
6128275
6047034
6470392
5939412
5407843
6109926
6209226
6155394
6389123
6658911
6839836
6191137
6010867
6605652
6236215
6569805
6947375
6092669
6731706
6542572
6218299
6677369
6569744
5857620
6460930
6362247
6551676
6596435
6650673
7307698
6146344
6911596
6407541
6028877
6668723
6344946
6434739
6848647
6785298
6560577
7109633
7000634
6389148
6434443
6650836
6353404
6587140
6353254
6524281
6389351
6371179
7361487
6002187
5641256
6434319
6299322
6560621
6713076
6578693
6344666
7028534
6209368
6335528
6857691
7073428
6668362
6632347
5858274
6451944
6866167
5696186
6929758
6415870
6434106
7037297
6407123
6461319
6992794
6389009
7136249
6695037
6047214
5795157
6182176
6470334
6335263
5768136
6092060
7226672
6704507
6524363
6191919
6650606
7523646
6083091
6001899
6776384
5911823
6605185
5741328
7712449
6146666
7208795
7145450
6182337
6551336
6200267
6560266
6290500
7101080
6001765
6659456
6488760
6271645
6001980
6596335
7118736
6650572
7118178
6371796
6623431
7028892
6866374
6515331
6290410
6056042
5984395
7100769
5857954
5696052
5498338
5722736
5840389
6119044
6560454
6578587
5993053
6542483
5984364
7433644
6983683
6173404
6542581
6308309
6461222
5722281
5957393
6659817
6821466
6722577
6380214
6235788
5884760
5903601
6209226
5965907
6569251
6965710
6551115
6668592
7064585
5623963
6524601
6389230
6038176
6605103
7091308
6038115
6695225
6542839
6821820
6551926
6173467
5650841
6479528
6992681
6867044
7118610
7505842
6686236
6209334
6478943
7046569
6696124
6929829
6902982
6614667
6713674
5731598
6425470
6217560
6596270
6155198
6389629
5687130
5551497
7145317
6839433
6425738
7055358
6245415
6668695
5569539
6308657
6911878
6254423
6785667
6659471
6722031
5920959
6785564
7118625
6137305
6416371
6911545
6893414
6317540
6308389
6380145
6875741
6479994
6830598
6686862
6713625
6065593
6830474
6091425
6245405
5785991
6560589
6524309
7226620
5984183
5921062
6029546
7289996
6451943
7263286
6245560
6335180
7020055
7289682
6677675
6561135
6254376
6299054
6911515
6893838
7235690
6425036
6479317
6425528
6434798
5678183
6740561
6208576
5768337
6146131
6893846
6416532
6136951
6452329
7037957
6678160
7352866
7100670
6353346
6452411
6416554
6478908
6443836
5866879
5912447
6092058
6605299
6362562
6497829
6605991
7028892
6875768
6803347
5597016
5768073
5993723
6172888
6137508
6218228
6533324
5110208
6740817
6632730
6822130
6371283
6416450
6434385
6650657
6390100
6785812
5623840
6605546
5984224
6236542
6587710
6488848
6551266
6001998
7271820
6380770
6956581
6722365
7082805
5686861
7685681
6020307
6335065
6362698
6020709
6326143
6308574
6803931
6956335
6830993
5885092
6614305
6605952
6776787
6199622
6317447
6127777
6101137
5947953
6695794
6362121
6506594
6434431
6668450
5966282
6497025
6569879
6992462
6281035
6137451
6452237
6317702
6479068
6867113
6659662
7073657
6290299
6722773
6461619
5993384
6318029
6821009
6470845
6569971
6272219
6614883
6299830
6146282
6704365
6731952
6002346
6596769
6876241
6164690
6506740
6605527
5768169
6154902
6371158
6839779
6596818
5930126
6524689
7127946
6650595
6668526
6308607
6029091
6704528
6200567
6983746
6182076
6425842
5840464
6479662
6786187
6047519
6569718
5650920
6128474
6705042
6308542
5965991
6651029
6371303
5983908
6470489
6344357
5533662
6758907
5695733
6515645
5903545
5930152
6362628
6155348
6011425
6362293
6695749
5822263
6371458
6713000
6055844
6839586
7083003
6524452
7109475
6758306
5902952
6308575
6272283
6317807
6389314
6533213
6578860
7559938
6497515
6570009
6470785
6578686
6939460
5948427
5894582
6164196
6434759
6417028
6218764
6461430
6434477
6830677
5930498
7127697
6128623
6353490
6515281
7154930
6254522
6182077
5966353
6110528
6586751
6902942
6191264
6408048
7299709
6038415
5876229
6227202
7055707
6155577
6470629
6362558
5921384
7506427
6245638
6380408
6794468
6641771
6343638
6857799
7145509
6299774
6622785
6164545
6758438
6065559
6731718
6785725
6488631
5984359
5777246
6623452
7218438
5723369
6371232
6380835
6659419
7028998
6488964
6082660
6344667
6551781
7155209
6083260
6290595
6984061
6605565
6425561
6343982
6416158
6659800
6281262
6722340
6353074
6263334
6614605
5776985
7091590
6344582
6100871
6920231
6470434
7442706
6992641
5714008
7199244
6038314
6425541
6668097
6416734
6272055
7038233
7055692
5938884
6038565
6299596
6894022
6533197
6497343
6911982
6776049
6965556
6614669
7100575
6758509
5435287
6092336
6578451
6110371
6110485
6632415
5975336
6875917
6749457
6533366
5858096
6299607
6335710
6119172
6965479
6479776
5767923
6551673
6434346
6650840
6714207
5840062
6128614
6209128
6677517
6560583
6965799
6911811
7172506
6371137
6181957
6380087
5542855
5109889
6461617
6506867
7110007
6650728
6020495
6506525
6065647
6190996
6263288
7064630
6560413
6624028
6317727
6155480
6173268
6316866
6551653
6236328
5741022
6569386
7101243
6893144
5903122
5821589
6659896
6974880
6173146
6857776
6515009
6533024
5525362
5957162
6992524
6245543
6812833
6065263
6804181
6362406
6695378
6542466
7154774
6227732
5993198
7019970
5894991
5416558
6938619
6326214
6281133
5372001
6867057
5218616
6245658
6389249
6488177
7218420
6245306
6533429
6857506
6065677
6659394
5767586
6830736
6623430
6596714
6560761
6687130
6227650
6749568
7037683
6290619
6452633
6551256
6614470
6803942
6695823
6641757
5831091
6857762
7082763
6362220
6245343
6371473
6470255
7650009
6478507
6785626
6245471
6623554
7343873
6011216
6929688
5867251
6416872
6290114
6524288
7020412
6236220
6416700
6704524
6867399
6515581
6650508
6965481
6668433
5561239
6542362
5848996
5885453
6605295
6227568
6776928
6299409
6641439
6281540
6452500
7001523
5992430
6335559
6614636
6812808
6767441
6362635
6578214
5624083
7226449
5678391
6182488
6884133
6002392
6208847
6605673
7244302
6488472
7280761
6920758
6002294
7137113
6470957
5641693
6443760
7109461
6092392
6768131
6578796
5975111
5209464
7055519
6794158
6497567
6506881
6939086
6524442
6776581
6065607
6930416
6884582
6750093
6479498
6892721
6146386
7082630
5966477
6119294
6245800
6533748
6759005
6794469
6272400
6921148
5633119
6443792
6056199
6740912
6398882
6641994
6335850
5795051
7019678
7065009
5579061
6389755
6515194
6291192
6101706
6992631
6092202
5552025
6398399
5597100
6983950
6749696
6119433
6290697
5768268
7218100
6407012
6425731
6028461
6542593
6676793
5858531
6984107
6155263
6470526
6686967
5867350
6516365
6470516
5722914
6425367
5876156
7010504
6281531
6731350
6821834
6884490
6137244
5795176
6353560
6542768
6569574
6605764
6559928
5534158
6416494
6956359
6956555
6785376
6272018
6110545
6326905
6415646
6785731
5668947
6632293
7019933
7271217
7010363
6407287
6164375
6550794
5930421
6001747
7118962
6803713
6920682
6550997
6723321
6506692
7541904
5875901
6506187
6164687
6128075
6786136
6623342
6911452
6758578
6290402
5930380
6587489
6596413
6641578
6803242
6767446
5488984
7352885
6857601
5705057
6983430
6452548
7353208
6002015
6570010
6551663
6524533
5804130
6326619
6542849
5749550
5975039
6938406
6137404
6848899
5993413
5857696
6623746
5732457
6317302
6353079
6965589
6308308
6830570
6974580
6929829
6767960
6317766
5930485
6434420
6065255
6803467
6569319
6974446
6498019
6534035
6371241
7046750
7416145
6137747
6263518
5957147
6615066
6083534
6380302
7136839
6659929
6443764
6938900
6083369
5867147
5722967
6254345
7226006
6371609
6894167
6849012
6308547
6902864
6029675
6947418
6659789
5552211
6380140
5849032
6470445
7334676
6875843
5822581
5903187
6110241
7100808
6614708
6299303
5938560
6730916
6983822
6092053
6218009
6659474
6947473
5848872
6451868
6920696
6686579
6272510
6758157
6452217
6109945
7010777
5686993
6362666
5623941
6740343
6659561
6406760
6146664
6146381
6587895
6560153
6425428
6947640
5948561
7002233
6731316
6092009
6452430
6055823
7047282
6047366
5930234
6092244
6992131
6740888
6560624
6875581
6227482
6866178
6263453
6578534
7154808
6073724
5903244
6812513
6371487
7046389
6578269
6047456
6326162
6461117
6830191
6263156
6407499
6551373
5587899
5867206
7451970
5948289
6515517
6569278
6713842
6929409
6830783
6442801
5677942
7109635
6831032
6803907
7100468
6677141
6110488
7037478
6209168
6821713
6992667
6290137
6695215
6434692
6542655
6560676
6470170
6037451
6686190
6560008
6335549
6164233
6695790
6307546
6659828
6524683
6002118
6281205
6479563
6884323
6371743
6966001
6407888
5642323
6380950
5876247
6803599
7253642
5902825
6263201
6758737
6641321
7551076
6587705
6434399
6299256
6866456
6254366
6515521
7235748
6146268
6569518
6614435
6632782
6146543
6407106
6641395
6731427
6650771
6631683
6452032
6587437
6749367
6038615
5930261
6704931
6677516
5245557
6218214
6326799
6560211
6884499
6911905
6578035
6344340
5921079
6362544
6830282
6777155
5471068
6795023
5930558
5957497
5578845
6344223
5948273
6308455
6839436
7388469
6866186
6290626
7001599
5786212
6236520
6164495
6272481
5867048
7397982
5605778
6686275
6658929
6029482
6416755
6803795
6263002
6812737
6803458
6362579
5948431
7046870
6353418
6281333
6325934
6776560
6947491
7100374
6902535
6335806
5407601
6389402
6307929
6389118
5975304
6407194
6767631
5794824
6173195
6191471
6344770
6074071
6766904
6290282
6992346
6389376
6749305
6866654
7154952
6488291
5804640
6911753
6389531
6695381
6974872
6848169
7155011
6929695
5939386
6542464
6641322
6983161
5912613
6452604
6416703
6011237
7127564
6073971
5695794
6074030
5866763
6335733
5894352
6570132
7119178
6317333
6416206
5623909
6497025
6461586
6515698
7100796
6848475
5975380
6425531
6182188
6154399
5876289
6938645
6092501
6695263
6974898
6416567
6893637
6046968
6515730
6857577
6821653
6290671
6452440
6182497
7109595
6956641
6893544
6407001
7038060
6452681
6497645
6893831
7046831
6839330
6209101
6479834
6434910
6092379
5750297
6596863
6497529
6542501
6047463
6974635
6236386
6857079
5334665
6623443
7227071
6091687
6163929
6164338
6946957
6488361
5867667
6506445
6461255
6496735
5894381
6866609
6470302
5623739
6299726
6317910
6686912
6551702
7811916
5903062
6199981
7136648
6659439
6857636
6695376
6236449
5893500
7235417
6092627
7046735
7073616
6263415
6569614
7289437
6136936
6758685
6668667
6380627
6209289
6209371
5984315
6461322
6659468
6668363
6560111
7406907
6920406
7235400
6181856
6749464
6965273
6641500
6245382
6200617
6578563
6290185
6596468
6038664
6542767
6362474
6272223
7001653
6443172
7298427
6947881
6857694
6893820
6551522
6632822
6659493
6542810
6353211
6812532
6281394
6290131
5632782
6416116
6830556
6776281
5903094
6218498
6388923
7397670
5525208
6857947
7127781
6308563
6569736
6542567
6281370
7334375
6776767
6605933
7063959
6596711
7271699
6983231
6326270
6353422
6515591
6092037
6524509
5902986
6110049
6020334
7262792
6920517
6389494
6479524
6173260
6947530
6740199
6938809
6254425
6911776
6722723
6650802
7316696
7298893
6146324
6713663
6182811
6740379
6668481
6713622
7181842
6929429
7163746
6857411
6804026
6542736
6425379
6705172
6767607
6632673
6884811
6551365
6551083
6398107
6614858
6704337
6812233
6452477
5497881
8135585
6137473
6497339
6641384
7505812
7109526
6587761
6848469
6173334
6722597
6407688
6695724
7325970
7344082
7110314
6317761
6353277
6983896
6325827
6335229
5650815
7028708
6308330
6101162
6794448
6830868
6992834
5470768
6236598
6425467
6848355
6164052
7019676
6542172
6001709
6722032
7199833
6443077
6371538
6695388
6416503
7136340
6407235
6551326
6452593
6335222
6569819
6128268
6307693
6182456
6298967
7154852
6919854
6884655
6362496
6443433
6839366
6776537
7218226
6596623
6623854
6839015
7460599
7154268
6272604
5786277
6209301
6217368
7271594
6497151
7271472
7406907
6362031
6218521
6839074
6344506
6911601
7641003
6622977
7019574
6065363
6848582
5929326
5930222
6416082
6128614
6668340
6308498
6776055
6047113
6568810
5732149
7181920
5786376
5948340
6533904
7028646
7082743
6253643
6704132
7019283
6794666
5570241
6804220
6650597
6236334
6965404
6434339
7244421
6200217
6199949
6857314
6236063
6623816
6479216
6920840
7019743
7424566
6974234
6200456
6380085
6173728
6776561
7172488
6983258
6848740
7218035
7244120
6676697
6569748
6208449
5947678
6812867
6848370
6470444
6956626
6074238
6281224
6650683
5983347
6191410
6659359
6443645
6272216
6326575
6038086
7136667
6866713
6470245
6182487
5767617
6947367
6965039
6947521
6317020
7127354
6560248
6281383
6677476
5993166
6335887
6649855
6812967
6542710
6380809
6506105
6902549
6290598
6244823
6551625
6830184
6326238
6407344
6722809
6794806
6443616
6290212
6407096
6785307
6542569
6641857
6452800
7352671
6587108
7613712
6298752
6290454
7136800
6569284
7019727
6425440
6694697
6948065
6587454
6767519
6614241
7118632
6335318
6101221
6344639
6587700
6542805
6443404
7082560
5687114
6578330
7073758
6371287
6416207
6560313
5595826
6506187
6812334
6938884
6659417
6344062
6650276
7253716
6389709
6578615
6515728
6722738
6623833
6524061
6335133
5731506
6002272
6569431
6686844
7145539
5803645
5894247
7190484
6902801
6344301
6002271
7073306
6929886
6236616
5930064
6199972
5848982
7109230
6929571
6767811
6812670
6992510
7181600
6290726
6290452
5966261
6794734
6182124
6776372
6560451
7334301
7100215
6362515
6461728
6479331
6785433
6479607
6074034
6668375
6362196
6182162
6785657
6461594
6641379
6371079
6758263
6857485
6704784
6056190
7181835
7118943
7154031
6668356
6848257
6974618
6686392
7685991
6299651
6344374
6668324
6605271
6641355
6596002
6794385
6749799
7379677
6677611
6380603
6857431
6524276
6325886
7198938
6119451
7101004
6650148
6020016
7064806
6128122
6812955
6479667
5453097
6497524
6875210
6965270
6011272
7577780
5605763
6344662
7073532
6280928
6659062
6605691
6074292
6740726
5741108
6659438
6722661
7604293
6848768
6992591
7235845
6569698
6487862
6668710
6586787
6047068
6551326
6461656
5903304
7298730
7478278
6442820
6749446
6740399
6641823
5822067
6921194
6695391
6560200
6506785
6650128
6929540
5813035
6830039
5263837
6326229
7073752
7091493
6974398
5750008
6227056
6496933
6514737
7181746
6875372
6650430
6173576
6416230
6029380
6362584
6938438
6920777
6767725
7388757
5903206
6506226
6479576
6344707
7748436
6686481
6749240
6938530
6497317
6956255
6101110
7226568
5867063
6713006
6632052
6515212
6524557
6848281
5551885
6146184
6731520
6542507
6560358
6641655
7460639
7532389
5966196
5993270
7037516
6560483
7199070
7514184
6416731
6758277
6677177
6640990
6748935
5992988
7406633
6722716
6470416
6632024
6263244
7550934
6713237
6425245
6767964
6596654
6848331
6704444
7235806
5741280
6236263
7055827
7163608
7190615
5740857
6416496
7461109
6533836
7658361
6992741
6587569
7018857
6686005
6182038
6839069
6703761
6695273
6668881
6173645
6263409
5938697
7235412
5975183
6767689
6416375
5678326
6533214
6650709
6884466
6956094
6875025
6253310
7496889
7118223
7442864
6794811
6137111
6695088
7154599
6515532
6407237
6506387
7020199
6758806
7226802
6533519
6542438
6380144
6524514
6793854
7145259
7298217
6416820
5840011
6938746
6929402
7208522
6605015
6461640
6623486
6812182
6929052
6650454
6442874
7064505
7226511
6092023
6731466
6785325
5875780
6281728
6362533
6451971
6722363
6461269
6992308
6677239
5912236
6758363
6587448
6343680
6155445
6767712
6488766
5299742
7064743
6605478
8405748
7280533
7316739
6857164
6578789
6578024
6326403
6974390
6587372
6686272
6325955
6425020
7532956
6885136
5966378
6353538
6983625
5911560
5146362
6389221
6587548
7101014
6893543
6767427
6479529
6226921
6695649
6839092
6613916
6956465
5641177
6659007
6136956
6506268
7343871
6722648
6533030
6659384
6244784
6632372
6866246
6938294
6515277
6470583
7595378
6758379
6623391
6028861
6434432
6902001
5948544
5894079
6884609
7407186
6811869
6083475
6236111
7181255
7217866
6884492
6623525
6875669
6506566
6893313
6155208
6155166
6578706
5948290
7136351
6902607
6326503
6604907
5281552
7406778
6911790
7127290
7046707
6623531
6812180
6083477
6668599
7622622
7289787
6389097
6443523
7209077
6236238
6857664
6704132
6569405
7047220
7082139
6894027
6335713
6893764
6802967
5660167
7389156
6974464
6686066
6065010
6947473
6748969
6407147
6371241
6344452
6083177
6227493
7307216
7028451
5470494
5912151
6740376
7055332
6389411
6425607
7532654
6767260
7190310
6857743
7253636
5533564
6470561
6452455
6533197
7109884
6343825
6569006
6722429
6074245
6371164
6974689
6848553
6497580
5713963
6488864
5659761
5803911
6965328
6244798
6569141
7307873
6839550
6677137
6758722
6974444
7658758
6146504
6695629
6614262
6551328
5740973
7226689
6884650
6010773
6740257
6344231
6982877
7316857
6047006
5840013
7010689
5893965
6632545
6164034
6335200
6371268
5804040
7001270
6812596
6335166
6074100
6704652
6857960
6344314
6623400
6560684
7352712
6389115
7073956
6190930
7298707
6730895
6749328
6397867
6632411
6992348
6803119
7559616
5560717
6551390
6686435
6506534
6488330
5704869
6650522
6326149
6686531
7082842
6803357
7235490
7316458
6470022
6704679
5767938
6254471
6551661
6857337
6407609
6047054
7082148
5993267
6316605
6695512
6532843
6416623
6515194
6731378
7685653
6929605
6290410
6407557
7190505
6722109
6533741
6767404
6415768
6281072
6011199
7325910
6191441
6912135
5605864
6830981
7676790
6253352
6938050
6542505
6307914
7407397
6398209
7235756
6434124
6947433
6650430
5975003
6748491
7955862
6470220
6406374
6812659
7082449
6704175
6858085
6920345
6929487
6704533
6875235
6416558
6083304
7010288
5857827
6263569
6308456
6605173
6946802
6019920
6866790
7523912
6496926
6317122
6154747
6776467
6713836
6254356
6424811
6596394
6704284
6704514
6479560
6560177
6830851
6452647
6794154
6200383
6794816
6289972
6037636
6560366
7550332
6632761
8000642
6759247
6443381
6488821
7461248
7523406
6011188
6677666
6236271
6479061
6848898
5839861
7163668
6811986
6911262
7154826
6479792
5542528
6028841
6632947
6830318
6326275
6497137
6677272
7037893
7100856
6488116
6542613
6488427
6479430
6191215
6272221
6803821
6083227
6173176
6740834
6560339
6155262
5776934
7001207
6596199
6352916
7010314
6659417
7028938
6046579
7154329
6307996
5462010
6704193
6371213
6596676
6785258
6865841
6524712
7226337
6903053
6362512
6362024
6830436
7109680
6335452
7370142
7137221
6416355
6371729
6497499
6659363
5993371
6515931
6884574
5713884
6272512
7415867
7371134
6533278
6245589
6073741
6741063
7388984
6767448
6776499
5912039
6893492
7001837
7568697
7074230
6281325
6380017
7136082
6452687
6470379
6155635
6245056
5947785
6218411
6587803
6695647
7595917
6488525
6362552
6948341
5993008
6434071
6569539
7622712
6938233
6875094
7190943
5992978
6424948
6865835
6956539
6542385
7208581
6362361
7199616
7091573
7155097
6722225
7109346
6983445
6020204
7101097
6515420
6470882
6182112
6857556
6289619
6065308
6407437
7225908
6632245
6704001
7136696
7190433
7370315
7181066
6397893
6632519
6677700
7208248
7217661
7280556
6956740
6200149
6776577
6137274
6542041
6686045
6849156
6505466
6965425
6515505
6398315
6415942
6425522
6812437
6659119
6272383
6848701
7262059
5893639
7524091
5911995
6722069
6560412
7496696
6533157
6416883
7109799
6677695
6542142
6433826
7388860
7181479
6785059
7316572
6992664
7523548
7343616
7082994
6542302
5992890
6623344
7433730
6740428
7307824
6389273
6587566
6263748
7335145
6046988
6749311
6785391
7550379
6407032
7244115
6289858
6578498
6704715
6776408
7190597
6515392
6155705
6551226
7604511
6380402
6380464
7163815
6488409
6677334
6461546
6091688
6118776
7127539
7946872
6713132
6758770
6461594
6037913
6578200
6569491
7280714
7253391
7064518
6668552
6649877
6929811
6641178
7100652
6659197
7379507
7082717
6749492
6758630
7073782
6884760
6866388
6749542
6389549
7001713
6740713
7460157
6397687
6254249
6208809
7514730
6253598
6335180
6885025
6965216
6479572
7019417
6920970
6884570
7010974
7216992
6497451
7415556
6713580
6775863
6389778
7154520
6263249
7317309
6965361
6001922
6199533
6371401
6398204
6217736
6803960
7209029
6749850
6515850
6929245
6677844
7199515
7073333
6632787
7064327
7172426
6632120
6326720
6515488
6533417
6929438
7370894
6975389
5992886
6731622
6928931
6613886
7298258
7118488
6965614
6407742
7001022
6767741
7163430
6488355
6380404
6515342
7559829
6524579
6758638
6335010
6938157
6074266
7145428
7055905
6236447
6299095
6902529
6416710
7280280
6983294
6245041
7523866
6694606
6533783
7226766
7082505
6100690
6974948
7621928
6578890
6569629
6317253
7082410
6758325
7037775
6650669
6983680
6191763
5830767
7442685
6100929
7181204
7037553
6254388
6650455
6757987
6100508
6154940
6677574
6668455
7073775
7082646
6497193
7658515
6659672
6794153
6920386
6479075
5776816
7181574
6497156
7046700
7649125
6650416
6596684
7082774
6236247
6830584
7325936
6749144
6884885
7091760
7182205
6470048
6569747
6380391
6398514
6857822
6703855
6560614
6100801
7100797
6262575
5686836
6560504
6703922
6551458
7271070
7370447
6830381
6541881
6650201
7163246
6515242
5722791
6677291
6821405
6407766
6686328
7289554
7154517
6839796
5722450
5885199
6542292
7838731
7010858
6326081
7235513
5695811
6515211
6154839
6218127
6614190
7172426
6101271
6812670
6767306
6290194
6758438
6739567
7046783
6371203
7217335
6326356
6893452
7037571
6911233
6758273
6191710
6433862
6416787
6470216
6109827
6875540
6650323
7208590
6686786
7207995
7199578
7739405
7694551
6595716
6353460
6866418
7523359
7470408
6569544
7424527
6533808
6191372
6776119
6722441
6200272
6686177
6893444
6893371
7019082
6298900
6209564
6677743
6929625
7199840
7109416
7046390
6533292
6461156
7262856
6461218
6902838
6524614
6569362
6740491
6587904
7083212
7073348
6794919
6677001
6632693
6758002
6758097
6812937
6137115
6614338
6956577
6515885
6038217
7694947
6290219
6587544
6757614
7298664
6767638
6587099
6991552
6524532
7226400
6488421
6281425
7262469
6001706
6659959
7190618
6749896
6839430
6019898
6245881
5704762
7289438
5921007
6623169
6848448
7721677
6254441
7730547
6254750
7208540
7685387
6020323
6029542
6515147
5687101
7343563
6947064
7316832
6920765
7028706
7434028
7119111
7046373
6767445
6929384
6713589
6956907
6938477
6785839
6983593
7199403
6380593
6371287
7316414
6830534
7280083
6344615
7037274
6389333
6902769
6857627
6416270
5894148
7540744
6956763
6821714
6281363
5848921
6424790
6308429
6830715
6650774
6479760
6272463
6398368
7253950
6785835
6443278
7451449
7496979
7640498
6515231
7424889
7037706
7055833
7164103
6002100
6722770
7109759
6659361
7776142
6884650
6317204
6596329
7325534
6840060
7092098
6290177
6605491
6127853
6569592
6947197
5758935
5903075
6793837
7306894
6767742
6560389
6245213
7082737
6335154
6578475
6110193
6658820
6434786
6758413
6821776
6362271
6741047
6524484
7497188
6677307
6641513
6083256
6938640
6857440
6236160
6749251
5758582
5884663
6416276
6371288
6659123
6568976
6568758
6307814
6848630
7172067
7190824
6362222
7118622
6542454
6784906
6749877
6830497
6317468
6714166
6596156
6532479
5866451
6911854
6758143
6659162
6578428
7199657
6785593
7064627
6703968
6532543
6524792
6416388
6947522
6281530
7397902
6803884
6218041
6857472
7029122
6641198
6254084
7127430
6830130
7038102
6965933
6038163
5921078
7028531
6389472
7109746
6658990
6524057
6110234
7100786
6560600
6092017
5849177
6623431
6407042
6281566
6686510
5894314
5912107
6929396
6686194
6524748
7162770
6505577
6209016
6155336
6362184
6622939
6920645
6218116
7136989
6560016
6352717
6308303
6299342
6380092
6938149
7298867
7370320
7388636
6840006
6308866
7127717
5983929
6470037
6335283
6479278
6497316
6002302
7361544
7397624
6668916
6794715
5894199
7433739
6055838
6992392
6596333
7028565
7793267
6146257
6505828
6533529
7126946
6668843
6497063
6172915
6489005
6875790
6253651
6758723
7883638
6470203
6326257
7055184
6749117
6082840
7199679
5461497
7001061
6677358
6452613
6524299
6632257
6595636
7748709
7037332
6533870
6929209
6947469
6596656
6146315
6254364
6533085
6461806
7019556
6658908
6191386
7676294
6668752
6308364
6362491
5983985
7433247
7118600
6542539
6326243
6326179
6731637
7056008
6803231
7190656
6128237
6857286
6631819
6172849
6389693
6479369
7217727
7226948
6200071
6488189
5903165
6884697
6164018
7298697
7190967
6776597
6992751
7046894
6416485
6226988
6515920
6092364
6920624
7091103
7757362
6011424
6884212
6263396
7154865
7272172
6371036
6209167
6497801
6497547
7181080
6515148
6983192
6794630
6587323
6641718
6533685
7001016
6578503
6929253
6632286
6992421
6659786
6317214
6884833
5875710
7091362
6920507
7073830
7793729
6497076
6397385
6452323
7154405
7289707
6191190
5858229
6452213
6064889
7298409
6047152
6902371
7479140
7019448
6740595
6839464
6029097
6416392
6047196
6749655
6875185
5948215
6471269
7190227
6974781
6119025
6722310
6768163
6947503
7199915
7433841
5849093
7199701
6740183
5678269
7154366
7127661
6560002
7073784
6371364
6307865
6740139
6767671
7145140
6965775
6506098
6226629
6461349
6956823
6569359
6641872
7181465
7046897
6668171
6587211
6929465
6191488
7190265
6866639
6911443
6317258
6317152
6578406
6623113
6821474
6605132
6533774
6344565
7064751
6956675
6641137
7082220
6389266
6713589
7262134
6938277
6460840
7072849
6695465
7091704
6434608
6722279
7595755
6397528
7317027
6542154
5893298
7155073
6794857
6821365
6578563
6722617
7496933
7415383
6992456
6299646
7379360
7046093
6983333
6335342
6578009
6335021
5173542
6722515
6029760
7271456
6083287
6353903
7199013
7586637
6515011
5965326
7559236
6290056
6812630
6470422
6146045
6965277
6119082
7604554
7883553
6596143
7199173
6515527
6875526
7046841
7434133
6803050
6776393
6560081
7433189
6785586
6947833
6658861
6515329
6578001
6596261
6650756
7217621
6389385
5434177
6487646
6344436
5768319
6677177
6694977
7055548
6578441
6118948
6739776
6308310
6775839
7504873
6587833
7253303
7010394
6803343
6146142
7172572
6947621
6659144
6955564
6820970
7226693
7046140
5704927
6227056
6307758
6191122
6802976
6407671
7199783
6839379
6335416
6506513
6461541
7091327
6956441
6983748
5848986
7090833
7091440
7487513
6803693
7146156
8126622
6659793
6758470
6848586
7199640
7794323
6146159
6929760
6929705
7073628
7541794
6929314
6731632
5983550
7100573
6497792
7253507
6713326
6748686
6911070
7289659
7731018
6578566
7019265
6767172
6983068
7298875
6443364
6749681
6866241
6551379
7109899
6614239
6812457
6533305
7649783
6929608
7298716
6101163
6533064
6569507
6812800
6623263
6172754
6551280
7442543
7469960
6560457
7019532
7532913
7361540
6902387
7100180
7613495
6506742
5804041
6137051
6182611
7172408
6740112
6659786
6380345
7964738
6830560
6892927
6515626
6047534
6856657
7253530
6722398
7118246
7298815
6974520
6839521
7001611
6605342
6857468
6803363
7677063
7559389
6641290
5722927
7730600
7694865
6811597
6515429
6793919
7730691
6416245
6227492
7001769
7541644
7091830
6767711
6659752
5965830
6389406
6686677
6866383
7118498
6911240
6956246
6957164
6974669
6659254
6919984
6794546
6443368
7019721
6884104
6874994
6344429
6866664
6577949
6929319
6830178
6434691
7199796
6496986
7073340
7029012
7073654
6541736
6110066
6479189
7406667
7262618
6308190
7001484
7496239
6902277
6758490
7064090
6542605
6614566
8054615
6596240
7181146
5974886
7190767
7433503
7082381
7316509
6785552
6407505
7244649
7172236
6487938
6685551
6713902
7289705
6839820
6299208
7235672
6866428
6191046
7307180
6190878
7388809
6515037
7037712
7811971
8037016
6470778
6775963
7145341
6533254
6776845
7343441
6938420
7118539
6533582
7100469
6596686
6866236
7064487
7361637
6299748
6055729
6695379
5965882
7316505
6739538
6307884
6695566
7010370
6200358
7091146
6767520
6893697
6749588
7010513
6569559
5848828
6776040
6371563
7424029
7442489
6434312
7028258
6830422
6857196
6803804
6776645
6335380
6308190
7136502
7460780
6209344
6812001
6740830
6947418
6092161
7433819
6407633
6506020
6497820
7397628
7046606
7101003
7424474
6803098
6199568
6407193
6380348
7028583
7352856
6730928
7234901
7190258
6839117
6407455
6731310
7496129
6614302
6740622
6776191
7280326
6596786
6812773
6542368
5191343
6902515
5939330
6379825
7514555
7172327
5957383
6983510
7073391
7190689
6812697
7397771
6570067
7442529
7847801
7379465
6631881
6362144
6965535
6623291
6911607
7532399
6560884
6794374
7010570
6235149
6885170
7397511
7352607
6631897
7235310
6884643
6731009
6686411
7532339
6965557
6353502
7163885
6254426
7037468
6741056
7757447
6380401
6505366
6632329
6434124
7154737
6920253
6650271
6452530
5911833
6506282
6533754
7650156
6587557
6857272
7208566
6515277
6290254
7037574
6938185
6091953
6407545
6875450
7577901
7010992
7361441
7208540
5641861
7262549
6622827
6425640
7433309
6677360
7037901
7478348
6434015
6479698
7306792
6812260
6704326
7164289
5570182
6191076
6136731
6956802
7478481
6154979
6902334
6371543
6776086
7226117
6452163
6884613
7344130
6929707
6974615
6974828
7182025
6137243
7055685
6937512
6343777
5821931
8099508
6344251
7262795
7217366
6614988
6415659
7019969
6983530
6713300
6055945
7055790
6893204
6821382
6136651
6893751
6713635
6983414
7244682
6956366
6686818
6613629
6767751
7343905
6704456
6299294
6532817
6830636
7857263
6416510
5533853
7415552
6668327
7171954
6577953
6587287
6217859
6299301
7226747
6893631
6785522
7019639
7136729
7110224
7181497
7559480
7424819
7280609
6209135
7478549
6596099
6703973
6155593
7388772
6992134
6686215
7055777
7028566
6685883
6785417
6227214
6470309
6316741
6740458
7100686
7262324
6641177
7055395
7351832
7577298
5966601
6623342
6308302
7235782
6659486
6813149
5750321
6713378
6857323
6469853
7560060
7685814
6776134
6235882
6154716
7397620
6083222
6794530
6380379
6974333
6794836
6227039
6731576
6712763
7055798
6722543
6767171
7073509
7073581
6659824
6721789
6110100
7578451
6091991
6955850
6298600
7145289
6154962
7163684
6974976
7307858
7730748
6308340
7361368
6659308
6650114
6560303
6038701
6587141
5992672
5921410
7604285
6164862
7001299
7037586
6523975
7568934
7046350
7199202
7163626
6713264
7118782
7658871
7181504
6379963
7649850
7091105
7604457
7181690
6956546
6686785
6767307
5966036
6749096
7406313
7407031
6245504
7118901
6398416
6883890
8324716
6443395
6569182
6623544
6983426
6803731
7037484
7640460
7190551
6911248
7487282
7298388
7037738
6784654
6740844
7154347
6299019
8018729
5983773
7623131
6983713
7082689
6344155
6191097
7172414
6686298
6119650
5992990
7064628
6614464
6794432
7028288
6605391
7289619
7406838
7109361
7784323
6650597
7083016
6209626
6731614
6740112
7145675
6119245
7190412
7721331
6992257
5993842
7523638
6920669
7262672
6569323
7568401
7010267
7712918
7235374
6641988
6434378
6389264
6497648
7496229
7055346
6983461
7262662
6803653
6866341
7172305
7937388
7001664
6767462
7019561
6992449
6658889
6785532
7361968
6677318
7388153
6731701
6865689
7307705
6407187
7262913
6667852
7676675
6695085
6605089
7172911
6794538
6974466
7469895
6776210
7433567
6749633
6829708
6307984
6388733
7137123
6758193
6956981
6073861
7118305
6272510
6956740
6920977
7172575
7110196
7136884
6289955
7344069
6101233
7082203
7001424
7838807
6533355
7199669
6758990
7127136
7388740
7235312
7514367
7397255
5777014
6344613
6686163
7685495
6911662
6659918
7127917
6929190
7730541
7190714
5804235
6902362
6795172
7126970
5812796
6389352
7424415
6695415
6947677
6785692
7100140
6776169
6695829
6371248
7155104
7946524
6929174
6578862
6713724
7109414
5253830
6695312
6992898
7217391
7245105
7073227
6398147
6380312
7748681
6380272
7397206
6732045
7181724
7739831
6866224
6677428
7298382
5551814
6578988
7288754
6929429
6749620
7046267
6749343
6406893
7749112
6677722
6056361
6470586
7082666
6785181
6506036
6524015
6650398
7136177
6875309
6434518
7370719
7253418
6920920
7298203
6307944
7108786
7470138
6658673
7461076
7370744
7001213
7514380
7082880
7082328
6965466
7415421
6560599
6551331
6731726
6614188
6956424
6965837
6938121
6002210
6299208
7667443
6379565
5966048
6424977
6929392
7280691
6983344
6893835
7478282
7532661
6524259
6506305
7532067
7496200
7091537
6804024
7568841
6938437
6272559
6659502
7064540
6875165
6073989
7073433
7694912
7100562
6624005
6974898
6631974
6929653
7217025
7217660
6848650
7533044
7162741
6722250
6335346
7227105
6875589
6488748
7298388
6127825
6371481
6244941
7009974
6217792
6866464
6974483
7127504
6740563
6811829
6748807
7253377
6290123
6371084
6876531
7280298
7154425
6550773
6992267
7127296
7622710
7253456
6694821
6578670
7370618
6776402
7378899
6758641
7379499
7091313
6848641
7289780
6776143
7101127
6866277
7271179
6668090
7091147
6281083
6991951
6290120
6398401
6317779
7631859
6515477
7073605
7064177
5956988
6795127
7244323
6793928
6803388
7146022
6632551
6551387
7325772
7334649
6703720
6739981
7559425
6605221
6650143
6956192
6515365
6280998
6398475
7416563
6956667
6263472
6659367
7181512
6920471
6929867
6758320
7037353
6596344
6443740
7208754
7271934
6946896
7082705
6875840
6362655
6668357
6569140
6092368
7038157
6974556
6893609
6866565
6947790
6254241
6614226
6686429
6938883
7469559
7451686
6965691
6686926
7478443
5912317
7658132
7172756
6416448
7010339
6848340
6740215
7478933
7550953
6983082
7389116
6757740
7289286
6479288
6398248
6794160
6776026
7037330
7226843
7361651
6966148
6425500
6470459
7100811
6560170
7523054
6938535
6281536
6623276
6424843
6533067
6362069
7748525
7245002
6254035
6775909
7073687
7667569
7244858
5839976
6434422
7551175
6920596
7334327
6731639
7317151
6784978
6569640
6658603
6200094
6911983
5822045
7820631
7811748
7406296
6308035
7190971
6316466
6875645
6758186
6758461
6623358
7361691
6307915
5848515
6974358
6362134
7253248
6010983
7532525
6425380
8199065
7091487
6938704
6371286
7163948
6434244
7631010
6884659
6640944
7262296
6767403
7118218
7235054
6586461
6425362
7343735
7631478
7262197
6929880
6831059
6245341
6469453
6280321
6452360
6749449
7451043
6479480
6497288
6496881
6326482
6794593
7072995
7181996
6443497
6497549
7091229
5929919
6298674
6200070
6425310
6695577
7550429
6749545
7019531
5155541
6776612
6875260
6452244
6317180
6848310
7127425
7765774
6551428
6757697
7243938
7316755
7541267
6984002
6479017
6182164
7504838
6677592
6569498
6578381
6830582
6569459
6956408
7226858
6974823
7055437
6822103
6992274
7603880
6929369
6740965
6893521
7461033
6811955
6802876
6677061
7298521
7514679
7325864
7010797
6596253
7370826
7109292
6812497
5344649
6937684
7128182
6965411
6371073
7073422
7622709
6947455
7343610
7316344
7154197
6947315
6731730
6164341
6893673
6911380
6136938
7235139
6829925
6830756
7632052
6713139
6578484
7820301
7055701
7343452
6173150
6722526
7307567
6821529
7685372
6929522
6416845
6191256
5740834
6164341
7569038
6695483
7253278
7504801
7280288
7001622
6623448
6838886
7027925
7217710
6650548
7424022
6470668
7344154
6793953
6182432
7181637
7325011
6911605
7299006
7326030
6515481
6731081
7640247
6317627
7172300
6380167
7316411
6668665
7731507
7802883
7433170
7631326
7226279
6948153
6254663
6488292
6830268
6713743
6362521
7010894
6902211
6217951
7055281
7497115
6434751
7046447
7325371
7478799
7163728
6983726
6011078
7163453
6884903
7307325
6812546
7154273
7262714
6344378
7091035
6902603
7631259
7199785
6956292
7208578
7352928
6758788
6749870
7667813
7190487
6920329
6335259
7730586
7216968
6587699
7136621
7019864
6758691
6731439
7289062
6893213
7037350
6695141
7136828
7316496
6038049
6380193
6587584
7100733
6893469
6524438
6776001
6272533
6299132
7280051
7181579
6704548
7010069
7244512
6659268
6605479
6776252
7506074
6992511
6605654
6235454
6407300
7487341
7388421
7613688
7802352
7379467
7163210
6497168
5948753
6542225
7262733
7100457
6649569
7280115
6947955
6416182
7244704
6938241
6956633
7001447
6740582
6416093
7145052
6965753
7685533
6956770
6218102
6848527
7208587
7370272
6560679
7208290
7298694
7172249
6506764
6560091
6658927
6614730
6416077
6371396
7181767
7190402
5992849
6884852
6731000
6316919
7154154
6578610
7127498
7532506
7450707
6866430
7731104
7073861
6875687
7227282
6596209
7244641
7055608
7090948
7289184
6929404
6974038
7217300
6929680
5948263
6866715
6893121
6874798
7398037
7208520
6884704
7244748
7343852
7190699
6848652
6965483
6992470
6074201
6479167
6218450
7928892
7163263
7406429
8027686
6362553
6857112
6866336
6172998
6560239
7082689
7370758
6722194
7622805
6749189
7010479
7460729
7334910
7082981
6380306
7100196
6857531
7073886
7172436
7136388
6623658
6290533
7442820
7172164
6136484
6767158
6875202
6721848
6748979
7218012
6569844
7028625
7226960
7253254
7199352
6794400
5848956
6821564
6866629
6956375
7262746
7425038
6361686
6866388
6182457
7109871
6605711
6928972
7847823
6227012
7334851
7127256
6614562
7469223
6695231
7307709
7055636
6866170
6606128
7586443
6839149
7253684
6884447
6920211
7703340
6911929
6497384
7001522
6488279
6911092
6893190
6730934
7361333
7469819
7325532
6560563
6623121
7144966
7532952
7028319
7010581
7460740
7199877
7361401
6955983
7226420
7532409
6407683
7181512
7208608
6974590
6910998
7127411
6253325
6425264
7029117
7560212
7559342
5723083
6686277
6839574
7100803
7487392
7343378
6866178
6146144
6425585
6866576
7100210
7028151
7244751
7613448
7541666
5740657
6929866
7325818
7613361
6713239
6650147
6947610
6964615
7091085
6569641
7415683
6623137
7514111
6802886
6840160
6749740
6668431
6514781
7307203
7163311
8108225
7036990
6839317
7379959
7127240
7659148
6569481
7244691
7091995
7604531
6668255
6929157
7379272
6515803
7290237
7415882
7325843
6937935
8162685
6605847
6911532
6488371
7217272
7244702
6407500
7091537
6533404
7010263
7145403
6811912
7353127
7676903
6848277
7028211
7190947
6236748
7173342
6911163
6893605
6443010
7757360
6821200
7532678
6992233
7577577
7559561
6577885
7091507
7676882
6704781
6749280
6289890
7289517
7226140
6794694
6812353
6236382
7496558
6992114
6830611
6695397
7092006
6785659
7469037
7667323
6929431
7253399
7090890
6830793
8126528
7028464
6496762
6740929
7892396
7037326
7559388
6695494
7181464
7397847
7407025
7208283
7424723
6344540
6443015
6218301
6893414
7109276
6956167
7352741
6281368
7586779
7136169
6956884
6974371
6497002
6902012
7226316
6100928
7784716
7343913
7343828
8125871
7046133
7163865
7064340
6579201
7181353
6578361
7280650
6902861
7136295
6848867
6866371
7631679
6983796
6019891
7424648
6640691
7199989
7505296
7127825
7190398
7082665
7001492
6938323
6947527
6739856
7091603
7316463
7172557
6056080
6605637
7865552
7208429
6695235
6704103
6182063
6668072
6434070
7388240
7154216
6821690
5272757
6641569
6749300
7019523
7568749
6812468
6713587
7434029
6776583
6947464
7523394
6983490
6533175
7163664
5876310
6299659
7090679
6758603
6812645
6803261
6938061
6910786
7181483
7064746
7236230
6794637
6938745
6623908
6524491
6920644
7091441
6947469
7379944
6983011
6804163
6937976
7621909
6920296
6947387
7001298
6920948
7541505
7028790
7118378
7559408
7658587
7316830
6965641
5956952
5939010
6857783
7190235
6416235
6929913
6938409
6479010
6965808
7154656
6686277
7172597
6902348
6128291
6731237
7271967
6272613
6875480
7586339
7046164
6767532
7316207
6110096
7181279
6596487
7433343
6812490
6830559
6478931
6217768
6424799
6020516
6488401
6263849
6965222
6866661
6452476
7577316
8018518
7352823
6506121
7019352
6470297
5605832
7352668
7532688
6677428
6983479
6343421
6784985
6983993
7307706
7064295
7316080
6992223
5749884
7613549
7595669
7847758
6975179
6668568
7073626
7388746
6244988
7253619
7487548
7109193
6830880
6830854
6686333
8126715
7307404
7991094
7532210
6848755
6992335
6659121
7325423
6740398
7109719
6200526
6677021
7478400
6893460
6487907
7055389
7172258
7172716
7586349
7217128
7802564
7604056
6831010
7387951
6856664
7623034
7028614
6767420
7559903
7280623
7163646
6497265
7775429
7173049
6893826
6785826
6821762
7019458
7568308
6425523
7271495
6622590
6281045
6928846
7901245
6578331
7541499
7487583
7865712
6155114
7091781
7478851
6848536
6928746
6487967
6605154
6614285
7307684
6488141
6974393
7154636
7235858
6767019
6920891
7091173
7028554
6703852
7136051
7253433
6766169
6533265
7370018
7712666
7100286
7595883
6929578
7622462
7712538
6973908
6344051
7955124
7361125
7379487
6109870
6632379
7218125
6785247
6578354
6929981
7208551
6947210
6875476
6443450
6785643
6974412
6560680
7604482
7127600
6757979
5947775
7307815
7127490
6839086
7388480
6884664
6182112
6966246
6406832
6875514
6839006
7667311
6650073
6289905
7054861
6335351
7388477
7316352
7118732
7829685
6451910
6577684
7613249
7154206
6947170
6542721
6767139
7757492
7640214
7244042
7316663
7244131
7046185
6632128
6947713
6766871
7235542
7352498
6478820
6947533
7073476
6289956
7325794
7181605
6812587
7253646
7523681
6524677
7640107
7747929
6731097
7812393
7559407
6604633
6803583
5705278
6929508
7712998
6974174
7153607
7298259
6703855
7298296
7135808
6650474
7073472
6416494
6820513
6659305
7289813
6686499
7478921
7379877
6992498
6974487
6722317
7235611
6829906
5776585
7209033
7451579
7163314
7577398
7199479
6218274
6920364
6758594
7154153
7145391
7280605
7632272
7028548
6470240
7604330
6623072
6974362
7388207
6929170
7712751
6893552
7127345
7064442
6875080
6641551
7181578
7244619
6821613
7244672
6686215
7163413
7379237
7136197
7172937
6299199
6721738
7191201
7910082
6281274
7505479
6470190
6470262
7126991
7640914
7199772
7217552
6506487
7181254
6011141
7054717
7009809
6694836
6812710
7829235
6821625
7379444
6748665
6794167
6623203
6389282
6839388
7667779
7172714
6875232
7208430
7145455
7308566
7991278
7235770
6902424
7154107
7046580
6623503
6498511
7010924
7388471
6307722
7685609
6596539
7271676
6631802
6838932
6551098
6713010
6956251
6632272
6983469
6164308
7244243
7226587
7316643
6317893
7036469
6947088
7245273
7235995
7190082
7235212
7027994
6739913
7964352
6938221
7577327
7064991
6803128
7208129
7119271
6920263
6380490
7091514
7199245
6902244
6236319
7451560
7946996
7117814
6389432
7217055
6614449
6489059
6182086
7856697
7479249
6263144
7487868
6307909
7514361
6155112
7181506
6181825
6757939
7469206
7082049
7361439
6983731
7901775
7100109
6776444
7694970
7064575
6730950
7784560
7334621
6839312
8126429
7415103
7217323
7406228
7217441
6991679
6910456
6974251
6740298
6524362
7496751
7667422
7928731
7064204
6731629
6010016
7037152
7190146
6686470
6713302
7415657
7208321
6892786
7172855
6614493
6821421
6921313
6470320
6866720
6632974
7001587
6965047
7397784
6263835
6560128
7154182
7100602
7109562
7253575
7649360
6848603
7802130
7118418
6623804
7154145
6379904
6641215
6866047
6623448
7307269
6803951
7361577
7235549
6352986
6929591
6470537
7730922
7604468
7568346
7370415
6919923
6641539
7442557
7252789
7802894
7397991
7064536
6948211
7352438
7532200
7180774
7091528
6955866
6785627
7199567
5677253
7523082
7307358
7045943
7784578
6731160
6911203
6821739
7207854
7856264
6893562
6948063
7415514
7325290
7685420
7460811
7856793
7623071
6623640
7496443
7280802
7496909
7199983
7271754
6776410
6947306
7073312
7658790
7667641
7630723
7424650
6775886
7388286
6623255
6092487
8243563
7226964
6893610
7613617
6866430
7532627
6146246
6821710
6722094
6326087
7379291
6830457
7082547
7055900
6776039
6866642
8099354
6371135
6641548
5317457
6803434
7766510
7433941
7002050
7262842
7460429
7487489
7019530
7298557
7460809
6893255
7217307
7082710
7019952
6776080
7622916
7379875
7018760
6658766
7181846
6326463
7181660
7631355
8018107
7180892
7586600
7586866
7928362
6920892
6506226
7424746
6857652
7010184
7874428
7532960
6785404
6623701
7235821
6983811
6137172
7126931
7424697
6793722
6920449
6308416
7154370
7163499
7010591
7434093
6876142
6613748
6911369
7127548
7216629
7342917
6847657
7235224
6894041
6488117
6551957
7127979
7172783
7082710
7424033
7190526
7181531
6776395
7361412
7325528
7577604
7667570
7361252
6803268
6650643
7415425
7442228
6524514
6605663
7505697
6668014
7540971
7234905
7001134
6758103
6361898
6974283
6146142
7496802
7001290
6857401
7054997
7622455
7676556
6992302
6920384
6865986
7856474
7469761
6551297
7433395
6380238
7262555
7118658
7766869
6506987
7118304
7046486
7055407
6893193
7127497
7811664
7064263
7541382
7172407
6983330
6848567
7820214
6884691
7361675
7649108
7163557
7118641
7469481
7046234
7316272
7757827
7298622
6938271
7306946
7262006
6722342
7038007
7352836
7172841
7343360
6164093
6695725
6533280
7415227
7245110
7307014
6767677
7595286
8189838
7451600
7334242
6578907
6856759
5569183
7028157
7055504
6974404
7082510
6785207
7037729
7388070
6956195
7028046
7442299
7244702
7586325
7073494
6713161
6308000
6695421
7028834
7793994
7136481
7190189
7181572
7901222
7271641
7163600
7001335
7226452
7919809
6343795
6587081
7190588
7838169
7091093
7055206
7127889
7397418
7236106
7451273
6902092
8090225
6578807
7270954
7171916
7567960
6595626
7101335
6803418
6893704
7362091
7209271
7532261
7127572
7163928
7118364
7289782
6875388
7109118
7235548
6966001
7550402
7208499
7136388
7865533
7694132
7658743
7019447
7640909
7298582
7523252
6335360
7694295
7271668
7388088
7541325
6848463
7703749
7596212
7280333
6785258
7631417
6659584
7163299
6929056
7334927
6308136
6164034
6938072
7712571
8001053
7046322
7370087
7244798
7001690
7380286
7865726
5929364
7316516
6866625
6965241
6821244
7244558
6253749
7442338
7721498
6964601
6146037
7199428
7325287
6217891
7586713
7109876
6857294
7342919
7461358
7235683
6938284
7766180
7487235
6947342
7415432
7632277
7343035
7207914
6938447
7055275
6686672
7577678
7000986
7271713
7595604
6983732
7568747
7298692
7154905
7127476
6631658
6613960
7757791
7632124
7596331
7064665
6939289
7208341
6334821
7532797
7190525
7181647
7037399
6749302
7154806
6757633
6974551
7198681
6974949
7730759
6668065
7694907
7478181
7226793
7028667
6911660
7766905
6668449
7559622
7559315
6568793
6244913
6686358
6857861
7369693
7514810
7352418
7145577
7424480
7892027
7136334
6866123
7090858
6047053
6786120
6524028
6929956
7325630
7208772
7181598
7163662
6604747
7514056
7595851
7028673
7406460
6829993
7064569
6749807
7857072
6992592
6902296
6524014
7253837
6929734
7982609
6893300
7127370
7352247
7100699
7200021
7478726
7415230
7109417
7072945
6272254
6470010
7288983
7361074
6262475
7343398
7362205
7082908
7334687
7550234
7641035
7559460
6839013
6479138
7190459
7766234
6947157
6856966
7604062
7307228
6398815
7001791
7379117
6974912
6910968
6560302
6695279
7451110
6389198
7217401
7262564
7064018
7532325
6668643
6749650
6631796
7676640
6704293
7208290
6812500
6686587
6812111
7118350
8027322
6308778
7091440
6965654
7163875
7694594
7262362
6650987
6920006
7334962
7829552
6848273
7235326
7127352
6776604
6406895
7100544
6911107
7378750
6532713
7487889
7892734
7235938
7469745
6848284
6515599
7433302
7001056
7532220
6812888
7325007
7514206
6452455
8045910
6830735
7253858
7397453
7046292
7396834
7433338
7793939
7154316
7658393
7532459
7099922
7468958
6586618
7208471
6506673
7154802
6757751
7406441
7748141
7694132
6704646
7739507
6676984
6758502
6820285
7433847
7550722
7559200
7560131
7199179
7731540
6407431
7766035
7434353
7380028
6965604
7541159
7055690
8270193
6767140
7352126
6965648
7721508
7109138
6821094
7613419
7469713
8207087
6876010
7217481
7082073
7838145
7722386
7343660
6848427
7199049
7001354
7740266
7586512
7757592
6722050
6893113
7001381
7568473
7010383
7262812
7712479
8198567
7244246
6172819
7406939
7002365
7568224
7046539
7793905
6722481
7298648
7983228
6992862
7226063
7127773
7073759
8000226
7118085
7252869
7676491
7388146
7009614
7532254
6848735
7892496
7118636
6794707
7235236
6911608
6497341
6884450
7361235
6784723
6857397
7838743
6767101
7505609
7082043
6325303
6568884
6425088
7424377
7604513
6848675
7586928
7181271
7235871
7181389
7874433
6803589
7505181
7010835
7704132
6992032
7316415
7216924
7604920
7711971
7145413
7344096
6965774
7586642
7837851
6676801
7793043
7649472
7127628
6758105
6677031
6992117
6839565
7523340
7226202
7325864
7811385
7298874
7910301
7397397
7181265
6533588
6794581
6902502
6893489
8207624
7487741
7108939
7352471
7325249
6613968
6641209
7370048
7721340
6515139
7163159
7469995
7235605
7622909
7928736
7379370
7072922
7236487
6938404
6974897
6488286
6407106
7316788
7207677
7226078
7433982
7271383
6947203
7325520
7479554
7515131
7802721
7127961
7514313
7739872
7478259
7072706
6920077
7297783
6821172
7271329
7973142
7433098
7010119
7388863
6721999
7514434
6668197
7379859
7028488
6776356
7694697
7622857
7514310
7154538
7019473
6713948
7703356
7163699
7919698
7253314
7244092
6965310
6677036
8288118
7244715
5875526
7811209
7667838
7604476
7091345
6568998
7271710
6569407
7136012
7252346
7072385
7208399
7415489
7010739
7316713
6848927
7253269
6515379
6965181
7694360
8216166
7739741
7694142
7478172
7334418
7496921
7136423
6911492
6984306
7397840
7145087
7217900
7460804
7190457
7524128
7559464
7406444
7226716
6524509
7469755
6569386
6812786
7208614
7442231
7424347
6488657
7856910
8279823
7415934
7505332
7928262
7577816
7325170
7775823
7307567
6885020
7424534
7209093
7424502
6884740
6695156
7082078
7109398
7846967
6785182
6992388
7477958
7234963
7226170
7703958
7064816
7388191
7946269
7181551
7577963
7164624
7604878
6623711
7217936
6695566
7415436
7262576
6596679
7029532
6605266
7343317
7568644
6713487
7397809
7865302
7560262
6938213
7109168
7704213
7110008
7181619
7127899
7217378
6857732
7270953
7388876
7253372
6848291
7163351
7154214
7307444
7658450
7190978
6875637
8018688
7245096
7640652
6704628
7207933
7568287
6515181
6623460
7325659
7568162
7001326
7001829
7469070
7946504
7379376
6686169
6442759
7631551
7226212
7109063
7091567
7172180
7577819
6920172
7406853
7208284
6317274
7288677
6415952
6992318
7721446
7316514
6929601
7091406
7397724
6749132
6884090
8045451
7055379
7054912
6866559
7010183
7253183
7028867
7478852
6236181
7730736
7118786
6676806
7119029
7181489
7153890
7585836
7721473
8333342
7325435
7694212
7091551
7487347
7325489
7127375
7550554
7414824
6568647
7271330
6975095
7064769
6326357
7046442
7370717
7452154
6371567
6966168
7235209
7154426
7361130
6344115
7514867
7857221
7055501
7019313
7667897
6946925
7244313
8036534
7253161
6812635
7406608
7280684
7613025
7244675
7578068
7207981
6272445
6892782
7235301
6650052
7271019
7297798
6866104
6766771
6434593
7136074
7901297
7289115
7091066
6433902
7083320
6398279
7658455
7640160
6875333
6794527
8072575
7126867
6974165
7811942
7045836
6758228
7460476
7055489
7154639
6713507
6506294
6460920
7235208
7019747
7567821
8090237
7595611
7181330
6461222
6938596
7451952
7649266
6532939
7469450
8225016
7091538
7253646
7172300
6830340
7172594
7676310
6749142
7226210
6813082
7946763
7092172
6982866
7667590
6794464
6542006
7153836
7037342
7064597
6919863
6605644
6902185
8009431
7253278
7082607
6515540
6542629
7262315
7145348
7829333
7847471
6452774
7506030
6371127
6695118
7631113
7271405
7046473
7180728
7432669
7334215
7640173
6551616
7783983
7253406
6632837
6921034
7299105
6461059
6947165
7019374
7037295
7586207
6533164
7208383
7056065
6614078
7369937
7685057
7073882
7784549
6866339
7154627
7730471
7586889
6758143
7263025
6551524
6632275
7154527
8198492
6983701
7577532
7757410
7379631
7451662
6992409
6272520
7226875
7001035
6416922
7217976
7559914
7379760
6613498
7811651
7541799
6830546
7038019
7605373
7226748
6866755
7524119
7532510
7307292
6767419
6903048
7622544
7532084
7631027
7694979
7208950
7002081
7190422
7847384
6938839
7406425
6992461
7019394
7379831
6586810
7451528
6857467
6902377
7379545
7271170
7325429
7361053
6812246
7046053
7505513
7451667
7495820
6938123
6731458
7279872
7145309
7650097
7046342
7235714
6893330
7216857
6839502
6668967
7370523
7190518
7388366
6641523
7280678
7982919
7118254
6595843
7577950
7118161
7379645
6947325
6677491
6947570
7811646
7308421
7280822
6335150
7406209
7415518
7388496
7461283
7262208
7649574
7784210
7280692
7433441
6785059
7514836
7811404
6911756
7793484
7190473
7118398
7046762
7793349
6964709
7137483
6902446
8117655
7550774
6875234
7631571
7703892
7847517
6829967
7244050
7460120
6893309
7388049
6785625
6740264
7091664
6821459
7325900
6911397
6885201
6713163
6578133
6902185
7406726
7604369
7352586
7163723
7559568
7406735
7145163
7614042
7127660
7838524
7389477
7370643
6776006
7145518
7109257
6848157
6992560
7153430
7514392
7018365
7919055
7667686
7064532
7406196
6371042
7936830
6443185
7388699
5956788
7379714
7154151
8307244
7199224
7316553
8000439
6992265
7847589
7946613
6299010
7973444
8162493
6992710
7667492
6803861
6532757
6488342
7586325
7694927
6848398
6767377
7379451
6830118
6721653
6569418
7405905
8117923
7289940
7315862
7405850
6433962
7028336
7253883
6929515
6425251
6497637
6830173
7325453
7460487
7514487
6740095
7505663
6632195
7226742
7055279
7604209
7316281
6811718
7199230
7937249
7424640
6812083
6749232
7217514
6992095
7343394
7650389
7622947
7127679
7964829
7631797
7064392
7181290
6596490
5866772
6992416
5560284
7271507
6965684
7793219
7559472
7442295
6649914
7388261
7532219
7145732
7343686
7244628
7505417
7460564
8108546
7451596
7631141
7055692
7316825
5957026
7406614
7199446
6776669
6848168
7118062
7793594
7253240
6749594
7271311
7046010
7478233
7145875
7532410
6731452
7991646
7370658
6740409
6911476
7676242
7523536
6992429
6947334
7272325
6947803
7271550
6974395
6731427
7199456
6983037
7208706
7064678
6632232
7496676
7100600
6848713
7442472
7847893
6280943
6929572
7506052
7253756
7604700
7343104
7235341
6947297
7361426
7414903
7271651
6974456
7478039
6461397
6497338
7342918
8324414
7307193
6362133
7335095
8090474
7451617
7550426
7811586
7298717
7072660
7379914
6370842
7460007
7073216
7424170
7199640
7064743
6812802
7387938
7001736
6974657
7361783
7523481
6974461
6569298
7037575
7299207
7514759
6984061
7028771
7225921
7504767
7586121
7055661
7666797
8126427
7721906
6299612
7136180
7154957
7514707
8162081
7028372
7658626
7009864
6227132
7235155
6650375
7280154
7487391
7037064
7271797
7667959
7388369
6677148
6668271
7748472
7739592
5938715
7117917
7495955
7964156
7046838
7442796
7748147
6956244
7460321
7253232
7596331
7478299
6767480
7675916
7091261
7145690
7037829
7297953
7613720
7433542
7775239
7388169
7154609
7757248
7172672
7235376
7047058
7415208
6893192
7082241
7099835
7676164
6325388
7244374
7225930
7235347
6938419
7496256
7406478
6299392
7181395
6893976
6929581
7325230
6884647
7190345
7127933
7424773
6650252
7352525
7108986
7605042
7514167
6974552
6515035
7406996
7163186
6524093
6578202
7766169
7622524
6614961
6947072
7577063
8171655
7190560
7317014
7280480
7262652
7523620
7434243
7910335
7136467
7135949
7055728
7478687
7829568
6389919
7946410
6785966
6901753
7244335
6748606
7910641
7739408
7001373
7388328
6983435
7127979
7343215
7172083
7685870
6911806
7389026
6830111
7667639
6496871
7208628
7154624
6866764
7181388
7685724
7010783
6595803
7155592
6461163
6236056
7082685
7397748
7289846
7766788
7783751
7271386
7092091
7010372
6947252
7235047
7459963
7370143
6714199
7568360
7406494
6830691
6893224
7487070
7595702
7001823
7271550
7288603
7280669
7658199
6327051
7037645
7172413
7568778
7639949
7397851
7712493
7335294
7739208
8000958
7784217
7117931
7262613
7514345
7001671
7541335
7334657
7784816
7811638
7271640
7451391
7001891
7406333
6353805
7487377
8207632
6730796
8009334
7235590
7153857
7577975
7712361
6938291
6767565
6200990
7010450
7531966
7506049
8019084
7424544
7118984
7514956
7316457
7514644
7667820
6677311
7244854
7433446
7316708
7317521
6577435
6505577
7100815
7730432
7649251
8361126
7272369
7757611
8063380
6748752
8297691
7712348
7019602
7109794
7019486
6848521
7640555
7928728
7568229
7550739
7163149
7100890
7415260
7307098
7954967
7739406
7136925
7757361
6712789
7190929
7145217
7514565
7433462
7496650
7874425
7083024
7163778
7109178
8279518
7721244
7325655
7524005
7109721
7684876
7316145
7469356
6966331
7181616
7658670
7604576
7253150
7325530
7361497
7550183
7163597
7856524
7344021
6767424
7028089
6992700
7325287
7208457
7594980
7308039
7019483
7325957
7190275
7289661
6965162
6902517
6281425
7622417
7253042
7127593
7631664
7829757
6856642
7982542
7325601
6749599
6964759
7568765
7703443
7226802
6966133
7108708
6632022
7613823
7559816
7424242
7064063
7379235
7182000
7468670
7532696
7658851
7046864
7361371
7172725
7198911
6361866
7460375
7874948
6920069
7559425
7613295
7181695
6794536
6893560
7488014
8099943
7685698
6947643
7334544
6839077
7208757
7316481
7281067
7118531
6885238
6983642
7937820
7513972
7172341
7244757
7127550
7362214
6731726
8018426
6461952
6983272
7352569
6866297
6739995
7649589
7614178
7100215
7433596
7361083
7460146
7208586
7568450
7145193
7171899
6992864
7271858
7622450
7496925
6515302
7343243
7173102
7181409
7757087
7639708
7055728
7506709
6568675
6956712
7127808
7280400
7488007
7325246
7163590
7757799
7640507
6299667
7217765
6957130
7856626
7505314
6858102
7865202
7631813
7100261
7352193
7523785
7190785
7370066
7317021
7514705
7559477
7100244
7541758
7198911
7028359
7118314
6119003
7281106
6893793
7362087
6056149
7199934
7235569
8000613
7343560
7101223
7145010
7136645
7406507
6532997
7055360
7028476
7811157
7415702
7901627
6974968
7020058
7892637
6551112
7163232
7946844
7109737
8019304
7110421
7028518
7271359
7802668
7433393
7442964
6497512
6613660
7820665
6821079
7406711
6884026
7685591
7342697
7442430
7190760
7092509
6488831
7685417
7748166
7225271
7163072
7820487
7613376
6902724
7073563
6848394
7694386
6839112
7676718
6704931
7406375
7830134
7676039
7496476
7109951
7190075
7343869
7488104
8405506
8648418
7856510
6506473
7568937
6884448
7145331
8045438
6272080
7910857
6911526
7685945
7127887
8009431
6434169
7145346
7001308
7757458
6649728
7631020
7712629
7227145
6893336
7793166
7550612
6992129
7406808
7073533
6704471
7596378
7415130
7262476
7064768
7299476
7973673
7775089
7181391
7154482
7730143
7091308
7235359
7190235
7668012
7874428
7622183
7659207
7973332
7145433
7532542
7704034
7631656
7046014
7262538
7207986
7010354
7721694
7199550
6892969
7640236
7442564
6055722
7623190
7577098
6784858
7109086
7037075
7460174
7515769
7153645
7055579
7964429
7110081
7064622
7064112
7334558
6830673
8288677
6975178
8063511
7901900
7892463
7200571
7451520
7496224
7568358
7775494
7478734
7218405
7946728
7839097
7154441
6929696
7631338
7109994
7532131
7604515
7765996
7181934
6840193
7361718
7208610
6973666
7019962
6595686
7433436
7244563
7234921
7847092
7874876
7883755
7145461
7559814
7109930
7586985
7748753
7910521
7037290
6731181
8441438
7856598
7658422
7595560
7145039
6884798
7226875
7200050
7199659
7361286
7666909
6929264
6668383
7549681
7226787
7334464
7334290
7820175
7010132
7145898
7208792
6930311
7199291
7046845
7424740
7487707
7262732
8009640
7352635
7532205
7442189
7225764
8090741
7497155
7227100
7604197
6919790
7496663
7676502
7460436
7577772
7487691
7073421
7865105
7379476
7154434
7694991
6289466
7648943
7748994
7451849
7478851
7036738
7901477
8046045
6614092
7154230
7919483
6524405
7028580
7711943
7748436
7316239
7541333
7208016
7469554
7406767
7730836
7775603
7145199
7523626
7397578
6766981
7640370
6721727
7694882
7423814
8243419
6776556
7118269
7235553
6533222
7622074
8225361
7748521
7658835
7882968
7946710
7216777
7064411
7739081
7208140
7451542
8513064
7064216
6686380
7389162
6749718
7766176
6911518
7658499
7154438
7262928
6848310
7370560
7235883
5776289
7344108
7541941
7937986
7226911
7658045
6721708
7866032
7055748
7973735
7541986
7442789
6966654
7973573
8108503
6649458
7118194
7109863
7180967
7703982
7586365
7378999
7892120
7910290
7603949
6984207
7541078
7730189
7163449
6191145
7289259
7965121
7496507
6686752
7064610
7847674
7667976
7784110
7884151
7901495
7370677
8153777
7505598
7001121
7829302
7262948
7496568
7217402
7659202
7748527
7324839
7497111
7838557
7217561
7325211
7694476
7893014
7820302
7532888
6974032
7901347
7181672
8009273
6838771
7271023
7875150
7316233
7397532
7182031
7352083
7667504
7343572
7136179
6866479
7361906
7019135
7010359
7649165
6883800
7937344
6668069
7019519
6902553
7703860
7181766
7028145
7326116
7162995
7666936
7199547
7549504
8072860
7010131
8053986
7532372
8648563
6992466
7145345
7469442
7559774
7127379
7748278
7244539
7001206
7406391
7235529
7775607
7415765
7316469
7604599
7496727
7550817
7145683
7820861
7406871
8054057
7361582
7378680
7181550
7856462
7605138
7613710
7514523
7253434
6559956
7065034
7136629
7415273
7298498
7046682
7217272
7406634
7118708
6956486
7298452
7685278
7829842
7946927
7937843
7487540
7019639
8188953
8215636
8000775
7235397
7632085
6497002
7587095
7433203
7270884
7433472
7541047
7442730
7676447
7226827
7964405
6947942
7613526
7135981
7406437
6920237
7622810
7487761
8045590
7280535
8360511
7722017
7550483
7487082
7460720
7703689
7739702
7289771
7604495
6947447
7640818
7865412
7829434
7414738
7676377
7542319
7315954
6938076
7037647
6839546
7496529
8207635
6380627
7946586
8000546
6848341
8252057
7749585
8387188
7928681
7325737
7784604
7766227
7856492
7523472
7910582
8036449
7631438
7280295
7865445
7172221
7730303
7271352
7991860
7082599
7397438
7766515
7856600
7568727
7676688
7523380
7127360
7928105
7738972
8144656
7451690
7064027
7946511
7145626
7469306
7415084
7271592
8162825
8738304
6524414
7478101
6478774
7226683
7666944
7361096
7271429
6559985
7523178
8351632
7118499
7118255
7991331
7037199
6893066
8036711
6488176
7820293
7631081
7937827
7847515
7477904
7577554
7910729
7514060
6911861
7560184
7730620
7343822
7820609
7649430
6983531
7883810
6974446
7451203
7712714
7280557
7424757
7046210
7397721
7505106
7271269
7694887
7684931
7478400
7235070
7829001
8090577
7389008
7478368
6803486
7442252
7748404
7334723
7577941
7316609
7505544
7838488
7865102
7352677
7505529
6983551
7568512
7703447
7478868
7082953
7685471
7505733
7578015
7235548
6884171
7199315
7775702
7398205
7099317
7604489
7424519
7046055
7190205
6704267
7289302
6920315
7847670
7432991
7433458
7424959
6677247
7550222
7172369
6847902
7137283
7063517
7811489
7029434
7523591
7667717
7577429
7622318
7270928
7100417
7748310
7110132
7019774
7983100
7442729
8009595
7280297
7181389
7397086
8216631
6867486
7451053
7109681
7829246
7460233
6442977
7955785
7775871
7713212
7308071
7686187
7109370
7397262
7730810
7189842
7883507
7487094
7100091
7064471
7126762
7622962
7352175
6893112
7253397
7496182
8028091
7685345
7387947
7190438
7919296
7415452
7064216
8108704
7856899
7550962
7289338
7992434
7117845
7533068
7632116
7748637
7261888
7675892
7379488
7685928
7441918
7631375
7514672
8414238
8072237
7217273
7604769
7658580
7946399
7019106
6433851
7307116
7513950
7405946
7550389
7055212
7577392
7460595
8323901
7605240
7712940
7370693
7712463
7802734
6992525
7982137
7784695
7352136
6794146
7000962
6856654
6884338
7613724
7055150
6604742
7605158
7371214
7316445
7856733
7731226
7055372
7694492
7632176
7883418
8342176
7325433
7640343
7388429
7730431
7775519
7856894
7775860
7379264
7731039
7415683
7397420
7396836
7325565
7550595
7614428
7775234
7811111
7928677
7118388
7631204
7478079
7829646
6983103
7262138
7812014
7784552
7514490
7604274
6561427
7307462
6668246
7270981
7703508
7676310
7360968
7279676
7496069
6983108
8459802
7316954
7857033
7712022
7398146
7415669
7829537
7307984
7109131
7640371
7063921
8306612
7739318
7082750
7280522
7370497
7613496
7451124
7127806
7235767
7712877
6956076
6775701
7262007
7964037
7559143
7298215
7739615
7847408
7405735
7172439
7271546
7298091
6992789
7541636
7387715
7343210
7569172
7461035
7118163
6947561
7388771
7676571
7775395
8125784
7460891
7038372
6704998
7407671
8171172
8540115
7127725
8252757
7244646
7811797
6227483
6920667
6966130
6758712
7055782
7396681
7856638
7208747
7073234
7209030
7243790
7937870
7974395
8243852
7532335
7460117
7109218
7910771
7244256
6758420
7325439
7811953
7928500
7451263
7226236
8126420
7784121
7397320
7153877
6938647
8009545
7775091
7937260
7559241
7397058
7684969
7244698
7406885
8046034
7433940
8145007
5901971
7370397
7208917
7461888
7100179
6830432
7829133
7640368
7901236
7460193
7469260
7433141
7316277
7397817
7604428
7838015
7217322
8045400
7082362
7487401
7865565
8045551
7856890
7739552
7450901
7280203
7325767
7784608
7208311
6875265
8170797
7802710
7739080
7091978
7127595
7245046
7478528
6911156
7370160
7721196
7739250
7217240
7398152
7478673
7388492
7604674
7379273
7342922
7433890
7866236
7046058
6082384
7523248
6326247
7389059
7397417
7604251
7298034
7919546
7460538
6956189
6650113
8189685
8054955
7875260
6559865
6785447
7010097
7676818
7649366
7911359
7766649
7955426
7459765
7487898
8432293
7874189
7514640
6623610
8153336
7676840
7946783
7928269
7676575
7433582
6911047
7595896
8117844
7397608
6677407
7334311
7019593
7901437
8091083
7865609
6947617
8657489
8000448
7306954
7586807
6875553
7208378
7478814
7928799
7406317
7226477
7198485
6838927
7469511
8117751
6712338
7973424
7973263
6937981
7523698
6993243
7190985
7073821
7703909
7433211
7325554
7171930
7658787
7775730
7757249
7649516
7127136
7271895
7657948
7612952
7901455
7640061
7676731
7028039
7775364
6794558
7568161
7955765
8333419
7110280
7325061
7451206
7820678
7604642
7352497
7414685
7262247
6875142
7937359
7901191
7514361
7478234
7352251
7100933
7667425
6912056
7820399
6920280
7064714
7594683
7514403
6352532
7658267
7892770
7082112
8090234
7802445
7397860
8288705
8387767
7361406
8000795
7225918
7389095
7010437
6704559
7730855
7595743
7325183
7667504
8073040
6497888
8154154
6749330
7784430
7487084
8018200
7181500
7730838
7739377
7406551
7676631
7640255
8081741
7928820
6856966
7091676
7694139
7109282
7874691
7766197
7703253
7793414
6784849
7523060
8018367
8126613
7838685
7550803
7289814
7533010
7137383
6623630
7325619
7820461
7379035
7343696
8099412
7945990
7775565
7604839
7784696
7469144
6893132
6911503
6776319
7200014
7118680
7218070
7469252
7892670
7433718
7541324
6866847
6298610
7613183
7901096
8127118
7856432
7532507
7073497
7847398
7297835
7775269
8027787
7478386
6776421
7667160
7532211
7531957
6929335
7109419
7487282
7199277
7172292
6578600
7820354
7000964
8639236
7442199
7415573
7595352
8099740
7829537
8333161
7316192
8161966
7127140
7154537
6983471
7802560
7227042
6559124
7802264
8027233
7541011
7433330
8009632
7154235
7873975
7118436
7514708
7766223
8027218
7370497
7775362
8297191
7496086
8017955
7730759
7829272
7406042
7640590
7612982
8071915
7352316
7604642
7351453
7775562
7721444
7541456
7658089
7802682
7964154
7640395
7477644
7892192
7397582
7595027
7271071
7370389
8045583
7586110
7568531
7658972
7037457
7820102
7784472
8054990
7730641
7586218
7126654
7388247
7244190
7909876
7028215
7271958
8324139
7739917
7892953
6847956
7757241
7452021
8189427
7550259
7595824
7514190
7352466
7316093
7046511
7757130
7828932
7650118
7145164
7622808
7226596
7676077
7766696
7874470
7559240
7019506
7694727
7451315
7829888
7595317
7154530
7442354
8269948
7720901
7316754
7541333
7145064
7100613
7046487
6983620
7666899
7999962
7550597
7612927
8117644
7937726
7370062
7838341
7163984
7676066
7460402
6892649
7740015
7235333
7450461
6560037
7658710
6884200
7523843
8009816
7640864
7577331
7414759
7694623
7847599
6902254
7658420
7073424
7406134
7803060
7730900
8045454
8234150
7433901
7828278
7559282
7406568
8081435
8333686
7317209
6911453
7451832
7703487
7198800
7047034
7289290
7325019
7397040
7370185
8054064
7280644
7423955
7072749
7379651
8063500
7118735
7550679
7748241
7198939
7514540
6947874
7126866
7775019
8126209
7451477
7702826
7810882
7496286
6893054
7820171
7369914
7677171
8072234
7595000
7505099
7351994
7270796
7874577
7991359
6658594
7730523
7901414
7352078
8126053
7270530
7604100
7568210
7793739
6965155
7721725
7757045
7595631
8126720
7478006
8198679
7207999
7901946
8216956
7882888
7774671
6496811
7326053
7874335
7604377
7235154
6947032
7478411
7757709
7865774
7046547
8369650
7514402
7891492
7802699
8162225
7973253
7460311
8000572
7783593
7279747
7766590
7460165
7839205
7929212
7559268
7919797
7244114
8081426
8072747
7838713
7883638
7415859
7766493
7657922
7838481
7541091
8414556
7703256
7271347
7118101
7901159
8099616
7135855
6821274
6875269
7829344
6973950
7919512
7325819
7909881
7829259
7783967
7487351
7766266
7578097
6947205
7298723
8018063
8513355
7352001
7532670
7811646
7487671
8261317
7577739
7415747
8207681
7946518
7415434
7280017
7280526
6947354
7541341
8135383
8100312
7406845
7559544
7424298
6353447
7333811
7361870
7172565
7703084
7991148
7388034
7568173
7324795
7586491
7397491
7865520
7865472
7200513
7541171
7802448
7307494
7469170
7064514
7740095
8162614
7955906
7775475
6155439
7604069
8370441
7973928
7126928
7775675
7576649
7000916
7379091
7694264
7036917
7703415
7873919
7153752
7829220
7496507
7226701
7847226
7667595
7307453
7757366
6938085
6677264
7676375
7262371
7919251
7874139
7883719
7433580
7541239
7730138
7172488
8144588
7766511
8504280
8090522
7523691
7919434
8324370
7262372
7081915
7640897
6812225
7009366
8081463
7037133
7532082
7693913
7568293
7387707
7397162
7262120
7144993
7928177
7217815
7586005
7748645
7244431
7352248
7163442
7199485
7298714
7325502
6938365
7505600
7559147
7748493
7153998
7405552
7838344
7622275
7874079
6902980
7621981
7874986
7343434
7532134
7558855
7522833
7919576
7244557
7433641
7243941
7577099
7469997
8045070
7631464
8036361
7802457
7199347
7946330
7290132
8108649
7613653
7487238
6551485
7334560
7784078
7550074
8324196
8063821
7793042
7135970
7576998
7631925
7343704
7559660
8396984
7776130
8009304
7920086
7019267
6794568
7865086
6947150
7594974
7019129
7325351
7180711
6893081
6758316
6929021
7217419
6479144
8513790
8009386
7739806
7154447
7397367
7433668
7784152
6676862
8063209
7433532
7640396
7108828
7631091
8162744
8045606
7568192
6155353
7694317
8027546
7649253
7108896
7740140
7533304
7145993
7703447
7550487
7406739
7298263
7495669
7325034
7766764
7360781
7280349
7964193
7739720
7784884
6920344
6650356
7217358
7207824
7415151
8000383
7631262
8090874
7523691
7108996
7649196
8270359
8594224
7847017
7586663
8081280
7100740
7270831
7289093
7666689
7928128
6497187
6911845
7631196
7307064
6668090
6767579
8018560
7361639
7442199
7208477
7514456
8369429
7685140
8135626
7055179
7550473
7811477
7613738
7064370
7559006
7595359
7568584
7235601
8063351
7163797
7631267
7046823
8018531
7190325
7883323
6920586
7064597
6775811
7622297
7838203
6938655
7398000
7595250
6857454
8045644
7567766
7478835
7505561
7650109
7307224
6857966
8440994
7928687
7451448
7145211
7604329
8108443
7532932
7351724
7352318
7405858
7613324
8009306
7514320
7964613
8072562
7739308
7577495
7963807
8118442
8009840
7676452
7856371
7767166
7172594
7874295
7092302
6983636
7514733
7226282
6767296
7055290
7829369
7604550
7694649
7748085
7802647
7118283
6776130
8198196
7820268
7982487
7874638
6902505
7442090
7686283
7289548
7541525
7739640
8189041
7541444
7919070
7407218
7802605
7739265
7748605
7424918
7361087
7882800
8027128
7748109
7721252
7739629
6730987
7667657
6956333
7856245
7198886
7280353
7271516
7856314
8054843
7046316
7289477
7451208
7676665
7352130
7631120
6721942
7541514
7649455
6911537
6685730
7829406
7883944
7632164
7676629
7172320
7496681
7657740
7450991
7011118
7937655
7802828
7614018
7163378
7433975
7550511
7217791
7568788
8199206
7406778
8180186
7001607
8468408
7514711
8081924
7433690
7649242
8090288
8495156
7586043
8504418
6668260
8027878
7675806
7694070
7425428
7307999
7712802
7325372
8045143
7667622
7406566
7496417
7504895
7667210
7244154
8072391
7063824
7424612
7685594
7172246
6524028
7272599
7721371
8351239
7226441
7523954
7496232
7739262
7694419
7694035
7316688
7776207
7865685
8036395
7829491
7622236
7045926
8261670
7414871
7676506
7406703
7531890
8684424
7514067
7298520
7631432
7469437
7604354
7551129
7163915
7172642
7451744
7550416
7343496
7946226
7270459
8000309
7748627
7298394
7720992
7955442
8135455
7855626
7712109
8090857
7677296
7019918
7641194
7650089
7829415
7640463
7352753
7658072
7388715
7541198
7712187
6775619
7424045
7767137
7064730
7298520
6929321
7666909
7576599
7325084
7091481
7226199
7118244
7729698
7100298
7001556
7577647
6929038
6974506
7568645
7253740
7307817
7352377
7135501
7873835
7433859
7271121
7802074
7756998
7443031
6514885
7369975
7577525
8118385
7766508
7208450
6658689
7739006
7540606
7307383
8396166
7712853
7128202
7928633
7594650
7109186
6786355
7776012
7766565
7289924
7424451
7289549
7694310
7649498
7622893
7802748
7649263
7802786
6929517
8342083
7703966
7613965
8306641
7362213
7902104
7360794
8018549
7784558
7090430
8144341
7396932
7639965
7586064
7756943
7865356
7478173
7874374
8117533
7099980
8315513
8126782
7802105
7451414
7577703
7451493
7838490
7135773
7524074
7397631
7676929
7505153
8306233
8288237
7946624
7144873
7812234
7460261
8163210
8153451
7586338
8243595
7244527
7415355
7892964
7541492
7514280
7550704
7604524
7594853
7901008
6866232
7468610
8081229
7324965
8217015
7964853
7424434
7199542
6884859
7667577
7964928
6883845
7919176
7082792
7694987
8441223
6550844
6830359
7442528
7568756
7487146
7433083
7442453
7811601
7847263
7559054
7361297
8054690
6333952
7919160
7802602
8117465
7523058
8108059
7766752
7487724
7829006
7586629
8306839
7892323
7901289
7694238
7893017
7748295
7478309
7910497
7316105
7829200
7397390
7252654
7541453
7298264
7775195
8009429
8738247
7748098
7676570
7874360
7828772
7092024
7973193
7811463
7056094
7181014
7900929
7712342
8090088
7892529
7937259
7821025
7262645
8369685
7199234
7972932
7794211
7424011
7091411
7595457
7478417
7847053
7189950
7523552
7982383
7550023
7190455
7676535
7883194
7820222
8306700
7712456
7883544
8153301
8118009
8405455
8450703
7712511
8207547
8080981
7433342
7541599
8126789
8126327
7847171
7253210
7064239
7766355
7748765
7172672
7586762
7685309
8045900
7397945
7487461
8063363
7505121
8234551
7666753
7856798
7316012
8306438
7217103
7550746
7234769
7018128
7685219
7613837
7531711
6983460
7793156
7478491
8027447
7397537
7820432
7136117
7622681
7487190
8243756
8180101
7379599
7235198
8216628
7306763
7523356
7891863
7280098
7550296
8405519
7577011
6984155
7991403
8072926
7010205
8342314
7136361
7550032
7018782
8513060
7739721
7569197
8090817
8342727
7082410
6587357
8333940
7658608
6812098
7992361
6955844
8162022
7901185
7388659
8458978
7326023
7190211
7910789
8072643
7244202
7541041
7614098
7604011
7856324
7793685
7693919
7893294
7892516
8027867
8162120
7965365
7784837
7757614
8054044
8062934
7928736
7820235
7216995
6694542
7406707
8099224
7100149
7406493
7982160
6795090
7073359
7235098
7027119
8010018
7766302
7649154
8099192
7640852
8027614
7695008
7586263
8198212
7433311
8279147
8054340
8324531
8018085
7379309
7604947
7928247
7739217
8153570
7811341
7730399
7163653
7109676
7496113
7874689
7685814
7587116
6722714
8387167
6893334
8621502
8315494
7946726
8126217
7398101
7738993
6849162
8027744
7423845
8036309
7469499
7937431
7505198
7252876
8017940
7604546
7244591
7279720
6759060
7775247
7288649
7595149
7559502
7541136
7783924
8000181
8072492
7811684
7045918
7208772
7892591
7676340
7433340
8253256
7964739
7271359
7585891
7676805
7883869
8099777
7415807
7604216
7875384
7397256
7442390
7613278
7667559
8162137
8090102
8000130
8378482
7730475
7371655
7468707
7217469
8090593
8099626
7793073
8260958
7677179
7856623
8189555
7847662
7416393
7217641
7226067
7775045
7586034
7919653
7478145
7649705
7774910
7784489
8306655
7891915
7595146
7649463
8153209
8333699
7136374
7604963