6425164
7387394
4755840
8916832
4854536
6026024
5873336
4458285
4522518
4656431
4854899
8089873
4036564
6377442
3288159
4954000
4656760
6836396
5448992
4953800
4755648
4953796
5151784
4854920
4854920
4755840
6142631
4755504
6538770
7836424
6441100
4477460
4557680
4656760
4854920
8619340
4656384
8322095
5349938
4656384
4755456
4854530
4557680
6439830
4755504
4656431
4656431
9907461
4854577
7034519
7529704
4557312
4458240
6440072
6836177
4854591
4557680
5053080
4854920
6539166
6539161
6935271
6638220
4656760
7430442
9907608
6836016
4854577
9907380
6638208
9709470
8322468
8520233
4656384
6340655
7529744
4755504
5349902
6538800
9510960
5449024
4755840
6341002
7034285
6736944
4755504
4656431
9510961
4557312
4458240
4953604
4557312
8916528
5349937
6241607
9511312
7926144
4656384
9907474
5944396
6142512
7034136
9214064
7331552
9312816
9312836
5845310
6142480
8520272
6340763
5349998
7926146
8421541
4656431
5449007
5746280
6836349
4557312
4656384
6043440
9511217
9511033
4656431
9511289
4755840
7430624
7926144
8916773
8421533
4854920
5944471
8322098
9907430
4755456
6637992
4557312
5548416
4854920
8123980
6538772
4557312
4656384
7827064
7034358
4755504
4755504
8223385
4755840
9907526
7529758
6935440
4755456
7727872
4755840
5053056
4656760
7133707
5351574
4854577
6836105
4557312
9213742
5548081
6935065
5349944
9015944
9907464
9015936
4557312
7232472
8322368
9907571
8916522
7133586
4854577
5746189
8223368
6638241
9114669
7727665
8718704
4854920
7628736
4656431
7529520
6539144
5548417
8322370
5349991
7727879
8223024
4656384
4755456
7628920
7232624
6935232
4954000
4755840
4656760
4656760
9907312
5449007
4755504
8520233
5548120
8123983
4557358
4557358
7430448
9907513
5350264
4557312
4557312
8520231
4854577
4656431
5052719
4557358
4755504
4755504
5250864
4557312
4557312
4557312
4755456
8619305
4755504
4656431
8223024
4755504
4755504
4854577
4953650
4755504
4656431
7331376
6439729
8024882
7628574
5746225
4755504
9312814
4755504
8619312
8718378
4359168
6142480
8718377
5845260
8421160
9114671
8520231
8123939
7925794
6538773
4755456
8619576
8520520
4755456
6935224
8520512
4557312
8520504
5449016
7628776
4656384
8124002
8025120
8223264
7034256
5845360
8421408
7727648
6142600
4656384
7331552
4656384
7826960
5250848
6241672
5944432
4557312
8024867
8124108
7628574
4557312
7925961
8025104
7331560
6043406
8223013
8322344
7727880
6637848
8024867
6142479
5449011
7826720
7529688
4656385
7034138
8024924
8421270
7727818
8421192
7727649
7430640
7529552
5052712
6340681
5746243
6836168
5944333
7529696
5647192
7232282
8520392
5052720
8124169
7826944
4557312
7529500
7926032
7925950
7628724
6439832
6637886
6736917
7826720
8124192
8025112
7430430
5052676
4656384
7430616
5448968
7925794
7826874
7826720
4557312
7034185
7628784
4458240
8024963
7529704
7331544
4755458
6736917
4755456
5449032
4656384
4458240
4557312
8223256
4557312
4656384
4458240
6538772
4656384
8024888
8124176
4557312
4656384
4755456
7727649
5449500
8223264
5548291
5746189
5917537
5287787
7827034
7530180
8223812
8719249
8628539
6720150
8719692
7431567
7638394
9007547
8223785
8025865
8115909
7638332
8016864
7809527
7935785
7638356
7620353
7728421
7728425
7728424
7818514
7530249
7638334
7917586
7629341
7935792
7818574
7737520
7935676
7242016
7719440
7431193
7719435
7917738
7629350
7629340
7827601
7737656
7827617
7539317
8115962
7926793
7629352
7719438
7908670
7827601
7926733
7926801
7719449
7917645
7719469
7926654
7719443
7926793
7818598
7539312
7917826
7629354
7629353
7629351
7647433
7917818
7737541
7440184
7719442
7827721
7728447
7719473
7917629
8016882
7629375
7629367
7737632
8124841
7737624
7728475
7827713
7638384
7836655
7332114
7836672
7728501
7737471
7827721
7827584
8025773
7926696
7440190
7836580
8106814
7440173
7737624
7548261
8025773
8107066
7827585
8124943
7926933
7728460
8016754
7530288
7629380
8025907
7431441
7530279
7917794
7926697
7926664
7620366
7836596
7539411
7737495
8016766
7908731
7827559
8025753
8305051
7836588
7737453
7818570
7935676
7926657
8025739
7827592
7737608
8106837
7836662
8026231
7917661
7926661
7935656
8025837
7728465
8025749
8115854
8007727
7620366
8115922
7647351
7935664
7935676
7836672
8025750
7728513
8124877
7926693
7836558
8034768
7836569
7530275
8115846
8115866
7926773
7926642
8007726
7926733
7746563
7836656
8016794
8106833
8016739
7926785
7935672
7836566
7926641
8026149
8116244
8106836
7836564
8124837
7926665
8115862
7927112
7926735
5053505
7926813
8016750
7935646
7827577
8124857
8115832
7836560
8106839
7719437
7935672
8106829
7926654
8016741
7845575
7926658
8115842
8106824
7935656
7845582
8115890
8016723
8106828
7926637
8115821
7332105
8223896
7836555
8016742
8016730
8124849
7737458
8124845
8115826
8214938
7845547
7926645
8422133
8025722
8115842
8124841
7746467
7827541
7926649
7719434
8313998
8025749
8115813
7836564
8214926
7836562
7926641
7827527
7629349
7926641
8007763
8214918
7836528
8034716
8025729
8016742
7728421
8314010
8034740
8305023
8124830
8115827
8133836
8223933
8223921
8431096
8232940
7926625
8223925
8016710
8124800
8314030
9628983
8115822
8025731
8034732
8115814
8214958
8133816
7935625
8034736
7836567
8034800
8025741
8305015
8115842
8016734
8034721
8025736
8097847
7944675
8223945
8115858
8124894
8223941
8214930
7845563
7647388
8025729
8305003
9142865
8296063
9467517
9566150
9530502
9476620
9476640
9449590
9458833
9467960
9458889
9458802
8467987
8287781
9170665
8287817
8909449
7900400
9260778
7999596
7783339
8819352
7999536
8269799
8711232
7891545
7999540
8891435
8702283
8522028
8540102
8179717
8999510
8269811
8377874
8188716
8900462
8999541
8170859
8377918
9440970
8639182
8098648
8828314
8729339
8918424
9449922
9449903
8729287
8458993
8449955
8648145
9278792
9467769
8738242
8738274
9179693
9440902
9278800
9458886
9197655
9377860
9368887
9107609
8188781
8377862
9269742
9440852
8296785
9350849
8477002
9350811
8567043
9089537
9179680
9449858
9440919
9467849
9107621
8927409
9467929
8918397
8648189
8287805
8999560
9368877
8287845
8927395
9269809
9377831
8738306
9467909
9161658
9521783
9449920
9107581
9485867
9233670
8909429
9503885
9287774
8468075
8747237
9449861
9278760
9368829
8738221
9188663
9449890
9098576
9098590
8648165
9035391
8197724
9485885
8477006
8377918
9116572
9539851
9512752
9458758
9512812
9566758
8828347
9503878
9314736
8278886
9116624
9521717
9485875
9521835
9557711
9512832
9566690
9485867
8377934
9575617
9413771
9197662
9053448
9512900
9557671
9539552
9557663
9530666
9593659
9620456
9548749
9584474
9422779
9593607
9584544
9503829
9593515
9584708
9620524
9575569
9557623
9539667
9656416
9575606
9647329
9611233
9566526
9539556
9566386
9602438
9602450
9602343
9575493
9656280
9611558
9412834
9584508
9593509
9593395
9584574
9593583
9584427
9575504
9566477
9593399
9584504
9656052
9575514
9593455
9629407
9602462
9620225
9575479
9575596
9575533
9602444
9584588
9602454
9620466
9620385
9611259
9602456
9584565
9611517
9620320
9638252
9682976
9656161
9656260
9692088
9638321
9629350
9647330
9665419
9629351
9656460
9683315
9629401
9638459
9719183
9683093
9710084
9665152
9656256
9701032
9781851
9772914
9781866
9673738
9746143
9808792
9719037
9763883
9790989
9817808
9844723
9772888
9844769
9817890
9808896
9853773
9835796
9763896
9781759
9826693
9728021
9763922
9763992
9719071
9727886
9718870
9781928
9782074
9808915
9907640
9907619
9115072
9709507
9907646
9907603
9907640
9907656
9907596
9907614
9826711
9907632
9835645
9907628
9907608
9907589
9907564
9907664
9835870
9754897
9772861
9817782
9755045
9790799
9853778
9799832
9835776
9826925
9844809
9826715
9817914
9853798
9907628
9709585
9907577
9853718
9808830
9907585
9826905
9862777
9862705
9817790
9871656
9781691
9808743
9790701
9691570
8619664
8700841
9871660
8899063
9817646
9277125
8916954
9835635
8421459
8412561
9205005
9214379
9853766
9907636
9907624
9907628
9907626
9313224
9826642
9844699
8034238
8818226
9718917
9862793
9772767
9844585
9862649
9889415
9835687
9772925
8799954
8277555
8313488
9773127
9826728
9133297
9710291
9808707
9826769
9853598
9808616
9853594
9376204
6899380
8115328
8196418
8358646
7763975
7637922
7809109
8268573
8475704
6142884
9817694
9277290
9835748
9826675
9826713
9853528
9862388
8682815
8457690
9656143
9160133
9340330
8628893
9520605
9088103
8817997
9907638
9808656
9835552
9907623
9790557
9826675
9772614
9817472
9862553
9862679
9781672
9889670
9826591
9835623
9817664
9817719
9781663
9574524
9817738
9727756
9754632
9646634
9826694
9808527
9826465
8574460
9808658
9790571
9736381
9871605
9808758
9853670
9817628
9781544
9799541
8908111
9745720
9826623
9790685
9799700
9592618
9169383
9313462
9097305
9358523
9781644
9808795
9421663
9259450
9727772
8610864
8800028
8656037
9151433
9151437
9223520
9835716
9799615
8935287
8746122
8484834
9196392
9160378
9763609
9628879
9457347
9655738
8845190
8719157
9844723
9673838
8944266
8448875
9079346
8827211
9655745
9322595
9727780
9664807
9124456
8917325
8620099
8854213
9673720
9061315
8250750
7926549
9340598
7557214
9592700
9457688
9655844
8232772
8556981
9232511
8556973
8926296
9376562
9205355
9016409
9628791
9592855
9646781
8773067
9322604
9043362
9727756
9151421
8728152
9250501
9052341
8836215
8917313
9070339
9025380
9286477
8863184
8926300
9223544
9538599
9115457
9214533
9808747
9016342
9826566
9124520
8529992
8439907
7917570
9709818
9250429
8547991
4927027
9682778
9745546
9790751
7854420
9664749
7431177
9304578
7629321
7169893
7620338
9277514
9052281
8529963
9709733
8620052
7449143
7620338
7620338
7827465
7746363
7548215
7431177
7737376
7710427
7530249
7728393
7728393
7728393
7440160
9718593
9745552
9592325
9160337
8052568
9242110
8945464
9152511
9053519
9341752
4836649
9295261
9719053
9772793
4854920
9602434
9251503
9071245
9431673
7810534
9350675
7341088
8981076
8539494
8431479
9080388
9161574
8791975
8800938
8468070
9161554
8954447
5027220
6450439
6585443
7980854
7809539
8521628
7719410
7908651
7530249
7422214
7431177
7629321
7728393
7818502
7521266
7611395
8900010
8792035
7620358
7719450
7719410
7629321
7629321
7440160
7719410
7980774
8169955
8530511
8693023
9071325
8800958
8242298
8891167
8792035
8070923
8521608
8765266
8179118
7809679
8269047
7620338
7341088
7710487
7827465
7440160
7539232
7980914
7638324
7818582
8710749
8449385
8620580
8431559
7620338
7530249
7530249
7638304
7629321
7521266
7530249
7440160
7728393
7629321
7440160
7341088
7521266
7539232
7719410
7530249
7719410
7521266
7539232
7530249
7629321
7350071
7350071
7620338
7449143
7440160
9511849
7629321
7440160
9575117
9016449
7440160
8313890
7431177
9628895
7250999
9601938
9619928
9584024
8719249
9602042
9610929
9619920
7142944
9610929
9628911
9610929
9619928
9034431
8331872
9412769
7061838
9421768
8836271
9619920
9637894
9628911
9637910
9619928
9628903
9628903
9619928
9628903
9628907
9646893
9655859
9628911
9628919
9601938
8998499
9619916
9637891
9637902
9619948
9628919
9628919
9566130
9628911
9628919
9628919
9628935
8377082
9628907
9106558
9610957
9628915
9637910
9637918
9646889
9619928
9646892
9664852
9628903
8845270
9628928
8845625
9610949
7827485
9503333
9655916
9530214
9566145
7440160
9646891
9628895
9619918
9673835
9673858
9637910
9628939
9619940
9637922
9584088
9637902
9619916
9637922
9655892
9016451
9619936
9628896
9601958
9655861
7836458
7737400
9637914
9664876
9646857
9628912
9412793
9637918
9341033
8926364
9601958
9619912
9628907
9655872
9619940
9655896
9178704
9646905
9619926
9646913
9637898
9655888
9628921
9619924
9619944
9628935
9646897
9655883
9637898
9664879
9664887
9655896
9646883
9673878
9637914
9673878
7935584
8917385
9601954
9646913
9673868
9655892
9637938
9664867
9646897
9646917
9610903
9673852
9610969
9637914
9655913
9610949
9646921
9646889
9655900
8728183
9664837
9646880
9673867
9646905
9637894
9664891
9637926
9664879
9628925
9655866
9664864
9664860
9637923
9628919
9628939
9655908
9655895
9673862
9691817
9709791
9673857
9664880
9655864
9682831
9682824
9673845
9664886
9673886
9682870
9691815
9691823
9682876
9691850
9709802
9682855
9682859
9700834
9664908
9673886
9673910
9682861
9673890
9709825
9682853
9682870
9691825
9673863
9682878
9682889
9700831
9655920
9664911
9691871
9673861
9664906
9673884
9700839
9709835
9691856
9691856
9682882
9718845
9709894
9718837
9727826
9745847
9709820
9673898
9682901
9709833
9673895
9700860
9709816
9682893
9700862
9673914
9709805
9682909
9700847
9709890
9691888
9709894
9682911
9691889
9691868
9709841
9691870
9691888
9709898
9691876
9682897
9691880
9709852
9691876
9700875
9691872
9682917
9709882
9691860
9709845
9709837
9673938
9691872
9691888
9691920
9700883
9709898
9700887
9691892
9682933
9718917
9691912
9736907
9700904
9682958
9682941
9709882
9718917
9754853
9691924
9700903
9736831
9709890
9700911
9682937
9700895
9709885
9718869
9700919
9709882
9727839
9700903
9709890
9709882
9709890
9709894
9718851
9682957
9691936
9709874
9691948
9736923
9700911
9700895
9700915
9709894
9691920
9736820
9763856
9709898
9727884
9700919
9700919
9709890
9628856
9709926
9682952
9691920
9709894
9700927
9691933
9700923
9718861
9691928
9700891
9709874
9682953
9682953
9691928
9736843
9709898
9709882
9709922
9700939
9718865
9691960
9718877
9700935
9727856
9718873
9736827
9736831
9718861
9718897
9718901
9718865
9745814
9700983
9692100
9718883
9709900
9700923
9709890
9709886
9727868
9691952
9718885
9709886
9691948
9718909
9700911
9700935
9656268
9683153
9701075
9674186
9692132
9709898
9709902
9736975
9754909
9719071
9709938
9709910
9683137
9656256
9665283
9656244
9700951
9718881
9701027
9710070
9683181
9683082
9718869
9709906
9700931
9656284
9674254
9700987
9718877
9700939
9718953
9692121
9709890
9710034
9691944
9682961
9674174
9718897
9718881
9674186
9656184
9665203
9719017
9692136
9701139
9701063
9701107
9709978
9736859
9736828
9701151
9728020
9701113
9727968
9727876
9727860
9701043
9727896
9736843
9745822
9736839
9727856
9745786
9736839
9745830
9736855
9754805
9736839
9736859
9736851
9683153
9719057
9701147
9701135
9692128
9728072
9701127
9710206
9710134
9701183
9728181
9710194
9692152
9683245
9701179
9737151
9737111
9746118
9755073
9737071
9755057
9701036
9764016
9683100
9701039
9692128
9737019
9764116
9755037
9728076
9719093
9692132
9772991
9763880
9746050
9808851
9746010
9781930
9727916
9799965
9746082
9773067
9737055
9746114
9782010
9772975
9754813
9737055
9701087
9754989
9790841
9691988
9754909
9754933
9728116
9719057
9683033
9781894
9710062
9772839
9772923
9745978
9737031
9719041
9764016
9790837
9710082
9737055
9701167
9691976
9700995
9691964
9737063
9728080
9719121
9683081
9745954
9745970
9719001
9691948
9772907
9683041
9737003
9736979
9710026
9728024
9709962
9710078
9754977
9701031
9710002
9710022
9754993
9719037
9737031
9754981
9700995
9718985
9737011
9745906
9692068
9727964
9692036
9710022
9728000
9701023
9701031
9710026
9718953
9700971
9692052
9701011
9718965
9727924
9727936
9718997
9718969
9718957
9727988
9719029
9710006
9710070
9718993
9701103
9718961
9719041
9727916
9746026
9259493
9718993
9745922
9710078
9728116
9719125
7962622
7304919
9844775
8178684
9728116
6755733
9745990
9737083
9728116
9701179
9728068
7962526
9728284
9683161
9728064
9674318
9674274
9683217
9701208
9701215
9647521
9683193
9665367
9692148
9674190
9683221
9683125
9638398
9692204
9710022
9683185
6142900
9710074
9674182
9683185
9674270
9710058
9683089
9683137
9710006
9709998
9683105
9683105
9665219
9692020
9683053
9710038
9665179
8484812
9683053
9781826
9665183
9719049
9700995
9683049
9683109
9692020
9683029
7133668
9692132
9709974
9674122
9665207
9692128
9656256
9683113
9683129
9692056
9683001
9674182
9700979
9692104
9674250
9701126
9674226
9701007
9701059
9692152
9674170
9683161
9674210
9701127
9692096
9683065
9674210
9674270
9665295
9701147
9683149
9692176
9692092
6737364
9683085
9719025
9692028
9692080
9665227
9692052
9683041
9683029
9700999
9683025
9692004
9754953
9709994
9718957
9692192
9701013
9701159
9701047
9683133
9674234
9692088
9700963
9692036
9701051
9692020
9683065
9683081
9710038
9701075
9718981
9709978
9710070
9709962
9701011
9682981
9718993
9719021
9701007
9709958
9710046
9701111
9718904
9728000
9718977
9710054
9719009
9718961
9745962
9719093
9727946
9718977
9709978
9727960
9718937
9710002
9727936
9718939
9718937
9683093
9692060
9709966
9727936
9718893
9718999
9701019
9692064
9692164
9710004
9692028
9718905
9683011
9709989
9701027
9683045
9709918
9701019
9683017
9745966
9727918
9709886
9683073
9683149
9718953
9710050
9727944
9700923
9718998
9817810
9692064
9710014
9701011
9727908
9692152
9718939
9709994
9718986
9727992
9710030
9718921
9691976
9718969
9727836
9718990
9719029
9719029
9710102
9701019
9718917
9701083
9719013
9709958
9710070
9709966
9692056
9692104
9701027
9727856
7503053
9710046
9710034
9727923
9719057
9710010
9709978
9745898
9719017
9701119
9799804
9719041
9710126
9727916
9709963
9710042
9745864
9710040
7377082
9718883
9692068
9745934
9493410
9709974
9709998
9709990
9718946
9718964
9709938
9727984
9736859
9736839
9736959
9736975
9736932
9701036
9727896
9754857
9718941
9763888
9745899
9719002
9736808
9710062
9727988
9745834
9701039
9736929
9727920
9701015
9745990
9727945
9736868
9727920
9727916
9745804
9745838
9719017
9718954
9754829
9745968
9709959
9799771
9799748
9745926
9701039
9736915
9718953
9701055
9745851
9736856
9745938
9719015
9727916
9736953
9754909
9727966
9718934
9763781
9772815
9763869
9745917
9692088
9799864
9889670
9736889
9790793
9808763
9871721
9781814
9683126
9710021
9745925
9727856
9745968
9719033
9790761
9745847
9727884
9745812
9727952
9728008
9736915
9745882
9754933
9701095
9745962
9727984
9754890
9736939
9727972
9727971
9844726
9754901
9727978
9862729
9745913
9817744
9736899
9835737
9790769
9808723
9844696
9736903
9781798
9718961
9754870
9799780
9799776
9727904
9727924
9799802
9826697
9736959
9817754
9772851
9772831
9754867
9817734
9808775
9799733
9728012
9736907
9808767
9701049
9790781
9772818
9781790
9718982
9737015
9745891
9745906
9799764
9745950
9808759
9736947
9808752
9799764
9754826
9736919
9826698
9701031
9781752
9745862
9763788
9826737
9718925
9710018
9790789
9736832
9781782
9754893
9745934
9754849
9710006
9727912
9799764
9727972
9718885
9772810
9745836
9736875
9745833
9763794
9772776
9817738
9772767
9844708
9736931
9817746
9772811
9826713
9826753
9727908
9745916
9799750
9799764
9718873
9727976
9736887
9790743
9736943
9808760
9817774
9808735
9808751
9808744
9790761
9745830
9799764
9790781
9799736
9745643
9772784
9763892
9763817
9817711
9745863
9736957
9844699
9745903
9736874
9808771
9754841
9808779
9727944
9772776
9745881
9719037
9790777
9745890
9745882
9745922
9772795
9763856
9790831
9817742
9772811
9781766
9817735
9790769
9727665
9835720
9781782
9790773
9835724
9745854
9853698
9781782
9763796
9817726
9754917
9736863
9745818
9790777
9781790
9826721
9790769
9736899
9763888
9790761
9844703
9817750
9790761
9799756
9799760
9745870
9772791
9799756
9817730
9754793
9781806
9799772
9799772
9790797
9799768
9781798
9790777
9781790
9799768
9799764
9835720
9754837
9781782
9763816
9772791
9808751
9781782
9781774
9781794
9736867
9754881
9817758
9772799
9826725
9781790
9790769
9772795
9727988
9781774
9763832
9817746
9754805
9826729
9799764
9781802
9799764
9718961
9754873
9817734
9826733
9817734
9808803
9781778
9781786
9781778
9799760
9781782
9781786
9826725
9763800
9790773
9790781
9799768
9817738
9799776
9781778
9817754
9826717
9799776
9826725
9808747
9808775
9817746
9826733
9826741
9808767
9817758
9844719
9844715
9781790
9826745
9808755
9808779
9728024
9781790
9763884
9790781
9808771
9790773
9772803
9808763
9799780
9799784
9754889
9781790
9772843
9799776
9799780
9808763
9772859
9808763
9808771
9808767
9781806
9817762
9808775
9808767
9817770
9799784
9745914
9799800
9799792
9772847
9862701
9799828
9763904
9736995
9763824
9772811
9790785
9772879
9817754
9799788
9799796
9808775
9808783
9826749
9817754
9844727
9826757
9808763
9781822
9781794
9808775
9772859
9808771
9790773
9781830
9781806
9799776
9817762
9799780
9808767
9808775
9736947
9799768
9799780
9790809
9826749
9790793
9799780
9799788
9835716
9790793
9808763
9817774
9799780
9826757
9853722
9826753
9808768
9817758
9799788
9808763
9772803
9799776
9790797
9772827
9808767
9853730
9835748
9808779
9808775
9781798
9790801
9790785
9826737
9790797
9835732
9790785
9790789
9817762
9799772
9808779
9799784
9790797
9808771
9808779
9808767
9808799
9790793
9835724
9799764
9808767
9817758
9781794
9835744
9835736
9817758
9808763
9808763
9754913
9808775
9799780
9799772
9835724
9772867
9817750
9772871
9799776
9763872
9745902
9790817
9736979
9817774
9790781
9808763
9790845
9817750
9790805
9808783
9808771
9799836
9880675
9799792
9808771
9826745
9808779
9808763
9808759
9790785
9817754
9781822
9808771
9817770
9799832
9817778
9799784
9808771
9799784
9835744
9790825
9835744
9799776
9808767
9781834
9817754
9817754
9808803
9808763
9826749
9808763
9808755
9817750
9817743
9790789
9871700
9835686
9817750
9817742
9817754
9799776
9808759
9799768
9808771
9808759
9808759
9808755
9817746
9808759
9808763
9799788
9808759
9817750
9790781
9790785
9799788
9808767
9817742
9799768
9799792
9817754
9808751
9808755
9826741
9799772
9790785
9799788
9808767
9817738
9808763
9781810
9799784
9799764
9799820
9817750
9799768
9808763
9808763
9808767
9817758
9808763
9808763
9772899
9817742
9799792
9817738
9799792
9817742
9790861
9817732
9826725
9808755
9817766
9817738
9808755
9844715
9808755
9826725
9817746
9826733
9808771
9826725
9817746
9808755
9808747
9826725
9817734
9826729
9799796
9817730
9817742
9808755
9817746
9817734
9808751
9817734
9817738
9799760
9799760
9826717
9817734
9817742
9808751
9817742
9799764
9799780
9799768
9799760
9808755
9826725
9808751
9826717
9817738
9835704
9835712
9817742
9835704
9817734
9808747
9808755
9808755
9817734
9799844
9808751
9826725
9808751
9835716
9835708
9817738
9817734
9817730
9817734
9817730
9826721
9826729
9826717
9835704
9844711
9808724
9835700
9826709
9826729
9826709
9808743
9817734
9826717
9817726
9817735
9826717
9835708
9817730
9826717
9817742
9826713
9826721
9835704
9835704
9835712
9835712
9835708
9817726
9808775
9817742
9835716
9844691
9835708
9826713
9817726
9826753
9808775
9799788
9835696
9862682
9862657
9871645
9871640
9844711
9862653
9871648
9871648
9862649
9880619
9862641
9853658
9862633
9853650
9844675
9844675
9862637
9835652
9844639
9862625
9853634
9853650
9880608
9862613
9853634
9862613
9853626
9844631
9808751
9844655
9862613
9853610
9871604
9862609
9835652
9853610
9835672
9835632
9727553
9835657
9853630
9853619
9862609
9853624
9853624
9862613
9862601
7322497
9826737
9808707
9772911
9772766
9799772
9709994
9790781
9745898
9772815
9719029
9718958
9718966
9745878
9718997
9808719
9736951
9763816
9808724
9772770
9701031
9799744
9763796
9718901
9709974
9781786
9754849
9781750
9808755
9817725
9835708
9826721
9826680
9826705
9817730
9772768
9799748
9790758
9817690
9790821
9826703
9844707
9799735
9799723
9817714
9835661
9844699
9808775
9853662
9808743
9790745
9817699
9826713
9844683
9781794
9790817
9835708
9790744
9781774
9817714
9862693
9853657
9835716
9844715
9808744
9799776
9745905
9817722
9817702
9772881
9835696
9817778
9826729
9835716
9808737
9817726
9853702
9754986
9737079
9817746
9799808
9799876
9763848
9799764
9799772
9799828
9808783
9808799
9799924
9808831
9808739
9835708
9826725
9817754
9817750
9835744
9871676
9844731
9844747
9880647
9835696
9817842
9862665
9844751
9871656
9853702
9826741
9844710
9853673
9862667
9862661
9853674
9880639
9889627
9844719
9853686
9826721
9853746
9880637
9835729
9871647
9835728
9844702
9808755
9844695
9826717
9844731
9763988
9844689
9826692
9862693
9826797
9781898
9862701
9853674
9853700
9862693
9880661
9871720
9826755
9871650
9862661
9844755
9862676
9835736
9862673
9862669
9880655
9862705
9880719
9853685
9808795
9844691
9889654
9862694
9844703
9862686
9853694
9790873
9844695
9799916
9844744
9835733
9871672
9853694
9808903
9853661
9880661
9808859
9853710
9853690
9844695
9862672
9898673
9853689
9844739
9835724
9844724
9835712
9835722
9826797
9853694
9844768
9853686
9799809
9817716
9844724
9853696
9799892
9772995
9844719
9835736
9862685
9817798
9853686
9871676
9862713
9862693
9737079
9880683
9826753
9826753
9826713
9808851
9889662
9799960
9844692
9826741
9737095
9844731
9826757
9808915
9835776
9808835
9835733
9782036
9782102
9728068
9844719
9808815
9844732
9871736
9862678
9862725
9871716
9737083
9835724
9853694
9844715
9772971
9755050
9826840
9817842
9880667
9817846
9817818
9808907
9799892
9844830
9844739
9772967
9853770
9853693
9781878
9853699
9844695
9737055
9835820
9826826
9862705
9853704
9844743
9817866
9835744
9799970
9871695
9755037
9844735
9799786
9862753
9763944
9817757
9835744
9808779
9826755
9835740
9728130
9826758
9710110
9178196
9826720
9826735
9817834
9764020
9826749
9772914
9871708
9826741
9817766
9853729
9853706
9853738
9853694
9764000
9853697
9844719
9862691
9871672
9862682
9880669
9692280
9862701
9728160
9728084
9844727
9862685
9835716
9853766
9808760
9826765
9772935
9871690
9737031
9862670
9835708
9844715
9106081
9683309
9853702
9844743
9880676
9817854
9817870
9862690
9610383
9835808
9799942
9853698
9862681
9737103
9781954
9871696
9880663
9889655
9889674
9871656
9880675
9898621
9817826
9817824
9871732
9880663
9889651
9755097
9781989
9889647
9719185
9853718
9871734
9871684
9746050
9862709
9772935
9773027
9817774
9880656
9844691
9862690
9691540
9817876
9871650
9853686
9691531
9772597
9862686
9719155
9826794
9844713
9781891
9835722
9853681
9853682
9817799
9853678
9889664
9790929
9844699
9871676
9826718
9835744
9808772
9835776
9862673
9871672
9871668
9808809
9853688
9853777
9871631
9853701
9871636
9880642
9835751
9880648
9871662
9889661
9862690
9799940
9862673
9853682
9583422
9781958
9871737
9871680
9862672
9700529
9862657
9781989
9817846
9880671
9871672
9844763
9889658
9826842
9826817
9898661
9898679
9746131
9205134
9871633
9808940
9764082
9790985
9871641
9799921
9835750
9817757
9844692
9799920
9808915
9889682
9871680
9817776
9880687
9844787
9871692
9889698
9880671
9880653
9790933
9880669
9880677
9880683
9844759
9764039
9493393
9853723
9880701
9781938
9889723
9799848
9394280
9862692
9880675
9574510
9862709
9862687
9826937
9898641
9880687
9880671
9583553
9817782
9871656
9700521
9880661
9764152
9889670
9889714
9781985
9782003
9799619
9889666
9889674
9889702
9871680
9844831
9737151
9862694
9889662
9880699
9826834
9880651
9773067
9493356
9835845
9889694
9871680
9862705
9583466
9799567
9746133
9655686
9601417
9790610
9871676
9880651
9889670
9773077
9862765
9719197
9862733
9583551
9844883
9880683
9295221
9583464
8907930
9493394
9781651
9808947
9862737
9673560
9862773
9782007
9782010
9844793
9880683
9790973
9727804
9782010
9682547
9358366
9835812
9196134
9773007
9853726
9826785
9844735
9790941
9853730
9764004
9772959
9755125
9844761
9764028
9781994
9889666
9764075
9871700
9862733
9871700
9898645
9862771
9889645
9880678
9871697
9502329
9755080
9889666
9898655
9889655
9862757
9790588
9889670
9773083
9862747
9907626
9502358
9898635
9853775
9898649
9907652
9871720
9799585
9835844
9826879
9844847
9853830
9871736
9826877
9871732
9817954
9898637
9907626
9889652
9907617
9907632
9907636
9853790
9880663
9853826
9709501
9835848
9898649
9835868
9889686
9799578
9880743
9898669
9880703
9493370
9790590
9808931
9898645
9880727
9907644
9835812
9808895
9799569
9799581
9844851
9799585
9214084
9853801
9844799
9826869
9862753
9889654
9889662
9880675
9880687
9853768
9862718
9835844
9862745
9889674
9844771
9808907
9790974
9871688
9871700
9880671
9844795
9880671
9862713
9808875
9844771
9817841
9799908
9862677
9862693
9880669
9826809
9826829
9826781
9871674
9790921
9853686
9889662
9853706
9853770
9826805
9817854
9871664
9844768
9871680
9781942
9862681
9853714
9835804
9853742
9853698
9781978
9737115
9763996
9835776
9799852
9790873
9781934
9844771
9826773
9826721
9799912
9781954
9772963
9781954
9773019
9755013
9853672
9790941
9871672
9853746
9754995
9826801
9746090
9826757
9817794
9799888
9755005
9799852
9835712
9862721
9781926
9826797
9835752
9817802
9826797
9862653
9817798
9710202
9755085
9772927
9835816
9755009
9755013
9610627
9737099
9835660
6710542
9782006
9898657
9782046
9889690
9701000
9700883
9214114
9511360
9889670
9862817
9826897
9511336
9746110
9898641
9844783
9808887
9835731
9808855
9826857
9817861
9826889
9070105
8971018
9853719
9745687
9862717
9367325
9772616
9070105
9808768
9871692
9844743
9835728
9862713
9097086
9673543
9853770
9871692
9880663
9880683
9781990
9764000
9844827
9835708
9746102
8799834
9565471
9844733
9853718
9880671
9835748
9862709
9674358
9646567
9808843
9430453
9737111
9710230
9701243
9835740
9844711
9574460
9826733
9826729
9683329
9853726
9754620
9808791
9817858
9764010
9737167
9808847
9853718
9853690
9367369
9808883
9880663
9853678
9880667
9871648
9808879
9674450
9772616
9772624
9799908
9835720
9466405
9862725
9493382
9871712
9565485
9853715
9853682
9556495
9692250
9710218
9746134
9862693
9799940
9754985
9799941
9862667
9853710
9880651
9844707
9844703
9853682
9862685
9871668
9196162
9871657
9862677
9826829
9701239
9880695
9692302
9755014
9835740
9782038
9790574
9772959
9817786
9817730
9728124
9647421
9674302
9826825
9511647
9674298
9799936
9853706
9763976
9674326
9763828
9656412
9683277
9719153
9772950
9755049
9835776
9737059
9755049
9692228
9701227
9790941
9538496
9746086
9844703
9790825
9727657
9817814
9763912
9746070
9826777
9737079
9772939
9790893
9737103
9763992
9665327
9817730
9799776
9817693
9763858
9755025
9808755
9736947
9808783
9817786
9701243
9728092
9737083
9835712
9817826
9763972
9817770
9799732
9871684
9799904
9808807
9719153
9862702
9781898
9781894
9844703
9853659
9790917
9844711
9808863
9835680
9835678
9817782
9853714
9808839
9781926
9826785
9701215
9790885
9844663
9808731
9781926
9817772
9808827
9772979
9826727
9772931
9763748
9799792
9746070
9772815
9772915
9719101
9746043
9799709
9817714
9763928
9728076
9692140
9808795
9781758
9736978
9808769
9808747
9817718
9817702
9781743
9781726
9781798
9736971
9683205
9790797
9754961
9790857
9719098
9772927
9781779
9808835
9701227
9781886
9808807
9781826
9781870
9781907
9728140
9763976
9799880
9835720
9781938
9781954
9746078
9835689
9808815
9844703
9755009
9862686
9817807
9844675
9710170
9781962
9853710
9781938
9763996
9737107
9781918
9728096
9754941
9862663
9790917
9763968
9799695
9772975
9790845
9826781
9835692
9853688
9862697
9790889
9826717
9826732
9763926
9799913
9719173
9835779
9853694
9790873
9755057
9835691
9799896
9844685
9835712
9710186
9764032
9781846
9790921
9737235
9772999
9719173
9799836
9692252
9746066
9817838
9772891
9790877
9772943
9799824
9728068
9781950
9790885
9737071
9817782
9772943
9817762
9790877
9790937
9763948
9772964
9763948
9844703
9763960
9790877
9817761
9844711
9808783
9817768
9853702
9764008
9781931
9817794
9790942
9817770
9746010
9790905
9826821
9817781
9817806
9844675
9799848
9790941
9826801
9746066
9817870
9781926
9853670
9755033
9835736
9835748
9799920
9853743
9799872
9781922
9799880
9817742
9835704
9799788
9781886
9799856
9835696
9808939
9808837
9853754
9853687
9772887
9808747
9781875
9745966
9745962
9683225
9710034
9754897
9700983
9736986
9728008
9799848
9781898
9736947
9727964
9781826
9754854
9808751
9763952
9799864
9754867
9745898
9790776
9736919
9701107
9790777
9763916
9719101
9763936
9781862
9781842
9808730
9799750
9736958
9772903
9736921
9736979
9799744
9701142
9718969
9781868
9737011
9790806
9745998
9790814
9871676
9746057
9791009
9781874
9754941
9710177
9736971
9799832
9763942
9745986
9737075
9754981
9763984
9835768
9817818
9826861
9728172
9746006
9746038
9773031
9808975
9737151
9755149
9728184
9683393
9746085
9790987
9773103
9764092
9737103
9737091
9728152
9746138
9710286
9737215
9799992
9719237
9773059
9710322
9755079
9737119
9701331
9791029
9835896
9800003
9782052
9683381
9746194
9782050
9719283
9746186
9692366
9746190
9755145
9701319
9719210
9755001
9719225
9737123
9710176
9728144
9683313
9719181
9719277
9728239
9755145
9746074
9764080
9782052
9737195
9737183
9728168
9799996
9772967
9808959
9755145
9773095
9737190
9773096
9764104
9737227
9710326
9799992
9773079
9791022
9800008
9728224
9728232
9755165
9746175
9746170
9791037
9764124
9773091
9755143
9737215
9710298
9755149
9764116
9692356
9773059
9737195
9728124
9746130
9782054
9719253
9764120
9764120
9728231
9755157
9710290
9737207
9692372
9728244
9737203
9755131
9764108
9755141
9719237
9746174
9710270
9719261
9719273
9746170
9755141
9746157
9710290
9755153
9728236
9728228
9746166
9773091
9773083
9719261
9710270
9773079
9728172
9773091
9710250
9728236
9746174
9737199
9755141
9710268
9782066
9773087
9710278
9719265
9764104
9701335
9692368
9764112
9719181
9746158
9773019
9710270
9764096
9764036
9701227
9737107
9710266
9728128
9737203
9746106
9782050
9719265
9701303
9728240
9701283
9728212
9746178
9773043
9701251
9764124
9710098
9701291
9719181
9737119
9674290
9773079
9755073
9710302
9710246
9701315
9764128
9764088
9755097
9737115
9755109
9710186
9737135
9755077
9683185
9728128
9728164
9701183
9746018
9692192
9674234
9692140
9701143
9692164
9674190
9692148
9746142
9728112
9719113
9728132
9728132
9683153
9710178
9701231
9683181
9683177
9737127
9710166
9701163
9701111
9710082
9692124
9701135
9692168
9701083
9736971
9745982
9719061
9719045
9719081
9710110
9763948
9737004
9710058
9719061
9710062
9781906
9736972
9745950
9737052
9736983
9799860
9728036
9719133
9772899
9728008
9799836
9737003
9719045
9736975
9763936
9728032
9773015
9772955
9763976
9763968
9755009
9737043
9799904
9808807
9755037
9799860
9728028
9799832
9754945
9763940
9755005
9763944
9799792
9763908
9728056
9736999
9799804
9737047
9736999
9728008
9808827
9736975
9763912
9736979
9781874
9754929
9781846
9754921
9772855
9772843
9745962
9745926
9835772
9736975
9745926
9772863
9781906
9772919
9808827
9754961
9826785
9727920
9763848
9799812
9754981
9790818
9745946
9790877
9737003
9772891
9727984
9772883
9736947
9745898
9754933
9736983
9763884
9727940
9754917
9745866
9754981
9745906
9754885
9745842
9745894
9790777
9718949
9781830
9772863
9799784
9763908
9754893
9745906
9718937
9745874
9745922
9799836
9781830
9790833
9736959
9835676
9790761
9763908
9745930
9808799
9781826
9799808
9745862
9754913
9781766
9781790
9763848
9754885
9763816
9763900
9772823
9772859
9772859
9817774
9745906
9763912
9781818
9799752
9763884
9727896
9790793
9772995
9772899
9754857
9790761
9772815
9772727
9763872
9763780
9772791
9763800
9772855
9763772
9727820
9781806
9745974
9799744
9745780
9763796
9763856
9754817
9763832
9790773
9772855
9817682
9808755
9772835
9781718
9799722
9808824
9853650
9745790
9781766
9745874
9781818
9754893
9799776
9745902
9790838
9799748
9772847
9772851
9763756
9799800
9790861
9781798
9772815
9772855
9799868
9808759
9754909
9781846
9790805
9808755
9781830
9763892
9772847
9808751
9763848
9799792
9781850
9772847
9799744
9781762
9790813
9808715
9835688
9817750
9781826
9727920
9808731
9790765
9781826
9763852
9853654
9799704
9799788
9772839
9799768
9763876
9772855
9790753
9772855
9781818
9745762
9763744
9790717
9799728
9817742
9781798
9853658
9799704
9763812
9790845
9826741
9799760
9826717
9781726
9826757
9844667
9835672
9844667
9754873
9799748
9772831
9781830
9799764
9799788
9853658
9763816
9763860
9790733
9772731
9826689
9826669
9763888
9799728
9871636
9862643
9817746
9772795
9790813
9781718
9808711
9835684
9799880
9808699
9817690
9808799
9817726
9799784
9763840
9808695
9772815
9835680
9754749
9790733
9808831
9808691
9808779
9772855
9781718
9790841
9781822
9835708
9835740
9799868
9826773
9763888
9790709
9817686
9790837
9790841
9772779
9790733
9808851
9826745
9790805
9754849
9781814
9781814
9808711
9826745
9790805
9817718
9799800
9808815
9808735
9817754
9790805
9808711
9781834
9772875
9772799
9772771
9772827
9763880
9835724
9817818
9781798
9799892
9781762
9727964
9790861
9826773
9772803
9763832
9754821
9835696
9763836
9826729
9745886
9826669
9754881
9826673
9835720
9808799
9799844
9799800
9799844
9817842
9817750
9772803
9835664
9781826
9790829
9835664
9781838
9817818
9772863
9772719
9772823
9808823
9781830
9727916
9835828
9772767
9808815
9772839
9835808
9790761
9745882
9826789
9754797
9781830
9799724
9772763
9736859
9781854
9799860
9781786
9745862
9817818
9754829
9736799
9808776
9763824
9754837
9745822
9790801
9790821
9763738
9790860
9736855
9790893
9763932
9745866
9772815
9727908
9790821
9799848
9781866
9736863
9745862
9790845
9736891
9799808
9736875
9736871
9727900
9772795
9817770
9790885
9736923
9808815
9736895
9736851
9745854
9754877
9817790
9736879
9763892
9754897
9736863
9736895
9790797
9808819
9808843
9808787
9754853
9781746
9799768
9736891
9835752
9772875
9754833
9808759
9790793
9826729
9736851
9826761
9754793
9763768
9781826
9826761
9835720
9781698
9853650
9817670
9826653
9763800
9862617
9817682
9844659
9772751
9817672
9817689
9799735
9817658
9745735
9817666
9817654
9808675
9745726
9808671
9826653
9853602
9817654
9808672
9799688
9817654
9826641
9817734
9808671
9808671
9817646
9844651
9817658
9817690
9799672
9808667
9826645
9817654
9745774
9826653
9781686
9835632
9817714
9817660
9817662
9826645
9799780
9781678
9790677
9817654
9817662
9790689
9826649
9835636
9826641
9799668
9826649
9826641
9754713
9853614
9808667
9835632
9772695
9817658
9772695
9808659
9799676
9835632
9745722
9745722
9763712
9799729
9826649
9790681
9808655
9781686
9808659
9835668
9754709
9763691
9781686
9763696
9835632
9754713
9754717
9808659
9817650
9817642
9817650
9808679
9772695
9808659
9763704
9853610
9763704
9772683
9817650
9763696
9754713
9745746
9808659
9799672
9808659
9754709
9754709
9754709
9772699
9754709
9754709
9808647
9754725
9817642
9844611
9763700
9790669
9754769
9763688
9817650
9772687
9763700
9835628
9808643
9763688
9790665
9754749
9835616
9826633
9844590
9862592
9781666
9799656
9835624
9835616
9835620
9772679
9817722
9772679
9772679
9808643
9763696
9826633
9817642
9835620
9763688
9772691
9763680
9808643
9808707
9844623
9817634
9772675
9835644
9817634
9781674
9781662
9817634
9781670
9817630
9808622
9763688
9763692
9835616
9844623
9817638
9835612
9817622
9826617
9826613
9835620
9799728
9799660
9826621
9763684
9826613
9826625
9853686
9799607
9781640
9781674
9862677
9853582
9790657
9808635
9763696
9862589
9772671
9880591
9826621
9790661
9817626
9835616
9799652
9790669
9826621
9817646
9790693
9781662
9781670
8826846
9799636
9817642
9799594
9826581
9826629
9826637
9853702
9817732
9799632
9862569
9781682
9817606
9772691
9754717
9790673
9763862
9799664
9790665
9799656
9772675
9790689
9853620
9754701
9772683
7971281
9826657
9898585
9835705
9763804
9817662
9844755
9781974
9763996
9745843
9889610
9844811
9808951
9862709
9808728
9835708
9790662
9835704
9853638
9763876
9853710
9817698
9880679
9736915
9754857
9710114
9862757
9808743
9745938
9790769
9808744
9880707
9817934
9844703
9773083
9412300
9826929
9826821
9763911
9862689
9781978
9889627
9817758
9736827
9889710
9889690
9862677
9862683
9817826
9835840
9799812
9808851
9826901
9808703
9835760
9871708
9862738
9889647
9862726
9817861
9808871
9871681
9808753
9781823
9781894
9826692
9790909
9790829
9718989
9844743
9853665
9773066
9808769
9862737
9844695
9826893
9835816
9772943
9835732
9799966
9844777
9835715
9835816
9826685
9826726
9889615
9826853
9862749
9835736
9853651
9799752
9853662
9835656
9880679
9781910
9817881
9898575
9773049
9772887
9772936
9790982
9799752
9755125
9728033
9782012
9701335
9772883
9799776
9826741
9808759
9826662
9844643
9773063
9835676
9781921
9799948
9826689
9844631
9862609
9880691
9791005
9871684
9772995
9862701
9826711
9773042
9826717
9844723
9808691
9862685
9844663
9826741
9862657
9817751
9853722
9799944
9781818
9781826
9826665
9773075
9835730
9862726
9808931
9799943
9781786
9835692
9808911
9710202
9871692
9763752
9826650
9898637
9781750
9853742
9898629
9710294
9826785
9871752
9880676
9826792
9853818
9763932
9871712
9835716
9844687
9817898
9799680
9871732
9862701
9862757
9889690
9871654
9862714
9817723
9853662
9808703
9808952
9826689
9790721
9844659
9719249
9844646
9871632
9826769
9898668
9826830
9817746
9727826
9808949
9781802
9808791
9772923
9790825
9862657
9871634
9898665
9727980
9844805
9844667
9880647
9898605
9835751
9871620
9889638
9764100
9826657
9880639
9835766
9773063
9808839
9799745
9808809
9817740
9808722
9799872
9808703
9790941
9844839
9835882
9871668
9799780
9889642
9862741
9781882
9763769
9871720
9835728
9710174
9727910
9763756
9746174
9790741
9781982
9665467
9719261
9736887
9764092
9710290
9755128
9781904
9728168
9772848
9755009
9737167
9799936
9826677
9764088
9764020
9746168
9737191
9773019
9764160
9799976
9808791
9862713
9853682
9826893
9817789
9808955
9791049
9781814
9791017
9862691
9710290
9728228
9746154
9799972
9709938
9773067
9835859
9764020
9727900
9781850
9746146
9745754
9826731
9817666
9799692
9764108
9737133
9754919
9871716
9773074
9746166
9773043
9781774
9808847
9799836
9781798
9898593
9871680
9772847
9790929
9799904
9727928
9710283
9817823
9719182
9736815
9844809
9701303
9764004
9844795
9745902
9764084
9826729
9727804
9871700
9790993
9826882
9799968
9862673
9853766
9844759
9826781
9826737
9763888
9772811
9701331
9764076
9781881
9817818
9710282
9808849
9799788
9737175
9826809
9808827
9808799
9826781
9728220
9772895
9638394
9763840
9772763
9808787
9844723
9790984
9710134
9808922
9844807
9826681
9880683
9817738
9826872
9781762
9772715
9826901
9871708
9719245
9826751
9745794
9790797
9763858
9763888
9835680
9790741
9772767
9773035
9853686
9772751
9826773
9728232
9826660
9835824
9781730
9826689
9763764
9754821
9736927
9737150
9737019
9853734
9728112
9853643
9799848
9736799
9853800
9880607
9826657
9709946
9871616
9754725
9817734
9853739
9718985
9889646
9691964
9871687
9862677
9826711
9727928
9701283
9701311
9826746
9718851
9700915
9772827
9826837
9719025
9719077
9790805
9754797
9781854
9746034
9781994
9763945
9763897
9727800
9763904
9736963
9817914
9808702
9736895
9719009
9754981
9701299
9790917
9772751
9701243
9746021
9835708
9763804
9737143
9781876
9665458
9727814
9799864
9817786
9745922
9692273
9709874
9736787
9880683
9745794
9808807
9808823
9754979
9781694
9844671
9709810
9745878
9683305
9790880
9682937
9736815
9835712
9871644
9763996
9773107
9781869
9763932
9710238
9763961
9790717
9737163
9736763
9736999
9593719
9701211
9710175
9727936
9817702
9737115
9781981
9683253
9638478
9647448
9746174
9772949
9781754
9781982
9745930
9781938
9790793
9790775
9790733
9754997
9817726
9790789
9755141
9781958
9737099
9772883
9781742
9773055
9746162
9754977
9862713
9871661
9781894
9817770
9817766
9799892
9772983
9755005
9728072
9799812
9656316
9710154
9719115
9799848
9808815
9844719
9826761
9817786
9817786
9817730
9826729
9781746
9826729
9826737
9826713
9817734
9781954
9763772
9844675
9799800
9808763
9817714
9835735
9826673
9862637
9817718
9835668
9817714
9844683
9799684
9781750
9835672
9790705
9826697
9799684
9808675
9844639
9773035
9835676
9817686
9790801
9808675
9772711
9826649
9835664
9799712
9799724
9799704
9763896
9826669
9799704
9781718
9781794
9826673
9763740
9772731
9745722
9799696
9790705
9781858
9781734
9772803
9781762
9745758
9736815
9718861
9745790
9754773
9754713
9736911
9736711
9736827
9727784
9736799
9745706
9736787
9736851
9763864
9736795
9691968
9745722
9745838
9736703
9754697
9736731
9700831
9727732
9763768
9700795
9709830
9763768
9619697
9727720
9754741
9682873
9736959
9133319
9764032
9790821
9754877
9745830
9736947
9754909
9665271
9745891
9808859
9647293
9826847
9701167
9773067
9826837
9835720
9844803
9817786
9826797
9808795
9799868
9826789
9728180
9790868
9764008
9701179
9844823
9746139
9817786
9790921
9799860
9728200
9692324
9790849
9620432
9772879
9746010
9665319
9763916
9754957
9593503
9665403
9799800
9781846
9781874
9763916
9737187
9772759
9665259
9781850
9656232
9790849
9647404
9763948
9611569
9799784
9692316
9799828
9781842
9799820
9656244
9728032
9799812
9772891
9799808
9719225
9799818
9808775
9656444
9701125
9754985
9656456
9755005
9746014
9781898
9674346
9746082
8558040
9844602
9692292
9880687
9817778
9808847
9781914
9656348
9755053
9647197
9727740
9880607
9665295
9799852
9889574
9773031
9790853
9584712
9763988
9700831
9862689
9746022
9772987
9898609
9817686
9817814
9880615
9889682
9790777
9745874
9772855
9817678
9808839
9718833
9772907
9790825
9772695
9665374
9871612
9790693
9790709
9826773
9700971
9718905
9727876
9736879
9736879
9808691
9862612
9755079
9656388
9889610
9799748
9790805
9683385
9736975
9790753
9799768
9772811
9799792
9701101
9763808
9781710
9719157
9889612
9737087
9799752
9799896
9799909
9880690
9754749
9817678
9781698
9736739
9745766
9754729
9772727
7106395
9799780
9781686
9790797
9647501
9809015
9692132
9808735
9692244
9665415
9701111
9772823
9772975
9790801
9907610
9907578
9764088
9826679
9853730
9772851
9844827
9665451
9817907
9754849
9772947
9710026
9746074
9799884
9790917
9727916
9808807
9710047
9656460
9727912
9844739
9826837
9745910
9701311
9781886
9808819
9764000
9665427
9808823
9728180
9719133
9853794
9718929
9736975
9737023
9728124
9808851
9799976
9791025
9701119
9692072
9781932
9790741
9880787
9826897
9701283
9772927
9665263
9719257
9692244
9791025
9728044
9737143
9692112
9647485
9710238
9853798
9781978
9683242
9656448
9844789
9772891
9728200
9790957
9755077
9763920
9763960
9844711
9727976
9710222
9718873
9728109
9701291
9781838
9790785
9773081
9826770
9728176
9773075
9781972
9862785
9835836
9790905
9871668
9763955
9719261
9683389
9737191
9817882
9817886
9826864
9808931
9710262
9826805
9701075
9763956
9692316
9718997
9772971
9709942
9674410
9683113
9701303
9692372
9692368
9817896
9728132
9862793
9710282
9647501
9701323
9719252
9692336
9799888
9719017
9880643
9737144
9781906
9737177
9764108
9701299
9683133
9728198
9701299
9773059
9683209
9781989
9701295
9728140
9790993
9710258
9728189
9728216
9719233
9844819
9745934
9701031
9808927
9718993
9817906
9737179
9719241
9826864
9835848
9826749
9710134
9763900
9737031
9808939
9826885
9719217
9763968
9755050
9674394
9728200
9853789
9710290
9701276
9728100
9799928
9692136
9710290
9710290
9719165
9674222
9665427
9674066
9773067
9719041
9728220
9692128
9709994
9710250
9674206
9683243
9781858
9728164
9683377
9710214
9808951
9782070
9620608
9871742
9737171
9683369
9665443
9737203
9656480
9737203
9817872
9871734
9835868
9710257
9728236
9737161
9817918
9799968
9728192
9835712
9709974
9790993
9746058
9764020
9835877
9799910
9808935
9817877
9755125
9790985
9736955
9835872
9710242
9808919
9701283
9817914
9826925
9808767
9746105
9764072
9755109
9755109
9701307
9737087
9835856
9710278
9665431
9665419
9781946
9674390
9647501
9746106
9674382
9746046
9871632
9755009
9674394
9764104
9755078
9773035
9746118
9656464
9692316
9826855
9826885
9746138
9755145
9719257
9728192
9719221
9692324
9790997
9665427
9817950
9710158
9799969
9746138
9782038
9853814
9701287
9763949
9853794
9728182
9736951
9710070
9790970
9773071
9763996
9844727
9719185
9835844
9835834
9692324
9692336
9728212
9782026
9719013
9746146
9817930
9710251
9835840
9737095
9799947
9701279
9782016
9835860
9737199
9826865
9683217
9746130
9737183
9799977
9755101
9710254
9799888
9781846
9754905
9790981
9719177
9817902
9728224
9782042
9764036
9844827
9790985
9790889
9826909
9817878
9710248
9790981
9763948
9746058
9826872
9799913
9737187
9799972
9844819
9745938
9817790
9737006
9755109
9755125
9817862
9826741
9844778
9754973
9755093
9746098
9853786
9674210
9728216
9737123
9683361
9755080
9764084
9674371
9817890
9808935
9799944
9692332
9764084
9719187
9853790
9719121
9799952
9728012
9772875
9683365
9764048
9728200
9791018
9808914
9781946
9710286
9808943
9799968
9808979
9719077
9781878
9692184
9826869
9737051
9728240
9674394
9746134
9683361
9710262
9710318
9692124
9701295
9737035
9736963
9835856
9737129
9862806
9683333
9808971
9772923
9799902
9764044
9764100
9773087
9701123
9710186
9737187
9799964
9817838
9871706
9853702
9710270
9799973
9710283
9728228
9701295
9701303
9710064
9808910
9781934
9692328
9790977
9871720
9755005
9808843
9799968
9844835
9826726
9737107
9746154
9719249
9755072
9764060
9737119
9755101
9701295
9692324
9826905
9683338
9773067
9665431
9799972
9826877
9763980
9710270
9638554
9737172
9799979
9799980
9791053
9674222
9763952
9638518
9665423
9746138
9719249
9665438
9781975
9728220
9764084
9791005
9692320
9782030
9826881
9719137
9790953
9710214
9773079
9692272
9701331
9728220
9692332
9764052
9656388
9773071
9737171
9692356
9737187
9746158
9701296
9746114
9692332
9674362
9683385
9773079
9719137
9755093
9683357
9835796
9746078
9835852
9799992
9710234
9719053
9737195
9665361
9692328
9701207
9808919
9781974
9737115
9647369
9737071
9746070
9746166
9674202
9638386
9692316
9638211
9746098
9764015
9746150
9773075
9773031
9737163
9755049
9728124
9782042
9799944
9772999
9773035
9764020
9755061
9737107
9799976
9764032
9755061
9755049
9746070
9773043
9791005
9764052
9817926
9782034
9763984
9764072
9808955
9781954
9755041
9764036
9755021
9746050
9755097
9790969
9817886
9728028
9844835
9737079
9790965
9764056
9764068
9710066
9763924
9799936
9773031
9781962
9772947
9808947
9772979
9764032
9772979
9781978
9754973
9790937
9808879
9719021
9719073
9737059
9737015
9737027
9844811
9710074
9728040
9781894
9754905
9692052
9808895
9817906
9754977
9737039
9745994
9790905
9746022
9737093
9692112
9701039
9745958
9737079
9754993
9719017
9772999
9763936
9737027
9763960
9737031
9728032
9710098
9808811
9790929
9763960
9710074
9737003
9790917
9710038
9736987
9763940
9710134
9763904
9728052
9692216
9692128
9727992
9710094
9710138
9772927
9755025
9737063
9701023
9754933
9737039
9772927
9772935
9701075
9736959
9719017
9719149
9737047
9790953
9844747
9719065
9826849
9736979
9755005
9763956
9719125
9719061
9737031
9746042
9763896
9710042
9728052
9835764
9728040
9692052
9719001
9709986
9710026
9826841
9710074
9763980
9710006
9710202
9790841
9728008
9772887
9736999
9719125
9862681
9790921
9692156
9701174
9772915
9755029
9710178
9799808
9710018
9844731
9755013
9826785
9746078
9745970
9736979
9763876
9728108
9710018
9755021
9719061
9736991
9799876
9746050
9746054
9772951
9826781
9754909
9799868
9799968
9763976
9772991
9853726
9719081
9710146
9799900
9701071
9763984
9710046
9835812
9835792
9817734
9728048
9781882
9755025
9737024
9728088
9710178
9737055
9781958
9728088
9728032
9719077
9745897
9736963
9799864
9799868
9781942
9674086
9754957
9710110
9728076
9719013
9719041
9710050
9835764
9727976
9737039
9728044
9719145
9826813
9772967
9746066
9790933
9808943
9737050
9718997
9746066
9737067
9754985
9737027
9772830
9710066
9772995
9772947
9790925
9772887
9808843
9755029
9764004
9772967
9754941
9745910
9728028
9719085
9763944
9745968
9737039
9736979
9763916
9808843
9746098
9737047
9737067
9799920
9719049
9746034
9737015
9781834
9799860
9718973
9728040
9701095
9755037
9746081
9764044
9790957
9799836
9745994
9772963
9790905
9764000
9799891
9782002
9781927
9746062
9781974
9799868
9746026
9745918
9718989
9746014
9755133
9772927
9772986
9772974
9790885
9763920
9763932
9835812
9701179
9799860
9808951
9808899
9745950
9817866
9736962
9772940
9808815
9728016
9808799
9772967
9737003
9763932
9745994
9746015
9737067
9737023
9719105
9737019
9692088
9764012
9745970
9692104
9710126
9736943
9799884
9754901
9799836
9781930
9736951
9728080
9746010
9736919
9736951
9683173
9736975
9710062
9754985
9719017
9817826
9746031
9728087
9764020
9745962
9755025
9727980
9683153
9737079
9701107
9772839
9763960
9719053
9781831
9745946
9728072
9737096
9737027
9692096
9727976
9728083
9772883
9692096
9728044
9727988
9727978
9728116
9701101
9772927
9728011
9719093
9737007
9808875
9755057
9790885
9754953
9728041
9728054
9701107
9728048
9719122
9701065
9710046
9727988
9719025
9674202
9719021
9710082
9728111
9683185
9719049
9719093
9781874
9719001
9701213
9728000
9736923
9746098
9727936
9674138
9719025
9754941
9683165
9719097
9692164
9746106
9728112
9772895
9781874
9718961
9755001
9692076
9736995
9692089
9727942
9701027
9710058
9692136
9710078
9701072
9736979
9710050
9737039
9683241
9710106
9826861
9790881
9799864
9683065
9692048
9728036
9727937
9808859
9808843
9826833
9745886
9214169
9665147
9737027
9718993
9755047
9826861
9763920
9701059
9701023
9710078
9701207
9701187
9701119
9763940
9728032
9710166
9709998
9683121
9737073
9665283
9773003
9781958
9772892
9710134
9701171
9746038
9799876
9701015
9737051
9737027
9745958
9754929
9728036
9745958
9719085
9754891
9745958
9710114
9746002
9737007
9826715
9772735
9781934
9728056
9754969
9745910
9719071
9772823
9719083
9746038
9719105
9880621
9763937
9737047
9709868
9719061
9728192
9683129
9728096
9692184
9701152
9728041
9755129
9799976
9754977
9683269
9638330
9665299
9692212
8701098
9737071
9674278
9629427
9638374
9611529
9790921
9656088
9701073
9656328
9656276
9745906
9719105
9745946
9683201
9745874
9754925
9710114
9620356
9772935
9700967
9700843
9737027
9736927
9736951
9781778
9718993
9629291
9754965
9790833
9745914
9710058
9763900
9736967
9710114
9736951
9808763
9727980
9665327
9728008
9656200
9799790
9737039
9790731
9826631
9745946
9728036
9763960
9674198
9710062
9692076
9638184
9817858
9745902
9719053
9718888
9673946
9665215
9719105
9710062
9701063
9719013
9808838
9844707
7097716
9727744
9737031
9710126
9638418
9701050
9737003
9781862
9745982
9799708
9647401
9683029
9835696
9673870
9647185
9790740
9781930
9754975
9665217
9853629
9853706
9808715
9763904
9709910
9674026
9754889
9844695
9808791
9718941
9746050
9638280
9853654
9754917
9754861
9736875
9692176
9737035
9772731
9817686
9817694
9754893
9692128
9817806
9727956
9638270
9718996
9799704
9808779
9826673
9808687
9673942
9682971
9817750
9691888
9790653
9700787
9799767
9799696
9781706
9853591
9718926
9745886
9709826
9692024
9656312
9710030
9611549
9790901
9781734
9844655
9764072
9763812
9745874
9790869
9799680
9647353
9826649
9781738
9728140
9700843
9853618
9718953
9736927
9656176
9718925
9611453
9647317
9674158
9790713
9638362
9826645
9808675
9817690
9575517
9665115
9629327
9754881
9754877
9719029
9620436
9665335
9764004
9709866
9611493
9304603
9799732
9656096
9727804
9799828
9475846
9620140
9808847
9763740
9674174
9691936
9629215
9745762
9638434
9692164
9637958
9754917
9719017
9737098
9007540
9593487
9620500
9638429
9620484
9665335
9647149
9655984
9701077
9719161
9700995
9647433
9656388
9719041
9701127
9602410
9665047
9790717
9692160
9665239
9772799
9646869
9755069
9728156
9629459
9746066
9727920
9719113
9710078
9629011
9665331
9647121
9710218
9736959
9682953
9638439
9727932
9664907
9674378
9620428
9647352
9602478
9602354
9701211
9737129
9602342
9593439
9728064
9691881
9754785
9754881
9638282
9754821
9737123
9737035
9628979
9692284
9593515
9629386
9629411
9656100
9656396
9772703
9737099
9611545
9611175
9737123
9647301
9665292
9647137
9701171
9602214
9728072
9691875
9737131
9719049
9754873
9710126
9665051
9772723
9692268
9754829
9763912
9746114
9727884
9781826
9764012
9745846
9710214
9781982
9763980
9763856
9754989
9746043
9710130
8763738
9709926
9781810
9683104
9745870
9638442
9745953
9709914
9710206
9781850
9620498
9737047
9781846
9341613
9728060
9530650
9260467
9278434
9727816
9629215
9566362
9314572
8891136
9700900
9557419
9709886
9629255
9611253
9593596
9629463
9521647
9691936
9683008
9584346
9521703
9584472
9557655
9539620
9763870
9566420
9584472
9377505
9683071
9638226
9566467
9727824
9727896
9638010
9575521
9656107
9665151
9701071
9745778
9539673
9709964
9772727
9745818
9530626
9718873
9593322
9808690
9674162
9727798
9683074
9674090
9826665
9844711
9656280
9548632
9566530
9727924
9754809
9602462
9647141
9718969
9718877
9674004
9772731
9665107
9692108
9691939
9665083
9701059
9692036
9629179
9655988
9566534
9736766
9566522
9629315
9602418
9584560
9638122
9691892
9638078
9781713
9557387
9521695
9763728
9575507
9611381
9647145
9709934
9709926
9620340
9602582
9754757
9727872
9593607
9799692
9727996
9647086
9665139
9575033
9691976
9548607
9548461
9611305
9548434
9673994
9674048
9620145
9620377
9575413
9673992
9503581
9548432
9584472
9584378
9620224
9566410
9682865
9566386
9485727
9629203
9710046
9781730
9691988
9709938
9691996
9611581
9736832
9700989
9647195
9727872
9638250
9710058
9656186
9602450
9701019
9548672
9620424
9701011
9736783
9808679
9790789
9781730
9629299
9566450
9718821
9763880
9656264
9647273
9745954
9701123
9701011
9566610
9736935
9692008
9566678
9458611
9584280
9602218
9566482
9700831
9700959
9548472
9557507
9718813
9601970
9557403
9647193
9566362
9611041
9575325
9682865
9620316
9754909
9728012
9709958
9602438
9745922
9719030
9709914
9647125
9646930
9503601
9673805
9602146
9548480
9557397
9593312
9503737
9566175
9566358
9530462
9548288
9530686
9611310
9494468
9629243
9584492
9530634
9629255
9557427
9557530
9575345
9629147
9575449
9512548
9584436
9557463
9593247
9521511
9530614
9521544
9655956
9494653
9512488
9584524
9548521
9575384
9503610
9548404
9548360
9638090
9575243
9575262
9539437
9602126
9575289
9539252
9629167
9611045
9485469
9638070
9727868
9593163
9530443
9512668
9673986
9539565
9691876
9620228
9602140
9736915
9709870
9593327
9593375
9557399
9620300
9656124
9269426
9566460
9629078
9736855
9530430
9494591
9530378
9575381
9620212
9530522
9530482
9754755
9656120
9575585
9593351
9575537
9611409
9665147
9593295
9611134
9593255
9629215
9611301
9539477
9503409
9521392
9638230
9521347
9521435
9503597
9548276
9557275
9637986
9548357
9539605
9557347
9629205
9611107
9656104
9620316
9602286
9611293
9656128
9557511
9665195
9665099
9727908
9656208
9521635
9674154
9584428
9593339
9530518
9602268
9629263
9611297
9593299
9647157
9647089
9701075
9584392
9611317
9638234
9566578
9656264
9602390
9674146
9638146
9656156
9611317
9701075
9530506
9584348
9539489
9584292
9692020
9620224
9557435
9521691
9539629
9539557
9539629
9566366
9566274
9575329
9575377
9539501
9548206
9530393
9602250
9611353
9548384
9647129
9521385
9512456
9539301
9548312
9503513
9557227
9259951
9557339
9530306
9638142
9593375
9584396
9539565
9566354
9512652
9530574
9557328
9521547
9647133
9566526
9548488
9593475
9539593
9620380
9548480
9629279
9521483
9575341
9584344
9566558
9539509
9566494
9602314
9548480
9548520
9575381
9539505
9548496
9557487
9575341
9539285
9575433
9593367
9664971
9557387
9566342
9530566
9575393
9548292
9584292
9521455
9521458
9512576
9557451
9575429
9593243
9548480
9575341
9566486
9629167
9566494
9593347
9530486
9584456
9557567
9530482
9566422
9548412
9656072
9530506
9602314
9566402
9611273
9602342
9602167
9548292
9620228
9557423
9638134
9682989
9593350
9593379
9593407
9620348
9611341
9602430
9691960
9611285
9566310
9575397
9656040
9611205
9629183
9602422
9638286
9548398
9539449
9557459
9647205
9566445
9611289
9539493
9566450
9566426
9548520
9620304
9557507
9557363
9539473
9575453
9557379
9566454
9548460
9557455
9566490
9557507
9575445
9602358
9575437
9548520
9557491
9575433
9557483
9584388
9548552
9530486
9557487
9539365
9557451
9575441
9620240
9611321
9584360
9647129
9602290
9548456
9566430
9566394
9575389
9584376
9548568
9566478
9584372
9575441
9611265
9539533
9539433
9566382
9602238
9620284
9575373
9629127
9593343
9602334
9566383
9566434
9575409
9611241
9665047
9575405
9566338
9575385
9575349
9602318
9584364
9548412
9638142
9566362
9584352
9620212
9575344
9602314
9548436
9593383
9602258
9575385
9584356
9584388
9584332
9584352
9566398
9602342
9602330
9602354
9584344
9629243
9611281
9656204
9611305
9647177
9611301
9611273
9593323
9602326
9584384
9620252
9620232
9629219
9584388
9647101
9584348
9620220
9566438
9584392
9593363
9611225
9557467
9611273
9620280
9539469
9584384
9575429
9566398
9593363
9566454
9620312
9629163
9584392
9584408
9584312
9584380
9584424
9638230
9575437
9602366
9602386
9593395
9611349
9593375
9593399
9593379
9593399
9584452
9620368
9620332
9593335
9602402
9665127
9692108
9620344
9602366
9584444
9611293
9620344
9620348
9620392
9611421
9629331
9629283
9665075
9620300
9638322
9629311
9611353
9638218
9593380
9629339
9611369
9638222
9575469
9611209
9656168
9629251
9611281
9611285
9674138
9584216
9656068
9647193
9718961
9593307
9584324
9629279
9593263
9638210
9647149
9602358
9593343
9611273
9638174
9638178
9620308
9638238
9620300
9629223
9584333
9629163
9611333
9656116
9656024
9638186
9656100
9647185
9602302
9683089
9692064
9656132
9665091
9665103
9674118
9638238
9638298
9602174
9593347
9656180
9629287
9575241
9620200
9656096
9620180
9611269
9674134
9611261
9674074
9674106
9629099
9611189
9647145
9647089
9629163
9620296
9692132
9692112
9710022
9629159
9691956
9772783
9629291
9701043
9700987
9736943
9692180
8205633
9583981
9656264
7556883
8773180
9683021
9655976
9745782
9611209
9629255
9638302
9611385
9593363
9602342
9638246
9629239
9575289
9602293
9656120
9674026
9584424
9638234
9682977
9575457
9638238
9683041
9629159
9629191
9629323
9611329
9602279
9611405
9656168
9584436
9638242
9566598
9584584
9566506
9611497
9575625
9575521
9683221
9593579
9593519
9620488
9593503
9548640
9539705
9593427
9377509
9539625
9575613
9575637
9539717
9557655
9557567
9584468
9539701
9593527
9566442
9584536
9656268
9620392
9629367
9557615
9584552
9611469
9620404
9629363
9611437
9593387
9647265
9593387
9620460
9611357
9647285
9575453
9647345
9611405
9647309
9584420
9638366
9656256
9665160
9611441
9620316
9611469
9602454
9575565
9602313
9629327
9665175
9629363
9620348
9629299
9647289
9665155
9593275
9593439
9602330
9629231
9620284
9620304
9674114
9620209
9683133
9683169
9602364
9629231
9620408
9620294
9620232
9656252
9656096
9656244
9647277
9602370
9620336
9593463
9593299
9593311
9593379
9611245
9629407
9602306
9701079
9629299
9629355
9602430
9611393
9665211
9620296
9611417
9611353
9584532
9701059
9629331
9611421
9665183
9638294
9548500
9602426
9593323
9575425
9575361
9638306
9548700
9602386
9647253
9629311
9647237
9575513
9557555
9638230
9638226
9557479
9647273
9638338
9620364
9584348
9566526
9620296
9593371
9593395
9620412
9611305
9611373
9584404
9638334
9638202
9638314
9629211
9665215
9647277
9638230
9674126
9557499
9557495
9620360
9602374
9638210
9629327
9674182
9656168
9674150
9665123
9665091
9656150
9638306
9647165
9683085
9674194
9665123
9629195
9611385
9611333
9575557
9638247
9647181
9620320
9575433
9566430
9611309
9638250
9656192
9575497
9620416
9548500
9602338
9656240
9629251
9602270
9674086
9611285
9602402
9575429
9602338
9629279
9620300
9602438
9620308
9647273
9602488
9611335
9656188
9629255
9656184
9629367
9629375
9566486
9584492
9584456
9530540
9557398
9548608
9620368
9638274
9611401
9566446
9665079
9548632
9602354
9611333
9611242
9566542
9620380
9629161
9674030
9683141
9647225
9557507
9638318
9575445
9647273
9602243
9593419
9629299
9629163
9647185
9602338
9629339
9638298
9629327
9575499
9665203
9575537
9575533
9602418
9638338
9602414
9566478
9629335
9602450
9575373
9593459
9557567
9611397
9611369
9629359
9620332
9584500
9674194
9638206
9638282
9611285
9647273
9665131
9611445
9602250
9611401
9566550
9620372
9602306
9638258
9602378
9593424
9656232
9530674
9611345
9530670
9557547
9620244
9602235
9575315
9620332
9548604
9602422
9566526
9548624
9620252
9602354
9602414
9629203
9566410
9620272
9602342
9611269
9638186
9647249
9593439
9566434
9593419
9647165
9530650
9602341
9638290
9656136
9620316
9629291
9539609
9602370
9629223
9575489
9593487
9620272
9575509
9602362
9629359
9602398
9566511
9611361
9602384
9611325
9602354
9602450
9638222
9584440
9665227
9584492
9656268
9593531
9584544
9638254
9656168
9665118
9593463
9611441
9647297
9611301
9647185
9611301
9629343
9620348
9629367
9638270
9638218
9629340
9620384
9539512
9647181
9584388
9629335
9584500
9602406
9611353
9575529
9566522
9539669
9530698
9548568
9584460
9647125
9629239
9620264
9700995
9575485
9584404
9692096
9593447
9620280
9602410
9611329
9575485
9584481
9566362
9593478
9593511
9611401
9575577
9530490
9638170
9638174
9620400
9665151
9692000
9665119
9665215
9656036
9638318
9647229
9629303
9665171
9674058
9647269
9647189
9638278
9647165
9602406
9656180
9665171
9602244
9611389
9566530
9566582
9638222
9647265
9665175
9566490
9656124
9602454
9629154
9620144
9584568
9566386
9575337
9602394
9584310
9629199
9566462
9647165
9665059
9602282
9584504
9602418
9611429
9647145
9611441
9647209
9593387
9656088
9566369
9584496
9566482
9620228
9656184
9674078
9701019
9691948
9665207
9629283
9611197
9620312
9602418
9566522
9620344
9718909
9620396
9629327
9575473
9620336
9575497
9620392
9620210
9647305
9638118
9674026
9638278
9584352
9620288
9638266
9665195
9593408
9647177
9548672
9602438
9727948
9629271
9566426
9566558
9691988
9629167
9692068
9665111
9620228
9629283
9629319
9584300
9638286
9718989
9674206
9647329
9593551
9593443
9602426
9575473
9683049
9718929
9718989
9674166
9701003
9665163
9683077
9656188
9656120
9683073
9683073
9665187
9638118
9647309
9647185
9692172
9719005
9719061
9710022
9656284
9710082
9683157
9683189
9665267
9719041
9665255
9665159
9683205
9656288
9701111
9710082
9701067
9674118
9647277
9674218
9656284
9683209
9656284
9692128
9656304
9665179
9683165
9665251
9647293
9683153
9602215
9665231
9674182
9665191
9647297
9665182
9647309
9647289
9665211
9683133
9665231
9638342
9674198
9674182
9647269
9656240
9620324
9620364
9665199
9629367
9629307
9656192
9683125
9629315
9647269
9629342
9674186
9656224
9656272
9638318
9638322
9674142
9665247
9656220
9656240
9629295
9620384
9629343
9665191
9683153
9620320
9638310
9620396
9620288
9638274
9638254
9638270
9602402
9629367
9620264
9638254
9611393
9611413
9629295
9629291
9647289
9638278
9647119
9656156
9647289
9620312
9620364
9611373
9602442
9602398
9602358
9656164
9602358
9638242
9620324
9620312
9620331
9611405
9638242
9611309
9593421
9629291
9638262
9602426
9602398
9611305
9629335
9611348
9620280
9656184
9602446
9629331
9620276
9674154
9656180
9638230
9629315
9611349
9602366
9674182
9620280
9620364
9629303
9593435
9611317
9602354
9602420
9629299
9620360
9611406
9611373
9611337
9620340
9575528
9575497
9602446
9638240
9584488
9593467
9575433
9611341
9611301
9566486
9575513
9602406
9602418
9593455
9584504
9566509
9584512
9620252
9584420
9584428
9566542
9584404
9593455
9611293
9584464
9557535
9575428
9620292
9575473
9557534
9584428
9575485
9557543
9548548
9593459
9575525
9584460
9566590
9575429
9593451
9548592
9530654
9575549
9548644
9557583
9575469
9566574
9575487
9575517
9566534
9566450
9539661
9557587
9557619
9530622
9557553
9575541
9611349
9584484
9575541
9539621
9557563
9539649
9557563
9539597
9539649
9584516
9557539
9566508
9539618
9548620
9557547
9557563
9593455
9566514
9557583
9557594
9575513
9548501
9584448
9548592
9557623
9557583
9575525
9584496
9575535
9584497
9575497
9629323
9593419
9566551
9539635
9566522
9575521
9566557
9593431
9620320
9593407
9593419
9611361
9593467
9566546
9602410
9584420
9575421
9548605
9593375
9629331
9620364
9593439
9584476
9611381
9611381
9584488
9557547
9674154
9602370
9584432
9602420
9611393
9584424
9629239
9557607
9611345
9602374
9611397
9611385
9620288
9647161
9611330
9629243
9584496
9638238
9602422
9683087
9575501
9593439
9575421
9575449
9620285
9602450
9620296
9629323
9620328
9647193
9611313
9611345
9584444
9647241
9611377
9611313
9647241
9629295
9629299
9593359
9629255
9611333
9629311
9611297
9638226
9611321
9584424
9602284
9611397
9602406
9584452
9620368
9647233
9611261
9593381
9665175
9638290
9638230
9656184
9674070
9638250
9647157
9647237
9647117
9665127
9629299
9620342
9620208
9629232
9620310
9620224
9620232
9647213
9638166
9656108
9656120
9674026
9620344
9629252
9638246
9638270
9629283
9638199
9638217
9665135
9620248
9656148
9647241
9656204
9629187
9620298
9647213
9647201
9656160
9665155
9647137
9629235
9656100
9611281
9692040
9665135
9674106
9620312
9665127
9584445
9656216
9611381
9692028
9656192
9629227
9674075
9647165
9629291
9683087
9629271
9674178
9638238
9665115
9674042
9647205
9647205
9683069
9656176
9647233
9638278
9683121
9656160
9638242
9647101
9638246
9647189
9629285
9611349
9638262
9656144
9665051
9647273
9656104
9665148
9647151
9647149
9647145
9665183
9709952
9620340
9629255
9665091
9665091
9674131
9656152
9691996
9656120
9656154
9656104
9629196
9656052
9692016
9665131
9665123
9647229
9674091
9638194
9656132
9647235
9665123
9700911
9674038
9656176
9629223
9629243
9674038
9700911
9629267
9674074
9674038
9692036
9620236
9647090
9674126
9692012
9674126
9647233
9683109
9683089
9710079
9647253
9691992
9674158
9656212
9674106
9629203
9683082
9665147
9692132
9647217
9692034
9683089
9692079
9719049
9656128
9728040
9719009
9665139
9718932
9701079
9656252
9710014
9727972
9710106
9674110
9763856
9746022
9736923
9754905
9763820
9701207
9692144
9683118
9736979
9710066
9665131
9710046
9772778
9763756
9709894
9665087
9665052
9593267
9620276
9620220
9620264
9629191
9620284
9611245
9611217
9674122
9620353
9611285
9584396
9665147
9611269
9638174
9611305
9683137
9584352
9826778
9611441
9620356
9611326
9611361
9584456
9575465
9584416
9620304
9602338
9665067
9593391
9593455
9593411
9593455
9638278
9602390
9629233
9593415
9593475
9629243
9584388
9584442
9584364
9602390
9593379
9593411
9602350
9575499
9593419
9647227
9575441
9584468
9575465
9593375
9575461
9575445
9584436
9575465
9575522
9620320
9584476
9620372
9602338
9584448
9584445
9575441
9575525
9611373
9584488
9629227
9611297
9602430
9584493
9611353
9620337
9638262
9620342
9575525
9575519
9683105
9584384
9575421
9233075
9584344
9611285
9485288
9593367
9521324
9602510
9745978
9790853
9575589
9575529
9701235
9737067
9674194
9620412
9754969
9763899
9754909
9745922
9719021
9683170
9575525
9763853
9754949
9835648
9763896
9754902
9764036
9799852
9791021
9799956
9790869
9790921
9755101
9764028
9772971
9763952
9772923
9656368
9799932
9754969
9683253
9719077
9656300
9557679
9862685
9638478
9817882
9853738
9755033
9728191
9701257
9710239
9665375
9566646
9566582
9584600
9575485
9611477
9611569
9278437
9647385
9665369
9287392
9728074
9674278
9557479
9719145
9584524
9584476
9566507
9647253
9656178
9763732
9790777
9439914
9611365
9656276
9665331
9629447
9799932
9629255
9593303
9611341
9799692
9710090
9620417
9656200
9584516
9647225
9835720
9790881
9647309
9799744
9727964
9629463
9656268
9647231
9736999
9701013
9709842
9629303
9674038
9557687
9287396
9799708
9656164
9718957
9709922
9763989
9763860
9764036
9674356
9629483
9745778
9754997
9763988
9683329
9629247
9746126
9620473
9620340
9611321
9620252
9719161
9746087
9691952
9566622
9808849
9611378
9656220
9710126
9710242
9584396
9727880
9251492
9781815
9763716
9772743
9736951
9665375
9620352
9862669
9629303
9719025
9799820
9790977
9701027
9700885
9817714
9611362
9763838
9673950
9638050
9710014
9710122
9754885
9763760
9620522
9853782
9746134
9737159
9853672
9673868
9763924
9629311
9746122
9772715
9763748
9754737
9691901
9664861
9664879
9772975
9710144
9647269
9638242
9034203
9718781
9665123
9691804
9826793
9781983
9817894
9773027
9755057
9728156
9853758
9898622
9602598
9602402
9674026
9853674
9718929
9647214
9826646
9826694
9898575
9844759
9718946
9700899
9772700
9593265
9763931
9692280
9754881
9727914
9692241
9691796
9754965
9719184
9638356
9647269
9656080
9754769
9638142
9656084
9844771
9790721
9773023
9620284
9665075
9673812
9763833
9781994
9835758
9745886
9700931
9763932
9781995
9665251
9638218
9826737
9674294
9907629
9727960
9719135
9790801
9835656
9835824
9853642
9728044
9808799
9808703
9790717
9808827
9683093
9898609
9701011
9727990
9727825
9656112
9709925
9754878
9736795
9745800
9709886
9701015
9683197
9817754
9656340
9638214
9620272
9593239
9674067
9602142
9826777
9629159
9817810
9674290
9646989
9620252
9754919
9763920
9728192
9835684
9692282
9754947
9638113
9620095
9781729
9701182
9700803
9692084
9656332
9871747
9593516
9674262
9862662
9692105
9835726
9611293
9169557
9745778
9754901
9602182
9638246
9727768
9754853
9844671
9728177
9647307
9710142
9638118
9862677
9826780
9683257
9799852
9638486
9692112
9701251
9701131
9790966
9835676
9907624
9719183
9638146
9701179
9736910
9665371
9656368
9683212
9790765
9673990
9745939
9683269
9674202
8827269
9826661
9844795
9844633
9808769
9799690
9682977
9889649
9772955
9853670
9844742
9737079
9701033
9593423
9728188
9727992
9898633
9763744
9718845
9772843
9817914
9835705
9844823
9871658
9710082
9799764
9817758
9728028
9674206
9871644
9790845
9701061
9629151
9782002
9808715
9862699
9790973
9701140
9710102
9683191
9808823
9763932
9871651
9844695
9871736
9763896
9755117
9907588
9782013
9764080
9907602
9709935
9755081
9764078
9791013
9799728
9683117
9880707
9791009
9781918
9638492
9719230
9665075
9763968
9781938
9737089
9763916
9790814
9763972
9853678
9772935
9701178
9745786
9620212
8675026
9683129
9736993
9764017
9808716
9844828
9638448
9728188
9638450
9674126
9647289
9701119
9799828
9844687
9736868
9683137
9647385
9799868
9871672
9781798
9907584
9871644
9638170
9745878
9638247
9781882
9674229
9799780
9790831
9710106
9674016
9745815
9754809
9692294
9647281
9691932
9701073
9826694
9692100
9799788
9871732
9691904
9781979
9880602
9763827
9808891
9907624
9781906
9835680
9817730
9862681
9799889
9790782
9736976
9746062
9853694
9799880
9719220
9799807
9656304
9728196
9737157
9656046
9826698
9817930
9907636
9898637
9880663
9799946
9862677
9871688
9746022
9835780
9808799
9853690
9773047
9701075
9907616
9862693
9710250
9826717
9755013
9835814
9701194
9683361
9764088
9764084
9862681
9835721
9907620
9907626
9728112
9701268
9808739
9719025
9799976
9871626
9889626
9826713
9907624
9817881
9790745
9799732
9817714
9907628
9826754
9826697
9817718
9853630
9808710
9808707
9844695
9826697
9790729
9763812
9790785
9790761
9817790
9835692
9898625
9764064
9862725
9853758
9799756
9862669
9808731
9835667
9817850
9772875
9790745
9817752
9826883
9763844
9727779
9781846
9808941
9907601
9808935
9880642
9764056
9808931
9773063
9692160
9844824
9844739
9907632
9880655
9862647
9782039
9826897
9799565
9817823
9835857
9853810
9808949
9889683
9781786
9808747
9781998
9737147
9773055
9692256
9844735
9737083
9853674
9817682
9754973
9772963
9799948
9871656
9799864
9520687
9880648
9755005
9880631
9907612
9817914
9808882
9692248
9656184
9710126
9799964
9790846
9871656
9835692
9826784
9799907
9817866
9817731
9737099
9754837
9880647
9871652
9808895
9907604
9826677
9781875
9817762
9835685
9737083
9790925
9719125
9817877
9665153
9799764
9754917
9746022
9764096
9862749
9817776
9835852
9781962
9880651
9790734
9835807
9799916
9764088
9835692
9880623
9799772
9719123
9808792
9826718
9664909
9745967
9862665
9754913
9853761
9745850
9835796
9781950
9790925
9790861
9889620
9709472
9880632
9773023
9763964
9808916
9826873
9781926
9889670
9826773
9799962
9853778
9710062
9817850
9844727
9808911
9745828
9817906
9754941
9728054
9781879
9871660
9755073
9835692
9745746
9871661
9835740
9736911
9844687
9871656
9889621
9826773
9826830
9772750
9709904
9871664
9799872
9862673
9826685
9781899
9817761
9736959
9835700
9781902
9790789
9844685
9862701
9835732
9781846
9808907
9808827
9826760
9853682
9826697
9808697
9781742
9790761
9781892
9835704
9880583
9871636
9799908
9889654
9871644
9772723
9772707
9736743
8826840
9781678
9808687
9844691
9772735
9817706
9808531
9701214
9772864
9763873
6881547
8322304
9853694
9799980
9629243
9808779
9745945
9781998
9808871
9412237
9719022
9835835
9754972
9557587
9692112
9692240
9745892
9701211
9736924
9683297
9871661
9763856
9817800
9593539
9719074
9674115
9709942
9799740
9772835
9701088
9683093
9790827
9593455
9754812
9844679
9826849
9862693
9736915
9754815
9611265
9871658
9674218
9835721
9844694
9754901
9817739
9584121
9656364
9674318
9665419
9602394
9719201
9611566
9728099
9844718
9871638
9844699
9808863
9682877
9808766
9584406
9799742
9610420
9674238
9799736
9808706
9692020
9610400
9647192
9629409
9584340
9683167
9745837
9709457
9817750
9674010
9889660
9862684
9664883
9736963
9647481
9674254
9817898
9799601
9755098
9511364
9674173
9709496
9871680
9808564
9844703
9853690
9799746
9799752
9745822
9557455
9791037
9754789
9358334
9637913
9772795
9763649
9718897
9700906
9781834
9799805
9844747
9575289
9673910
9826741
9790909
9808724
9700875
9889670
9745695
9799844
9601966
9673846
9611033
9844844
9736890
9772795
9520860
9700879
9313188
9575226
9763645
9421751
9602004
9835732
9692076
9773103
8602239
9530245
9826760
9889698
9610375
9052764
9808855
9511340
9709492
9700513
9746058
9511316
9754770
9313168
9683373
9511344
9871744
9745994
9205112
9853815
9844707
9763872
9664633
9790813
9719257
9862781
9115013
9835876
9610404
9808971
9610408
9763792
9700525
9214112
9610408
9728214
9763875
9655657
9565530
9367648
9764120
9754861
9691856
9737046
9763767
9674053
9763695
9763772
9907594
9853813
9611125
9691848
9593029
9440113
9871714
9835772
9808711
9584162
9124556
9773047
9817779
9790769
9907628
9736815
9638106
9853682
9907640
9907606
9907648
9844831
9781878
9907616
9745818
9871764
9755121
9799710
9602638
9692348
9808919
9755125
9782059
9764061
9602324
9737175
9665219
9602521
9674366
9701227
9566370
9755101
9530589
9826909
8944539
9844851
9746124
9070528
9862797
9557643
9620180
9503751
9647433
9278477
9835745
9170389
9674350
9638438
9350607
9584676
9584379
9647393
9674064
9844703
9880653
9412226
9844695
9745926
9808556
9754961
9709492
9835709
9709846
9898653
9709480
9853710
9736967
9692300
9682905
9745970
9799796
9709476
9746018
9692240
9853660
9755049
9826729
9575245
9763844
9781982
9844700
9718825
9871680
9808979
9709480
9673616
9683273
9710126
9673962
9610953
9791013
9880642
9746158
9719265
9655952
9718853
9520888
9674374
9692236
9637894
8827316
9629381
9710102
9692172
9692244
9656132
9619928
9781782
9647305
9718997
9727812
9835700
9700843
9826701
9790861
9889638
9826713
9790989
9511368
9790797
9871676
9844715
9862673
9808731
9719185
9647393
9790734
9871664
9764088
9889638
9691852
9880667
9835824
9871676
9683117
9781736
9637978
9629019
9548448
9656316
9683221
9790909
9674239
9692192
9746004
9683225
9602218
9844699
9709934
9754921
9592386
9773022
9898611
9665356
9719093
9817734
9737003
9737071
9691848
9871684
9656084
9808727
9790909
9826817
9602526
9737011
9781846
9835692
9665291
9593496
9620392
9727928
9790745
9728096
9719041
9710004
9557295
9638194
9674222
9566413
9557415
9602455
9350576
9745934
9737011
9710096
9638404
9781922
9638383
9835688
9844679
9746070
9772815
9781858
9728019
9772971
9701136
9853682
9647273
9692184
9718988
8610601
9826753
9772943
9638318
9817781
9719083
9727860
9593511
9674078
9709836
9826697
9835708
9790720
9781782
9629359
9772779
9799731
9772919
9772859
9763872
9790749
9593303
9799732
9835704
9781834
9619542
9826709
9835668
9682853
9691828
9862641
9826713
9719073
9817734
9826725
9871672
9853678
9808739
9754841
9656276
9718825
9628931
9628925
9826741
9781736
9736815
9656036
9584420
9808719
9763936
9629341
9763831
9673882
9790761
9781754
9700911
9808743
9781746
9754829
9835708
9781760
9655900
9790754
9763788
9817711
9763792
9539591
9674176
9799788
9503715
9727944
9611401
9610995
9520860
9772771
9736835
9566466
9665152
9763808
9656160
9539518
9664891
9754805
9736831
9647169
9656200
9548608
9664975
9763771
9637922
9763776
9619991
9647119
9754805
9673878
9727876
9655888
9727836
9727832
9656196
9745850
9745790
9745838
9629335
9763784
9772767
9593139
9719025
9790757
9718941
9620020
9665147
9611273
9745818
9718965
9412797
9745878
9790753
9719037
9781766
9628931
9664895
9628935
9727824
9223613
9692024
9817710
9799744
9817730
9835708
9853670
9718813
9682861
9790753
9835700
9655904
9628939
9799740
9664887
9754786
9673874
9799723
9718807
9817722
9772769
9844687
9719141
9817714
9611077
9781858
9637922
9655888
9799740
9799748
9781854
9647155
9403788
9620372
9647313
9710069
9683265
9647285
9727816
9745806
9628939
9710046
9548548
9683117
9611241
9647217
9665047
9656152
9763824
9638062
9763751
9674114
9772763
9790749
9647233
9808731
9763856
9629003
9638250
9799736
9656000
9727876
9638250
9683149
9692092
9799744
9763788
9647063
9745982
9692140
9718833
9710130
9826713
9674218
9682694
9799820
9790755
9826713
9709978
9763776
9746086
9790861
9790893
9700863
9817709
9710178
9754997
9755017
9665331
9638378
9701047
9629151
9799760
9746014
9647373
9647314
9637906
9808735
9781798
9628943
9718901
9799740
9745786
9745846
9826717
9790719
9772767
9799728
9673910
9727802
9727940
9808731
9808719
9692216
9763956
9710022
9808723
9637970
9593423
9691872
9736941
9683001
9646905
9691840
9790753
9718825
9772887
9673882
9727944
9781802
9790761
9790753
9772772
9728052
9629322
9808735
9719085
9817722
9701207
9817722
9817734
9799820
9718833
9835708
9673958
9844687
9835700
9664887
9709830
9826713
9772843
9701055
9664891
9826725
9637910
9682865
9817688
9781774
9826717
9817710
9673886
9799748
9619944
9664883
9737007
9628905
9763772
9754941
9826721
9808779
9728076
9673878
9655996
9844687
9646913
9637910
9781762
9826692
9610933
9808731
9709824
9772779
9826745
9674258
9629379
9611354
9799748
9817750
9701169
9683249
9673861
9781770
9683197
9781758
9701151
9683221
9728076
9665241
9772783
9629371
9790749
9790749
9710030
9772759
9638134
9736991
9745790
9736957
9700851
9683213
9656288
9737019
9790745
9646893
9799752
9700809
9728028
9691860
9808755
9826725
9719029
9817718
9719061
9799705
9701091
9746010
9728012
9701119
9683193
9719081
9799760