6794206
6398182
7064950
7658476
7162968
8594329
8026637
8746919
9034874
8899405
9367755
9907378
9114859
8619368
8223288
8520673
8061487
8106555
7179066
8559760
6757643
7684648
9510972
7925794
9808364
6764367
8170823
4854724
7475923
7034506
8421512
6539531
6043410
8432047
5937836
6315187
7331577
4557358
5845655
4755464
6836052
4854724
5151822
5296374
6216861
4739031
7529635
7925984
4854577
6043597
8835845
4180120
5250852
7034336
4953650
5017920
9412118
6241818
6638153
5845452
4953648
8916906
4656760
9467437
4656384
8008504
6008395
5746604
8917577
7990464
3433106
7638992
4953650
6142631
8916782
7331378
7331544
9015959
9114672
5052676
4755504
9790552
9646865
4062773
7566381
8322584
4755840
9214200
5746372
4458240
8421232
4755648
7629048
4854920
7134591
6538875
4755648
5746220
9214034
7925810
5647152
9907410
9015952
5449372
4854724
9213895
8123940
4557312
7430428
8025590
7133273
4854920
6837615
4656431
4656431
9412226
9907522
8520422
6340804
9907586
7331501
8520614
7341133
7422287
8619729
8322528
6439799
4953650
7331777
6439776
8223176
9114851
7826854
5151805
8025009
6142736
9907492
8025284
9115168
4854920
7133568
4854724
4854724
4557496
9313088
9115052
4953650
4755504
8916906
4656760
7728128
7331757
7628699
4557312
5449008
6538965
9907632
8817844
4854920
7926213
8718500
7827180
8322352
4359168
5845352
7926169
4557358
5647224
4755840
8916920
9015638
9114980
4953800
9313039
5746577
4656431
6241641
4953800
8718884
8619704
8123953
5647114
4953640
8025344
4854724
4755648
9214260
9907601
7827190
8322384
5251205
8917004
8520728
7331738
4557680
4557680
5747152
9213754
4557358
4854583
8817943
8817928
4854724
5449162
7529632
5349963
5746270
7331486
6637879
4656384
4557312
9412036
4854724
4854724
4953800
9115180
4755648
5350128
9907685
7529888
9214248
4755840
6241980
4755648
7232479
7826943
8223464
4755840
7430811
4755504
7331668
4953800
8619491
6637844
9015702
6737012
9411889
6142513
4755504
9169641
8954217
8864455
5656594
3730325
4845757
9907600
8520560
9313340
5746604
8916932
9907648
8817556
9412240
4656384
9907572
5845292
7926188
9313340
4953800
5152132
4458240
7628939
4755504
8817784
5548452
8025352
8322524
4953800
4656572
4953800
6836328
5845334
9907577
9412408
9907776
8025348
4854724
6043824
6638250
9907604
7034484
6142768
7034324
7529877
4755840
4755840
5152148
4755648
7925987
7727893
9709644
8718848
9610407
5151789
4359168
4755456
5944335
6736979
6935257
6241647
4854577
4458285
4854577
4755504
9808377
4755648
9412073
4656431
7331543
7232485
6241749
6340816
6836184
5052876
4755648
5052876
6935260
6935179
5449162
4755648
7430619
4854577
4953650
4755504
4854577
4656431
4755504
4656431
4656431
4854577
4755504
4458285
4755504
4854577
4755504
4755504
4854577
4656431
4755504
4755504
4656431
4557358
4557358
4755504
4755504
9907428
4755504
4953650
5944413
5845340
6538872
6935086
9510990
9015597
8520232
8817458
9213853
9411989
8718379
8619306
9213741
9411971
9015613
8520232
8619348
9015663
8916547
8817449
9907451
9907365
9907362
9907537
9511356
9907640
9907740
9709563
9214112
9511343
9511344
9511400
9214135
9313236
9511416
9412323
9313257
9313202
9313204
8817812
9015996
9015981
8916917
8916944
9016088
9313324
8916991
8718868
8718789
8817917
8619760
8817927
8322460
8520724
8322478
8520620
8619804
8718832
8520620
8718879
8619791
8520713
8817943
8718802
8223388
8421548
8619759
8520690
8718851
8817935
8718841
8619762
8718777
8817901
8619694
8718760
8817908
8817859
8718846
8916955
8817875
8520620
8718798
8421548
8718820
8619751
9015982
8916943
8817811
8916920
8322534
8520672
8718823
8817904
9115133
8520660
8421600
8718790
8619757
8619762
8619747
8322517
8322468
9115037
9016009
8421554
8619769
8322518
8718784
8025291
8124358
8421548
8322483
8916899
8421603
8322506
8421557
8916922
8718814
8421580
8322492
8421588
8223412
8322519
8421572
8025263
8421569
8421578
8124341
8322492
9016003
8817846
8223437
8124361
8124351
7728025
8223433
8322508
8421603
8223404
8421582
8619721
8223420
8322449
8520614
8520652
8817825
8817901
8421561
8223422
8520624
8916939
8718797
8718776
9412295
8916905
8421555
8223415
8718775
8421578
8619731
8619719
8619728
8322465
8718793
8718749
8223410
8520657
8421566
8520648
8520635
8817820
8421553
8223433
8421559
8520617
9214136
8619723
8421587
8619754
8916942
8421562
8916927
8817876
8718816
8619718
8421554
8223414
8619731
8520644
8916910
8817897
8718791
8916907
8718804
8619698
8520634
8817823
8817852
8817847
8718786
8817850
8520659
8520620
8520641
8718774
8322493
8619730
8916938
9214144
8817844
8619738
8619734
8322504
8223422
9015991
8619700
8819157
8322479
9313228
8916945
8520673
9412289
8817878
9016021
9214136
9115065
8916920
8619724
8619727
8619729
8916912
8916938
8322481
8421574
9115061
9015972
8718753
8619736
9115096
8223388
8421590
8619720
9610451
9313234
8520638
9214156
8916922
9808581
9115039
8817857
8421575
8421586
8520662
9610463
9610432
8520654
9313181
8718776
8619733
8223431
8619725
8421586
8619746
8619723
8619742
8520645
8124327
9907653
9907516
8619402
9412275
8774238
8666115
8394316
9610434
9511099
8403271
8675089
8981345
8476993
8774254
8594017
8594027
8098506
8594031
8395775
8377811
8368848
8377839
8377831
8197603
9602681
9853639
7925841
9610170
9709233
9772884
9683280
8322139
8024896
8223061
8718454
9745961
8386875
8188610
8476895
8494900
8197594
8684123
8684069
8287725
8675094
8467938
8368881
8675156
9620471
9214268
9574293
8718482
8024927
8223051
9808344
9511102
8123959
8322145
8619384
8322135
9889475
8123987
8520288
8322151
8322138
8024929
8322163
9790874
8503865
9593631
8395770
8783167
9269550
8619378
8421237
8718468
8322148
9312961
8024924
8223089
9142090
8421237
8718487
8585056
9575793
9188458
8412239
8296667
9476556
8485863
8386829
8666123
8765168
8386824
8585028
8386800
8485891
8684137
8567031
9745997
9403460
8295254
9602554
9683234
9602586
8520286
9781811
9907456
9015707
8907649
8421222
9476696
9269523
9898444
8817539
8520287
8421194
8322101
9907404
9015685
9647388
9763462
9312925
9015681
8718464
8421228
8718473
8223078
8817555
8322153
8322148
9638435
8467933
8377848
8666100
8386815
8476945
8467944
8296731
8296702
8287744
8107523
8197615
8395874
8675125
8476944
8197676
8792144
8817579
8322224
8403355
9683293
8944012
9755005
8666175
8476994
9359667
8576074
8476974
8377906
8386877
9656392
9602614
8485965
9584696
8693090
8585049
8494928
9520546
9584732
8675170
8873334
8693100
8576066
8395828
8774222
9538496
9862649
9592302
9746082
8963475
9790901
8774258
8684157
9602674
9772987
9701291
9737163
9710302
9799939
9782002
9764063
9755161
9710254
9719240
9782098
8575312
5845640
9583463
9637696
7791212
9493362
9214064
9214056
8898898
9367377
9601812
9791009
9782078
9682958
9296016
8269931
8502562
8980020
8592687
3334033
8871961
8322344
8619592
7926032
8421432
9214072
8619584
8718587
8619552
9610376
8718664
9015912
5647504
9412212
8520411
9114948
8619502
9015836
8916760
9844824
8520408
9799849
9799857
9817805
9781915
9781934
9799830
9772945
9790934
9790905
9772878
9781835
9781784
9772810
9781782
9772790
9772789
9781793
9763835
9763845
9736940
9745887
9736919
9754863
9745903
9745930
9709956
9727915
9710008
9718976
9710028
9727970
9710020
9719040
9709992
9719024
9719024
9710020
9710052
9701054
9709961
9710007
6738409
9728006
9718987
9701007
9710032
9692069
9701076
9692063
9692089
9683021
9719005
9683044
9710088
9701034
9719000
9710013
9692009
9674056
9674012
9701067
9665071
9701061
9683068
9718975
9718993
9692043
9709960
9674043
9674050
9674031
9683035
9692009
9682997
9683040
9692014
9700945
9710005
9692014
9674026
9674008
9683022
9683011
9691998
9692021
9700931
9683015
9700970
9692009
9683009
9692036
9709941
9683040
9727950
9692014
9718997
9701019
9701012
9692011
9701023
9718945
9692042
9701052
9719055
9701040
9683095
9710007
9710004
9665084
9683043
9683039
9709958
9692000
9700991
9718969
9692019
9566569
9629358
9674074
9701026
9692027
9700952
9700993
9683031
9700983
9709985
9700994
9692015
9701072
9701053
9619849
9683020
9700959
9718952
9692025
9692002
9701030
9727945
9710005
9718997
9674017
9701003
9692008
9727911
9691976
9709925
9718982
9701046
9692135
9701058
9692024
9592943
9700958
9682982
9701005
9718956
9700976
9692038
9700963
9683055
9709988
9709998
9691996
9692006
9709925
9709973
9692016
9683047
9674042
9700995
9683051
9709984
9692012
9629361
9638282
9611377
9718946
9647185
9620369
9665180
9656163
9638182
9656170
9530140
9611356
9620251
9142865
9025819
9133863
9232983
9332062
9232921
9638288
9521220
9647248
9638283
9638239
9674192
9638292
9665160
9665162
9665212
9656155
9674129
9638171
9647211
9683074
9674170
9629313
9530252
9620331
9341012
9539255
9629273
9620296
9133747
9323060
9629250
9341020
9611384
9647208
9620390
9620398
9629320
9647296
9530146
9629301
9521139
9683057
9629238
9647191
9647152
9665111
9647288
9638204
9638170
9638217
9647244
9665135
9674131
9647190
9683153
9647208
9656161
9620403
9611273
9674162
9638279
9665131
9638313
9656278
9683220
9674183
9647280
9656210
9656207
9440171
9656259
9341085
9656292
9674128
9620268
9656275
9656200
9629206
9692154
9647274
9656197
9674165
9512154
9530313
9629274
9647272
9530214
9431116
9647280
9530213
9629325
9647324
9638399
9602399
9593414
9629185
9007444
9683245
9647305
9647388
9629394
9674155
9656233
9638311
9629365
9647219
9611422
9620377
9593538
9629352
9629352
9683137
9683100
9683119
9701063
9656166
9665075
9674175
9692109
9719037
9701159
9719050
9665070
9719065
9701178
9683100
9674155
9665213
9647212
9656133
9620195
9665156
9647206
9674163
9656187
9647359
9620358
9629448
9656222
9647347
9647244
9656183
9647291
9620361
9656263
9674221
9674243
9674237
9638417
9647275
9638488
9629374
9683152
9665136
9665204
9647178
9656182
9683152
9701107
9701152
9656180
9647260
9304916
9647321
9647275
9656207
9602482
9638326
9665233
9710128
9692061
9710026
9701078
9683156
9647290
9718963
9674163
9710030
9647131
9683095
9710059
9656150
9665272
9656343
9710139
9692144
9719117
9683154
9692148
9683139
9638186
9710101
9710179
9665207
9692099
9692097
9674124
9701081
9728040
9710109
9683126
9692145
9665295
9647257
9656176
9683159
9665137
9701142
9647152
9656167
9719031
9124532
9674129
9718980
9665103
9665143
9656081
9656160
9701129
9710070
9701134
9638230
9710055
9692125
9647155
9656164
9674092
9710220
9746026
9683071
9701080
9647167
9692176
9620246
9431111
9656269
9656181
9683075
9638240
9692118
9620245
8358918
6340720
7169648
9638224
9638225
9647218
9431098
8854483
9430985
9647183
9521212
9647160
9530180
9223928
9521286
9629151
9638245
8935728
8944723
9215029
9043792
9611355
9620334
9305019
9142904
9629304
9305159
9404084
9025729
9034816
9575421
9629268
9602412
9350318
9296129
9620367
9602379
9593427
9629349
9584525
9593530
9602414
9566498
9575483
9548566
9593470
9530704
8945221
9332546
9548558
9548565
9530599
9251394
9512754
9539521
9503717
9521720
9557617
9539619
9530712
9557579
9557615
9521770
9557635
9494875
9557649
9512804
9548671
9530709
9566621
9530699
9305675
9530738
9548698
9575594
9548705
9539665
9557667
9539708
9512758
9503863
9512731
9575561
9530734
9530682
9530703
9539677
9530665
9521759
9503756
9521796
9530702
9386763
9530705
9530761
9503732
9521713
9548633
9539716
9494861
9521748
9512731
9530695
9530620
9593563
9521713
9512797
9575607
9494745
9530699
9539696
9548640
9530652
9530697
9530648
9503765
9530745
9512723
9530729
9557622
9548674
9566594
9575594
9503743
9584584
9539682
9566631
9521722
9539644
9575501
9611492
9593552
9575621
9593493
9611485
9593571
9548722
9530715
9548639
9584625
9512755
9575605
9539752
9557597
9521776
9548703
9602551
9530794
9566579
9557654
9602551
9566590
9566533
9575612
9566614
9584515
9584583
9575700
9539726
9602600
9593582
9584535
9575599
9548576
9548610
9602510
9575635
9575541
9539651
9611650
9584588
9557710
9575576
9566627
9548651
9566681
9557696
9566644
9530736
9620581
9575647
9593548
9593657
9566675
9602514
9602598
9548638
9548709
9557680
9584608
9584651
9557595
9584609
9593549
9593661
9584671
9557664
9566569
9530664
9557761
9566640
9566639
9575602
9521745
9575674
9575586
9548676
9575657
9575655
9602548
9548677
9557669
9539796
9584587
9548767
9557711
9548707
9557700
9575659
9575658
9566675
9467937
9593610
9539737
9449981
9557709
9566716
9557759
9584682
9575624
9566581
9593633
9557714
9611525
9521831
9602641
9521834
9539735
9530810
9584557
9512780
9548792
9521729
9539702
9566629
9530762
9557724
9593568
9602517
9584708
9575579
9602595
9530788
9575582
9539685
9476867
9530758
9548783
9566629
9521748
9521801
9530755
9566651
9548664
9575571
9566699
9557660
9539654
9584583
9548691
9602574
9584637
9566586
9557671
9593593
9584585
9593596
9611689
9575645
9575610
9530772
9566660
9557702
9593577
9539687
9566664
9566690
9575598
9566568
9530729
9575675
9539712
9566595
9593556
9620444
9575567
9557678
9593519
9584629
9566678
9584643
9566710
9557781
9584730
9566681
9539785
9566802
9485874
9530793
9521719
9512741
9512874
9476937
9530803
9512779
9512823
9512809
9530828
9566657
9512816
9539702
9548710
9494915
9530718
9521781
9530745
9557658
9557626
9557708
9530770
9548653
9548717
9539761
9566756
9530795
9557750
9548757
9548761
9548764
9530761
9512699
9494766
9548710
9521805
9539815
9485948
9512829
9530844
9521771
9575789
9521862
9503891
9530885
9494885
9512910
9548802
9584788
9512836
9539799
9566673
9575651
9521855
9530736
9566723
9575687
9521880
9575787
9548780
9566622
9575633
9530877
9593640
9566635
9557702
9539752
9557715
9584596
9575793
9512847
9566642
9476526
9602614
9521737
9539791
9530765
9548759
9530913
9575740
9521797
9512743
9566638
9548730
9521761
9530742
9548768
9494822
9530762
9530771
9530727
9566764
9521858
9521681
9566686
9539663
9539643
9503744
9512680
9485769
9512769
9521700
9566695
9557708
9575598
9557658
9557720
9584685
9557732
9575695
9584631
9512840
9494870
9557641
9530854
9548717
9548836
9530931
9521766
9566627
9512851
9566757
9566677
9548798
9521816
9548760
9557758
9557733
9530813
9485984
9548747
9557709
8891172
9521825
9539808
9566742
9539747
9548689
9539791
9548763
9512788
9539736
9539721
9557666
9575617
9557685
9512719
9548671
9539660
9575667
9485809
9521771
9521691
9494786
9485790
9494839
9476876
9485879
9476822
9440916
9557670
9503813
9467852
9485872
9485886
9548702
9503798
9494789
9503753
9485780
9503859
9530780
9539731
9539807
9485895
9494839
9485872
9530777
9314664
9386849
9512802
9467961
9485830
9476900
9188672
9467975
7927094
8774073
8837276
9521999
9450051
9521834
9486022
9503928
9494969
9413804
9495088
9494946
9530837
9521894
9512908
9530828
9494915
9521908
9530788
9512946
9530840
9530796
9513007
9530918
9530853
9548894
9513071
9521941
9539788
9557882
9548863
9557906
9539810
9548847
9548736
9521901
9521792
9512790
9530780
9494885
9521790
9539773
9494883
9539782
9530757
9512825
9476902
9512779
9530786
9530706
9521738
9512918
9503987
9503855
9503820
9539691
9539793
9539780
9530824
9521772
9539742
9548783
9539805
9548661
9539770
9548754
9530814
9548824
9557842
9530820
9557767
9548763
9557676
9557770
9557735
9539789
9584757
9566863
9548743
9575778
9548726
9557938
9557656
9548710
9557768
9566715
9566714
9566791
9557675
9575810
9575674
9548776
9575883
9548713
9575698
9584614
9593770
9548867
9584681
9575824
9575694
9566768
9557625
9557735
9575705
9566759
9566833
9575720
9575643
9539779
9593731
9593756
9575712
9566832
9566780
9566630
9575842
9593749
9575683
9584788
9566731
9575714
9584833
9566703
9575783
9575706
6043775
9449987
9566869
9485933
9521928
9548844
9476901
9476945
9494841
9548860
9503839
9530852
9512792
9548779
9557781
9494735
9530826
9521870
9521822
9548799
9467987
9530803
9485890
9548854
9557762
9539772
9566846
9512782
9432154
9467889
9449926
9521938
9449861
9476904
9530906
9512829
9530855
9539746
9476755
9512837
9296718
9494794
9548839
9476809
9476942
9503885
9107535
9512856
9485901
9539925
9521876
9557822
9476854
9494815
9503797
9485953
9467885
9530771
9530835
9440950
9512888
9485820
9467950
9206623
9449872
9458862
9521925
9512903
9476910
9477017
9494899
9494955
9206602
9458988
9467755
9531013
9449972
4755480
7846038
5908848
9477069
9251805
9458973
9098533
9414121
9179760
9152722
9441133
8954777
9170945
8873548
9098771
9090066
8945693
9161867
9405302
8693293
9107706
9432159
9414224
9477057
9080702
9161808
9071770
9441149
9360313
8990645
9396006
9423212
9468169
9414281
9459173
9116623
9459086
9459109
9378059
9396304
9405206
9315055
9432130
9405297
9369319
9405257
9368930
9477086
9423205
9369262
9423224
9369402
9351370
9360393
9360405
9459119
9270144
9360324
9107701
9215872
9450064
9378358
7494863
9423258
9432184
9125886
9414284
9125704
9369397
7540659
8090301
9224985
8432343
9396159
8882906
9369475
9324198
9432154
9351290
8639163
7072338
9288589
9153283
9360428
7802018
8603762
8909788
8855904
9135254
9225317
9351399
9027185
6548986
6656976
9396242
9432172
9441248
8972662
9135022
8522560
9351374
8855605
7351168
8134915
8567036
8603349
8990901
8477254
8639520
8072122
6982230
7054369
7892209
7233577
8720653
6828675
9387166
8252381
9441139
7981742
9405209
5351853
6369757
9369364
9495020
8783043
9450090
9468031
9396193
9297466
8188509
8323766
9458998
9368970
7242544
8233340
6756152
9485764
9458949
9467981
9521913
9494889
9450078
9224735
9485960
9521887
9486044
9467991
9504029
9486077
3973008
9486025
8963287
8882312
9575844
9467698
9278560
9557762
5746368
9476651
8981233
9044502
9071450
9188382
9548844
9602723
9620727
9278471
8882222
9368650
8684026
8783045
8675045
9053343
9053348
9485931
9494857
9485900
9494845
9459070
9062343
9080289
9080315
9476701
9098288
9179363
9566691
9098198
9287447
8882157
8783129
9071376
9278536
8783076
8882211
9080375
8972210
9071405
9458749
9062417
9242593
9260620
9170392
9368541
8972262
9080361
9188300
9296368
9278500
9377534
9161496
9161429
7684338
8593869
8792114
8981269
8783129
9278547
9467790
8873187
6990750
7396111
7098791
7495168
8801051
9170457
8792069
8792114
8485919
9071308
8080669
8098585
8071760
8801066
9458703
9260551
8584937
8972317
8170859
7774500
6999784
7783420
9432052
9530792
9530836
7891427
8179731
9494946
9521809
9503914
9521843
9305791
9395909
9215698
9503932
9566684
9539677
8089629
9539683
9413796
9494875
7387222
6990904
6702587
6711554
9494956
9494837
9494850
9476913
9441107
7378177
7188933
6900642
9414204
9233959
9458998
9405162
9467966
9423101
7296962
8675420
9450068
9360389
9405141
9378256
9432107
9288140
9405190
6999766
6702547
9360396
9360316
9351345
9414089
9440991
9387234
9405150
9387194
9423155
9414148
9458921
9476872
9476959
9494802
9485834
9441000
9440997
9476849
9432022
9423065
9458896
9396178
9414120
9467898
9423081
9440999
9414091
9414091
9387194
9405144
9396187
9494836
9440985
9405158
9467876
9476848
9405148
9476865
9449954
9476830
9423055
9467931
9414074
9414110
9449961
9432009
9423061
9485821
9440966
9369229
9467884
9405103
9396146
9396158
9414067
9458938
9485822
9441025
9440955
9414094
9387191
9432027
9432029
9432002
9441000
9414074
9441003
9423038
9414181
9405092
9476869
9378262
9458945
9432048
9432038
9405113
9458933
9441003
9450036
9387197
9396142
9450003
9396164
9432008
9432040
9405183
9440985
9449943
9432069
9458932
9396156
9378202
9405115
9387226
9458916
9423088
9423085
9423017
9387156
9449966
9432016
9405116
9405119
9432030
9396130
9396176
9396179
9414097
9396145
9414072
9396153
9414082
9441008
9432012
9387134
9414066
9378225
9387211
9387148
9396201
9378227
9441004
9423042
9369187
9414063
9387186
9414109
9432021
9414104
9405103
9423086
9387178
9369226
9351282
9432073
9387188
9396185
9405206
9387156
9441079
9441018
9432009
9414048
9360268
9405179
9405122
9396115
9423051
9396119
9369324
9423078
9423023
9387157
9432012
9458964
9396156
9405100
9414155
9432117
9414128
9476827
9476892
9432015
9414076
9449994
9440987
9387203
9396159
9396134
9458970
9458986
9423035
9458947
9485901
9441009
9467951
9450034
9467942
9476872
9414094
9458924
9423106
9432097
9476911
9467974
9387212
9449946
9458929
9476901
9449930
9458935
9476923
9467911
9369297
9476905
9467921
9458954
9450016
9467993
9459007
9441029
9467959
9467955
9449969
9467955
9467860
9467956
9476883
9467935
9449968
9467900
9485907
9458909
9467884
9369279
9449979
9485858
9476873
9458916
9458962
9494841
9476859
9458971
9458943
9476858
9450013
9458955
9476900
9458895
9458933
9467947
9494826
9467940
9450020
9467899
9458935
9476906
9458937
9458921
9458934
9440980
9467871
9449933
9387197
9441005
9458923
9458934
9458912
9432063
9449960
9414091
9423034
9467907
9441039
9432005
9449975
9485839
9449954
9467905
9458883
9449953
9467890
9441030
9450005
9423072
9467872
9440975
9458915
9458913
9449956
9458939
9476868
9458897
9440975
9458904
9432013
9432002
9440986
9431999
9387151
9458959
9441001
9458943
9423011
9458957
9467904
9423046
9476858
9458941
9405125
9467868
9458936
9414061
9405112
9405111
9432067
9414084
9441000
9423027
9458951
9405100
9351283
9432014
9432003
9414042
9414070
9432011
9423032
9440993
9405096
9431991
9440983
9440970
9396127
9441006
9387160
9440973
9369193
9405101
9458922
9458938
9405113
9458935
9440975
9449935
9440976
9458928
9467924
9449964
9467951
9423024
9458907
9458927
9351227
9467885
9440945
9440940
9449927
9414028
9458900
9467874
9431987
9467898
8954975
9449914
9423008
9458919
9423017
9449959
9458922
9467868
9098862
8972873
8963946
9378188
9396115
9423032
9305994
8946006
9054041
9405068
9405094
9288093
9107889
9405073
9351292
9369261
9449950
9414087
9423059
9396158
9197989
9405112
9252235
9423050
9215937
9396176
9458950
9414083
9405081
9306041
9261183
9387163
9215941
9423023
9467915
9467862
9098899
9026784
9414051
9467857
9116893
9125803
9107875
9458917
9233842
9233874
9359835
9008806
9476852
9377773
9315008
9449956
8900358
9359838
9467878
9423067
9432000
9485818
9197564
9476839
9026309
9197582
9224891
9296607
8666278
9476788
9432005
9476810
9017751
9467844
9386714
9377694
9044654
8909285
9269702
8909257
9305600
8170903
8737995
8638924
8467661
8188838
8612051
8269535
8621003
8350683
8702139
8539862
9071539
8557778
8819158
8891333
9179609
9017751
9440955
9396116
9423044
9449939
9449916
9431997
9431988
9414071
9467892
9467910
8549735
9458971
9432036
9476911
9432040
9449995
9449992
9441012
9314975
9414081
9432052
9449945
9423018
9242853
9441007
9332946
9458960
9458919
9432046
9450001
9485893
9467927
9441025
9467933
9476779
9458982
9485875
9476889
9063010
9503797
8495922
9485904
9485916
9494815
9503848
9467900
9485897
9503771
9476782
9503840
9494833
9494852
9476914
9458868
9512832
9503766
9476878
9485843
9467890
9485829
9476902
9485887
9467953
9476871
9494828
9503757
9476928
9503842
9512823
9467915
9494805
9503823
9503836
9512750
9485896
9476805
9423062
9467955
9467959
9512816
9494907
9521786
9494821
9494869
9503761
9530772
9450036
9494853
9512824
9512819
9494819
9494856
9512803
9485816
9360285
9557653
9521733
9485865
9449974
8277400
8133363
7899311
9656160
6368813
9853698
5944424
7792429
9521882
9494978
8332220
5963430
5558189
9396189
9369327
9467993
9414178
9458993
9432086
9432054
9351312
9450040
9378297
9396285
9405247
9396292
9387272
9414179
9396210
9423090
7071914
9423146
9414166
9423170
9369258
9342360
9405139
9387194
9423111
9432139
8396504
9432109
9333318
9432131
9378256
8099230
9342310
9378190
9423003
9405131
5909920
9432022
9387188
9423068
9432081
9414127
9387116
9351289
9414076
9351273
9369205
9396098
9423089
9369239
9405071
9414121
9387197
9369244
9405089
9450028
9378163
9405067
9324360
9396100
9405193
9333429
6405339
9369206
9387159
9396143
9396116
9396097
9396104
9279535
5720751
5522598
9378153
9378144
9288032
9414035
9396080
9396081
9107832
9261130
8811055
8928058
9206914
8946036
8513864
9180028
9197919
8981851
9360218
8513830
8999781
8909663
5018265
8810599
8918666
8540297
8828529
9062520
9008736
9125741
9224798
8450604
8342585
9423037
7928365
9288015
4621974
8819557
9188944
9197909
9305954
8684623
7901456
7316006
7694352
8387473
9288016
9116766
9305962
9035645
8558657
8882832
7955265
7775027
8162363
8946039
9450010
9440876
9423094
9314938
9224824
9387091
8729463
8360520
9215840
9405141
9431970
9305969
9422990
3243924
9423085
9134702
9134728
9143667
9449920
9044587
9440935
9432095
9467956
9422980
9405036
9405091
9423128
9441040
9017701
9459004
9432039
9422951
9414070
9432035
8954503
9449988
9431999
9440995
9458947
9458991
9459008
9449997
9251747
9035626
9215966
9423115
9441044
9423050
9449988
9449974
9441032
9432039
9450027
9450023
9414100
8360545
9332889
9026741
9423061
9450016
9458975
9441041
9233912
9449985
9432075
9440982
9432042
9423056
9476922
9476934
9458985
9459018
9315053
9467988
9458921
9423086
9035634
8279375
8990901
9423015
9459004
9450023
9432068
9423128
9035640
9449999
9459016
9458977
9450020
9449987
9467959
9450028
9458985
9098834
9116784
9432096
9044606
9440998
9405017
9449866
9450008
9458924
9441033
9260752
9441021
9467955
9441027
9432036
9423074
9423062
9423074
9459007
9459018
9450003
9467965
9323915
9432025
9134779
9323912
9440964
9062599
9423007
9450020
9467939
9423043
9432009
9441040
9441001
9143771
9441035
9449984
9432061
9441028
9432071
9440996
9143756
9035668
9431998
9441022
9458908
9432023
9440974
9476915
9441004
9440997
9476943
9467944
9405036
9431992
9458955
9449970
9467905
9449995
9458935
9440973
9440996
9458990
9423019
9458929
9431988
9440963
9458967
9458915
9458929
9458927
9458931
9467895
9458949
9423041
9458950
9449978
9449989
9449992
9449970
9440966
9458928
9432006
9423079
9449966
9458920
9467928
9494854
9494850
9458959
9485850
9458926
9332908
9467937
9467936
9467929
9458943
9432054
9414084
9432004
8954573
9440999
9458969
9423093
9414085
9405072
9414080
9414084
9332931
9423085
9414077
9414115
9423058
9432053
9432056
9467942
9432067
9440982
9441012
9441012
9423037
9441000
9441042
9432030
9440973
9440989
9449956
9458924
9440977
9458935
9423014
9341912
9440985
9458944
9423078
9423048
9423083
9414086
9432055
9440999
9423080
9414064
9449975
9242859
9449996
9405145
9423073
9423060
9440983
9423019
9414071
9206982
9332974
9423079
9414041
9440993
9423031
9405091
9441037
9224889
9432001
9233868
9432007
9431996
9405116
9432018
9405112
9414112
9224952
9423101
9432049
9432089
9315035
9432047
9441039
9414108
9332956
8900790
6883378
7495772
8765841
8585641
9396156
9090007
9080998
9423093
9423072
9449942
9441004
9405098
8900792
9405129
8621510
9341957
9449998
9315033
9449962
9423059
9449964
9458926
9405125
9449936
9449986
9449949
9432014
9458948
9440981
9449978
9458943
9440981
9449946
9449980
9449941
9458942
9432020
9440982
9458932
9449912
9440996
9449966
9458919
9440990
9432016
9440977
9441008
9449996
9332939
9440966
9432029
9341931
9341920
9341933
9341912
9449954
9450003
9432027
9423076
9423050
8936667
9432032
9323974
9432020
9387185
8405406
8981935
8180373
7793023
8729568
7612846
8279457
8468628
8792759
7892116
8504486
8108223
8486543
8576617
8765878
8198274
8513439
8702650
8117166
8117146
7883139
8270460
8495506
8288408
8207259
8306334
7495805
8180364
8504475
8279432
8990893
8891790
9008839
9288088
9206953
9206957
9423031
9414067
9405126
9215956
9323988
9414115
8927678
8306339
8720562
9026775
8225218
8342186
8062883
8261008
9134773
8873434
9359828
9458907
9449951
9170644
9494804
9458879
9278640
9476818
9485814
9152696
9467879
9503760
9512743
9521698
9494786
9503738
9530652
9521688
9530676
9530666
9557593
9557590
9548592
9548619
9584534
6872441
9575539
9512715
9512715
9539639
9530669
9539619
9215481
9584502
9548624
9602421
9566551
9575507
9575541
9422590
9611410
9296593
9332469
9584504
9548594
9584502
9530685
9125361
9152257
9539623
9530663
8837089
8900242
9323503
9233400
9557549
9152264
6395018
9539606
9323477
8206784
7900590
7504245
7540104
9044222
8954094
8521880
9026262
8945135
8242603
8629915
9125347
7954361
8062402
7657135
8422855
8215725
7648147
9008347
9098460
9386690
9008332
9107404
8612049
9206505
8594105
8999351
8729015
8206748
8314773
9197538
8603049
9017268
8909237
9395637
8720052
8594091
8711113
8999341
8702101
8612025
8909246
9098428
8323740
8792244
9305530
8720047
9503734
9503703
8909229
9197484
9314514
9305532
8990394
8620963
9116367
8801198
9008335
8936141
8638950
8927178
8431779
9215440
8512959
9305557
9008357
8422847
9098406
9503715
9107423
9503715
9206485
9485790
9296597
9512695
9116406
9521656
9512683
9521677
8927168
9539574
9044169
8819072
8954086
9143238
8755870
9530570
9530605
9242331
9233348
9530582
9458406
9143213
8548750
8224245
8602557
8890825
8998883
8566677
9134223
9332405
9143216
9530588
8854942
8846008
8647874
8863942
8881876
8485577
8557760
9053120
9341407
8863965
9152248
9314494
9485751
9224378
8557719
8476577
8386519
9062121
9485760
9476771
9053128
8071355
9053110
7954315
8170440
9341851
9458857
9485834
9485853
9494872
9432043
9503816
9494808
9332887
9476844
9530681
9521700
9512775
9530743
9521742
9467961
9476821
9485807
9503723
9485764
7900154
9449937
9530696
9539658
9521730
9539663
9530681
9512795
9521761
9485805
9449917
9449962
9512800
9521743
9530743
9521714
9530712
9521737
9494833
9548683
9485816
9432019
9494800
9503806
9521767
9521758
9539675
9503790
9512777
9512733
9512752
9503791
9530717
9494860
9539680
9530703
9530716
9521725
9521731
9512781
9530689
9530685
9539684
9548677
9512770
9485882
9503775
9494766
9503755
9521681
9539652
9539690
9521779
9539683
9521725
9530683
9530707
9548674
9557630
9557614
9467517
9503785
9521748
9530690
9512828
9503817
9530712
9539700
9530743
9539674
9548654
9485895
9512799
9530719
9485903
9530740
9512775
9521723
9503806
9503803
9503812
9530719
9503796
9530719
9530703
9512747
9539667
9530701
9530715
9557623
9566599
9548665
9548637
9530730
9548670
9521795
9539702
9503829
9512754
9539675
9521736
9530706
9530695
9557630
9575567
9557634
9557653
9566632
9494839
9512779
9521727
9530706
9521706
9512749
9539702
9539668
9539663
9557647
9548659
9566606
9548655
9521772
9512766
9530740
9539725
9530707
9521762
9557653
9557650
9557664
9557637
9575593
9557630
9566623
9557659
9557662
9566619
9557653
9566620
9566635
9557639
9566616
9539703
9548667
9566628
9566656
9539723
9512794
9575602
9548683
9512825
9432055
9539704
9512798
9548678
9530710
9539713
9548678
9557656
9557662
9557651
9566632
9566599
9575573
9557642
9566668
9548687
9548701
9530735
9539758
9566632
9557671
9539734
9557661
9539716
9566641
9575613
9575616
9566639
9575629
9521762
9575617
9548690
9539719
9557658
9548680
9557637
9539719
9557649
9539729
9539697
9557644
9530720
9548722
9557666
9494866
9557695
9557661
9557666
9548686
9557671
9557665
9566606
9557639
9566643
9566636
9566638
9575595
9566638
9575580
9575602
9566611
9557681
9566613
9557668
9566636
9539697
9548721
9557647
9566638
9566662
9557677
9566642
9584608
9575605
9584632
9557751
9557704
9512818
9557645
9539748
9557662
9566661
9557691
9566639
9575665
9584587
9557661
9557702
9548770
9530724
5278881
9566629
9548711
9557662
9566690
9539770
8558765
9557765
9575686
9539788
9575714
9575708
9566773
9557825
9467738
9458754
9602634
9575729
9188443
9188395
9584713
9476683
9377576
9377599
9584731
9476682
9566725
9575758
9584728
9476687
9584725
9125613
9458760
9566770
9287471
9584710
9557732
9584731
9485641
9575741
9557812
8287815
9575764
9098307
9386570
9557784
9584740
9566812
9467721
9098315
9566752
9341726
9161493
9476682
9593617
9566800
9602620
9602574
9584630
9503886
9575750
9548777
9584683
9566704
9377592
9584722
9485661
9593637
9575749
9449781
8558443
9396244
8756851
9396223
9450076
9432118
9566713
9530893
9314816
8269860
9459090
9297203
9459021
9593655
9386537
9584736
9593689
9503951
9270211
9593680
9468061
9512895
9548774
9566791
9584610
9575666
9468037
9584674
8782621
9575685
9521898
9548748
8576398
9468058
7820040
9441127
9206720
9152536
7549347
8891587
9423133
9387264
8026849
7738597
9017579
9450080
9566783
8441102
9566770
8711378
9593668
9575721
9548714
9593569
9539860
8495290
9584656
9593671
9602653
9602653
9584692
8071723
9539855
8278848
7008761
8494919
9161902
9485652
9089351
9593677
9620581
8593975
7594301
9360357
9000007
9584677
8593989
9602653
9071414
9602614
8990279
7873595
8494910
8287808
9405211
8585342
7495217
7882547
7765548
8062723
9575761
7342284
8000262
7406108
6631100
7270154
7684374
6982217
7243531
7126169
6981893
6550361
7901172
8108313
8459746
8171136
7928092
7991285
8027189
7351260
7882893
6972899
7441387
6919058
6666637
9512854
8189428
7873547
8459018
7567344
9450082
9494908
9423178
7972626
8251888
9477025
9377955
9530760
7900442
7891508
9539778
9512867
8621965
9512902
9530810
9548739
9566736
9575731
9566709
9521810
9530783
9539791
9539785
9566743
9180197
7936942
9575689
9584695
9575725
9584644
9575635
9566704
9575698
9575664
9575722
9539710
9566648
9584710
9575713
9548773
9494832
9414097
9512717
9467887
9548779
9557770
9342436
7108471
9396196
9557751
9539755
9566692
9521776
9575677
9575674
9503756
9575644
9575572
9557671
9584638
9557731
9539647
9584512
9539669
9584515
9575530
9584452
9575584
9575562
9575536
9593545
9575587
9584548
9593515
9593521
9593551
9521611
9575503
9584530
9593452
9575519
9575497
9602365
9314098
9133880
9593473
9593491
9593434
9593473
9593442
9188099
9584449
9115940
8782794
9548560
9566494
9575458
9575473
9584439
9584530
9557563
9584527
9584479
9584493
9584512
9575551
9584506
9584473
9593455
9584488
9593515
9593473
9602392
9593518
9593480
9575482
9602419
9593419
9593461
9584464
9602464
9602458
9602470
9602413
9611506
9593464
9602431
9602515
9611416
9593500
9602446
9611470
9602437
9602449
9593473
9593518
9611494
9611418
9611404
9602419
9629356
9620355
9602439
9629398
9620392
9620404
9629422
9620390
9638377
9638347
9647317
9656302
9656318
9611378
9638350
9647306
9665284
9602417
9647331
9647344
9647326
9656298
9638347
9656325
9665335
9665302
9665279
9656291
9674254
9674302
9683245
9692236
9665275
9638374
9665302
9692218
9692248
9701227
9701193
9593415
9719158
9701185
9701191
9656329
9665275
9719146
9674251
9719149
9737095
9710155
9710137
9728110
9728101
9710149
9746050
9719128
9746059
9746047
9746068
9746039
9746038
9719109
9746041
9746050
9746059
9764005
9763992
9772954
9746026
9719069
9772954
9754986
9772900
9799867
9790885
9790876
9772933
9772939
9763962
9745975
9781890
9799846
9781917
9808804
9781852
9799822
9808768
9817750
9817762
9817780
9799846
9817747
9817756
9808795
9817756
9808826
9710032
9781861
9817753
9826732
9790837
9799768
9817735
9817747
9808777
9628544
9790861
8799671
9755029
9710173
9764002
9790885
9538495
9772957
9737038
9799849
9799800
9826738
9835717
9808831
9826723
9781882
8223162
7331480
9656250
9566641
9674296
9566593
9485863
7925939
6637924
9593551
9503842
9593524
9584515
9503863
9566647
9683227
9692221
9674207
9647341
9647368
9629425
9539719
9602445
9611452
9665335
9647361
9665335
9647383
9647365
9638380
9647377
9629407
9656335
9656332
9656338
9656356
9629407
9629410
9611440
9638365
9629392
9638392
9638386
9638386
9629398
9620446
9575540
9629437
9611469
9593490
9611436
9602446
9602461
9611431
9602452
9638362
9575503
9593464
9647326
9647314
9620392
9611440
9593467
9656251
9647296
9620386
9602419
9620371
9611383
9602420
9620401
9611392
9593437
9611371
9620374
9566496
9620359
9566524
9575497
9584455
9629365
9602404
9584446
9584443
9611392
9593452
9584458
9611389
9584479
7972225
7972211
8143472
7800983
8161412
8152439
7882121
7602830
7882124
8062342
9062090
9620380
9638350
9602478
9548585
9566551
9557546
9602458
9593478
9620401
9629407
9629380
9629398
9647326
9638353
9647251
9602440
9647313
9647314
9665230
9674170
9620419
9629347
9584506
9620425
9629344
9593479
9602455
9611395
9638308
9620401
9629284
9620332
9611344
9647220
9638266
9647248
9314092
9665161
9593390
9620287
9620305
9422126
9422132
9611341
9629272
9620296
9602368
9629272
9602374
9530190
9620335
9638245
9665164
9530187
9665170
8214594
9593392
9530176
9620281
9404185
9575436
9431097
9241935
9629317
9512253
8665770
9566472
9620299
9629287
9611314
9593369
9323053
9377261
9620275
9611323
9422135
9602371
9620284
9620293
9260245
9584456
9638248
9620293
9557527
9620311
9638257
9611348
9629269
9602371
9647200
9593405
9422138
9593398
9575440
9620281
9593392
9467393
9611317
9467417
9566479
9593386
9602344
9440458
9602374
9584440
9602371
9602377
9575473
9593410
9611356
9620302
9611338
9620311
9620320
9620299
9620313
9566499
9602383
9638320
9638275
9548522
9620326
9602393
9602380
9629305
9620320
9611347
9602380
9584455
9638248
9638251
9611344
9629314
9620365
9620311
9611335
9593415
9620365
9629266
9611326
9611344
9611365
9548704
9629332
9593411
9602410
9620305
9629308
9620320
9584467
9620309
9647206
9629260
9665161
9629278
9611395
9656260
9674179
9647272
9611341
9629287
9629278
9647221
9611338
9620344
9602452
9629341
9647233
9638269
9629299
9638284
9656248
9638239
9611350
9656206
9647278
9629329
9638311
9584491
9629326
9611380
9602463
9611395
9557565
9548622
9584512
9620386
9638269
9620348
9620386
9638326
9629392
9629362
9620395
9629350
9638275
9602408
9638314
9620413
9611434
9665179
9620297
9620335
9584503
9620326
9584473
9584468
9611413
9629350
9638272
9611440
9611433
9602473
9629353
9647263
9647269
9602455
9620383
9647296
9566598
9665218
9638297
9602428
9620377
9620359
9575515
9584481
9593458
9548631
9575523
9530613
9620344
9611416
9611407
9620380
9611410
9629335
9593513
9656197
9548613
9620371
9593473
9629305
9656212
9620375
9638296
9638302
9638281
9647251
9674164
9620387
9638257
9539615
9611395
9620353
9638296
9593491
9575525
9638286
9665170
9620335
9611407
9620362
9593488
9602428
9656233
9692101
9665176
9656227
9629317
9638242
9638266
9656200
9629296
9656248
9638302
9620374
9503736
9575506
9602437
9530643
9557544
9602392
9629281
9611350
9620350
9620353
9620356
9647251
9584486
9620350
9647245
9620368
9656230
9620360
9620344
9620347
9620332
9611398
9620323
9566557
9629311
9611412
9629323
9674152
9620332
9683116
9584459
9665188
9674170
9647224
9629278
9431993
9611361
9638272
9638281
9638269
9629296
9611386
9629328
9620365
9629296
9557552
9611384
9602400
9611395
9629350
9656218
9602404
9602416
9584515
9593473
9620335
9611372
9629350
9629326
9629299
9638275
9638284
9647269
9620314
9575491
9638290
9548626
9602413
9656209
9620362
9557573
9611392
9629338
9638296
9566549
9620344
9629299
9638272
9602402
9584455
9620359
9602396
9683101
9512712
9557557
9557578
9575491
9620344
9611404
9602446
9584500
9602401
9629329
9629341
9620347
9494804
9593473
9620338
9620359
9638275
9593452
9530675
9539658
9602455
9584501
9584530
9593470
9593479
9584520
9503757
9557585
9620365
9629323
9494810
9539653
9566539
9584497
9566560
9557610
9539696
9530706
9503842
9485901
9548611
9584479
9503787
9521724
9485884
9566578
9557601
9557620
9557599
9584512
9548623
9584503
9557611
9584515
9593470
9584506
9566550
9593446
9521714
9611416
9611389
9611416
9530699
9584491
9620359
9593467
9593473
9602422
9584506
9584506
9521710
9602452
9584499
9593476
9602449
9602452
9593476
9575537
9602422
9494794
9620359
9611410
9611413
9611410
9611416
9548632
9602455
9611437
9593467
9584506
9620362
9602434
9575541
9593500
9584503
9611404
9602464
9566567
9593473
9602440
9611407
9620380
9575527
9557570
9593460
9602440
9620365
9602467
9593512
9611470
9602467
9602488
9611434
9593488
9602488
9602488
9620401
9620383
9539701
9593524
9611419
9539679
9602458
9602488
9620398
9602461
9611434
9584560
9593578
9584575
9602506
9593530
9584563
9530733
9602497
9593518
9584584
9575608
9584554
9593530
9566644
9584560
9584572
9602485
9602503
9593530
9593521
9575608
9593530
9584536
9593506
9611434
9557632
9593512
9602497
9557648
9602485
9593495
9593524
9593524
9566602
9602476
9593497
9539702
9593512
9593521
9557618
9584569
9575590
9593539
9539735
9494869
9584563
9584593
9584593
9584581
9575584
9584566
9584566
9584559
9584548
9566614
9593566
9593527
9593563
9584575
9593521
9593521
9611479
9593523
9602476
9593548
9602521
9602509
9593554
9602494
9584617
9593563
9602527
9593542
9602500
9593542
9593533
9593551
9602461
9593494
9602452
9584503
9593497
9584521
9593488
9602461
9602452
9602452
9584530
9593476
9593485
9593503
9584512
9584503
9584509
9593494
9602488
9584509
9593467
9593497
9593485
9602431
9602458
9584548
9593485
9584503
9593476
9593476
9593458
9584509
9584521
9593467
9602452
9602416
9602443
9593467
9602443
9593461
9593443
9602416
9602425
9584494
9593488
9602437
9602428
9611392
9602419
9602425
9602434
9593470
9611383
9611410
9593464
9620359
9602428
9602419
9602419
9611383
9629296
9611392
9611401
9611383
9611392
9611392
9611380
9611392
9620386
9611404
9602419
9602416
9620341
9611392
9611401
9611410
9611383
9611374
9611395
9602428
9611383
9620332
9611392
9611410
9602455
9611404
9602419
9611365
9602425
9602407
9611383
9602419
9611383
9602410
9611365
9611392
9629296
9620341
9611392
9602425
9611392
9611401
9620350
9611392
9602410
9611422
9620359
9611392
9620332
9620341
9629323
9611404
9602473
9629314
9620374
9620344
9611359
9629287
9611383
9620359
9611383
9620341
9620329
9611365
9620350
9611395
9629311
9620359
9611401
9620350
9620350
9611392
9611401
9593461
9629305
9620332
9629305
9620341
9620347
9620350
9611374
9620341
9620335
9629314
9611347
9647236
9620362
9647233
9647233
9647233
9629281
9620332
9629281
9629281
9647212
9602352
9674173
9647227
9665173
9674149
9683128
9638239
9647233
9656188
9683119
9683122
9665176
9665188
9674149
9683116
9665164
9683116
9683107
9683116
9683323
9683110
9692092
9692092
9674131
9683119
9710044
9674143
9674146
9692092
9674149
9646872
9719011
9701053
9692086
9710035
9692086
9683155
9692077
9646863
9692191
9745978
9719020
7034324
8377768
9575666
9683287
9593656
9638447
9728122
9692265
9593621
9665347
9665355
9638454
9629484
9674335
9683302
9638455
9584638
9665366
9674341
9674329
9656407
9647440
9683254
9656293
9674281
9665293
9647434
9683296
9656401
9656158
9665347
9647437
9647431
9629438
9665320
9656374
9647440
9719161
9674227
9629386
9629444
9683287
9674200
9683284
9602511
9611442
9647224
9638398
9629406
9674293
9656338
9656362
9629392
9611371
9638371
9638386
9638332
9647344
9656335
9584542
9584593
9521761
9557662
9557644
9557635
9485824
9423012
9530686
9494833
9350830
9458944
9467902
9449989
9458926
8755931
9467926
9503755
8134548
9323900
9494839
9503803
9575602
9548662
9575629
9539797
9647416
9620465
9593521
9052521
8782191
9665356
9575605
9647356
9548758
9143277
7873224
8188390
9432085
7900427
9423154
9530842
7990536
7891463
9405205
8080651
7891466
9441103
9593536
9620494
9458987
9593557
9459010
8981278
9449992
9521872
9405115
9584518
9548599
7810057
8468279
8747436
9405175
9387235
7585001
8972510
8279137
8711678
9432142
9441058
8612030
8981466
9414199
8287494
9476974
9476814
9053761
9468019
9450082
8440817
8810211
8720105
8954711
9053814
8909488
9450097
7846589
8819397
8432057
9423133
9485902
8152542
7702008
8080381
9225017
9044817
8486265
8215965
8981645
7017440
6422978
9198426
8171076
7801712
6873781
6000401
7828995
7495505
7531430
7090237
6450901
6450901
7027393
7063646
6279665
7189656
6459874
6378747
6081528
6270710
7721256
7189316
7901483
7135108
7234178
7657431
8432412
9162200
7765477
9333340
7819856
8999847
9387271
9342397
9360328
8873954
9369316
9396259
9476998
9387271
9467885
9458974
9414166
9396226
9414166
9557725
9530788
9548761
9575626
9494917
9503785
9441073
9494851
9557674
9557668
9611455
9647359
9467878
9557695
9503797
9494809
9530701
9503773
9494884
9467905
9566605
9441076
9476890
9458905
9494784
9053646
9008814
9242807
9143749
9341892
8666286
8486048
8684245
8558219
8783273
7684466
8666317
8179899
9134803
8846531
9315021
9521723
9521753
9548662
9494752
9584545
9593506
9503747
9494782
9359761
9251731
9593509
9584533
9584542
9539661
9530659
9512743
9539671
9359778
8864407
9602488
9476845
9530683
9512749
9521728
9584542
9521722
9584551
9656308
9584548
9260757
9566608
9557635
9575563
9584542
9584545
9566590
9602506
9602494
9611467
9602494
9575575
9260682
9620437
9494750
9566578
9611470
9557632
9521712
9620431
9557613
9620437
9548641
9584542
9485762
9521699
9557647
9575587
9647353
9620446
9647353
9629404
9611485
9611479
9629407
9602475
9566599
9629416
9593487
9557635
9611488
9620446
9629422
9593506
9629419
9602509
9620437
9611491
9620440
9620452
9629410
9584545
9620434
9602518
9530663
9593515
9566608
9611467
9602482
9593509
9548622
9521696
9512703
9602488
9575563
9575563
9575563
9575563
9566581
9566581
9593524
9566572
9593497
9557587
9494782
9530680
9566575
9539659
9539650
9539641
9548623
9539653
9566590
9593518
9620434
9638359
9593527
9593530
9593524
9602491
9503815
9539719
9548692
9638356
9629389
9665272
9656293
9557580
9647329
9656290
9647335
9638359
9602488
9557582
9602482
9602482
9638371
9620437
9647344
9647347
9611470
9593497
9584521
9638362
9656299
9620413
9656290
9674221
9656311
9656314
9674248
9656308
9638371
9620437
9638374
9602468
9539689
9611476
9611470
9692170
9647347
9620458
9638383
9575590
9674227
9665260
9665263
9629402
9656305
9656293
9611464
9638341
9521698
9647338
9692170
9683206
9683220
9674248
9647353
9629410
9512746
9575571
9656308
9566584
9656326
9485770
9665278
9584536
9593506
9611452
9557587
9692182
9683224
9665305
9647359
9629416
9403921
9674224
9629410
9602539
9458827
9611473
9503732
9593521
9665287
9638356
9647347
9683212
9494726
9647347
9620437
9638398
9647374
9593115
9629413
9629413
9665275
9647329
9683218
9403912
9647347
9620419
9620425
9647344
7133334
7520656
7232410
9629419
9656332
9620428
9566548
9620467
9620452
9665305
9611464
9683230
9629434
9566635
9476806
9611482
9557581
9566562
9575566
9521674
9620455
9521706
9575590
9521752
9539689
9548665
9485824
9449908
9530675
9611515
9584593
9530707
8657238
9503723
9548674
9503809
9602515
9593536
9548674
9530752
9584584
9575563
9611503
9575602
9584566
9557635
9593563
9575596
9611485
9584556
9584578
9359755
9575590
9557647
9557659
9539677
9602515
9557641
9539713
9566617
9611479
9530719
9584563
9584575
9530719
9557650
9593524
9494833
9485863
9548692
9521764
9485857
9566608
9566587
9530737
9548662
9539683
9548662
9557650
9557635
9593542
9566617
9566626
9539692
9584575
9557659
9494842
9512806
9575608
9566632
9611500
9620500
9494866
9521779
9476920
9575638
9566644
9566626
9557647
9557668
9521736
9566616
9584569
9521763
9566589
9557674
9539722
9539728
9512809
9548661
9566620
9557668
9557647
9512809
9485875
9503799
9503833
9503830
9503845
9503872
9485923
9512854
9494911
9476977
9503878
9450034
9467974
9539776
9557683
9494857
9503899
9503887
9521797
9530773
9530791
9521827
9459007
9530749
9458962
9494905
9512788
9530722
9485863
9485872
9512815
9512842
9432103
9494905
9503833
9530794
9494902
9485938
9485947
9476983
9467989
9459025
9503875
9432091
9459022
9468007
9476950
9423124
9423124
9405154
9396169
9423082
9405124
8918693
9414052
9432031
9414076
9387151
9387142
8828566
9423031
9449944
9423034
9440989
9314973
9414082
9414055
9279096
9414085
9414076
9440989
9405085
9405073
9423049
9440962
9306021
9423052
9458992
9387154
9215888
9215897
9215894
9396118
9314973
9405073
8837521
9396136
9405079
9423022
8855461
9440950
8855458
9494785
9431953
9423004
9242786
9332883
9431968
9242783
9044637
8395946
8882350
9494755
8783289
8792232
9467839
9485794
9521692
9494755
9485788
9494758
9521692
9485788
9476806
9476815
9476833
9566575
9539665
9485830
9494794
9512731
9287584
9512728
9503746
9512719
9530689
9548653
9530686
9539668
9512740
9530677
9530686
9512707
9503761
9467875
9539671
9485815
9530695
9530686
9557623
9530731
9512749
9566620
9503791
9503773
9521728
9530713
9548662
9539668
9566608
9521743
9548641
9575575
9539662
9548635
9449950
9476866
9575596
9575587
9566623
9566605
9548629
9566584
9575563
9557614
9566605
9566623
9575599
9530731
9575596
9575584
9557647
9566629
9557659
9566641
9548692
9512809
9539728
9539698
9539740
9566677
9557695
9548719
9557674
9557677
9557722
9566680
9566677
9548716
9539688
9566677
9548707
9548746
9485929
9566683
9557713
9539755
9566698
9566686
9557704
9566707
9539724
9530794
9557708
9584629
9557716
9539782
9566674
9575653
9557690
9566674
9566692
9557689
9593605
9575643
9557699
9575665
9575653
9584656
9557685
9521845
9566695
9566683
9575668
9566683
9539788
9566700
9539794
9575681
9584665
9575674
9575680
9575671
9566695
9557725
9575671
9575671
9548752
9575689
9566716
9566716
9584665
9548711
9566686
9557731
9575692
9557722
9575674
9512820
9557736
9539801
9575683
9566716
9566710
9584656
9557725
9566722
9566718
9575669
9584674
9602620
9584671
9602608
9593635
9593650
9593647
9593638
9575695
9602617
9584677
9593650
9602614
9611584
9593635
9575713
9593650
9584677
9584677
9575683
9584686
9575704
9566731
9611587
9584665
9584686
9584689
9620557
9485847
9629524
9521766
9620557
9629524
9611587
9611584
9602623
9431991
9638491
9593674
9188412
8468003
9530875
9378211
9494886
9575740
9468046
9477007
9333424
9450103
9494980
9503929
9423217
9297583
8774565
9584713
9152550
9494962
9476989
9342445
9494947
9459109
9360373
8991021
9378328
9333433
9593671
9485947
9485989
9512902
9459082
9602650
9530875
9414202
9360370
9584686
9450061
9521857
9584677
9620566
9377609
9450119
9629539
9629526
9647461
9629530
9423214
9422832
9261267
7828868
9620566
9647467
9629530
9656431
9629533
9620554
9638500
9071411
8630251
9575734
9485956
9387319
9530842
7666449
9611608
9584706
9647467
9611602
9656434
9566713
9432127
9369328
9396265
9369328
9369364
9396247
7378197
9369364
7963695
9512893
9638515
9584731
8188751
9441139
7999557
9423184
9638515
9593623
7900433
8089783
8819641
9432154
9503950
9665410
9593604
9638490
9304956
9620401
8611534
9656431
9647404
9638422
9638458
9638428
9494697
9638415
9629347
9629393
9656299
9602428
8359579
9530573
9503699
9620393
9584520
9611371
9692296
9665377
9665314
9629431
9647377
9638425
9340984
9665317
9638305
9602335
9647377
9638443
9638350
9602425
9629443
9620485
9620461
9656377
9620434
9602392
9638419
9638461
9232941
9503688
9629398
9575587
9638383
9584521
9602488
9602518
9593376
8467609
9575561
9602491
9170178
8890872
9611386
9413141
8989981
9034789
9611476
9584512
9440466
9557641
9566632
9602509
9593566
9575617
9593560
9575611
9575584
9530713
9521755
9548674
9539695
9530740
9521779
9539710
9575590
9611542
9575554
9566623
9575593
9584431
9584572
9584554
9593551
9575575
9539658
9530701
9593514
9557647
9450016
9512749
9521803
9512821
9539677
9512752
9503830
9485830
9548686
9584575
9539707
9512809
9485890
9539737
8954582
9548662
9377755
9521788
9539665
9441015
8378550
9485851
9521740
7324116
9503811
9575602
9611518
9584562
9539701
9602518
9575596
9629434
9260305
9611380
9602500
9620458
9593524
9584527
9656365
9557609
9620494
9584551
9575585
9656356
9539572
9521740
9611458
9638239
9629299
9223950
9620446
9602482
9575551
9593496
9611527
9593518
9638398
9611449
9611437
9593492
9593505
9629461
9620497
9611482
9584545
9620437
9539561
9647302
9620396
9656341
9647368
9647377
9638404
9584556
9620422
9611392
9647356
9638365
9548500
9656332
9665329
9638413
9620446
9620440
9602434
9620431
9656248
9656266
9602470
9638374
9557575
9656332
9656323
9656332
9611450
9638338
9611468
9629443
9602506
9647407
9602509
9656347
9620389
9656317
9629449
9656356
9665203
9647218
9638389
9638404
9665326
9593425
9593454
9656335
9575524
9638325
9566537
9656253
9647374
9620272
9233377
9503818
9566611
9278221
9620425
9602473
9611488
9638386
9629407
9593542
9584587
9512845
9620443
9620485
9620449
9620458
9566635
9611485
9602497
9611422
9620437
9629377
9629371
9629401
9602512
9629410
9629410
9584404
9638347
9638371
9620422
9629401
9602455
9629395
9638369
9665299
9638365
9647341
9647383
9647350
9611397
9575554
9629392
9557533
9647344
9620410
9584518
9683251
9629371
9611425
9629374
9611425
9629380
9602485
9620413
9611428
9530683
9620417
9593506
9620398
9683218
9674266
9656317
9647356
9611420
9611408
9584469
9647260
9611440
9602467
9692203
9575512
9665249
9674232
9683236
9674270
9584380
9566451
8809722
9602336
9097988
9620302
9476372
9611367
9692208
9638269
9692215
9557495
9584454
9593409
9629392
9602380
9602356
9566530
9620345
9638365
9602470
9611359
9620362
9611360
9629275
9647199
8412768
9557509
9539614
9611395
9620449
9593453
9611386
9557529
9521659
9278675
8846025
9611353
8764886
9485324
9314079
9260269
9602344
9233377
8872949
9602364
9458423
9530576
9584428
9503698
9035245
9557560
9548593
9575488
9566446
9557536
9674161
9548557
9584464
9170163
9602315
9593400
9656212
9593388
9629335
9512685
9602389
9629284
9620320
9575441
9611362
9332438
9557559
9566536
9512675
9584439
9539586
9539605
9566525
9611376
9611354
9593408
9566521
9557563
9620359
9494761
9602392
9620386
9629333
9593437
9611374
9593404
9575469
9575464
9611350
9593428
9602407
9557578
9566544
9584470
9422559
9080071
8548797
9143277
9629314
9377303
9530583
9566506
9575458
9566548
9629350
9530633
9602401
8683801
9440505
9620351
9629324
9611382
9602414
9575490
9593440
9593448
9566500
9602419
9656266
9629319
9611394
9638308
9584470
9575486
9665220
9674167
9665200
9566516
9620334
9647263
9638278
9602406
9629353
9539597
9566535
9584488
9584490
9566452
9647266
9611359
9620328
9242334
9638247
9584473
9647268
9629344
9575503
9584475
9611392
9593437
9557532
9575458
9620336
9557508
9593456
9530656
9557566
9629329
9620344
9647257
9647239
9629302
9629320
9647287
9629338
9602425
9629354
9539671
9611374
9629296
9620355
9638290
9620383
9629320
9629323
9557553
9566509
9548585
9647290
9665239
9629314
9701143
9620328
9665211
9638307
9620380
9647287
9611395
9629341
9620352
9593357
9575397
9476322
9566450
9566483
9584443
9611377
9602410
9620344
9602390
9611388
9620366
9593452
9638332
9620361
9638326
9656275
9611410
9647293
9638338
9629349
9638326
9638338
9629349
9656278
9593461
9629334
9638329
9647293
9638347
9647293
9683221
9647275
9647305
9584446
9557563
9629330
9665268
9647294
9656289
9656257
9647293
9692185
9674218
9683209
9665260
9638332
9638337
9674233
9665269
9575447
9629341
9665242
9674248
9638349
9656283
9665272
9665281
9683221
9674251
9674254
9620413
9656278
9223727
9638389
9620394
9665281
9602483
9665287
9674254
9665269
9674254
9674236
9674254
9656326
9692212
9647333
9656284
9656293
9674251
9665287
9674260
9656305
9656298
9683254
9665287
9674272
9647306
9566512
9620377
9683224
9647347
9656311
9656320
9674260
9674260
9665302
9683233
9638360
9656298
9656347
9611446
9575605
9593504
9602524
9647365
9638415
9629440
9638404
9656357
9656362
9656356
9683254
9539614
9566461
9566478
9557515
9575443
9584406
9575518
9575518
9584531
9620432
9656374
9683269
9683260
9701191
9674284
9683269
9674302
9647419
9638390
9674290
9665335
9665350
9674302
9674302
9674302
9665344
9665335
9674314
9629404
9665335
9692236
9665335
9674299
9638449
9656371
9674311
9692245
9647397
9665335
9674299
9674299
9683269
9674311
9656356
9638428
9665344
9647409
9638434
9593601
9656376
9665340
9683284
9674302
9665326
9683266
9665335
9656377
9665344
9665332
9665344
9674320
9674305
9629446
9620517
9548760
9602593
9611554
9620527
9620511
9647413
9647413
9629482
9638446
9566725
9458679
9629485
9620530
9584643
9638458
9611563
9602579
9638437
9629482
9467641
9530734
9575689
9593629
9602608
9602596
9593641
9584668
9611554
9602599
9557761
9611563
9629506
9638470
9593640
9620539
9611575
9359580
9602607
9611575
9575698
9611575
9629506
9584665
9602599
9629503
9638467
9611572
9620539
9620542
9611578
9602603
8801048
9359615
9539828
9566737
9593641
9467664
9485604
9611578
9575710
9575704
9602608
9602608
9584674
9602608
9602605
9593644
9611575
9476623
9602602
9557767
9584671
9566732
9611566
9593629
9584662
9593644
9602611
9593635
9611575
9593638
9593647
9575701
9575701
9620539
9629506
9629506
9611575
9629503
9602608
9611575
9575686
9602602
9602611
9620542
9620545
9611578
9638473
9638473
9629506
9566749
9593644
9620542
9620542
9620542
9629509
9611578
9602611
9611572
9584665
9611578
9611578
9638473
9611578
9620542
9602611
9629506
9611578
9629509
9620542
9647437
9602611
9611575
9629509
9611575
9611578
9602605
9602611
9602614
9629509
9593644
9602605
9575693
9602605
9602605
9584666
9629506
9602602
9620542
9620542
9602605
9593644
9575704
9566737
9368585
9593638
9656404
9602608
9638473
9629512
9602614
9638473
9593644
9602611
9620542
9620542
9620542
9566737
9620542
9602611
9611578
9629506
9629506
9629509
9620539
9620539
9629506
9629506
9602614
9620542
9548705
9593647
9602611
9629509
9629512
9629509
9638476
9629512
9620542
9629509
9620542
9620539
9620545
9620542
9620542
9638476
9602611
9638473
9629509
9620539
9620536
9629500
9611533
9611545
9629491
9629500
9593567
9629500
9611551
9638464
9629500
9638473
9620536
9629482
9611569
9620515
9611554
9602575
9611551
9638467
9611548
9620524
9602584
9593599
9620506
9611530
9611557
9629479
9611542
9638473
9602581
9620479
9611557
9620545
9638464
9620527
9629491
9629491
9638473
9620533
9620527
9629509
9647446
9611569
9638479
9629503
9638476
9638479
9629494
9638476
9629500
9629446
9638458
9629473
9629482
9629482
9638449
9656395
9638458
9656407
9647425
9647431
9638473
9638398
9629413
9638431
9638431
9629479
9629440
9629464
9638431
9629476
9629446
9647404
9629455
9629467
9629464
9620479
9629464
9629473
9620488
9611479
9620461
9602494
9629464
9611524
9629473
9629455
9629449
9629458
9629419
9629428
9629446
9629428
9638392
9647350
9629419
9629455
9629446
9647404
9647395
9620488
9638455
9638392
9638383
9620470
9638440
9629437
9647386
9629401
9629428
9620452
9629437
9638413
9638422
9629419
9629437
9647377
9620461
9629446
9638410
9638437
9638437
9629446
9638428
9629470
9647410
9638425
9656377
9647401
9656368
9665316
9656350
9620361
9593550
9647422
9620509
9647404
9620518
9638458
9647437
9620512
9656359
9647401
9656365
9656401
9647440
9638437
9638446
9656356
9665368
9674332
9656383
9674305
9674332
9665365
9683299
9638476
9647440
9656404
9674326
9656383
9656392
9647392
9665347
9683296
9665368
9629500
9656392
9665350
9674332
9665368
9665356
9665365
9656392
9656392
9665365
9674332
9665356
9665365
9656401
9674335
9656401
9656401
9665365
9665365
9647407
9665365
9647437
9656395
9683296
9665347
9665347
9665356
9656383
9656401
9674329
9674329
9656380
9674329
9665365
9656398
9692266
9665356
9683296
9683299
9674329
9683293
9656380
9674329
9647416
9683296
9674329
9692263
9683296
9683296
9683296
9674329
9683299
9683293
9674332
9665308
9692266
9683287
9683296
9674332
9665347
9647380
9647407
9674332
9674317
9683302
9710200
9692266
9692266
9692269
9683299
9674332
9674335
9665362
9656395
9710203
9710197
9701236
9692269
9710200
9683302
9683302
9674335
9665371
9701233
9710203
9701236
9710200
9701236
9701230
9746062
9701233
9719164
9701233
9701236
9629432
9737098
9710200
9710197
9728131
9728131
9719167
9737098
9737101
9728128
9746065
9647378
9629341
9728128
9728128
9728128
9737092
9746062
9719167
9701236
9737095
9719164
9719167
9719164
9710203
9737098
9710200
9719164
9701236
9755032
9746065
9710200
9710203
9719170
9719170
9719167
9755020
9710174
9701239
9539254
9548218
9728134
9737098
9728134
9737101
9746071
9692258
9737104
9710200
9719173
9710206
9719173
9701242
9710203
9728134
9728134
9728134
9701236
9701236
9710203
9701239
9746068
9692272
9728134
9728134
9701239
9710206
9719170
9737098
9710206
9692272
9719173
9701239
9719170
9719170
9710203
9710206
9692275
9701236
9710206
9719173
9701242
9710206
9701236
9683311
9728134
9710203
9755035
9701239
9737104
9719176
9710203
9710209
9737101
9746071
9710209
9719170
9701251
9719176
9710212
9710209
9719176
9728140
9737104
9728140
9737107
9737107
9719176
9728140
9701242
9710206
9710212
9719176
9755041
9728137
9728140
9710206
9728140
9746071
9746068
9746071
9746068
9746071
9728137
9737107
9737107
9746068
9755038
9737104
9755032
9781930
9755032
9781933
9746065
9781930
9746071
9737101
9737101
9772966
9772960
9772957
9790894
9799858
9763996
9781930
9790897
9808828
9790894
9772966
9790891
8718553
9286577
9755038
9817798
9799858
9799867
9763999
9764002
9808822
9799867
9763990
9790891
9772963
9772972
9629494
9629446
9719170
9755038
9683326
9629458
9611548
9620500
9611527
9674341
9629503
9665368
9638449
9629476
9638461
9638440
9701230
9692278
9647425
9728131
9602605
9602593
9611566
9620500
9620503
9629491
9656413
9584653
9629461
9674347
9611569
9683308
9701239
9638464
9701239
9638470
9701248
9647428
9746065
9719170
9728131
9755032
9665386
9593635
9602572
9665386
9647449
9665383
9692281
9692281
9710209
9683308
9701242
9692278
9719176
9719173
9719170
9719173
9710206
9665383
9701242
9692281
9710206
9665368
9710212
9701224
9692242
9710197
9719170
9701242
9701242
9701233
9710206
9710206
9710209
9710206
9719170
9728140
9692272
9683299
9728140
9719176
9746071
9710206
9719170
9710203
9737104
9728137
9728137
9719170
9710206
9737104
9710206
9710206
9701242
9728140
9701245
9728140
9737104
9737104
9719176
9728140
9710206
9701245
9737107
9737107
9719170
9710206
9737104
9737101
9737098
9737104
9746053
9737098
9746068
9755038
9737104
9737104
9746068
9737104
9728140
9737101
9746059
9719146
9710171
9755029
9746062
9728131
9746062
9710197
9755032
9737098
9728130
9737098
9737098
9737098
9719158
9719167
9719161
9737091
9719170
9746062
9710200
9737098
9746065
9737098
9746065
9746062
9746062
9746062
9746065
9737098
9737098
9737098
9737098
9746062
9737098
9755026
9755032
9781930
9763999
9692183
9755032
9421843
9674236
8926441
9214707
9511954
9683251
9710199
9719164
9719158
9719170
9710203
9701236
9701239
9719173
9710209
9692272
9710206
9710206
9701239
9701239
9719170
9710206
9719170
9719170
9701239
9683311
9701242
9710206
9701236
9692272
9719176
9719170
9710203
9683305
9701242
9701245
9710206
9692278
9683311
9683311
9710206
9701239
9701245
9683314
9674347
9692278
9683308
9692275
9683308
9701242
9683311
9692269
9674335
9665371
9674328
9665365
9656401
9674335
9656392
9665368
9638461
9611566
9566713
9584644
9584665
9557749
9593647
9638476
9620542
9593548
9647430
9656401
9656395
9665365
9647434
9656398
9665362
9620473
9647424
9647428
9647428
9647431
9602605
9629500
9647437
9629509
9620536
9638470
9647440
9629503
9638467
9629500
9638464
9665371
9647434
9674338
9665371
9656404
9665365
9665371
9647437
9665371
9638476
9656410
9620545
9638479
9647446
9611569
9647440
9656407
9647446
9629515
9638481
9620531
9656413
9602569
9647449
9638467
9647446
9566686
9656413
9566665
9647458
9656416
9647455
9665386
9629509
9656422
9647452
9557685
9566660
9638465
9683314
9656419
9665392
9656425
9656419
9656419
9665383
9665386
9665383
9665383
9683326
9683323
9683323
9683317
9674356
9692287
9656406
9674348
9683326
9674349
9692287
9683315
9683320
9692287
9692287
9656431
9647425
9656411
9665378
9674348
9692290
9692281
9674353
9692284
9656419
9683326
9692287
9692287
9701254
9692284
9683320
9701248
9692284
9674356
9692284
9692284
9710221
9692290
9683320
9692284
9683323
9683316
9674362
9674353
9701251
9683323
9692290
9701254
9701251
9692284
9683313
9701254
9701254
9701254
9701251
9683326
9692284
9638442
9701254
9692287
9665392
9683305
9701251
9701247
9683313
9683304
9701248
9683323
9674334
9656387
9683306
9701248
9701248
9701245
9683317
9647419
9692278
9701245
9674353
9674353
9692278
9692275
9701245
9647421
9647418
9701239
9674347
9692281
9674350
9701245
9710209
9710215
9692275
9692281
9692281
9710209
9710209
9692278
9692281
9710209
9710209
9692284
9719179
9719173
9701245
9701245
9719176
9719176
9710212
9710209
9692279
9656398
9710203
9728146
9665355
9719174
9737102
9719179
9719179
9728143
9728139
9665356
9701244
9710215
9719182
9719172
9728143
9728143
9728143
9719172
9728143
9728143
9710209
9728143
9728140
9719179
9692262
9719161
9728137
9710205
9728146
9728140
9710193
9719185
9719173
9710200
9710206
9701251
9710206
9719176
9719158
9737110
9737104
9719158
9746071
9719173
9737107
9701219
9728140
9710186
9746074
9728143
9746074
9701248
9728146
9737104
9728140
9719182
9728146
9728135
9701244
9710212
9719185
9701224
9719176
9728140
9737107
9737104
9656356
9665334
9728136
9710194
9665322
9719176
9728143
9719179
9719176
9737110
9737110
9728143
9602557
9629479
9719167
9719170
9719170
9728134
9719167
9719173
9737101
9719167
9710203
9728131
9719173
9719167
9710203
9728134
9728131
9710206
9728134
9737095
9728137
9728134
9728134
9719167
9674350
9728140
9746065
9728128
9719173
9737098
9719173
9719170
9710203
9719167
9701242
9683311
9728134
9710206
9719167
9728131
9701239
9728131
9719167
9719173
9710206
9719167
9701222
9710104
9719101
9701200
9701218
9719164
9710200
9719143
9701239
9701215
9719143
9701203
9719158
9683308
9701239
9692257
9710182
9701239
9710203
9710158
9692233
9710200
9701209
9710200
9719158
9719164
9728131
9701236
9701219
9692272
9719167
9683314
9728086
9728104
9737107
9737104
9737100
9719168
9737104
9737107
9737107
9719144
9755014
9737100
9719178
9737081
9719176
9746068
9710187
9728137
9763999
9719176
9710215
9746071
9746068
9746068
9737104
9719173
9674330
9710209
9692284
9737086
9719155
9719176
9737104
9728140
9737104
9746068
9737104
9728134
9710212
9710212
9701210
9746062
9737107
9746059
9719179
9728140
9746071
9746071
9674347
9737077
9728122
9737098
9746071
9737104
9755035
9737095
9719182
9710209
9737095
9737095
9746071
9763996
9701248
9728143
9737095
9719164
9719155
9728077
9701215
9692230
9710192
9719164
9719176
9710212
9728143
9710212
9692281
9710215
9737104
9692287
9692280
9710215
9719167
9719176
9701245
9683320
9692242
9692263
9674331
9692281
9701200
9710167
9656428
9683302
9701251
9692284
9692266
9692275
9683317
9683320
9683320
9692284
9701221
9710215
9737092
9719176
9728140
9737077
9728128
9746059
9728122
9737104
9737101
9728137
9755035
9746065
9719176
9746065
9728137
9737083
9746065
9728134
9728134
9728123
9737101
9719170
9737104
9746062
9772957
9746065
9772960
9772957
9763993
9755029
9763999
9772957
9755029
9746065
9755032
9755029
9763993
9737101
9755026
9737101
9755020
9755029
9755032
9763984
9737101
9755029
9772960
9755029
9772957
9755029
9746043
9746062
9755029
9763993
9763996
9763996
9763993
9763993
9772963
9746065
9746065
9763993
9755029
9763993
9763993
9763996
9755029
9763993
9755026
9763993
9755026
9763990
9755026
9755026
9763990
9763990
9763990
9763990
9763990
9772960
9763993
9772960
9763990
9763996
9755026
9772957
9763990
9772954
9763990
9763993
9755026
9772957
9763990
9763993
9772960
9772960
8322246
9692278
9656378
9719181
9692284
9683307
9674365
9683326
9638506
9278491
4324763
9593672
9377612
9611626
9638501
9476688
9584734
9485639
9674377
4656572
4854724
9647453
9665383
9377494
9485531
9179333
9161390
9512784
8359846
8188610
4818721
9521773
9432010
9414121
9503851
9503770
6117222
6072402
3351961
3334033
5108381
5405614
7396416
9296210
8981093
9584531
8593768
9116077
9584571
9584584
8161619
8782959
8593771
8917926
8899576
9620398
9539241
9341095
9674215
9638335
9070736
8683400
8079967
8179050
9070722
6439796
7367789
9548181
9656254
9629341
8476261
8278094
8044115
7881788
8521532
7927100
9314169
7539802
7737948
8170556
8260656
8089393
8098321
8440829
8359747
8179511
8359720
8449829
8828193
8720156
8720165
8711174
3874408
3784299
8629939
8278638
7999356
7909274
7918184
8008329
7810210
7999401
7638965
7647947
7638974
7630010
7855072
8071139
8440521
9341184
8251344
9233143
8647665
8665608
8071141
7864031
9314317
7638992
8224483
8116430
7630028
7936211
7630028
9620530
8854808
9629479
8953878
9242130
8260317
7846105
8854788
8368379
9332236
9251109
9070884
9350188
8773663
9269046
9061927
8278255
7791846
8377345
9251112
9341224
9647413
9152024
8782618
9647413
9620509
8764675
9043984
7782878
7539883
7557820
7557811
7557820
7449783
7458738
7467711
9350161
8485377
7467702
7467723
7377602
7260592
7458747
7539883
7260601
7449774
7260601
7846081
7638965
7350710
7539883
7720083
7720092
7629983
7440810
7828138
7630001
7828138
7729065
7918229
7521955
7458747
7638956
7828129
7918238
7729065
7720092
7638956
7530928
7990419
7621010
7720092
7900310
7711128
7729065
7729074
7711128
7629992
8719834
7629983
8359386
8647660
7773913
7548847
7819174
7476689
7954124
7368656
8926980
9629485
8746731
9638429
8071130
8575475
8845794
8179169
7872987
7872987
7467728
7449792
8170204
8674556
8161249
9431319
9242138
8170217
9431311
9152022
7872992
9143069
8953866
9431330
8071133
7773915
8764673
9629494
9638421
9350168
9620539
9620545
9611563
8566504
9629475
9638467
9629482
9629500
9611572
9629494
9620521
9629503
9620536
9638455
9629488
9251109
9638458
9629494
9620521
9629500
9638458
9647440
9638467
9611584
9638461
9629500
9638470
9620522
9440277
9620524
9620533
9620524
9431329
9629491
9638458
9629491
9629500
9620536
9638449
9638458
9629494
9638453
8287206
9602608
9620536
8863731
9620536
9638437
9638452
9620523
9260047
9629489
9638428
8476383
8368347
8665563
9061873
8476384
9160964
9629506
9629496
8278237
8377311
9620530
9611572
9611572
9620524
9611569
9070848
9611581
9611569
9611578
9629462
9602605
9629475
8179165
9611578
9620521
9620536
9611557
9602605
9647440
9620536
9593632
9593635
9602602
8188130
9620506
9440261
9611575
9602602
9593638
9602602
9611557
9593644
9611559
9611566
9593638
9620536
9602602
9593641
9620530
9602602
9611563
9611560
9638464
9593644
9620533
9611572
9602602
9620518
9602602
9620533
9593650
9611572
9611569
9611566
9611572
9620518
9620521
9611566
9593638
9593632
9593641
9593638
9602602
9602602
9602602
9602599
9620524
9620521
9593629
9584671
9602599
9602593
9602605
9593647
9611572
9611566
9602602
9602611
9593647
9602605
9602602
9593647
9611581
9602602
9593644
9593641
9602605
9593644
9593644
9593644
9602605
9620524
9611557
9620536
9602608
9602602
9611572
9611566
9620527
9611548
9602587
9593635
9584674
9602596
9602521
9602530
9602539
9620473
9611503
9602521
9602506
9602503
9584569
9584554
9584554
9584536
9575572
9142898
9575611
9566632
9548698
9557686
9548710
9575587
9566650
9566665
9584611
9548707
9548773
9557737
9521827
9593593
9557707
9584635
9584641
9602542
9566689
9575674
9575686
9476901
9512815
9557687
9512803
9512815
9620470
9575632
9521830
9512784
9575607
9521652
9539691
9557649
9584574
9584578
9593557
9593605
9584656
9593638
9611569
9566743
8864253
9278488
9287435
9620523
9620520
9359575
9593620
9179374
9593638
8792053
9278469
9368571
9602598
9584663
9593635
9593629
9575710
9611566
9476637
9602602
9575710
8792062
9071351
9602601
9467659
9476629
9611557
9602596
9611566
9620539
9485598
9566731
9566739
9287434
9188368
9071356
9386510
9593638
9359608
9287442
9476629
9584668
9152461
9269511
8963292
8683999
9467643
9593632
9584674
8999176
8972271
9566733
9386515
9188359
9458700
9089289
9377550
9575701
9386519
9485595
9386519
9575701
9395486
9485592
9476628
9575704
9386522
9575704
9584671
9584668
9566740
9584671
9584671
9575704
9575707
9566740
9476631
9476628
9593635
9593638
9287449
9593626
9575698
9575707
9602599
9566743
9593623
9584662
9584662
9593620
9602584
9485601
9584671
9575701
9593623
9575698
9602608
9584674
9593629
9593620
9602596
9602593
9584665
9611551
9602596
9611566
9602605
9602602
9611569
9611569
9602602
9611566
9602602
9602602
9593638
9584671
9602602
9584671
9602602
9611566
9620533
9593638
9611566
9620533
9593635
9611566
9611566
9593635
9620530
9602602
9602602
9602599
9620533
9611566
9602599
9620530
9629491
9620527
9611563
9620530
9602602
9602599
9611563
9611563
9611562
9611563
9602596
9629491
9620527
9611563
9620530
9620527
9620530
9611563
9647422
9629491
9629491
9602596
9602596
9611563
9575701
9620530
9575704
9593635
9620530
9629494
9611563
9638458
9629494
9629494
9629491
9629494
9647422
9638455
9656389
9647422
9629491
9629491
9629494
9629494
9638458
9647425
9647422
9647425
9620527
9656386
9656386
9629494
9665350
9656386
9638455
9656386
9656389
9665353
9665353
9575241
9674317
9485135
9656386
9665353
9665353
9647422
9674317
8773227
7232410
9386059
9656395
9647425
9638461
9620533
9611569
9593635
9620533
9620536
9467667
9593641
9620536
9629497
9611566
9611572
9611572
9611569
9602596
9611572
9602605
9611572
9602602
9611572
9620536
9575713
8485889
9575710
9476637
9188376
9566743
9386525
8990233
9170448
9593641
9584677
9476637
9278488
9287452
8990233
9368594
9188379
9368597
9476637
9467673
9170448
8675077
8296713
9071375
9359633
9287452
9368588
8981248
9278479
8990224
8693008
8792084
9062390
9170442
8873211
9179412
9467676
9476640
9368600
9359633
9242611
9449739
9584686
9575716
9575716
9584683
9593650
9575722
9584683
9584683
9566746
9557761
9575722
9557752
9575704
9575713
9566719
9575713
9566716
9593650
9602623
9602626
9593656
9611590
9584665
9584677
9539788
9575716
9593659
9584683
9575692
9584656
9566701
9593641
9575692
9584665
9584668
9584656
9584653
9584674
9584638
9593656
9566677
9557725
9584659
9575683
9575665
9584638
9575674
9575686
9575674
9593635
9611599
9566701
9584653
9593614
9593626
9584632
9584644
9611599
9575689
9557743
9566713
9602602
9575680
9575668
9593617
9575656
9584647
9593638
9575689
9575692
9575695
9566707
9575662
9566698
9566683
9584635
9593611
9575671
9566713
9575695
9566689
9557737
9557728
9566713
9566689
9557737
9548743
9575668
9539794
9566692
9539758
9539761
9530800
9539785
9539764
9530797
9566704
9584677
9566686
9593620
9557689
9584647
9575677
9575659
9575668
9557719
9593620
9593620
9584656
9593620
9584656
9602599
9593617
9602593
9584644
9584629
9575668
9602566
9566668
9611569
9602581
9611551
9593599
9575641
9593611
9593608
9602596
9593626
9602593
9602578
9593608
9575662
9584635
9602596
9584638
9593608
9584623
9593599
9593611
9593611
9593602
9593590
9593599
9575671
9611548
9602566
9593611
9620536
9602575
9620536
9584623
9602572
9620536
9593611
9602599
9584632
9584614
9593593
9593611
9584626
9593599
9611548
9602581
9593620
9611569
9611548
9602584
9593632
9602605
9611572
9602614
9611575
9602614
9575650
9584629
9584638
9620554
9602614
9593635
9611587
9566665
9593596
9602569
9575635
9611533
9602593
9575671
9602596
9566698
9602614
9584656
9593653
9584656
9584635
9593614
9584644
9566695
9584659
9575674
9584644
9593632
9566671
9584647
9602611
9584644
9593623
9593620
9566668
9593632
9593620
9593632
9575653
9611578
9593620
9575656
9593629
9602608
9593620
9629539
9593635
9611599
9602614
9602620
9593617
9611578
9620554
9593620
9611575
9593623
9593587
9584608
9602566
9566647
9602593
9593605
9584614
9584614
9593587
9593596
9611569
9629536
9629530
9611578
9629515
9593587
9629509
9611557
9647458
9602566
9620533
9611572
9629509
9620551
9629533
9638500
9629533
9602608
9593647
9575680
9602614
9611584
9611587
9593647
9611596
9611596
9593638
9602611
9602611
9593653
9611602
9611593
9593614
9593644
9611587
9575674
9593644
9593629
9593632
9584668
9602626
9566707
9611590
9593644
9611617
9602623
9584671
9593650
9584671
9575683
9575680
9584680
9584677
9548731
9575683
9593653
9602599
9611578
9611590
9584689
9566713
9575668
9575653
9593617
9593623
9575650
9566692
9593644
9575701
9593635
9575686
9584668
9584641
9566692
9530758
9557710
9584632
9548701
9566677
9512878
9521794
9566668
9539758
9557698
9548743
9512836
9458929
9359853
9566698
9557731
9566698
9566710
9584668
9584662
9602608
9584647
9584698
9593677
9575695
9548746
9539797
9557746
9566737
9566722
9566725
9575698
9584674
9593668
9584680
9575689
9548752
9584653
9584683
9584659
9593644
9575710
9548767
9584671
9620563
9557725
9575677
9611596
9611593
9611602
9620568
9611590
9584643
9548698
9512765
9602617
9566686
9575683
9584635
9593632
9593623
9593650
9593641
9593644
9611581
9566680
9602629
9575665
9602605
9602617
9584629
9584653
9602623
9566671
9575674
9575659
9575677
9575659
9584683
9566701
9566704
9602620
9557728
9593641
9602620
9575683
9602632
9575677
9602635
9602611
9602608
9593650
9593659
9593644
9593659
9548779
9566707
9611581
9593650
9584656
9575668
9584671
9530809
9593641
9530779
9548713
9584671
9557694
9530796
9521824
9566701
9530749
9566683
9584665
9548740
9557737
9575698
9503869
9539761
9485917
9548752
9512836
9557728
9539758
9521830
9512833
9557707
9566701
9611593
9575674
9566701
9593608
9593611
9593608
9593620
9611578
9593620
9593599
9602602
9593596
9611566
9611575
9620554
9593626
9611587
9575677
9611587
9575641
9593617
9602611
9620569
9575647
9602602
9593608
9593608
9584632
9593620
9602614
9584611
9593626
9611575
9620554
9602611
9584632
9602611
9602614
9602611
9593608
9593623
9575656
9593614
9611596
9611587
9602614
9593626
9584641
9611590
9602623
9611596
9620581
9593626
9611605
9602632
9611605
9602629
9575668
9584662
9611614
9584653
9602620
9584653
9593635
9611605
9584632
9566682
9593638
9593626
9593629
9602611
9593629
9602602
9593617
9611596
9566653
9584636
9602614
9593620
9593629
9611587
9602602
9629548
9611578
9620563
9602593
9602605
9611581
9611581
9602596
9602593
9620554
9593590
9611578
9602593
9611569
9593611
9593611
9602593
9611569
9593611
9602596
9611581
9611569
9602608
9611581
9584638
9593620
9593632
9593614
9593611
9602587
9629530
9584617
9593611
9602593
9593623
9602590
9611572
9620548
9593611
9602596
9602596
9602584
9611572
9611569
9602596
9602599
9611563
9593611
9611560
9602596
9620548
9620545
9611560
9611569
9611572
9611563
9611572
9620545
9611572
9629530
9629530
9611569
9602596
9602596
9593620
9611584
9593623
9602596
9611572
9602596
9629539
9611572
9602605
9620548
9593632
9602608
9602599
9602596
9584641
9611572
9611572
9611581
9611575
9602599
9584650
9584641
9593632
9593632
9575665
9602608
9593635
9593623
9602599
9611581
9584650
9593632
9575665
9593623
9584647
9593623
9593629
9593623
9602605
9593623
9584646
9593631
9566676
9584647
9584647
9584647
9593623
9593635
9593632
9602608
9593635
9593632
9602608
9584638
9584641
9566663
9602605
9602608
9593611
9611581
9620560
9602608
9593623
9593623
9629542
9602608
9602599
9593620
9602608
9620557
9593632
9611572
9584653
9593623
9566689
9584638
9593611
9602608
9602599
9611581
9584650
9611572
9602587
9602587
9602599
9584647
9620557
9584638
9575656
9602599
9602599
9593623
9602599
9611572
9611572
9611575
9620566
9584638
9575656
9584647
9602599
9602608
9575661
9611584
9584638
9611572
9593623
9611572
9593623
9593623
9584650
9620548
9584638
9611569
9593623
9620554
9602593
9602596
9602608
9620545
9593632
9620545
9611572
9620545
9620533
9620545
9629518
9620545
9638491
9638491
9611569
9647455
9629506
9638479
9629506
9620539
9638491
9629506
9638479
9629515
9620530
9629506
9665404
9665404
9647464
9647464
9638479
9647461
9674368
9656437
9629512
9620530
9638476
9638479
9638497
9647452
9665404
9638488
9647452
9629512
9665401
9665401
9647443
9665401
9692296
9665401
9656437
9665401
9701263
9656437
9656434
9656434
9638476
9647452
9656425
9674365
9674365
9665401
9656434
9647452
9665401
9692296
9638473
9656437
9665398
9674365
9647458
9638485
9656434
9665401
9683329
9674365
9665398
9647470
9683329
9683329
9665398
9656425
9683329
9683329
9674362
9674362
9683329
9647455
9710224
9683329
9692293
9674362
9674362
9656431
9692293
9674359
9674362
9656431
9665395
9674362
9665395
9683326
9665395
9647464
9665395
9674359
9674359
9683326
9674359
9692290
9683326
9674359
9674359
9692290
9728152
9701257
9665382
9710221
9692290
9701257
9692290
9719188
9683326
9692290
9701254
9692290
9692287
9701254
9683323
9683323
9692287
9692287
9701254
9692290
9728146
9710218
9719185
9692290
9701251
9728149
9710218
9719185
9692287
9692287
9719182
9674356
9719182
9683323
9710218
9701251
9737113
9674356
9701251
9746080
9764008
9701251
9701251
9674356
9719182
9692287
9719182
9728146
9764008
9719182
9719179
9719179
9719179
9728146
9728146
9719182
9710215
9755041
9746074
9746071
9755035
9755038
9755035
9772966
9799861
9790894
9808822
9646535
8817623
9213921
9755035
9781924
9772963
9701251
9701251
9701248
9728140
9683294
9719170
9710206
9701245
9755029
9737104
9746074
9701242
9737107
9737089
9737098
8502470
4755648
9746062
9737086
9665338
9584562
9611510
9593567
8864433
9432010
9512800
9458956
9530755
9566671
9503851
9521824
9378247
9441028
8774800
8396431
7531640
7711865
7009375
9360288
5694064
9378185
5784160
6748008
6991455
7342448
4892487
7657563
8243048
5585982
8540245
5306701
4802369
3694199
4063580
4261733
4748130
4054608
4324953
9414000
9440934
9350881
9431961
9423016
9440944
7468386
9387178
9143669
6306406
9440881
9449871
9378285
8891889
9449938
9441018
9414122
9405135
9414115
9378261
7783798
7495530
7963991
8189062
8702368
7126168
9071765
9378301
9279228
8324399
9414147
9414142
9458948
7639481
7567305
9432119
9423138
9449992
9476883
9432035
9458890
9432025
9467776
9485746
9476785
9423016
9152661
9494682
9432006
9476796
9512626
9521577
9512624
9503665
9512613
9530550
9512645
9548469
9494752
9485745
9431962
9539532
9503657
9557465
9557489
9503704
9503738
9494779
9521628
9566463
9557509
9548570
9368292
9386266
9485894
9494851
9512857
9521865
9530674
9512757
9503811
9539577
9548570
9611265
9305083
9593340
9575411
9197081
9593416
9539698
9521713
9557502
9530665
9512175
9530746
9593355
9575465
9584388
9566487
9521753
9593439
9566688
9557724
9557659
9557672
9566714
9548671
9656422
9584619
9656406
9557651
9611410
9593456
9593432
8196939
9620288
9629285
9323063
9602400
9611349
9611395
9593467
9440071
9611439
9620497
9674254
9620508
9611391
9611491
9584586
9593526
9593596
9602527
9638380
9611548
9638331
9647338
9719109
9620491
9656368
9674332
9746049
9629506
9665350
9719140
9656290
8493491
9772948
8700613
9367683
8413053
9638381
9656345
9701233
9656333
9656270
9656346
9701227
9710197
9638457
9665353
9620513
9656355
9638365
9665254
9557198
9629398
9665351
9007504
9647370
9665340
9692254
9656346
9674280
9710171
9701216
9647409
9665335
9656335
9674326
9746062
9674322
9737089
9710191
9737085
9656351
9692247
9728128
9683311