45804.54
39730.66
45804.53
52097.75
39555.58
39873.27
47050.4
43356.4
45902.55
42176.28
43327.27
37108.75
38601.39
49600.07
48302.18
42106.84
36127.79
37034.31
39556.32
49502.91
44797.58
48427.21
39607.35
42083.33
39582.95
47199.1
40952.44
38455.2
40735.56
34682.65
50753.63
47077.46
46931.49
48425.16
37032.73
56953.39
36029.34
43255.82
49625.9
45756.31
35834.7
46096.92
43357.19
43500.57
49576.45
34660.15
43259.82
49724.57
43404.59
37131.64
48375.95
43353.23
44479.73
42227.9
44627.02
44385.87
38382.95
37181.59
44552.25
38355.3
45926.99
39655.58
37011.29
44529.6
42178.03
44555.22
42101.63
40880.05
42153.08
45826.77
44504.87
45927.11
38431.88
35859.62
49528.82
34633.51
34656.39
47055.11
42130.43
44675.8
45902.52
48304.64
55702.14
49696.09
52026.9
43281.91
37155.14
37108.29
31054.53
44552.55
48255.14
44578.47
38407.17
45732.78
43330.09
46048.57
43328.94
43378.9
42082.14
42229.62
47225.51
44485.11
44726.93
45730.55
40929.38
36077.91
45731.63
46000.02
35810.91
39460.67
45999.0
33581.91
37058.35
38357.72
39754.81
60848.9
39752.98
47053.12
48379.39
47175.72
48326.57
48449.47
30762.85
39630.5
40758.8
42374.53
48326.67
47100.63
49599.99
43575.83
38505.8
50828.55
49673.87
40880.92
45828.31
37228.88
40953.33
39485.22
34536.78
38527.35
41910.9
45631.65
33432.38
40955.87
38406.21
39677.58
53349.12
48404.04
34803.67
54503.93
39534.72
39631.61
37156.6
48330.34
39584.1
46047.68
47033.11
49553.29
45758.65
47126.13
45752.95
47054.29
50754.09
47003.69
39680.95
44651.07
32328.84
40906.04
43403.36
44745.57
42131.74
45681.98
33552.71
45778.87
33288.02
53323.35
48400.84
44630.1
43158.58
44654.29
42030.68
45777.9
51978.65
35882.77
43503.0
49794.07
39659.68
44433.88
48329.8
41075.96
45805.73
40830.92
37181.66
42105.83
40903.91
45901.82
53249.25
40881.8
38479.92
35833.81
43476.49
53277.36
53301.73
54549.66
39726.2
44435.9
39510.18
35881.36
54526.09
51854.05
39801.66
42009.39
43308.48
55773.34
50727.56
43258.03
43353.55
47027.49
38259.7
40930.73
34807.79
54550.4
44578.66
48350.6
48328.97
43304.58
37157.18
48524.46
47102.79
40832.97
46931.68
43477.6
50803.2
47151.48
42102.12
34684.06
38406.01
43356.46
47006.19
46980.74
37160.87
44434.45
44603.62
40809.47
33459.18
45880.91
41956.21
40904.1
38453.79
48327.24
54500.04
38530.12
45827.66
47103.03
43354.41
43428.73
36026.69
45876.53
50825.71
38434.47
48133.95
42058.2
47129.35
47199.49
44459.79
43332.48
35859.57
52001.71
40781.4
43403.79
32107.89
44701.21
57073.29
40854.64
39655.4
40904.04
48402.56
34706.96
38260.25
44728.99
52151.11
50728.56
47201.4
45779.04
54647.31
51954.7
37204.26
34755.96
43502.63
44552.94
38481.78
45756.64
37131.93
37254.06
37253.79
39849.96
43329.27
38357.79
52077.16
42179.86
40783.38
40903.26
50801.57
35835.08
43233.35
45804.34
50897.76
35958.05
35933.68
49552.41
42006.48
48203.75
45755.81
37134.87
47029.88
38237.43
34756.72
38506.02
37276.1
48521.96
34825.46
47077.69
47004.15
39579.96
38407.9
47006.96
40979.65
30861.17
45757.12
32234.16
43452.97
55775.33
38283.77
45876.96
36026.93
44678.36
48207.56
45878.26
39507.05
40880.27
44458.99
42129.86
54598.7
40834.05
48277.43
37329.93
42177.09
45953.02
51978.43
46022.01
35908.58
44506.54
49430.02
30982.7
52173.64
38356.27
39801.73
52026.99
38356.66
49603.44
42055.88
43206.6
45780.03
43478.57
35982.41
49601.44
35931.7
55724.83
39752.9
54499.78
48277.74
43448.07
45780.36
50704.21
44532.07
44652.23
53347.76
39533.22
39557.93
59496.72
43431.67
39607.31
43404.87
31154.61
42204.05
40803.93
56904.18
47052.98
37080.53
44651.98
49406.54
27308.28
38506.37
49648.84
48279.74
49405.8
53423.45
39680.68
47200.21
50799.29
47031.19
40880.5
41049.52
44605.55
44579.85
44580.59
51882.09
34679.16
42250.94
50822.5
43280.79
37106.75
39656.01
47175.09
44624.6
49605.56
33433.73
36961.96
44798.35
49673.3
43254.58
48376.71
32256.31
35882.43
33382.92
42106.67
38456.04
38478.73
42278.21
45954.23
47201.5
47199.58
34756.05
48230.77
38332.85
50607.04
42131.68
39631.29
38551.08
38530.58
28459.37
37132.16
49675.31
53374.7
29758.51
43427.13
49431.05
40979.17
42058.32
40855.22
37180.69
43184.48
43256.88
38285.14
45779.31
41884.89
45850.7
44652.2
28628.49
43426.97
38575.54
40880.47
50925.25
51907.35
58150.62
45972.16
33381.57
42056.26
48278.86
52123.79
43403.15
44649.86
40828.68
41074.8
51020.18
45879.29
38602.3
32428.7
48230.25
48449.48
27380.8
33456.42
39681.65
49651.63
43307.74
42154.17
44556.54
38526.27
48400.94
44628.3
44654.07
55946.27
35980.33
48110.15
50776.5
42129.33
42082.59
48303.51
52100.76
38381.99
42056.76
37251.24
48181.14
38406.56
44824.0
42253.68
39725.27
49599.29
33434.28
46907.17
38381.85
42202.12
35953.16
37057.27
45876.88
39799.93
47054.1
44405.19
47053.37
39629.92
44581.25
41099.99
42155.82
49576.25
35978.52
44457.08
36123.46
45926.91
53108.34
40930.99
43453.17
42348.6
37256.81
47199.36
42179.99
42079.06
48352.27
47126.59
43231.81
25962.75
44435.11
33602.24
51977.16
37255.98
51857.86
39679.61
37205.09
37302.35
43378.86
52003.1
42056.83
48230.52
49576.65
44434.08
58200.59
43550.55
42034.72
34779.44
38406.61
47199.19
44556.59
44627.18
43354.81
40759.89
43280.26
38406.81
42082.55
39509.69
38307.5
47078.7
28606.75
38575.59
38454.15
40782.65
43354.24
49478.85
34732.93
37182.67
51903.62
40954.56
49573.59
42225.85
42201.32
34828.18
34706.9
46171.92
39631.33
42055.91
38502.47
45805.98
37206.62
45901.35
44483.38
39680.45
48404.12
40807.76
45875.42
49575.9
48378.19
48303.03
43476.48
37158.47
40834.45
39679.24
33361.04
48255.08
39532.26
33285.52
30835.91
44748.63
31006.1
48327.7
45780.07
41002.22
39556.88
45682.6
44507.46
36052.48
44579.31
45828.22
54475.6
45707.0
39582.39
39680.82
39728.36
38308.5
45707.75
37057.8
42084.02
44653.47
49408.1
29611.65
42032.04
34829.64
49530.55
40952.41
39631.92
42105.51
40784.2
36005.37
34657.0
49675.76
43160.52
34706.79
50776.68
40733.45
38260.65
51881.61
43450.96
44676.86
39705.09
44604.07
44556.78
37227.26
32207.23
44507.1
40734.49
42051.15
40831.6
49554.66
45754.54
34538.0
38456.33
33433.94
40857.77
45852.08
53302.19
42253.57
50828.07
45779.23
43234.92
42103.79
45782.67
53446.53
43354.75
37106.37
38477.36
39730.96
44579.47
36175.8
49432.2
35883.94
39558.53
45611.59
38334.14
40904.61
41002.0
39484.48
45900.51
43304.27
43137.49
43551.86
38306.9
40855.52
37205.81
45829.78
45854.65
48375.44
53277.03
45707.75
48254.49
50898.95
33458.56
42178.65
50899.37
44749.55
37130.57
38310.06
48254.57
36030.0
40833.56
47031.1
36077.82
46736.76
47127.42
43572.65
39703.8
40733.85
52002.06
44604.79
45805.93
37108.99
39651.38
50750.69
40953.6
48302.91
40758.79
45757.47
56874.74
43161.92
44703.99
39702.28
32256.72
42032.41
39559.75
47150.85
41911.3
43573.17
50702.77
39629.45
40954.59
45900.94
41959.77
44579.17
47127.66
40951.47
39534.06
39681.36
52027.84
49457.89
53421.22
37132.95
47055.02
54455.85
43283.02
43427.52
47396.46
40830.42
47006.87
35957.96
41099.6
38356.81
44723.4
50534.76
41053.05
40927.49
38283.09
46953.75
49550.34
44508.63
35831.9
43354.46
40707.25
44651.48
36984.71
42130.14
33433.35
49577.31
48228.85
41935.05
52171.06
44335.63
35862.29
39874.38
47126.25
39830.82
55796.96
47054.23
42177.65
38359.95
45902.89
44748.08
38430.19
45902.94
34708.48
49552.09
41959.47
51855.1
50926.23
47198.76
34705.89
40858.25
48351.41
34611.89
36031.91
50776.34
35931.74
48325.46
35957.59
54405.48
54501.58
54452.39
33650.43
44678.29
48355.44
42202.52
49525.73
43306.45
45830.22
53229.17
39511.75
44748.94
45830.02
38188.24
33433.26
48083.51
38552.72
42275.0
50829.37
32257.23
47076.73
52050.8
70690.0
53127.52
42177.93
40931.03
56926.89
44604.62
37256.85
28509.57
47102.51
44579.31
39630.74
56781.25
45902.82
43283.27
37278.52
43329.98
39606.42
44749.2
48158.21
42080.77
39533.68
42275.44
37232.66
42005.72
38356.06
45802.9
44723.88
37205.95
49626.23
34658.69
46908.2
44580.37
34705.88
42350.23
39604.24
43452.57
46024.84
40930.52
38405.8
33407.62
45828.21
39800.82
50971.73
49309.0
36940.47
59448.33
44704.46
48475.19
47055.43
33653.85
44650.63
48448.58
39802.45
48300.06
38333.17
38430.19
39581.75
46859.42
38430.09
47005.94
35835.85
49527.68
43547.71
49406.09
34635.1
43425.06
43278.84
38384.14
48351.14
48230.04
45902.98
52002.18
32232.22
38356.2
42103.83
48350.75
49554.12
39680.27
45802.97
45804.43
49698.6
37227.82
32036.66
45852.52
43186.11
37080.4
46980.83
55724.8
45706.85
47080.31
48474.77
32232.06
49602.11
38480.68
63172.99
35884.79
43188.54
44799.54
43257.34
45926.68
33261.72
44775.25
44724.52
44626.4
53204.12
43355.77
49651.97
33336.22
35908.73
53301.93
50753.86
42078.56
43257.26
41173.78
43304.41
47274.46
37085.7
51929.86
40977.46
45758.08
50752.23
47079.2
39607.57
35907.46
38306.6
53153.71
43401.08
32157.99
40955.74
43355.28
32257.02
43379.11
39607.25
45758.49
53105.27
43308.57
44728.66
43452.37
33456.24
39630.97
38479.01
38529.35
39680.13
48276.95
44580.31
42200.76
37205.5
37082.63
29563.43
43329.61
42078.59
39508.36
44557.14
43428.7
43576.32
42133.14
40933.6
57023.91
48205.49
38431.67
50823.77
47103.57
38383.83
56952.2
39532.37
34707.66
54305.6
43428.52
44503.59
40906.63
44481.17
50654.27
48402.94
45852.04
40832.04
35930.26
45779.41
44626.18
50825.89
39800.79
39607.31
45804.64
47272.73
42131.09
46884.9
43357.8
49652.48
41981.55
48375.54
44458.16
44625.87
40780.92
40931.13
29613.16
42152.45
42275.32
43305.16
45876.93
42154.2
45925.19
37423.92
43306.09
42155.61
44482.28
40904.17
40954.85
37157.71
55701.24
32330.3
40953.48
42105.42
42056.3
47249.71
49552.76
39678.66
39536.87
43453.44
41982.18
47225.71
49552.26
39460.51
43355.18
50704.5
38210.22
37327.63
38406.7
35860.33
43406.26
42203.31
47081.92
48304.33
37279.41
45948.79
50851.41
35860.55
38284.08
42203.8
48156.84
42030.89
47101.51
50780.84
38601.48
55678.88
38554.58
57170.91
35833.71
42107.24
32280.91
47075.53
50729.52
47103.4
37303.95
41003.68
44359.61
41027.49
40758.0
41936.31
50682.83
40951.57
32448.54
42133.1
38455.93
43408.25
48304.08
47077.15
43257.41
51904.22
38601.26
45849.8
52123.48
44506.45
42009.68
42104.82
44507.29
29782.6
53298.62
42080.8
30881.81
54404.7
44481.88
45877.38
46934.06
54599.16
50732.01
45953.09
42055.81
34584.98
43035.0
51954.17
45731.57
30859.76
34780.66
49478.06
38405.42
46762.54
47174.91
39533.11
42153.88
41150.24
47151.48
45829.5
36201.33
47006.11
43302.8
32328.06
43307.04
43378.06
40758.35
34586.36
35955.49
44579.42
47077.3
43427.06
43280.75
43379.13
39606.73
53325.14
37277.02
45610.87
45729.35
45655.33
47051.72
39751.94
42082.25
45707.19
43234.91
35931.64
49575.31
35931.1
43427.38
42030.15
35980.18
48252.36
57001.52
39581.28
48158.65
50948.95
35932.08
42228.43
43572.61
38309.46
43352.97
33239.16
45827.23
40999.91
42226.3
47180.28
42031.31
44699.14
40930.37
39652.21
40856.88
48182.96
42178.44
43473.96
34755.28
48374.92
45804.18
48302.55
50728.76
45779.02
42253.14
52120.99
44630.02
48180.25
35689.45
48254.57
38353.93
47150.78
50900.53
42129.43
34558.02
41001.22
37155.29
40907.19
52051.7
43355.59
44627.13
33506.84
32159.63
50679.64
40952.27
44557.77
49627.09
34755.43
38480.6
52024.17
44506.45
59425.84
43428.33
49554.93
48254.03
40711.85
38283.46
38480.38
39800.47
53278.27
55703.0
40731.73
37083.63
39680.76
37231.24
43330.0
54329.4
39534.66
48378.97
47001.82
42203.14
44409.32
49529.49
34706.04
35858.56
46834.5
44431.2
52075.73
42204.5
47054.51
40879.73
38234.73
44723.86
41075.01
34757.08
40786.23
53082.33
48132.52
40804.29
32329.97
38357.46
48449.73
35982.11
47077.36
38482.27
50799.99
47052.92
44577.81
55872.04
36100.78
53301.84
42252.98
38528.47
45951.89
43380.49
32110.14
49526.9
39728.42
47152.49
37084.42
45830.03
45780.53
39753.22
35832.16
33337.92
50630.88
42228.32
51932.7
49406.71
38482.45
33311.9
40784.23
45754.27
37034.17
41982.27
39850.79
39729.62
41983.14
26109.05
48425.95
45872.66
50802.38
43379.59
38259.56
48352.13
35858.99
46024.74
43304.61
42129.27
44604.76
54500.2
42131.82
53252.85
45776.51
60649.55
40830.96
39725.42
39632.13
47227.14
43160.52
38528.14
48471.74
43281.17
43330.81
34609.78
44700.16
44432.63
45705.1
47054.01
54476.67
38260.0
39582.88
32184.17
42180.09
47103.91
44530.18
50971.86
44288.84
48155.92
34630.7
52249.13
42130.3
43400.83
49601.7
43231.9
43330.46
43402.02
51999.51
49623.5
52003.87
47151.75
37011.58
28484.05
34580.7
44508.48
37156.99
28435.88
40904.33
44384.36
45854.26
48204.78
35928.56
41029.69
42103.6
39678.28
48447.02
45829.34
38431.2
41984.23
47103.64
44579.07
50901.45
40881.74
40905.7
52077.11
33480.21
38284.79
48279.02
41936.58
42131.7
39436.06
43258.7
47102.01
54622.12
40707.88
39508.79
38528.41
40831.86
43208.89
33482.68
35981.74
42273.91
34755.25
41003.77
52149.25
39609.32
39630.62
47079.91
48376.0
47028.67
39580.82
44556.97
39755.29
45999.83
37301.85
33213.92
37083.01
38331.28
49529.51
30763.54
45974.23
39799.48
45949.31
39679.21
50702.57
43329.5
45851.29
43206.79
38602.54
50823.43
26085.03
58126.52
43406.42
55701.73
38430.67
35927.9
31005.12
43380.67
42107.32
39753.41
35982.11
39704.65
53275.12
42005.71
43332.14
45682.12
47078.29
44411.43
45683.14
41075.01
37253.9
43353.59
39632.16
45828.02
38357.95
44629.09
45928.8
47224.79
49502.62
34778.35
45708.84
37229.56
48278.01
54474.17
48257.14
50826.15
44359.99
45779.78
47202.86
39727.07
43304.39
38407.41
44631.84
44626.32
50849.32
44606.19
44578.62
38600.21
39707.83
33311.47
37301.85
44605.91
42180.34
40856.21
43453.13
49503.34
44505.42
46834.49
50753.94
38356.9
43330.88
39632.07
61969.21
58396.6
43405.08
49577.46
42225.42
54551.87
47053.99
45876.74
33483.01
33287.78
49528.71
44703.31
55703.34
48351.67
44580.95
32332.82
45755.23
43353.6
40735.14
32160.1
38381.64
45780.38
42153.83
42421.13
47224.23
44605.13
47079.07
48472.51
43306.35
33579.72
50779.65
53301.54
37155.45
51977.29
39727.89
47077.48
43404.27
42227.05
60601.41
32305.01
37081.67
45804.46
45853.1
36077.43
47078.21
49503.48
41076.9
39630.48
43378.24
39679.51
39753.5
44482.42
42154.48
43307.66
38454.07
45806.65
27138.02
33459.19
40759.82
34679.87
47126.58
41957.85
39679.61
37206.6
47056.48
43161.9
38454.92
45851.86
44529.34
45730.57
41028.17
39579.67
52053.31
44702.06
49576.83
40928.09
35860.42
39507.52
43329.11
47103.27
43232.22
40879.84
41025.23
37107.7
49478.93
44577.01
44626.01
47199.46
45758.03
46957.48
37230.45
44580.45
33483.49
54380.35
48107.75
33552.71
42201.4
45827.89
45976.86
38211.22
35883.43
48546.92
44580.0
39630.38
33503.57
47003.27
35860.3
45854.08
24830.22
42103.64
41938.03
38210.52
45731.93
39655.2
35980.74
34733.88
36005.06
38428.82
46978.38
42202.37
39582.22
61756.71
44752.02
39755.33
42130.35
49356.18
48325.57
39801.85
42102.62
35957.21
40978.22
54404.51
41910.7
46932.09
43230.65
54574.91
45732.78
42055.86
38577.66
37156.69
39655.11
52053.77
49457.09
43281.21
39631.85
32086.22
38456.71
37059.12
45975.91
46933.32
43430.4
36224.14
53299.86
40880.69
38378.92
37229.74
39824.66
44822.92
45658.94
40905.31
40978.22
44508.52
38354.47
39459.46
48328.22
40953.94
51880.07
45878.19
39753.0
39609.39
35954.46
39729.9
43526.19
33380.52
40880.59
48450.45
37177.94
42033.44
44506.44
46958.79
29711.56
48375.02
48130.95
46881.45
25937.43
43015.44
45637.1
37082.54
39849.91
44528.89
42249.78
37180.38
43355.5
44456.74
43524.39
33261.69
58201.31
50803.9
40931.1
49601.46
50825.98
32306.41
43257.01
37106.34
48256.38
46982.1
45877.47
33532.19
45609.59
43526.05
39727.53
42128.85
53375.53
45903.17
39605.46
46906.26
49553.79
44553.6
41025.09
56803.98
39703.01
44750.78
39730.18
50654.56
40880.38
40906.16
32379.67
42055.26
32086.66
49408.29
48276.83
39605.71
50657.08
50897.82
53298.69
40904.98
50682.56
34683.23
53346.27
44506.15
44433.76
52075.35
48278.33
44628.01
43113.39
28363.23
42179.22
42203.66
42203.69
40854.59
46982.66
43426.98
33530.9
53325.13
37055.93
27160.59
34732.29
38649.14
43455.79
48426.55
49478.25
45781.22
43254.95
43378.11
45704.72
48324.36
39681.09
37229.52
48256.05
45683.2
44627.83
45856.43
47052.04
41049.57
39680.12
42130.57
38381.6
45877.52
45778.34
47129.16
38238.59
35738.61
45753.23
41982.77
43208.99
43281.24
36028.51
40978.07
34633.14
35932.45
42153.18
44580.11
45734.2
56902.74
43403.05
45782.21
34561.2
48278.16
35906.15
38186.43
35856.0
40950.95
37253.21
32159.41
33407.25
38162.47
48203.56
38306.73
45878.21
43354.69
38408.15
35809.69
40785.17
33383.73
47176.01
47054.54
43233.5
44578.85
49629.35
35934.36
35859.02
43331.07
30785.8
37181.55
51951.08
35932.28
39510.88
44677.76
45634.79
44651.48
59471.46
38308.95
40954.49
39727.32
44699.39
35881.56
38432.56
44603.8
38601.9
38506.88
45779.42
48181.17
48131.92
37205.18
47129.02
44508.72
43476.04
30073.58
37181.49
37155.81
49549.48
38236.38
44651.54
40807.51
40834.29
39604.82
44578.63
52002.69
48351.01
43255.37
38456.62
47002.32
43429.66
41098.45
50800.54
35958.42
47077.78
45805.53
44677.33
51809.49
33482.66
44700.78
34801.91
46909.75
42032.28
49554.01
45634.41
33457.13
40977.79
34680.97
45703.6
40980.09
44703.08
38454.35
44531.79
43305.88
33335.61
40855.06
37158.43
39726.42
44457.86
42079.68
40761.08
52027.56
50802.17
42200.43
37182.36
39484.15
36028.79
55727.11
43305.02
37304.64
45804.3
45755.69
42055.35
40880.73
47147.88
35980.03
39629.4
45731.57
44553.78
38160.05
49406.31
44602.73
48427.21
29709.58
38382.29
32205.16
42104.72
43306.27
42107.45
43136.41
44579.57
38309.16
39633.65
47004.74
47173.97
38383.24
39779.23
43380.31
48281.15
50851.39
39607.69
38332.85
44581.38
43330.24
49554.39
34659.67
35783.37
35931.73
45928.36
37132.63
48281.0
41051.4
39631.04
44385.94
37108.94
39604.69
38334.19
34707.49
34852.43
43210.03
45900.07
34609.33
26008.57
53273.02
33361.24
45681.87
40856.23
34731.54
35932.28
42081.7
40831.97
50703.5
45804.35
39652.27
40832.01
48377.49
42205.32
34511.59
43379.49
38332.54
34778.01
37182.8
39507.79
48522.24
44602.43
48571.61
43233.93
56974.3
44677.26
37180.11
42225.08
39677.75
44579.98
50803.49
34706.51
33335.9
48327.69
39483.79
54380.29
40785.55
40950.5
30909.52
53127.56
44651.79
37036.24
40832.4
49824.4
43351.58
37279.05
39533.78
39607.25
38210.73
47175.37
39632.01
38527.22
37082.28
39582.31
56977.42
39751.97
43304.34
42034.19
49576.66
42103.51
33481.62
48374.79
38432.47
37182.36
45854.84
38188.16
30883.61
45952.03
50925.24
39582.03
45902.63
48329.78
42151.87
40925.27
44652.08
56951.27
48180.1
51927.26
45926.26
38286.64
40732.77
36076.41
45899.23
44701.73
40834.08
42205.24
44408.21
43306.47
44580.73
35808.82
35809.92
48206.14
35787.03
42104.38
49453.95
36078.31
42056.51
40734.77
40930.35
46000.12
43378.53
32036.59
50779.3
42129.72
48229.6
45902.95
45851.5
47174.81
39533.65
42077.84
34730.38
46907.8
44458.3
48157.97
40904.13
44678.91
40759.66
35931.91
41073.24
42130.6
49601.44
45948.7
49723.55
42130.15
38475.97
30959.12
48082.68
34924.09
45952.46
27185.51
38380.62
57049.61
40950.71
39558.49
34778.13
49551.94
50729.81
45755.21
35980.39
39605.84
32136.65
39555.45
35907.12
34707.95
40951.82
38479.08
50802.64
53128.82
43356.23
34877.06
35881.55
38284.66
53225.83
34730.77
45852.66
43527.44
45729.62
43282.79
42055.49
45827.66
49478.37
45780.24
49749.16
49431.32
35931.2
35931.64
39459.52
42153.79
40683.26
48448.09
49526.21
44725.3
43279.9
50775.91
40708.43
42056.0
43207.96
40853.33
53203.91
42227.01
48182.09
42274.9
37254.26
40882.1
48400.35
32255.42
37157.22
50900.18
37060.15
42153.79
41861.96
44555.01
34705.02
39725.89
55894.75
44507.08
44434.12
38357.33
39825.93
47149.08
44431.56
53447.51
53205.78
45658.77
40879.5
49576.63
36056.71
42202.63
49674.03
39628.42
40905.73
37203.15
40781.43
37059.87
52052.48
40906.33
43401.16
39581.94
38601.37
45804.91
45855.0
39557.15
42055.86
40905.34
38527.55
52052.71
38502.78
50802.48
37133.6
45803.27
44699.68
57171.16
48398.11
38382.68
47101.93
39679.57
47005.55
43598.41
39484.92
36007.82
45754.42
52074.42
49455.44
33578.71
39605.99
37110.52
50729.35
42054.5
33336.66
34707.41
37158.03
44506.81
39629.94
33530.58
43429.09
45830.65
41937.05
55676.54
45733.59
48277.44
38357.84
48328.43
44627.15
38335.26
30935.04
51929.6
42153.49
50874.54
44870.91
37256.44
28339.64
43331.3
55702.85
38405.25
29855.41
39509.13
38331.47
50780.1
45830.98
33625.05
34729.17
38454.58
45923.61
39778.07
50829.34
35910.84
39654.48
42080.31
49577.12
53229.49
55823.11
44702.0
39581.25
37158.0
44703.26
47124.96
45998.03
33603.62
49452.68
50776.09
29612.18
47176.8
45732.92
52000.29
38504.66
48277.51
41959.9
53302.08
37205.28
49697.15
48328.82
46980.73
35735.4
27162.27
37279.19
45731.75
53202.39
35784.68
39754.95
49476.79
34586.19
38403.98
42225.5
37182.64
37132.04
37130.83
41003.27
45755.46
37203.44
46979.61
49432.13
39706.28
43306.12
38455.48
43378.87
38404.03
37180.22
33435.09
44603.47
38333.96
35858.76
37203.87
44627.58
47052.04
45904.76
28533.22
45950.54
39438.17
46026.16
36026.11
42007.81
37328.29
39801.58
50899.36
42228.46
48157.73
43403.79
49673.66
56829.8
39580.8
43306.58
48351.33
48373.92
46958.54
42103.81
56926.55
36079.58
37083.75
42105.85
50800.4
34658.77
44483.54
32085.68
39607.52
32084.8
35908.44
41982.23
45804.71
42106.47
36005.41
42031.39
40830.39
44698.32
44579.27
52172.49
40831.27
50852.79
42105.08
50824.72
51881.57
42082.91
52023.5
42033.48
40906.98
45801.04
47127.61
39678.02
34586.19
35983.05
32184.44
49646.82
52076.49
34633.06
42224.98
38452.6
53156.22
40811.14
37184.43
54500.42
32134.24
49479.01
54449.71
44725.01
48204.27
50778.65
43183.66
44360.73
42006.32
44505.16
43257.88
47006.94
49599.8
28533.87
43279.83
38504.64
53202.77
39606.82
38332.73
35861.84
42249.79
49576.28
35880.37
43378.72
48375.66
50799.68
50559.45
36054.3
45829.61
53153.53
27209.31
54526.65
32159.6
37108.26
39507.6
25961.67
43356.01
42179.94
29684.79
43138.58
50777.09
30882.64
39530.73
50825.52
40855.23
46025.3
42106.04
40832.2
39486.66
37131.35
44604.31
45755.23
45779.34
35660.1
44455.53
40854.69
28411.19
50777.41
46981.71
34684.96
39484.45
40928.86
55706.01
43257.83
44603.65
46982.18
50804.85
35783.63
37034.36
55701.03
44556.83
35909.74
38405.89
42250.76
49600.79
47079.15
48329.31
45828.35
44580.85
47180.37
53252.98
49649.26
38383.14
36006.46
42056.51
33581.71
39605.11
43330.75
42275.46
32158.1
63150.11
60408.0
34706.66
44528.65
45878.42
41049.55
44456.87
32354.38
43307.54
33507.03
47150.48
37059.96
37181.38
42301.14
38358.88
48182.01
48131.95
45876.35
52049.56
39604.76
48252.95
54450.81
44555.85
44410.56
45851.93
32332.79
33311.31
47152.0
42156.49
39558.47
41026.82
43356.66
39800.55
29855.85
42180.72
32038.42
50533.22
37155.92
37155.55
42057.8
45900.76
47987.73
44601.61
42032.96
34586.29
45707.63
49575.75
47125.88
49501.14
49501.82
43379.17
38575.82
40806.87
35932.2
42029.9
47078.88
40954.2
39633.1
40828.69
45805.16
58005.09
38358.0
37301.62
49452.62
29760.1
42154.44
37204.81
32378.8
46981.64
42032.41
34705.81
37108.05
42228.86
39654.94
32280.16
50825.19
54524.9
45803.74
41986.36
37107.72
40806.38
40953.36
43380.38
32353.69
36054.38
38430.31
42056.47
35953.91
44553.66
46958.71
43283.1
42155.71
35737.74
43523.64
44530.91
43282.52
47007.06
32160.0
38452.77
41002.67
53207.72
48376.19
30788.28
33407.68
39777.56
40901.34
34803.89
26133.19
38554.56
37082.23
38502.98
43474.44
55798.05
42154.99
31031.87
34707.86
36985.72
45996.49
50852.68
42252.16
43405.11
49479.34
34633.94
42057.78
39751.84
34634.08
43696.86
49504.72
34611.85
32183.92
44605.41
51879.96
39727.81
35981.93
49550.89
48352.47
39653.92
37230.43
40808.85
45757.07
43353.3
35786.22
45802.21
33481.86
48426.12
39510.56
58272.78
43402.59
42248.47
36079.49
35906.26
27163.2
39728.33
38529.11
43548.91
44555.96
53276.17
37181.8
58223.74
43453.46
32230.38
37109.85
43430.42
37277.64
37083.15
48282.94
43622.28
34632.89
43427.37
37032.68
49481.27
50925.53
38359.49
50804.13
43232.8
49455.06
38454.36
45855.17
50775.91
58153.57
24736.0
42079.19
40952.54
32184.64
39509.76
26105.42
42274.05
49524.73
35712.64
43307.95
39749.57
45952.68
37036.17
45806.22
43402.1
48449.68
47126.45
55653.46
39510.6
44554.17
45850.02
45828.67
49552.9
40929.06
43304.55
43331.49
37156.47
40807.65
42100.16
44409.57
53179.1
45802.41
37276.75
42250.77
40880.32
42029.7
42152.79
32209.49
32181.56
42153.9
48253.3
35932.3
42252.81
48300.49
38208.03
36936.8
56974.63
52029.54
55776.31
46861.4
43353.22
33431.39
48132.83
43306.0
44701.72
45854.38
39484.71
51978.43
39753.43
40781.68
44529.9
41838.09
37228.77
53177.33
49531.48
40733.97
37156.01
42082.27
50875.26
46882.88
44460.31
50826.2
42226.17
49453.44
51929.37
35834.18
42202.42
48306.55
45804.71
42031.46
37130.57
37105.94
44777.28
45974.65
52049.01
37133.94
42129.55
41957.63
40833.03
44457.91
53302.4
36987.32
40783.57
49478.27
39558.57
38355.11
49601.41
28608.12
38404.15
49529.48
50851.09
49529.26
42055.3
42250.69
38429.56
39656.07
45930.23
45610.93
44459.93
39585.54
42276.78
35953.36
42324.95
48424.39
42079.7
37185.36
40734.34
42447.51
40831.28
45831.27
43451.99
41911.76
40880.18
33506.04
45854.04
44650.58
45755.08
39436.39
39607.87
38529.2
44700.26
38577.8
44579.33
32183.22
39656.27
45974.51
60674.19
35956.07
41026.67
47224.41
43447.35
33481.92
50900.38
38406.52
37303.25
38431.83
35906.82
34728.31
44728.46
45632.56
43332.41
42179.87
38478.25
45951.55
47224.94
45854.82
35835.7
40805.77
38502.05
49604.69
35809.81
38358.29
37133.07
49575.19
42129.57
48254.29
35931.4
39654.75
37157.03
43329.48
50802.62
53132.99
38549.99
40903.99
49383.61
51953.25
50873.59
41935.73
34630.62
46907.19
38526.39
47196.86
43303.45
43522.85
43455.96
35953.82
39752.22
48453.34
44700.32
45855.34
43332.5
45659.13
45758.31
48232.74
39632.67
44650.88
36151.5
37207.18
32378.57
47078.21
39558.43
49576.48
45924.92
43208.02
37250.16
35953.65
39484.62
49503.93
49502.83
48472.4
34584.64
43256.01
43379.31
50827.97
40781.95
46957.26
51929.84
45754.88
42200.03
43400.37
43279.67
45949.56
40831.61
44626.45
50752.06
42082.32
53104.34
42155.66
44654.51
47031.77
44506.67
37034.18
53277.54
38551.91
43256.62
34585.45
45854.08
38310.0
48255.24
43426.64
44629.54
32305.77
39583.28
42226.75
38479.71
40662.19
40831.58
44529.29
42155.63
38282.58
39581.36
31031.6
34656.79
41959.09
44531.42
53131.71
48084.27
54477.53
40953.52
30910.51
41000.85
39775.39
40807.52
43326.93
37110.64
37133.86
42005.43
39632.53
41983.96
37038.05
44578.09
46981.76
49529.02
42103.28
58102.13
45830.8
44456.97
48158.93
54452.62
43499.07
44481.36
28581.87
48377.71
43354.52
40976.83
35958.16
37205.69
45733.14
50754.88
40879.72
43233.97
34657.61
34681.86
34582.89
44578.84
40904.25
42057.79
33362.24
38454.02
44484.53
33335.36
40636.13
47126.41
40781.26
40907.88
34682.33
44630.94
50706.54
38307.99
42079.08
35787.16
42104.11
37184.44
45659.58
45926.29
46980.42
44557.12
48280.42
47102.7
35957.94
52127.13
37230.3
42251.0
50631.51
46909.09
40881.62
42156.48
38432.25
39484.89
43378.44
34510.84
49501.11
44703.65
39654.32
43357.75
42228.05
48251.92
52122.4
51951.26
51977.79
55821.98
39337.85
44602.81
47076.59
44505.36
50655.06
47102.22
40979.6
53155.29
47126.96
40757.21
47100.52
27285.23
43281.92
37280.28
41961.24
40757.29
40903.67
45683.09
48473.32
50535.42
39777.74
42152.97
40853.79
40977.49
34559.79
38406.05
42079.98
39754.19
48132.75
39532.09
49529.34
30812.37
47074.47
39558.71
35910.72
42009.13
53225.8
32138.7
50705.81
38503.14
45829.77
54378.43
43258.78
42175.8
50752.5
42181.14
39655.46
32162.32
49479.05
45879.06
44580.14
49627.08
49600.55
39652.96
48303.82
38431.29
50726.07
43233.69
45805.62
49526.57
40951.84
49453.66
29779.99
29856.83
35837.27
48548.03
40855.87
38307.86
40904.14
39678.28
52072.42
43108.7
38258.12
39682.41
44629.09
34511.71
49357.26
49456.83
45756.33
45852.62
53250.81
40881.5
48130.98
38503.6
39582.46
42201.74
38481.2
43329.16
47102.59
39581.78
37205.5
40857.82
39630.31
47053.48
54526.22
42080.89
31106.11
33409.9
48229.55
32136.5
49725.29
43430.15
34754.51
38332.4
47051.88
43281.32
43427.23
44678.29
39487.46
45757.13
54577.75
39606.89
37110.07
39435.75
43184.0
50778.66
47126.68
53275.59
35980.48
49358.47
55897.26
43522.87
44725.77
54430.11
39510.73
33310.89
40930.8
51956.58
52148.56
44459.09
50728.56
38359.3
42032.91
39432.54
43308.61
46932.8
42108.55
39531.55
49478.29
49311.79
38357.48
39578.05
38381.42
35786.82
29710.77
46982.58
40951.51
39827.05
44653.14
44456.67
36007.41
44677.36
29978.94
47104.47
38358.32
51831.47
29855.47
36028.71
40856.36
50777.44
42203.12
50749.95
38308.11
40833.71
46955.29
40905.0
45929.44
48205.08
38186.21
46933.47
35859.33
38307.78
42105.98
54423.66
44531.05
38333.59
43255.66
40807.12
35734.87
47078.26
54401.79
44651.19
40977.39
35811.5
44775.01
43258.26
58226.48
50750.74
44727.22
41053.49
43331.59
43330.91
53178.25
42104.28
48328.63
35929.74
32233.73
37157.49
45854.42
46956.99
43235.33
41022.93
49700.14
37256.13
43402.08
48423.72
50778.38
38356.55
44675.23
49504.21
39582.27
33580.19
43376.93
37253.86
43453.69
52073.21
43353.8
35904.32
33507.16
48325.7
43303.75
40977.5
47053.09
43430.64
46048.83
45876.64
38334.43
50851.57
39435.45
49527.57
49554.83
45732.52
32258.11
37302.53
40832.28
38260.57
42056.9
45709.84
43377.11
43402.75
42179.64
43378.18
48230.84
42034.05
43233.04
44555.95
49673.44
42324.01
46982.14
45805.75
42078.83
44652.06
44675.95
40853.25
32233.63
51904.73
35885.32
38429.45
42252.31
38357.36
40950.27
39678.74
37135.22
42178.25
49404.51
28459.04
44630.99
30837.91
49577.37
44628.53
34585.13
40878.4
38308.82
38407.56
37108.89
56779.11
43260.13
38431.08
48276.65
45878.57
33358.95
37255.06
49503.97
39607.63
39532.02
47129.18
49528.57
44430.21
53204.58
40881.65
37254.77
39654.52
39413.67
35928.72
38285.49
49622.95
56928.47
49431.32
52002.34
43354.16
40756.94
46955.39
33311.27
36128.27
38308.99
36002.56
45780.48
43305.73
39631.58
28581.36
42008.24
41002.15
53277.98
49577.93
50676.27
31964.96
39701.79
48305.64
38283.63
48351.95
39510.21
54453.53
56975.73
45875.31
48181.16
49480.91
48182.4
43331.78
38481.39
37180.57
48278.47
29730.94
42204.36
52027.26
44627.57
42031.17
42129.78
41934.25
40807.4
40759.86
34611.34
37253.89
41957.97
34657.81
39608.35
43575.65
35956.74
55677.8
32304.0
47029.92
51904.09
45881.38
39459.61
39678.17
48324.34
44506.77
39628.75
39826.46
38430.31
39776.22
38407.28
49456.47
43450.26
47029.73
48251.6
44531.61
58148.53
45662.53
43308.56
53104.88
44702.43
37277.49
37206.42
45925.6
37105.83
44555.71
40950.79
52123.27
35978.69
50654.53
53276.45
43403.86
43378.05
46980.04
39678.82
42078.98
42179.55
49551.57
45853.13
39728.77
42106.36
42203.83
40831.92
43375.2
52074.0
29831.34
39559.35
44652.84
43159.46
42031.7
42057.57
40806.43
46955.06
39461.01
45730.51
39433.47
48301.06
33384.07
54404.21
50971.36
40980.56
48328.09
39556.23
51979.65
34780.4
52101.43
44482.51
37105.22
47322.84
43232.51
48279.61
47005.42
38431.69
36030.58
43355.03
39873.66
39607.3
43281.28
40905.03
55799.5
38359.59
40661.25
32132.64
33603.12
40780.85
55726.21
40662.98
43304.78
43502.09
47101.48
40855.42
35957.82
46098.12
45806.17
42349.97
53251.12
36078.23
38431.67
47199.58
40833.37
45828.6
41958.0
45949.47
47128.01
33531.89
40904.17
49382.1
40928.78
44505.21
40734.69
35931.07
36055.31
35809.41
49600.47
40756.78
44458.33
43231.94
47101.02
40905.23
40902.77
35782.75
39707.34
50800.17
40855.01
39581.54
53350.26
53179.0
39555.89
36128.95
30958.77
60551.68
33262.36
43328.87
47002.59
44701.76
39338.42
34731.25
37108.95
39582.6
46980.94
38357.99
40882.85
39461.26
43184.11
53131.81
39679.91
35930.5
48426.79
50486.16
45729.35
49406.84
46951.9
40855.13
38501.57
38260.69
37156.31
44653.41
37398.8
43379.54
39558.74
42105.77
38478.83
42128.27
45901.61
39777.62
42058.53
44606.66
38284.67
44604.66
39534.29
50823.33
37254.66
28507.49
39707.53
47007.87
38430.93
45659.63
37133.37
37058.06
40877.67
49481.17
49673.01
47024.96
40927.86
37230.09
47079.73
35809.64
31005.87
40881.93
45828.99
54525.66
38526.47
44726.79
47030.12
39655.92
45707.97
37111.4
58151.14
45780.44
47003.98
43209.1
47005.13
38453.05
49599.46
44604.31
44607.6
45657.24
43184.26
43234.96
40809.59
44503.96
44506.14
39727.74
44579.79
42273.32
40807.22
48426.2
37208.12
40807.92
45880.47
46955.52
39607.66
40808.35
45927.9
42129.99
32275.66
49578.48
44702.0
38427.49
47104.12
45898.27
32279.83
38357.58
43279.35
39485.58
34660.46
32307.08
44552.43
50777.43
43208.27
46979.81
45779.65
45776.88
49480.77
47101.68
36032.32
45831.43
45660.22
35833.14
40834.09
51883.3
45826.3
44408.96
40782.57
53081.02
45805.9
34757.27
54378.75
34733.27
45902.92
41957.17
50704.6
38502.27
37155.95
38234.33
50608.02
34659.61
52002.42
43232.51
50851.96
49576.46
45972.85
42154.6
55750.35
36006.65
40830.76
42105.34
38331.09
46981.86
33507.07
45754.55
39703.89
39508.66
44530.11
34586.15
45827.86
39654.59
42108.18
42008.4
34631.93
48402.73
33433.69
39752.24
39654.0
45853.07
53277.17
43232.87
45973.13
39559.03
36077.69
46983.02
37180.15
43450.54
38282.95
49481.72
40804.39
24931.51
33433.73
43331.43
42200.53
38454.66
40905.62
40858.14
52100.11
39604.15
34778.86
48133.62
42129.03
42324.51
47029.76
40930.48
44506.3
39582.42
46956.11
47250.35
39653.36
35979.67
37326.72
42056.88
38334.68
37254.19
36079.64
61950.83
47128.43
40830.68
30911.46
38456.08
48399.86
54455.39
42153.01
42224.69
40881.39
43305.44
34558.32
48254.41
42155.88
43259.91
43355.35
48425.51
37108.14
35980.02
49557.14
44678.37
35907.62
45901.36
42154.42
52054.22
48350.18
42153.11
35954.59
43207.97
40954.09
42082.42
43379.53
54376.1
53081.59
43330.69
29684.68
37179.9
42104.57
33335.63
44508.08
45803.48
45758.4
44508.82
37157.12
37060.22
45781.49
30983.2
35906.7
42081.67
39557.73
42059.41
35958.53
34609.91
45657.59
44529.94
53278.23
32305.76
47078.1
45901.37
38478.94
38528.63
38456.07
44312.38
39631.82
45658.76
41958.34
51975.72
42181.84
40905.9
43453.34
49381.57
33556.91
45729.99
38479.16
52074.86
45954.14
40999.71
44727.21
43329.19
44606.97
38333.36
40927.1
39460.79
43207.12
53322.62
43449.77
50728.94
45878.72
50751.98
43425.46
34706.6
34657.15
52147.99
37058.62
42229.24
48303.32
33189.74
38285.96
43259.98
47151.81
34559.31
34826.79
56853.95
40757.94
48106.17
48158.57
43260.01
38403.71
39704.95
44580.59
44506.78
38455.05
41910.21
47127.07
35784.59
48303.31
43233.75
35882.72
39582.0
38380.5
40900.99
36960.52
40879.5
44677.09
35811.66
37084.21
35955.5
42129.18
55824.04
44823.2
45927.29
39556.16
34562.05
44554.71
39609.79
39459.9
37107.41
44580.16
36911.96
47150.43
44626.08
47102.82
40930.94
45900.02
44699.36
55798.71
38405.86
42130.4
41837.18
53227.23
36962.99
45878.55
44725.62
35904.13
43207.58
36077.55
37248.72
35882.93
37276.4
39655.91
32256.55
43280.8
33410.98
37203.2
42056.96
51830.64
47102.25
45777.75
30957.94
45855.39
49697.98
35810.65
27114.04
53225.99
38529.15
41001.48
40807.13
42128.73
52025.7
39826.32
43500.81
40881.47
45709.07
48277.23
57025.09
34654.49
43281.29
44630.43
47125.65
44409.93
40711.73
43307.09
38428.11
41837.09
42129.53
42351.16
47273.0
44748.1
33580.57
40836.42
45610.91
43380.62
48231.32
35662.77
39607.03
38478.17
44556.65
46931.28
48279.63
32283.29
35809.81
45827.93
35812.45
44456.55
39556.52
40878.88
48207.55
37035.54
43403.61
43329.48
41910.23
44530.8
29806.52
44506.22
42083.1
43452.5
38333.18
47005.66
38331.52
44554.05
45708.79
38310.26
49575.74
48352.41
39412.36
50801.64
42104.09
37253.66
35884.8
40785.32
43377.92
50630.28
49406.76
37132.78
45781.51
40856.57
38456.52
40952.99
42054.16
38333.81
46908.85
39607.08
42156.69
38334.26
37037.24
39508.78
44555.85
45977.51
40855.09
31033.64
39680.84
38382.35
29490.31
48447.87
49550.35
43280.4
38355.8
40930.77
42082.08
47052.17
44649.11
47126.38
42130.39
50753.7
43526.94
45631.67
34584.3
39703.59
34656.98
37232.21
33309.5
33359.95
34631.54
40977.94
48349.93
38432.16
33357.57
39532.57
48154.7
44507.75
44604.11
44554.83
39604.41
42202.98
44800.26
53154.01
27381.02
41027.07
39557.47
49622.78
42251.69
40978.13
33336.19
49505.69
39578.82
48302.68
37108.56
44677.11
40855.83
48498.79
40831.02
43282.05
42156.47
47149.63
41983.62
49431.2
34682.14
39629.68
45874.55
33532.25
33506.05
42129.82
40880.35
45831.11
40733.23
39703.74
42226.66
39652.88
43406.08
43256.87
44531.44
43403.74
41983.79
35908.05
43209.43
46024.75
45806.13
45850.55
38404.96
43330.07
38405.46
53202.11
54379.74
48205.23
33483.37
40808.65
42080.96
32476.27
38453.52
37108.08
44653.98
48280.83
38358.22
49481.1
42127.87
37133.51
38333.15
26032.43
44628.45
34878.89
50730.46
37132.08
38526.14
41956.37
42105.66
43280.58
43209.85
36101.48
40830.21
47006.55
35881.51
45900.92
43280.26
43232.48
35904.12
43354.09
49601.65
45924.69
39702.11
45608.29
34390.58
44677.18
42006.1
44507.29
43258.39
39459.31
50704.04
33555.52
48353.22
50633.57
39532.16
37156.36
52052.24
46956.4
39605.92
42129.23
44435.62
42153.38
39628.77
39628.15
49672.91
49600.8
45975.81
42152.0
50755.21
35811.82
49528.85
39606.88
39653.98
37082.63
37182.31
35953.93
51926.49
42152.19
29733.63
47199.95
44606.14
38406.52
45732.69
45781.86
40979.07
43328.65
32186.37
44531.92
42059.53
49526.89
45802.33
51981.5
44630.48
47004.91
49360.56
39702.65
45851.32
51905.96
39679.65
31103.13
38405.65
54428.92
42397.72
43403.17
41003.98
38407.42
46955.9
40879.98
50631.98
59256.57
34730.73
40953.81
36887.85
50973.25
48304.8
50971.35
40636.24
43282.25
30766.36
40805.36
39657.16
39580.67
43331.61
48279.68
44481.44
48397.13
42057.91
39388.32
34734.75
50557.43
40735.81
47153.17
33482.54
31054.47
50875.58
54574.44
37084.27
43451.48
33383.91
37107.25
51953.31
36028.76
45731.51
43234.14
40687.19
43479.84
38308.21
37037.46
40974.52
48353.02
44555.12
47006.78
34658.3
44580.05
43327.41
40976.2
43185.29
48156.81
40880.97
48301.66
39437.89
42103.21
39560.44
42128.66
37155.51
35954.65
47175.75
49406.57
33556.93
44482.1
44383.71
43304.72
44581.61
33481.75
40881.38
45684.81
44822.77
42055.01
51904.54
44821.54
55776.05
38380.82
38213.28
44504.61
33313.82
39752.73
48256.94
43379.07
43380.93
39608.26
47004.91
44434.32
49574.55
33482.52
37084.58
43354.64
33459.55
38526.71
28460.08
49577.98
44702.07
47028.85
43304.51
48110.62
44505.51
50753.35
40781.14
40805.9
33407.47
43303.19
49602.0
46885.5
32112.34
34560.24
33480.05
37133.84
38405.98
42326.83
44603.33
47078.22
48474.13
44626.59
47101.53
48303.09
40781.95
52098.27
50828.01
38284.22
45805.5
42181.11
44531.43
43378.97
30984.8
39581.06
50730.83
39826.2
33457.12
50848.88
40807.21
40856.57
46955.72
45707.61
54306.49
39557.78
37083.32
29685.99
44529.89
40758.74
46074.25
49602.8
45853.65
48253.61
46932.72
49430.36
38332.66
39485.79
35833.76
35955.93
44676.14
43404.88
39728.62
50873.13
42130.83
37107.39
30981.33
32207.22
40930.84
55652.36
44580.85
28363.41
39510.43
45732.03
51926.8
48305.58
35931.13
34708.57
39436.33
38503.0
41935.95
49501.48
31890.15
49432.61
32257.65
30909.24
42030.39
38504.89
45928.49
41985.62
40855.81
30860.61
40757.81
43330.35
43160.75
39682.66
35591.2
35859.32
44527.85
43403.8
46020.96
34634.87
34683.35
45757.11
35810.01
47101.37
43331.06
43403.06
39581.58
32232.7
39556.65
46982.22
35905.95
52051.72
35807.55
37012.05
47052.79
43403.02
48328.82
42129.55
38407.89
38432.13
45880.13
38432.24
35981.07
41005.7
48326.71
53252.22
44602.79
34756.36
33308.14
34680.99
40833.07
35930.23
38309.79
39579.65
34807.24
54500.98
37155.67
55604.84
45804.33
45804.86
34634.18
49551.84
44455.37
47247.61
37133.25
38430.86
30861.93
45876.76
39775.91
35737.83
43183.42
44553.82
44435.3
39533.8
53226.41
48231.25
48231.34
45782.68
40832.04
38552.25
47101.55
34678.58
28534.83
47152.99
37302.07
42054.32
40904.08
42226.74
47126.34
49553.61
40905.08
45778.55
53229.04
34731.99
40879.8
39680.91
45583.76
47175.73
44630.17
39560.81
35882.55
38404.3
48205.6
39679.06
42248.59
50682.08
50754.3
39606.57
37204.31
53202.85
52001.9
38381.41
40928.64
43258.3
34657.43
42058.76
55606.81
42106.47
38431.25
37034.67
42201.77
34657.4
44531.25
41861.59
53324.25
46909.15
27185.95
40807.09
53250.24
37181.25
37329.17
37061.33
39386.86
43255.22
48330.05
43573.54
41983.03
44532.92
43306.49
48109.62
49456.38
41000.19
41910.03
32405.23
42202.93
39558.58
44699.05
39483.03
43328.51
43207.89
34950.48
40930.52
48251.57
43353.23
48230.33
40927.56
38187.97
49577.0
43476.88
48255.08
44555.66
43235.37
45804.61
45853.52
35834.88
45758.66
48204.68
40832.69
41075.35
40905.76
42154.61
30836.4
43206.08
37106.05
39705.98
38381.64
38478.66
40733.85
40854.83
40783.68
49481.41
43329.54
53375.64
45781.08
39778.02
28607.14
44604.63
33287.46
55729.97
39609.25
44602.91
46959.32
33289.19
54502.83
33480.75
34903.5
51879.87
31988.36
43281.33
34804.68
39705.05
42032.76
48180.89
48230.63
43182.69
44602.72
32112.29
46979.67
40879.51
28582.35
38307.38
42177.0
40806.27
54454.49
43306.41
37278.14
39605.89
44580.11
37110.17
39775.91
38359.47
34804.58
37205.2
48327.55
43329.92
41958.25
50874.69
45757.68
44725.87
47127.75
47056.03
50726.63
44679.5
42150.94
40879.71
45706.54
29664.08
53350.54
44604.07
40902.22
49552.59
44502.34
53325.2
48451.01
37155.01
42106.41
38262.99
43379.28
48424.29
45680.91
40855.24
39681.05
38430.05
43452.65
44606.69
49652.69
44508.76
43233.84
52023.11
47199.84
43451.9
34656.03
42204.49
40905.49
44480.95
41029.24
45856.63
34560.86
39483.73
53251.76
43281.28
48181.53
41983.43
43353.89
48107.81
49625.38
45951.16
47102.51
43306.07
49553.25
38382.06
28605.78
48253.66
38284.82
45829.13
35762.08
43601.71
43426.72
34756.4
42033.19
42180.43
53275.85
43210.84
29953.78
42156.71
50654.64
31032.46
49504.61
47056.29
39681.19
42008.72
47150.99
38186.06
35881.17
35737.57
44505.34
38481.43
44654.8
40953.74
52000.5
48233.14
39605.35
36867.09
48106.62
38333.79
38137.54
37231.64
43553.44
44577.91
38309.69
41024.96
35907.04
40711.76
49746.99
48327.55
45756.2
34682.55
45732.56
42103.99
42250.76
33630.64
33506.64
47028.23
36031.95
37157.71
35930.81
39654.61
32331.28
30907.57
43356.55
45730.24
46955.65
44580.01
42180.56
43037.78
40831.0
48330.68
37256.68
46982.41
39607.62
48227.79
42033.45
43232.08
48058.58
38285.66
47151.83
50778.87
39628.83
40710.53
38551.3
40856.0
40855.5
35808.06
47031.49
41002.11
43500.26
43455.22
39752.81
43477.74
41985.58
37057.93
44554.54
44626.9
43402.21
48279.49
37086.64
40880.04
46980.98
35981.7
38309.37
42105.14
45708.41
42055.83
48208.42
49457.07
44652.5
44556.29
45857.67
46909.21
47154.76
37179.44
43405.4
42079.36
39582.38
37231.95
43281.32
38187.67
40732.86
51979.33
42008.75
39732.41
39728.36
34633.53
39655.61
27012.98
54452.47
49651.68
38235.06
39629.82
47127.44
28629.09
30861.15
39704.44
40784.71
39485.58
39436.06
33507.22
42032.69
39703.29
39580.84
43330.7
35906.89
44676.0
40952.2
37179.33
52099.59
34754.11
33431.36
38282.89
41026.15
41861.26
37178.05
44529.38
28338.28
55774.41
39580.92
36913.77
43377.14
39632.17
34414.92
36914.35
44627.78
37157.15
39608.46
51830.51
48253.9
45927.93
34825.73
51930.55
50922.46
47054.94
44457.22
38380.89
51955.54
41956.29
38503.53
43278.79
39584.55
44749.87
49404.44
43281.5
43354.18
42154.64
38501.54
39558.31
35808.63
45977.02
42155.93
33457.37
54526.58
48328.24
42034.41
45973.69
47176.32
30959.16
40831.48
41003.23
44555.96
44604.25
38355.58
44482.96
42056.41
50845.8
39609.65
44481.82
39630.3
45807.68
44653.55
48206.61
37326.41
43305.35
44481.67
37033.42
39631.84
43257.98
39705.2
38552.0
45829.15
46979.54
44581.65
43452.76
47178.1
44629.19
45903.21
54402.41
40780.55
34318.71
30861.63
43377.91
47004.26
35881.58
42079.73
43427.57
47008.82
35932.86
43573.18
38257.35
43208.38
33456.59
43425.02
54451.77
40758.31
44507.77
44529.65
54599.79
42155.47
32086.2
39559.34
40781.55
39730.15
35932.15
38600.41
48232.61
42128.78
43524.27
39655.4
54405.57
40783.73
40734.25
35907.96
43158.62
37130.34
40857.42
29731.57
54401.24
40976.96
42105.52
39704.49
47052.71
47055.08
35906.28
49601.51
53080.49
48374.92
40807.51
49576.44
48448.84
38333.36
42058.14
38429.35
35812.33
34729.62
37228.57
47106.04
45778.56
45900.97
44551.26
33384.48
52149.48
39581.95
33334.86
43475.19
47032.26
37034.8
39556.71
38355.97
50604.11
38333.56
47010.44
37231.03
39628.34
38284.27
39606.82
37058.58
47054.56
33531.38
33213.2
46958.06
40711.55
48252.65
49577.71
49577.94
33335.12
42033.9
39583.89
49527.33
47148.32
33602.7
34779.83
45634.54
32037.42
41980.57
39802.89
33335.27
43306.64
48472.78
47104.68
47003.89
45879.05
42008.43
42033.51
48353.5
49527.78
44529.31
35856.73
43306.16
43185.66
34608.82
51980.45
43329.89
38405.95
39581.09
40832.62
46932.55
39632.12
45828.68
38384.78
46933.51
40808.95
30788.69
41958.48
40831.14
43207.65
47003.75
32156.09
45902.62
42082.73
40929.74
48253.83
50729.56
32326.58
53250.8
38382.15
47006.68
32183.84
44749.56
37130.02
43254.86
44628.87
38333.55
45925.3
39728.67
40759.83
38307.73
44602.54
49529.57
39581.1
48497.89
39506.92
33433.36
42080.77
40806.71
43305.37
45657.59
42130.09
38577.98
44677.8
44554.15
38403.92
30713.97
50728.63
40757.04
48230.74
50826.95
46956.7
34535.31
42252.32
33117.51
39585.39
37014.14
45877.33
38284.1
49674.53
44557.28
24734.55
43450.26
37181.6
36005.61
39511.93
40955.0
38430.33
33335.98
47058.26
43333.02
47031.62
37059.43
40781.82
58005.74
48182.05
34681.78
50801.08
44456.61
40905.01
42104.49
38574.95
50827.03
46022.93
54601.9
40782.5
38261.51
39585.12
44680.52
42301.55
39629.4
37180.07
48280.39
45879.08
34562.93
45852.2
38431.68
35907.37
42204.87
45682.09
39848.37
44507.12
40928.73
44653.68
43232.81
41959.25
42203.81
40904.19
38455.33
42080.76
42031.23
38477.92
30909.54
46955.88
34681.26
49453.7
40711.89
35981.77
44606.65
44627.03
43401.84
44532.54
44750.61
47077.7
49551.32
40807.02
40955.58
48302.12
42178.93
43282.74
40928.89
35881.67
38283.84
38406.05
43306.04
38354.71
37084.37
41961.01
43307.68
45803.6
39651.72
43381.56
50777.8
47077.68
44678.73
48257.51
50752.55
42080.38
37155.11
44627.51
44553.88
39556.26
47248.65
34804.77
42081.04
43403.87
49650.57
45954.13
36004.86
39584.2
40857.02
48352.36
40833.71
45778.28
43255.25
39729.4
35958.88
40854.86
47027.88
53471.22
35735.65
43160.81
38601.6
53277.79
38480.09
45876.89
39654.3
55724.56
46979.62
42226.35
40830.91
39510.09
47053.08
53056.39
42033.08
39532.91
51927.52
46957.7
46932.07
49479.3
34684.05
38332.61
42177.0
33602.68
44530.61
53372.45
42106.81
48377.44
42130.71
37130.85
44502.57
39608.14
44482.57
40758.75
45636.13
48280.58
38209.02
40977.62
39728.74
47050.9
44652.16
58224.46
43380.5
40829.25
42154.31
43331.84
40830.09
35812.0
45999.4
32210.77
42105.03
42009.41
40831.26
39580.84
39728.75
34584.34
45754.58
39513.11
45903.56
38453.35
39509.87
40830.85
33333.9
33431.4
41960.46
44704.5
35786.5
43209.16
44507.7
54307.72
39705.89
49528.51
43425.95
45781.26
44506.24
48180.84
40903.34
38380.76
49648.15
37304.62
48450.01
49431.26
43135.63
49453.62
49505.2
38456.22
47053.54
38526.16
49527.87
43403.07
30982.55
43158.71
49599.77
51978.0
35979.42
38284.16
43232.49
37155.6
39607.92
49600.13
29636.29
28556.65
40759.73
36028.13
47079.28
48303.1
32233.75
47079.9
43258.71
37060.82
44481.23
29755.38
51856.85
47223.65
33458.74
45706.07
49480.62
49675.88
53252.33
43353.74
38310.55
39704.84
45635.08
50753.19
33432.34
29758.46
38454.94
39656.43
36938.67
45855.69
39752.66
41910.12
52100.3
38431.59
33507.56
51980.4
49626.98
38238.56
40734.47
34632.68
44602.68
52026.54
39557.0
39559.41
37252.99
36029.32
40978.95
43282.22
35979.54
49552.54
44726.68
33382.77
38478.83
45730.85
38454.89
39532.92
42056.72
39655.81
49603.88
39706.14
47127.15
45803.5
54476.28
38404.19
43523.22
43283.45
37082.89
49628.37
42006.65
47200.49
44674.34
36151.24
36936.61
37181.26
45658.21
48279.39
38456.92
43376.05
49504.2
34609.04
28508.47
45804.68
48254.12
43399.9
45706.03
37058.74
43504.15
45756.41
49625.49
46906.99
35712.96
34703.31
41936.72
47056.78
40855.56
38383.1
40637.75
43282.4
51782.29
49649.58
45731.76
46904.56
48182.32
41961.19
38455.12
44628.06
34608.65
40807.86
38479.42
43500.83
44554.61
55821.81
46931.01
40808.58
40760.56
38478.88
38379.83
38504.89
58175.68
48403.75
53273.18
45804.65
41003.75
42151.88
39412.71
29684.46
49406.87
38405.19
39556.64
38406.79
39705.26
38503.76
38260.02
45804.61
47102.17
40806.77
47006.52
38477.95
43404.81
34709.06
42104.85
44529.01
44652.47
39558.61
40903.53
36079.24
33310.08
38259.44
35884.64
52270.58
32228.6
37108.08
41983.39
33408.96
45950.51
42057.92
48257.14
45875.22
37010.77
39802.81
50777.51
35856.97
35737.26
44385.54
39630.66
49553.18
39656.53
42055.37
38357.35
38235.2
48207.66
43353.38
44574.98
35760.76
39706.56
43329.65
33603.76
43401.47
41049.98
36076.05
33360.23
34659.13
47005.85
43477.23
32208.07
43474.18
42201.98
43255.39
40907.55
35834.24
45830.55
42055.49
40761.54
38234.45
40782.72
42055.77
37010.71
40807.87
29636.43
38332.52
32206.97
43232.97
40905.42
37110.74
42056.44
44528.26
39704.97
36004.87
44677.18
42082.84
45806.92
29856.24
49603.31
32234.58
39633.08
38331.43
43351.98
44605.54
42107.14
40904.03
42080.26
48279.17
45830.53
35903.95
44580.02
44531.98
38552.83
43207.58
37058.42
42176.85
45756.84
49505.11
48278.89
48276.87
44579.43
44532.52
41911.88
50753.54
42079.7
43378.36
45878.17
40854.46
36055.55
38455.76
37328.59
40856.77
43308.33
34632.51
40856.78
42225.85
37036.86
47028.98
33360.38
39581.54
43257.71
49407.91
32208.37
44532.72
43331.61
44602.99
47003.06
43430.23
35958.87
47128.07
44528.98
39461.65
39679.98
40882.54
33311.59
47078.14
37035.23
42106.04
46979.3
45927.78
32307.52
44701.1
60578.73
39728.84
48256.37
40806.46
47003.17
32305.86
38404.66
37082.5
36029.81
43087.17
45927.6
39340.15
43355.24
30884.48
40978.91
48156.87
40785.17
45803.61
41027.06
42053.01
38455.97
42104.72
43209.93
39732.08
43429.62
46956.74
41000.1
43328.14
42078.98
50900.07
43281.23
39703.43
39753.7
35733.79
40733.41
40784.14
38407.19
39364.01
48252.15
30957.62
48278.73
48302.94
44579.22
40782.48
40786.25
43234.02
34803.93
37011.96
47151.2
34462.76
48278.72
51953.16
48350.65
45729.5
30957.36
44508.8
34635.16
35907.36
40611.17
52076.69
35980.21
46001.5
48400.58
45853.56
50656.29
47105.6
37231.42
43207.77
38381.3
54575.61
33211.22
43329.06
44506.53
42079.9
45783.45
35855.46
43453.91
39702.5
44580.83
50607.01
39731.2
45803.16
51903.74
35860.6
39507.66
35931.42
50777.26
28363.1
48424.09
44529.43
25935.22
37254.08
48058.93
37230.51
47055.09
38528.42
38187.55
40785.37
44532.86
35930.61
47176.83
44506.49
48374.94
40881.33
41886.78
32208.8
44629.38
48157.78
54503.35
46982.26
47029.35
44456.47
48351.0
53180.2
47055.57
27331.92
33482.28
40833.19
46979.53
34757.58
39632.6
43279.94
53178.0
42056.52
37082.79
43329.46
45828.91
37182.93
54525.64
44652.52
40880.24
39556.39
34755.48
39656.28
33432.21
38357.84
47078.79
44528.09
38405.21
39556.17
48278.19
42153.41
49530.03
39653.54
44481.37
39460.98
40710.27
41052.68
43184.08
30908.74
44603.42
44554.04
37037.05
32255.57
29512.55
42278.26
38385.73
50874.18
40927.67
44554.57
26989.96
43308.81
40974.35
35882.74
46957.22
44409.1
39581.9
52047.87
49652.1
37012.39
37109.2
34632.03
32037.74
45853.29
47052.99
37205.39
33265.49
42251.34
48300.39
43403.33
42178.38
34682.42
47223.4
48280.0
33360.08
34683.4
42131.09
29733.79
43354.26
39654.63
42109.25
35880.99
35906.9
35932.63
35714.12
45801.89
33406.86
33360.58
40880.68
37108.45
47053.04
48256.66
38552.73
36100.14
41961.24
46980.39
50899.15
42179.34
37059.33
43427.99
39387.95
45757.0
40759.31
37085.02
45852.11
40710.21
39607.06
42057.6
43285.34
43499.03
29610.1
36150.82
53105.25
41837.53
45853.98
45904.66
45780.07
34681.21
36054.52
43331.23
35885.82
42081.37
29613.06
40857.75
40808.38
43524.89
44627.71
48352.21
39581.81
45729.25
31175.45
48183.58
38383.88
39604.04
40879.19
44580.17
33483.42
44631.25
39631.21
44650.51
43452.93
45901.79
32255.51
38284.81
46958.51
39728.08
46932.13
43306.9
42153.23
34703.11
32185.84
40782.44
50803.76
40759.98
40952.95
37206.48
42009.4
49481.15
45852.1
25815.27
43405.07
45659.91
43282.12
33385.94
43185.28
39578.62
45877.59
46957.53
47126.47
37009.92
29877.82
31154.39
40977.55
44555.58
39509.08
38259.63
36890.42
37156.29
43283.07
47101.61
37228.67
43208.51
34607.59
61706.6
30886.7
40930.77
44603.72
44359.05
33505.93
39605.08
44386.91
53082.53
43404.2
48279.41
48280.01
40955.06
43332.25
39484.94
33407.38
35835.51
42081.68
37110.27
42178.22
45753.49
40953.43
45804.25
45730.38
45829.52
35884.03
46883.44
44652.94
34633.71
49382.84
36962.86
38260.6
59449.9
24883.25
45729.46
42201.49
37106.82
47052.48
35930.62
44479.43
28508.09
33458.96
39850.16
52245.84
45854.68
50826.13
46932.97
46911.79
48205.37
40734.46
38576.52
48498.14
52076.15
37181.11
42056.75
47126.21
40881.53
45876.48
44676.98
38358.97
42277.95
40855.83
32283.47
46025.93
46959.21
35711.77
47075.9
56950.25
39681.9
39606.6
35784.87
43329.21
45803.69
40806.26
32257.31
39655.11
45780.83
34657.06
38357.73
49651.05
44555.07
44408.99
47029.05
42032.03
43281.19
38356.61
48254.3
45780.54
44631.29
39434.25
44431.31
39850.56
40878.18
46883.1
32258.02
37180.79
52029.19
42102.62
35836.52
53300.93
50728.89
48449.79
44652.05
51927.26
27310.02
38308.3
54404.94
41958.76
39536.07
45684.97
39654.77
47130.53
39655.13
45831.13
55750.32
47150.24
37128.98
48183.14
55796.78
44627.67
42155.3
42030.85
37254.23
50873.76
50777.94
44725.17
39925.01
34511.14
45804.94
33506.83
39509.7
38456.13
48230.38
39554.15
36913.37
39607.05
35909.03
39780.79
43233.65
41982.95
45805.4
48253.64
45707.13
37208.11
37007.99
45780.79
34877.86
52074.33
35908.86
31056.32
40827.19
37009.44
43378.14
47055.82
35808.69
44651.81
44580.57
45755.8
44603.83
46956.53
34876.59
48306.46
34804.45
48206.69
45998.94
47102.8
43086.98
52003.69
48350.76
50607.53
49406.58
37060.78
43306.7
53372.66
38238.57
34610.13
39530.78
38456.61
42153.3
34609.38
32208.35
45853.18
31032.99
44678.38
39509.03
46956.87
49456.37
46956.64
45682.84
35786.08
40784.72
43549.55
40952.54
49602.24
36077.59
48374.53
39631.63
53252.57
50780.3
33359.2
39655.71
35955.19
28559.11
40806.37
37085.93
43549.23
43138.49
41050.01
49456.35
40688.8
42033.55
40831.65
49549.94
44753.82
37180.69
31915.97
43257.77
39533.51
42130.71
44435.6
45779.03
44577.49
43255.73
49772.86
48158.28
40978.71
40636.23
39703.11
38429.89
45658.27
45782.34
44554.5
48227.89
35762.62
44674.44
32183.93
44459.22
41027.77
45852.39
46982.54
51931.34
42227.51
39387.1
48304.65
48155.44
44703.6
39507.79
37010.51
53056.06
39731.38
34562.38
43353.49
30961.5
40858.28
41001.68
51930.51
43307.1
39608.85
30959.56
40929.12
42106.94
43355.63
33406.86
32086.79
45804.13
40830.89
40636.35
39750.96
47054.69
50702.82
38284.17
38235.03
45753.43
45806.57
38404.51
40709.71
34488.82
44726.01
44532.04
38406.16
44336.89
52001.3
39631.4
37012.33
44580.0
42033.41
53321.76
44410.7
43404.21
47130.61
49311.61
36102.13
39558.46
45824.77
24759.59
38453.87
47078.43
45876.69
51904.84
40756.69
54501.86
39728.25
32110.99
45781.96
43231.61
42006.49
30887.55
32158.07
39579.17
38261.37
38383.7
39631.18
44556.24
34756.81
42129.85
44651.91
40831.49
41960.36
52076.36
28607.77
53397.77
50728.73
47127.38
36962.63
33335.13
45781.93
36984.91
37279.52
50877.74
25863.1
37058.93
45830.86
43330.31
50779.78
47178.15
32329.53
44432.54
47175.91
37033.33
45755.16
42056.97
44578.02
42106.52
32354.08
40833.37
44556.09
32136.59
45877.91
38406.89
41933.96
40929.68
43405.68
44481.23
39680.46
48208.92
40878.82
37106.68
37084.11
42201.63
35760.88
29563.61
38480.01
45754.45
45758.3
44408.53
37133.62
37277.66
58172.69
47298.87
35957.22
32184.59
45706.17
43523.82
43234.92
39582.2
39850.13
32111.23
40931.23
45808.19
30960.32
44526.89
45878.03
38455.15
44555.35
37085.43
32109.48
34559.44
43355.06
39534.03
41981.56
44725.55
42179.05
32207.08
44577.32
39777.76
39607.19
36053.14
27331.02
35810.14
38455.94
47272.78
47030.27
43159.31
43283.59
43304.37
30935.91
42053.17
39559.58
39606.39
47078.94
49676.57
39532.68
40757.74
26061.09
40709.5
45707.11
47030.4
52102.0
43328.89
44582.04
33555.23
31989.03
39681.82
42056.52
43451.31
39752.35
35905.93
32206.98
49624.47
32112.69
37058.24
45901.46
48326.86
48399.05
42131.7
48375.55
38261.86
34705.85
40930.24
34704.96
44799.02
40952.88
41982.63
46931.92
43402.01
42032.4
35931.59
48203.57
38427.7
40976.27
34561.87
39728.67
32301.92
31008.83
45563.2
42031.15
50776.99
38306.55
33455.87
39557.32
37231.12
43427.67
47150.98
46906.15
38212.21
49504.45
35835.2
42104.5
43403.24
47005.72
40852.98
47003.64
51856.0
50728.26
37062.38
32086.32
37131.62
37157.58
44384.71
48255.88
25963.86
48182.18
45657.18
36985.67
43551.68
42032.35
48207.04
45782.59
44603.25
34560.23
53054.41
49481.05
34585.06
34657.04
51902.4
44457.86
50802.59
39556.03
32136.64
43379.68
49553.39
44505.87
39630.25
48181.86
35979.78
51905.08
44507.94
44555.56
42081.95
37230.51
55897.34
46957.6
28239.69
53227.97
39606.2
39604.95
39704.4
43306.38
41052.19
40858.08
40758.75
39409.5
40978.12
51954.07
29804.89
35931.12
50826.52
48328.09
43376.35
41984.21
42008.11
38381.6
53251.54
44653.62
33407.95
45655.93
37060.37
33432.11
42056.98
29882.23
38258.95
42034.23
34827.55
42129.72
44479.92
38332.5
35883.26
40660.04
36029.18
40858.0
44481.27
43378.73
31056.05
43282.21
38260.4
43229.23
49526.96
43038.22
40953.74
49529.72
37230.61
39680.51
54428.38
41960.03
47006.71
32306.48
42078.24
44798.64
29537.48
33237.0
37107.26
40858.21
46980.12
42033.16
36936.91
32305.83
41981.84
51906.78
45658.29
45755.02
47176.55
29638.17
31081.72
43426.61
47102.56
34535.27
27161.17
38355.13
37010.16
42249.9
40881.49
46024.36
34608.77
45853.53
49481.82
37112.45
40782.53
43302.77
37182.05
53230.94
28289.08
28655.05
47032.03
35983.55
30936.59
40854.49
44581.11
38208.48
40854.17
45805.78
28363.75
33434.0
42079.41
39704.04
37108.92
42129.86
37133.14
43134.45
54551.38
43156.84
35858.54
35809.26
43426.74
44651.3
45779.99
36077.09
32207.85
35833.84
40808.04
33384.84
34441.33
40805.84
38331.62
40830.73
36938.34
40880.19
42176.14
39558.48
42055.0
40661.42
42274.91
43499.42
37204.73
39654.56
40688.39
49550.72
33411.61
38380.52
43332.66
47204.36
37328.05
37034.66
48256.42
50779.88
39529.7
35712.91
45829.99
48254.19
41980.51
44528.57
35784.0
43185.85
43400.76
41001.15
48349.17
40878.06
39604.68
33456.15
39557.5
39436.54
22140.39
40756.27
45631.31
39557.51
42180.11
41765.36
42083.13
54452.76
51929.44
51953.89
37280.38
44775.19
35687.17
40660.37
31942.39
46881.05
33434.08
43453.86
34609.79
55507.99
38430.26
48281.95
44749.99
44630.0
38431.53
34734.57
50679.74
40878.08
49601.54
65696.99
37010.01
34387.11
45756.22
39485.07
43380.77
48058.01
33383.2
39604.91
39532.03
49526.09
48206.47
43351.66
43255.34
45876.49
37160.15
45854.95
44578.99
40830.4
38358.14
50679.22
40902.82
50753.94
49503.73
43305.69
44700.39
40808.38
33529.65
49431.27
43404.87
43330.22
29782.25
43475.67
39828.18
45827.73
44556.01
39726.54
51829.14
39409.56
40931.34
38285.75
45804.87
39653.25
45828.76
39386.79
49602.8
42301.71
39654.33
37178.85
34634.48
43256.77
41859.57
38600.3
30959.9
40952.83
44630.08
32060.91
47054.86
32330.09
38405.24
47150.32
43377.96
39630.43
48209.47
35810.96
43280.72
37154.05
41030.06
47007.95
42082.47
34612.78
35834.97
37108.68
39508.16
48230.16
37180.74
44459.54
34486.93
38505.58
41052.01
43327.25
48327.36
40762.17
53300.97
34660.8
43181.65
40733.44
49478.07
46955.82
40881.32
48206.25
45754.41
38479.17
39435.18
37204.58
39462.34
39533.85
48276.81
41934.02
38112.77
44724.47
47249.41
34634.13
44457.67
40759.03
35980.63
33263.39
32062.65
41001.93
35614.33
44457.82
34535.72
37058.89
35980.23
45730.4
43403.25
47227.04
43331.49
50849.84
51953.52
40976.69
43258.21
35932.23
41051.72
43353.95
35783.93
35957.57
35810.72
32206.77
29635.96
53252.39
32257.25
48253.69
49476.99
44452.77
45780.94
47125.2
43404.74
42033.61
46024.77
33383.39
44580.33
34658.02
34778.57
35832.75
42178.52
45684.28
35956.48
53153.12
39627.3
42179.22
47054.26
43256.8
40731.87
50630.15
44578.6
32086.1
48255.05
42132.18
38211.7
39704.53
30958.9
38282.74
40879.87
40976.06
48326.64
44653.09
48254.43
44703.77
36961.95
45878.2
38306.56
38332.89
32159.97
37132.96
42156.86
45802.95
40878.82
42107.04
38430.82
37181.36
48377.22
37255.25
44582.14
43210.01
43235.84
39582.82
35858.84
44603.25
39677.49
47250.73
43451.01
43207.78
43259.69
39631.18
45878.72
39560.27
42128.12
52125.25
44411.62
40735.67
45903.73
47225.79
39529.8
36004.91
44456.65
44483.02
43258.02
39559.12
45830.54
42080.77
35885.53
33384.81
44531.41
47200.53
35983.85
42007.75
33308.32
35785.01
34682.32
38332.66
34559.65
42103.41
32182.38
49529.61
43596.95
37256.17
50705.43
28483.64
49601.46
33408.3
48352.12
43379.1
39556.94
42057.34
50754.38
42034.43
46833.98
50729.14
43474.71
43162.41
48037.83
43307.03
50852.45
41984.2
49578.22
30763.34
39608.34
51925.66
44579.2
45924.49
48204.44
48203.41
49480.94
44533.29
44581.57
44656.84
38233.47
59326.08
35880.74
30812.51
34388.06
45855.36
46808.96
37009.89
49381.61
45875.91
55579.13
37108.43
45853.61
42056.29
47101.54
34733.55
44531.97
36051.56
52099.13
43452.63
38353.91
34877.01
39582.69
43452.09
37084.6
41982.6
40853.96
39631.31
42130.7
39512.1
45658.66
38285.69
40805.42
48230.79
43427.4
40683.69
42300.32
45853.9
40807.36
43328.56
47007.42
53203.6
39657.89
40879.92
33505.14
40928.06
31892.44
44703.59
38309.41
38502.86
43160.44
48233.35
43330.21
43306.43
38306.9
43231.35
37159.58
33529.06
52099.43
43428.98
51904.67
42006.86
34587.15
43283.13
40929.56
45902.49
44650.36
39656.75
40906.03
53250.67
25959.57
45683.38
34659.51
35834.61
42080.57
37009.66
38258.97
44553.8
46979.28
45755.87
40711.0
39437.96
42007.58
32086.75
47055.25
42057.78
38503.56
38235.83
43502.2
42175.86
37011.3
41985.32
49358.37
48425.57
45808.27
48253.55
41837.4
43378.92
45487.26
39654.98
45831.13
43381.74
43330.04
45977.02
39632.93
39338.83
48330.87
39679.78
38453.09
38527.59
41959.93
38358.88
43280.42
45881.09
35859.9
39627.65
44628.78
43330.1
48086.43
50776.78
38309.16
39655.04
45705.13
37202.84
35908.31
45706.34
38309.91
49480.69
39726.92
44504.52
34537.26
43235.92
45685.49
41981.52
35711.83
49529.39
32061.36
56828.7
43402.5
34657.0
49554.01
39555.9
44457.56
33406.28
44726.0
40831.34
38382.04
43307.83
30908.42
44532.16
32305.43
33409.07
34631.94
29612.9
38431.97
40661.3
46931.26
48327.57
49455.16
35858.32
39774.9
32087.74
37159.5
44457.68
44628.54
44629.02
43184.35
34587.93
36984.19
44701.63
47101.54
51978.8
40854.22
41149.08
36177.21
38503.06
39531.83
34635.84
44479.88
32135.96
44432.48
35860.27
42130.85
39531.01
48231.15
36076.88
43283.64
34609.71
41982.31
40929.45
40881.97
36148.85
46050.49
43305.75
32159.55
37082.87
43258.36
40926.54
35931.84
41025.95
39631.96
37204.02
38455.52
33286.61
49699.84
39679.12
49429.52
33483.49
50900.27
38406.95
48206.46
39630.73
35833.91
47100.42
35956.36
38308.26
35785.07
43328.6
47077.14
39729.05
39556.98
46931.72
48182.84
45779.49
35810.02
37133.25
44456.86
40879.35
50751.52
29566.13
48206.25
42156.53
43378.33
42031.62
32137.61
39681.57
44652.48
39531.99
33479.86
40660.21
44532.52
38404.73
44678.13
39727.1
44578.48
52001.78
38281.85
50680.68
40953.08
50703.89
40808.13
38260.03
39804.76
37058.0
36961.98
46981.84
50729.1
53081.86
40831.13
39581.55
44626.56
39555.02
44506.95
49627.58
33557.69
35640.04
44753.35
47102.15
47006.38
41909.03
53277.12
37202.92
41913.49
37080.43
44555.08
38164.24
38235.09
37253.15
30959.33
43280.17
30984.36
35857.58
44531.33
32306.19
30885.61
38210.33
37326.94
39605.19
49480.36
50704.48
33483.06
37278.59
48280.51
45904.41
39557.31
38260.05
33333.61
48353.69
49529.4
47006.78
30934.82
45709.83
43232.79
43332.65
34391.79
33579.91
42082.26
42056.37
43256.74
25911.74
37131.66
44604.42
39705.14
44532.73
40783.71
38306.58
40660.5
40709.42
34755.33
43183.62
45581.96
36986.09
45829.03
45633.23
44530.71
40783.96
31103.63
43401.13
25838.93
39702.76
48327.86
53203.34
43283.69
48326.6
32113.18
38212.44
40636.86
33310.51
38402.51
39580.89
48377.95
48206.59
38381.17
37205.71
37181.53
44701.01
42056.32
43404.27
44628.48
46957.66
40734.79
49676.6
50750.66
42155.67
25961.48
43209.44
34732.44
58151.49
40906.05
45703.87
33360.06
40855.68
41001.05
41982.8
41982.23
49506.33
29683.86
42272.8
50654.85
42054.47
44580.56
48279.03
37303.62
39534.39
37207.28
33457.32
46860.42
37131.81
34754.56
40833.95
48156.38
41959.69
30982.92
36935.43
30861.83
43207.9
35906.68
37012.01
39632.3
43379.07
39751.62
37083.82
39628.39
48232.44
46982.07
37036.39
45732.11
54403.09
42179.51
34609.84
51733.84
44628.38
38233.74
40882.67
46979.31
39654.81
50657.64
40881.36
42153.76
39532.95
41002.57
30885.33
37106.94
49432.77
35955.83
38357.68
37158.01
39628.86
33458.26
44604.17
49504.12
38479.54
36938.75
43134.28
38332.46
47124.54
37133.85
39680.82
48281.98
47077.88
32111.99
34609.57
37305.02
43352.07
39629.6
48108.52
39726.47
39558.09
35833.56
39556.68
39605.8
41789.37
41001.54
33480.36
37281.33
44433.85
32038.33
44431.44
42032.34
37134.24
45783.03
54502.13
36910.77
39557.21
44336.18
38381.69
48306.31
35957.01
38428.04
34585.64
37277.68
35830.93
39630.3
45634.33
35665.24
52075.36
47026.12
38163.16
33310.17
39580.53
39632.48
42173.3
49481.46
31131.24
42230.12
43551.93
32232.11
40803.9
39556.39
49382.38
39679.9
47127.45
43379.84
45850.13
49283.93
53276.14
45779.27
37012.46
39632.35
29711.08
45632.88
42106.49
33384.63
42129.16
39581.84
39410.79
34707.44
39701.22
45585.78
34682.95
48350.2
40928.67
35932.14
33507.08
47005.04
40758.93
44503.84
45950.8
46981.71
39555.47
37154.2
50681.66
36103.4
40782.39
49554.14
39607.78
49477.84
47129.43
43403.17
32111.92
40784.02
38382.59
43159.29
39606.35
48403.64
47079.37
35884.53
44653.47
47051.53
38213.15
43332.0
48254.36
45707.02
36938.15
40858.66
48302.46
46955.99
44531.76
40709.76
46858.07
29709.99
43235.27
40807.23
46956.5
38455.0
34659.57
40660.73
43278.5
33482.39
38332.59
41983.54
38478.71
42253.38
34732.14
38334.41
33407.25
38383.12
38354.33
56878.8
44702.34
47076.52
34732.72
50604.99
44580.09
49580.18
33263.73
34365.26
43452.58
33456.08
45733.64
40782.28
44531.05
29782.9
35955.14
43353.65
38379.13
35932.41
42127.14
37106.05
50754.28
38283.4
35712.49
44580.5
48228.12
45680.7
33263.25
45659.09
48233.65
42077.77
30958.53
35932.03
45732.69
48231.27
45904.67
45755.19
38429.77
32281.35
38481.02
39557.01
50800.76
39606.83
34487.03
35906.74
43256.48
42180.39
41981.69
37105.27
44676.63
48156.67
43453.81
40759.74
35590.89
43183.77
30958.37
50703.55
39682.88
45777.46
43378.5
45778.62
32232.93
38529.01
34680.01
33434.61
41937.01
30935.45
47105.13
35735.76
40786.62
38454.72
45731.08
43524.32
32108.6
45709.29
30884.6
44384.71
42008.05
56808.53
38212.06
43232.17
32281.84
33288.11
39558.41
43404.74
39585.17
39780.31
38406.68
48230.17
43206.99
38356.14
40905.92
43352.92
34584.77
37155.16
42056.79
51933.5
38480.78
37229.02
39533.17
40707.94
33505.23
40904.76
44481.11
37109.44
50559.56
42079.68
43111.79
42129.49
38331.57
48304.48
37203.55
44601.62
35783.63
34608.9
39656.8
39581.01
45831.72
40808.1
44454.69
42030.95
44627.05
34414.89
45901.44
40730.48
50774.76
38431.0
33335.27
34658.96
33408.32
48203.99
39511.21
49552.91
38382.09
43429.09
47053.16
43256.56
43453.34
32161.32
45753.88
48328.87
40878.73
42030.88
42080.06
42032.08
42227.93
47003.89
35787.38
34634.34
48279.48
45850.87
35932.36
38378.82
37084.78
47003.4
49553.44
35833.08
34584.52
28361.79
40491.55
49553.39
37133.16
38334.21
38478.65
44434.52
50705.7
47126.91
32183.52
39631.19
47055.01
41909.16
39557.87
38429.28
32060.51
50678.42
48059.97
44458.61
37083.32
45924.48
44507.18
34707.68
37228.79
40878.58
38380.84
38456.77
44653.36
48305.26
35957.6
55700.83
48105.7
37155.71
38309.19
44506.24
36887.9
43305.81
39681.08
39458.4
39486.17
39778.32
47078.78
39605.72
39436.46
32231.58
46982.27
48233.07
29588.21
39435.53
38406.22
39631.42
32230.87
43185.74
38356.98
40805.77
43281.33
33381.33
46978.08
42201.28
40854.61
34559.09
37032.6
28485.99
43332.65
48179.65
37082.75
36939.57
29759.97
42180.85
44457.88
47028.38
39705.02
48155.25
35859.04
43354.38
56926.59
54622.21
35859.18
43282.62
38456.56
42105.05
33335.66
23537.19
43229.94
39630.09
44530.23
50609.27
49432.6
47251.0
45754.03
35957.85
38360.43
46980.02
42104.97
38406.23
54527.91
38309.04
34633.12
45706.54
53351.54
46908.48
42156.34
28385.99
34680.75
41983.32
48329.74
48278.48
35836.45
40711.52
39630.48
44528.85
43329.54
39656.52
43304.67
38478.78
39632.12
38478.26
38504.43
44482.75
40804.42
30982.97
49602.17
45780.3
46835.16
48304.19
46957.25
34583.88
44577.39
37231.09
37058.08
37058.62
44580.73
39655.26
27162.34
53179.29
39582.55
49406.52
43355.82
42154.2
44360.48
39679.12
43378.39
35958.6
32161.71
43306.36
34611.4
47054.63
43332.29
38187.67
38163.06
39703.79
41884.21
50850.68
39603.86
42178.24
31080.39
43231.11
47103.75
40808.14
39530.28
37278.31
30959.49
41074.86
38285.0
37034.91
36985.53
33339.97
46880.36
47078.37
40855.75
43354.35
37083.24
40832.3
43431.85
48257.41
48353.29
40710.41
47028.24
36963.43
38406.29
46857.27
32136.19
59326.67
29685.12
47030.66
48327.67
33265.89
53301.67
40855.78
42128.91
40854.44
35859.96
28362.58
36006.37
39532.93
50776.79
43307.68
48280.07
32330.64
52002.05
39507.98
35981.48
43476.55
41936.01
45681.74
58415.81
48374.45
40805.94
48327.9
40757.67
41910.92
35910.02
37251.04
30860.76
38308.51
35762.88
44555.17
34609.79
27381.41
50705.3
43524.53
42076.96
39509.62
37180.22
49551.49
38479.93
40781.65
41000.38
39532.84
43451.33
40829.58
39580.58
42250.79
45778.52
39485.37
43354.94
48280.31
27090.04
49600.96
36988.3
39654.6
50706.94
38428.01
35859.61
33555.89
39461.66
45778.98
35954.36
44505.76
31079.53
37132.02
48156.97
42202.05
41957.64
35884.98
40904.18
38529.22
34731.54
38453.64
46956.06
43304.33
44508.16
32037.95
42130.9
45925.33
40835.69
38285.11
45709.8
51931.49
47080.3
44628.66
43404.12
37037.2
32110.57
29660.99
34680.67
33386.34
32060.66
40807.82
39533.61
46787.0
39584.53
49602.06
30814.46
40757.51
43378.18
35762.37
33311.26
39704.95
44630.14
35763.72
39556.63
34635.39
40734.24
47075.42
38503.68
35663.67
42297.53
44483.69
54427.01
37204.35
37134.86
29832.75
44581.97
34487.92
47176.21
38454.57
42106.47
36915.61
40828.23
43256.05
38284.3
47125.55
45827.74
43135.86
35860.7
46932.48
32013.55
33238.27
44458.19
43231.86
34684.53
43306.19
33432.66
53155.26
48280.38
36986.37
38453.23
37155.17
43255.66
44580.47
30759.7
45805.64
33262.32
37156.26
33433.46
48181.94
44821.85
37059.76
48254.42
32109.86
38332.33
47203.19
35883.16
41960.88
39801.59
43329.01
32184.65
40855.26
49504.12
35831.41
49455.63
37157.7
49675.07
38476.41
43304.47
42079.15
48158.22
45780.31
27455.83
43306.87
48230.5
50605.49
37181.73
30886.35
43132.9
40879.89
49453.36
33530.17
43281.05
49431.4
43331.07
38305.94
39704.6
48254.37
50753.09
41956.26
47126.23
43161.87
47149.91
42252.67
38358.54
24686.25
34605.8
33408.72
34778.34
43212.29
38285.21
50779.83
35836.23
41960.05
48180.84
39508.81
55652.42
40784.02
38262.58
45733.41
34609.74
50950.6
37179.33
35762.73
48300.49
34511.06
51956.35
43161.4
47056.18
38259.45
50682.3
28533.31
33286.36
38359.89
40827.25
47025.44
43523.98
39680.04
37252.93
28726.69
49576.08
38406.32
44606.0
38332.89
43356.39
43038.4
43231.57
45633.92
55777.02
49527.25
51979.63
41959.87
38502.54
41983.88
40929.64
37204.53
37401.48
38308.31
43231.42
45635.32
39510.78
34757.13
44677.02
42056.75
37230.56
45657.02
49601.43
44458.23
48156.96
47151.5
38406.08
35857.87
42179.31
36077.94
48207.46
40781.46
33481.77
49501.09
33748.32
51977.72
46049.41
43308.2
38335.29
28410.92
44333.74
32282.51
38112.28
44533.88
40880.75
41027.85
35662.48
49426.52
44458.61
35881.73
35931.45
49406.48
41911.27
41911.68
34634.71
39410.88
42031.29
47103.23
43426.25
40806.96
44600.24
44337.93
34584.91
40783.03
44506.61
41961.19
37084.28
34682.6
40781.74
45851.8
35735.4
45853.19
40903.63
49479.3
40928.08
39607.48
36005.45
47077.21
42226.84
43328.4
30859.05
38260.92
41960.94
44505.21
34586.58
42080.23
49553.96
44482.38
32087.04
48352.35
50632.05
34610.81
42128.83
43157.44
39632.63
40904.5
40587.47
42133.27
40611.55
43159.02
38380.85
40976.99
37203.8
43281.99
32062.05
52099.14
43404.37
40782.91
44385.91
33482.76
44551.05
32061.52
44531.28
41957.97
50705.48
34608.93
34704.17
44627.99
45806.57
45730.02
44700.4
40880.78
39437.07
44676.62
42202.83
37133.22
41983.82
42030.54
41960.17
44483.02
47004.97
45635.47
39411.12
38379.65
25936.4
53230.32
53278.58
48425.22
40658.42
42156.52
38333.49
49456.01
40876.27
27309.72
29586.64
45756.92
42033.82
47030.86
39583.16
54427.59
34559.24
39633.18
42104.49
47055.9
43280.1
52025.44
48351.69
32134.79
39680.86
42104.55
42033.14
43378.24
34682.43
34634.32
54477.22
47054.05
32206.81
54572.59
43086.36
34660.26
38332.96
44507.71
39485.11
35808.56
54404.76
42004.95
39825.38
32133.19
37181.13
35885.05
40956.49
44554.82
39507.25
34656.64
39607.56
34682.99
47079.28
43186.81
40931.94
50678.48
42152.95
43378.7
35809.59
44725.66
50826.5
39726.1
44629.99
36052.68
32014.08
53299.54
44554.83
40879.55
48280.59
40783.79
42055.89
45902.39
43259.1
38234.45
54477.96
49527.73
45952.29
49381.71
37036.57
39679.72
37281.37
38211.94
50800.08
32257.33
33287.93
35906.58
42104.37
33309.65
37081.19
52074.86
44507.7
54598.94
42031.75
35979.64
38258.39
40759.55
43428.88
45804.19
27062.32
35883.11
48302.01
44555.91
39704.86
45683.22
40905.57
29759.11
45561.47
44653.23
48524.02
45732.49
44678.9
45728.01
43377.51
39383.91
40809.87
35906.8
44411.11
48059.47
34681.33
40807.69
58226.32
32133.44
47077.11
39752.94
47126.28
37301.84
37083.86
40780.52
32330.37
50776.37
40929.69
50705.54
35785.33
47080.67
35883.14
44482.07
35760.82
33431.45
40756.28
32232.59
34462.46
33385.42
49602.44
44482.06
46907.73
38408.19
51906.71
40930.62
35785.44
35858.31
45731.16
39632.81
40930.16
43136.27
44556.54
48545.54
39752.52
32112.14
43331.92
38310.39
50725.96
39531.88
40978.73
30960.9
39774.11
44458.24
40830.91
49506.9
45683.16
42277.73
37255.08
38355.63
33506.21
39755.19
38164.23
41910.27
39630.86
44504.05
42227.55
43429.9
39701.68
43401.83
35980.88
45708.02
35882.98
42272.66
43328.92
52053.09
34512.01
35859.08
42032.9
38553.87
34854.04
37228.2
28581.7
37059.77
47152.52
41000.98
37011.99
37181.98
37083.87
38406.76
37059.41
40806.45
37228.16
41982.41
33408.58
39679.43
40807.83
48132.83
34803.4
49552.66
46908.13
38306.48
45926.52
35884.57
46907.63
35834.05
37009.03
44604.49
51950.07
45585.37
39462.21
44725.75
37034.55
35882.48
36937.81
39605.2
40735.84
55678.04
47126.61
43083.5
42176.54
34734.99
43257.96
44554.81
56903.54
46910.47
42058.56
32210.37
45781.57
38479.03
44483.28
53082.77
47007.58
30886.81
43134.72
34536.72
54477.75
40831.6
48303.68
42203.06
44333.65
42081.15
39482.51
35811.42
37133.82
39437.19
43260.15
42031.34
37134.55
41025.57
42106.6
48207.77
37060.83
45877.73
45656.33
42081.53
30912.44
39557.84
48281.18
38406.84
34708.43
37108.92
35908.89
45560.66
38526.8
38452.56
44580.28
43331.19
44653.48
44631.39
43425.4
40857.4
46835.83
40880.23
40781.1
34609.07
40879.61
36028.07
37302.64
35787.85
39728.11
24690.18
40880.31
43135.23
38527.96
48180.54
48305.5
34633.03
37204.44
35930.9
39707.35
42104.33
37254.99
47125.41
39483.68
45874.85
33359.71
36983.45
48277.8
31153.14
39655.11
47099.46
38186.57
42106.3
46045.03
40738.42
35763.45
29757.39
43379.57
47124.5
41936.74
39364.54
45729.06
43257.88
40901.59
43231.58
37084.06
40950.44
40756.65
49429.85
42152.17
53324.39
37007.5
36005.03
55677.69
39606.53
47126.46
43403.98
32134.46
37229.4
39874.63
45902.45
42080.25
43379.13
49552.41
40711.41
39701.8
55652.41
39584.95
37107.14
42031.27
48279.16
46907.41
32231.4
48132.76
36055.44
39535.65
34656.54
38477.93
44530.49
37180.41
37107.36
44629.69
31008.3
35810.64
40660.91
43209.06
43353.58
43721.71
45729.88
44532.2
45683.04
42032.05
51931.19
40928.45
47056.06
42057.29
39681.04
44652.75
48302.26
34731.72
47032.16
39679.33
53248.66
42202.31
39605.19
44555.04
44579.99
40931.13
44529.61
45997.68
35955.59
35857.4
30815.03
45685.04
45731.84
40781.76
40830.57
32185.24
39582.16
35932.27
33432.23
45975.79
48327.31
43303.37
33285.11
37085.38
44410.33
30909.93
49237.64
45728.56
48253.94
47054.32
42056.8
45558.78
48329.43
37181.93
43229.6
49409.22
48231.43
35856.95
45706.05
33287.72
35932.84
37107.53
40706.16
44606.78
45849.85
45804.42
41907.69
38407.34
38233.66
40735.01
37155.64
43304.33
50632.8
32136.39
38503.2
29735.18
38600.18
38357.6
42155.55
47028.54
35907.83
38331.75
41959.69
42278.8
45511.62
34439.22
39607.3
42227.72
38431.59
29660.52
41959.44
37034.71
43475.74
44507.96
45805.49
34560.61
50826.87
39656.29
55727.22
52051.05
38358.16
40758.87
48254.75
43231.04
45852.23
49456.52
32085.15
43377.92
40782.54
34514.15
45681.4
50826.04
31129.68
34586.18
39606.79
39485.71
48228.31
29563.01
41911.79
41934.81
30812.02
50923.41
33433.93
38332.14
55826.22
39803.88
40754.79
46883.59
34609.1
45925.04
43431.35
40759.49
40708.64
42010.35
37179.79
43302.68
53128.79
42154.09
40976.71
43352.55
38453.48
45534.03
40829.62
49598.91
41983.4
44335.91
42082.12
37228.85
54647.27
35833.91
35978.48
42057.74
39628.19
50634.69
32157.88
32063.32
46882.65
44436.77
45875.25
43353.03
43257.37
38283.77
38330.22
42006.7
39656.05
48402.11
37251.71
53105.5
40929.71
49627.73
41885.12
48304.77
34657.88
32330.65
48328.2
30910.1
38286.52
41958.42
42152.55
33359.07
33383.51
40806.17
33263.37
40734.82
37131.66
38380.93
47030.6
36938.49
40976.6
48522.45
37082.75
34535.82
42276.19
34777.31
38210.75
34535.79
51929.14
35834.56
44581.37
42055.84
44554.46
44556.05
29586.98
50606.59
30959.2
41983.87
39583.22
39558.77
38455.98
48158.79
41913.12
28534.09
44410.48
41027.35
37300.65
33287.4
34608.4
42227.92
56829.59
39653.1
56855.66
39531.23
37081.34
43305.26
38504.66
43308.96
46980.44
44578.58
49674.54
38260.87
43305.1
42300.52
44407.84
48227.88
37253.34
50727.88
43205.09
37084.38
39389.25
44409.7
54451.33
45852.35
34585.45
34632.17
43354.91
43280.86
40833.87
42103.61
53225.87
39702.48
36028.08
39483.49
35882.57
42178.11
35930.54
42028.97
48155.96
53253.12
39776.99
49481.97
35932.07
36076.38
38379.8
43404.5
33286.3
45756.67
54380.98
42181.08
43283.01
45804.61
39654.81
52147.49
30935.5
31987.01
48328.87
44579.45
31987.32
34731.55
51905.22
39510.19
39511.14
44506.12
39484.68
42083.08
48303.59
43112.94
40733.23
44507.49
48182.8
37254.51
35979.51
37155.82
43303.41
40879.22
28409.19
36029.72
34657.46
46980.07
48374.74
46958.06
35884.24
35860.56
43183.67
56947.48
49405.07
53252.03
38380.39
35861.23
42227.64
33408.36
38407.29
37132.24
38136.79
37107.12
39875.54
40830.62
40808.61
39703.12
30958.11
35955.24
48233.23
32159.02
42176.75
42177.95
35859.41
28507.88
38211.28
46785.8
48302.69
42181.74
47030.09
44409.31
42080.74
41888.91
32015.28
29688.24
39487.59
41981.41
29858.22
48157.64
44679.14
50778.16
34681.43
38235.21
52026.47
40979.4
40783.67
54551.69
35811.48
48400.02
53156.64
38333.52
44603.26
43377.43
45732.79
47078.99
45828.55
37011.41
38112.47
38259.31
42105.58
42080.33
43380.15
38382.17
44434.13
50705.66
37084.31
38187.83
35929.3
45656.77
40664.63
44479.61
32085.62
34560.28
40808.64
38356.03
32133.67
40734.28
24637.19
54452.89
42180.33
43280.79
43257.58
35836.04
39582.4
39632.21
37253.17
40905.62
42129.18
34707.53
40856.8
51905.85
39337.89
39629.04
38335.02
36051.12
40853.73
44630.27
37279.57
44507.12
41934.88
42080.88
38212.17
39727.38
40830.97
40928.8
45779.99
37059.88
48183.51
37250.94
41932.31
44555.81
37183.05
40855.74
40686.56
34561.12
45925.84
38358.8
47151.7
44483.36
42105.43
44554.06
42132.45
37180.79
38356.94
39603.86
40685.22
37082.33
30960.93
37159.26
34610.72
43304.72
33409.17
36987.64
45780.31
45829.61
34662.55
40710.31
40759.9
30883.65
38284.62
44605.25
45733.78
50680.56
35809.53
36006.36
39605.66
35979.34
33264.73
49600.27
33626.25
42130.11
33335.93
37061.07
40953.8
55749.74
44554.68
40879.3
41955.21
32231.78
49531.29
48399.86
42078.56
38286.99
38262.12
37155.88
39461.37
41908.39
49526.5
40807.45
43403.71
50681.29
58276.18
42057.33
46908.26
39608.45
48251.88
50703.42
39582.75
50727.61
38504.94
47028.13
51879.99
36959.96
39701.75
30909.06
37008.95
42010.08
37131.04
38406.48
42154.18
42177.56
42058.94
51904.17
35665.41
39606.49
51977.84
38260.16
42081.83
33430.9
41862.3
39653.06
33407.76
49526.38
40758.05
44701.46
42178.53
43306.08
39606.18
38405.63
32111.35
40829.51
43257.3
37158.66
43281.96
35713.65
42030.89
48279.35
43329.24
38332.71
43329.26
35856.31
47053.17
35956.42
34609.87
39438.2
39507.88
34753.12
44383.36
34464.92
34562.13
45706.55
43283.91
37083.32
39459.59
44557.79
37009.49
40707.0
40709.79
47124.58
51978.37
45779.36
43086.46
34682.09
39580.95
32111.98
37034.08
40854.53
33311.02
36960.14
43232.83
40784.61
44506.31
33481.33
37156.36
32330.5
53253.46
49432.96
39556.87
35761.77
48399.22
45781.67
50628.77
35957.51
48302.37
40880.29
43380.0
47128.42
43352.65
40881.19
36938.74
40977.21
38162.3
37133.3
35956.93
43332.52
44579.13
34754.51
43352.19
40878.91
44798.88
37061.26
30934.77
29757.73
40879.24
39509.9
40932.65
38334.09
43474.92
44650.77
37059.77
52002.66
33287.16
50854.71
43401.96
37035.4
47080.44
44579.53
44527.63
44579.37
43184.96
38455.15
34488.44
39531.99
40782.09
40806.93
45807.04
44431.63
45686.75
42179.58
45705.27
40806.85
49577.54
47004.62
35928.12
32207.04
47002.42
44508.31
46978.16
54330.68
34536.11
48377.29
51952.73
41909.3
48205.43
29709.4
23557.73
37181.25
48159.16
35715.38
39484.76
31034.11
50534.91
53205.46
42106.89
39630.74
44529.17
33360.06
39728.64
37182.12
42009.45
49527.69
35808.4
37254.03
31103.0
47101.9
46979.06
37060.6
37305.46
44606.09
54402.55
38333.22
42104.07
56880.74
38382.21
37059.64
35954.39
38429.41
34658.12
46857.47
44481.61
38503.84
38477.38
28461.86
48280.71
32228.92
35761.62
48303.58
33312.64
36028.98
29709.53
43234.15
39703.4
29588.2
35810.6
36939.35
36031.13
43328.38
43524.56
43403.54
37035.14
35784.32
39555.98
44505.68
54379.38
52003.04
49333.98
48204.48
37060.08
38528.43
33309.24
35783.37
45830.26
40879.65
44530.08
40761.09
40807.57
37183.26
35981.81
44435.26
45757.87
34485.61
35932.95
39652.28
48328.52
43502.59
45756.33
34510.08
43259.33
38429.95
34439.64
46955.09
45708.0
46980.86
35761.03
44726.93
38211.51
40785.8
46883.6
43256.8
39411.87
48034.89
33434.37
49627.87
38379.75
44652.55
37132.9
38306.78
40687.16
41959.09
42179.88
40954.0
35713.98
33310.56
40808.72
38404.03
38237.59
40856.51
42105.98
35956.47
42031.92
42153.79
49599.78
48448.46
38357.9
34559.06
35906.12
32037.4
44557.28
58199.86
30860.59
39410.02
38188.86
27235.29
51955.75
35931.7
48251.94
40661.29
39511.75
24810.81
40953.45
29805.2
42224.37
36054.27
28559.46
48278.31
33335.61
37058.98
44460.29
48351.75
40857.37
37206.87
34828.05
39656.11
35857.88
37083.44
44531.0
38380.65
42032.4
33602.19
40808.03
45608.8
40734.29
40853.62
35858.21
39631.7
39435.85
40710.77
49700.46
39727.66
40711.38
38286.1
46906.24
47030.29
43328.2
42007.66
39533.67
32256.98
43402.99
39556.37
37082.45
35906.64
32112.31
32208.1
44532.81
40905.43
42203.32
39484.34
46856.49
33239.2
34636.86
45634.06
39704.2
38188.55
49551.24
39557.3
42128.93
39413.05
45853.06
50608.06
39678.01
35881.19
37106.95
40902.04
44506.3
35934.84
45609.5
34633.59
37108.54
47002.58
50850.42
39633.83
40832.53
47148.65
48425.76
45851.4
34583.55
36027.89
39557.94
44677.85
40955.0
36936.74
40906.91
39529.55
39410.25
46981.14
44605.24
49481.38
35906.42
41027.46
47174.58
34802.88
48228.44
36174.82
37154.99
43133.21
49574.66
39485.59
54332.0
38382.85
49457.39
39776.37
38355.01
41935.06
40709.64
50607.94
45899.92
41026.81
48208.5
37009.58
41003.39
37107.8
30888.42
49479.69
35834.11
45756.06
44701.31
30910.26
37155.71
33312.69
44508.45
33605.22
41936.65
34705.41
39434.44
45756.93
38310.51
35786.83
49528.01
43208.99
45855.12
34608.37
39626.15
29586.21
37279.29
34657.41
47177.86
51830.49
38359.26
51902.52
39608.38
48326.74
49429.12
33483.87
44434.76
38335.17
45728.6
32306.15
34804.88
49526.26
37107.54
53375.36
40978.68
33335.85
43258.91
51831.54
49525.92
47029.16
38479.62
56902.35
39582.33
38356.66
39584.11
44408.91
39632.26
54376.65
39487.21
41052.15
44484.0
47077.61
48303.24
40929.88
44820.37
50631.05
43232.26
33408.99
45852.03
40710.01
30959.79
40927.0
40902.07
48378.02
40953.62
45633.77
40756.04
34802.57
39777.16
43354.74
39435.9
43281.67
49674.3
44433.36
40735.5
30886.66
33433.42
39680.96
40613.92
38210.31
39607.7
38285.12
45756.73
39534.2
51954.89
39704.82
45853.69
44532.69
38333.16
38403.12
48425.61
37034.45
55751.21
37182.02
45681.06
48134.86
39386.45
44408.74
45634.47
41025.02
40882.96
35979.38
38382.17
23609.08
34706.15
40806.91
35859.36
52219.33
39533.72
42030.71
30887.73
41982.36
46930.93
43281.68
37180.19
38356.32
47102.29
44527.77
41959.29
45828.7
47005.15
48401.26
33310.27
40732.4
33385.49
24905.25
28486.51
39581.71
38186.08
37326.84
52028.13
33188.47
39558.39
36937.81
38405.8
43355.84
40708.6
33335.76
37230.03
39705.18
34608.41
46956.32
43452.05
49504.35
35956.3
41983.93
51979.62
51784.59
37034.38
40588.13
39461.54
38258.85
40731.29
38504.79
35786.62
43280.21
38284.4
30888.03
42153.38
46862.32
53203.14
32135.09
46956.08
33263.92
44384.76
34464.07
43401.86
49577.03
53177.58
39558.91
39605.43
35882.07
37107.62
39657.0
48226.32
43232.4
50680.7
42031.39
42078.78
40687.89
42129.63
43598.84
27113.98
34609.63
47079.53
43354.39
44629.14
45708.39
47005.8
48352.63
33481.02
43355.09
37134.09
46884.83
44507.72
38454.12
37086.41
44530.92
41934.4
39485.47
44603.39
41932.47
46906.47
35835.34
50779.35
34488.84
49701.0
38357.88
41981.59
49430.4
42226.97
49384.76
35859.58
44481.5
43251.59
43355.55
32136.64
40978.87
40833.94
47129.47
45828.84
45875.82
42035.31
38284.38
39556.11
39633.1
35884.91
39484.9
45775.9
44580.07
46933.04
39607.19
47202.49
43404.88
33188.19
47077.3
41908.36
43351.61
40854.29
48303.19
39411.6
35736.4
29904.53
48303.26
29587.23
44578.27
39534.34
44581.12
50704.85
40832.37
53178.86
54597.59
35908.14
34535.78
40761.36
34658.79
44603.14
42129.05
42128.91
39680.35
45852.02
34632.63
35859.25
43400.57
45708.42
42202.39
47077.95
32011.76
42226.85
43330.88
51877.55
43158.53
38210.03
37010.71
48205.28
37157.46
47078.8
34512.24
40928.75
35910.67
37179.83
43233.67
35980.83
37329.28
46956.95
37110.16
33383.69
39556.11
35883.75
45925.01
41935.38
33406.99
41001.29
37111.61
39654.04
38310.52
37180.89
43377.81
40882.1
39581.51
38258.8
30836.79
51979.37
28484.82
29465.77
47077.99
29489.7
47053.24
39580.82
33409.39
45732.21
47056.15
42078.3
44506.92
40811.34
33338.85
47078.94
29588.65
37208.42
35883.24
43524.34
38041.69
42057.17
39606.32
38308.33
45683.43
34708.24
32038.36
42057.46
44408.3
42031.33
42077.96
39559.13
42226.03
42226.31
40733.07
48449.37
49600.3
43229.38
42105.77
38457.0
43329.66
40782.25
41001.42
48227.37
42009.72
53030.76
54307.66
49456.53
43132.65
51781.22
35903.76
46880.61
42323.43
29782.92
48354.93
42154.93
44386.27
35712.85
42104.69
39534.47
43231.83
39509.71
36056.62
32086.52
50727.47
42005.67
45851.57
45756.57
35883.11
43304.77
47101.77
41982.34
39415.11
43380.15
49409.62
44556.51
47026.98
33308.62
40879.96
37350.78
39533.34
42107.92
35735.14
51782.27
52124.48
38309.03
46977.72
45851.87
45778.69
37206.9
38065.34
47149.54
55626.62
38284.14
42153.09
37323.86
45731.66
45732.96
47055.28
32256.23
43328.68
29735.06
32159.93
40855.67
41935.86
47081.84
33410.05
39822.8
34463.83
37230.77
37229.59
37011.71
35905.37
42180.12
33507.69
49531.11
34731.72
43329.43
43254.62
37254.65
36817.06
43380.59
44433.93
47005.25
29661.01
40951.86
41984.49
48230.05
39535.25
44455.75
53179.74
45901.31
33287.7
33383.24
43232.24
51780.13
36028.99
40807.2
45756.33
34660.22
38383.15
44529.93
34534.67
48351.27
36030.16
37231.08
40952.68
35884.7
39628.9
43231.8
43209.23
40807.97
35831.19
43330.81
38213.17
40781.78
39462.35
47105.15
40782.09
37156.84
42153.76
43283.93
44406.46
35883.12
51854.65
40928.39
32258.0
48300.96
41839.82
29732.65
38382.18
40856.16
48158.38
42059.97
44600.35
49526.43
40735.85
43427.53
28460.09
49432.98
41934.44
43113.71
34853.31
45778.94
55725.01
33433.49
39484.73
38429.25
36004.38
40904.22
41883.69
43331.59
40856.87
39655.87
38576.58
37034.65
35759.46
47004.98
43137.06
44336.79
38429.28
43255.46
37033.69
35955.59
34634.19
33383.42
37107.18
43380.83
42032.98
45757.46
33431.74
49454.58
37131.8
52049.05
43355.43
41983.29
46884.4
34804.02
33406.17
33262.65
31004.97
42035.13
43332.7
40756.25
47224.83
42154.19
40686.77
44482.83
37083.75
47079.58
47078.5
41002.6
30908.95
44555.62
51979.58
46979.69
61874.57
35835.65
39729.93
51831.36
39631.24
47057.59
27380.93
43231.17
42028.74
38308.93
38480.87
46860.01
40685.36
35858.59
45781.38
46859.25
27211.22
43258.06
35833.87
34973.54
47077.38
42010.98
49700.74
38381.42
26893.55
32038.98
37183.55
31152.9
29805.09
47053.03
37010.36
43232.68
35762.33
37228.03
44532.19
38333.17
43307.23
42179.49
55530.77
42154.91
44604.38
58199.58
45827.47
38310.51
42106.71
40955.01
35859.95
33311.88
38381.99
46932.65
44679.51
43330.04
38453.51
49525.45
35905.17
38233.96
35853.93
43159.33
48132.49
40784.14
32382.39
39580.71
49432.1
40856.25
33430.88
41912.81
47053.95
26059.62
46810.27
30909.84
40880.1
56902.65
39605.97
32235.01
44675.72
34804.76
35833.42
42129.79
43207.73
36961.62
39558.97
33264.59
46858.85
47102.82
46932.49
48379.16
29660.38
44726.34
43304.9
40637.94
39559.3
42152.18
38453.95
35785.72
39579.33
47126.67
49456.67
47002.79
40731.86
48157.88
29634.99
34680.54
47127.69
40906.8
38482.6
39508.85
51930.14
33407.59
40735.22
48232.14
47078.72
38404.97
43256.55
33580.94
35836.62
40834.03
43282.5
44409.09
40881.02
39484.24
40732.87
34609.43
49575.51
45877.38
43403.02
43258.25
48130.98
50731.51
32206.51
43304.94
43306.16
24759.4
41911.32
37081.75
37130.67
42030.7
40709.11
56928.42
52050.73
34731.9
42154.02
46883.99
42079.1
31078.57
40904.65
38187.51
44334.94
45853.52
39434.91
40904.16
31006.93
42006.73
41934.58
45827.91
37132.34
42081.32
38213.41
48278.58
38189.76
37060.06
46812.2
32306.04
37303.41
43235.12
49432.63
52172.1
46857.95
33237.37
34683.45
37132.82
45802.96
48353.96
44529.15
45804.82
42202.8
40830.21
35882.46
31007.62
45756.15
39681.0
40929.98
38186.48
43354.49
41024.93
35932.87
29659.39
40979.58
39558.54
33407.31
42202.69
29585.97
35885.3
40831.44
29731.53
42130.41
37256.44
42153.03
47030.64
28436.58
54454.64
51832.96
39752.18
49504.18
40536.68
33191.23
43377.75
45758.12
33432.47
34681.48
33556.83
39532.04
49600.51
34704.65
33334.01
39581.01
43404.75
42104.72
38212.23
44531.81
41909.32
36153.12
40611.82
36073.14
57001.39
48105.68
44435.81
40882.4
39315.09
50679.19
44581.63
48303.12
40808.5
39679.56
43183.18
43402.05
37037.3
35980.63
50756.61
42203.31
49552.92
37082.72
48228.85
43306.97
46882.63
42105.28
34610.41
42104.79
50754.49
41957.71
50731.22
37155.45
34610.24
40613.06
39683.25
44628.15
44532.31
36960.17
40977.02
37010.39
50753.01
47078.3
40953.46
44505.8
39436.05
33409.25
39700.9
43405.38
46957.28
45659.45
42035.61
38405.56
48374.32
38282.94
39534.0
38309.46
40808.17
44652.65