70932
64551
56843
52002
64706
55206
67199
70923
56263
64387
63973
74618
64048
72935
57704
72870
66054
72651
65710
58858
79825
71779
59492
58047
60018
75244
58299
59190
59751
64900
62060
61492
53416
50870
73497
62899
73500
67758
55422
67175
60044
60056
64905
62935
65211
80088
63509
72936
66666
74042
77178
68938
83253
56008
70652
70942
62018
74906
68939
77763
90197
63716
61130
69208
86194
86143
70072
70039
82075
51124
64639
66643
82933
68285
83268
64911
76936
52000
66080
75202
71816
63205
80975
61770
74894
69544
71752
67492
79208
64125
71997
67157
62219
60900
62968
64063
83151
78676
66075
63982
83024
53758
78101
72308
68056
58092
72658
68622
91832
75229
58568
91304
77848
62054
70929
74912
80679
80939
49707
75565
77867
71851
70006
73193
74421
75495
83842
69196
64639
64956
78117
66045
81247
88176
92096
68892
63846
101109
60086
80981
76410
65163
79932
76066
71800
87265
73477
68068
69154
82095
74948
53710
64852
69157
76202
72716
74059
69602
85896
70024
81619
91812
82062
75157
73574
65198
62890
72321
81202
76619
71495
74624
81229
80054
80062
78354
97933
80033
78077
91298
83821
76039
62056
80347
82849
68036
80927
77178
78941
96981
81214
88691
85946
88042
72965
64014
91804
70688
89006
76893
97835
80947
71225
67776
59127
76356
59513
75991
78933
96066
74628
89497
79497
99987
86443
87880
95801
79758
82054
79731
84396
87013
91464
88652
87799
69190
74015
73527
80029
87171
94177
78679
89608
86123
87820
78042
88360
84110
79796
90711
78086
93268
79881
90765
80370
80072
107346
101009
88639
84140
97008
68870
79522
76054
92735
73202
75288
78968
100786
81510
84936
90174
89506
98401
80947
79157
75783
85776
81812
79737
91219
97800
78044
82365
88622
78879
85773
64382
88685
84942
70912
84335
90191
86965
99309
88131
97000
80670
88171
101037
88679
101667
74876
90995
91925
73770
82071
83211
70718
64909
73985
74098
88936
94541
78897
90709
86723
74096
84996
100210
97298
85830
86900
80957
82941
93100
79563
76948
99683
99824
88488
101285
93007
90951
88960
99073
78129
93280
68089
74312
97566
91584
82661
96427
72332
83114
88030
90495
76326
86975
86993
94712
95289
79554
88081
83797
85531
76732
87753
97388
92138
91088
91510
86159
86120
78033
95310
97800
79809
84607
103860
89812
100179
92180
69737
115960
95623
104281
97315
88156
91589
100502
76185
98742
103916
96706
93247
104768
104096
90156
101340
73223
101355
91022
75801
97590
90394
92418
99023
88634
84960
87130
83824
97525
84074
92514
91815
99563
72757
89587
87600
96606
101863
86132
94448
84080
121226
103908
93226
72885
110775
86684
82066
106171
96813
92355
86965
103289
98403
91089
107902
79246
95685
96971
101340
109572
88568
112778
91558
98724
90355
95806
97229
88730
95348
100138
98746
96759
108164
83443
99585
84981
93265
84673
111522
110096
95818
88947
80559
85716
87220
108717
96502
95037
96915
102722
93842
101283
89258
109959
86822
113341
95423
92723
95007
115322
98114
102465
93094
89490
94418
78030
90790
103632
93635
90970
96503
106156
94766
82974
103500
97199
106834
94343
103029
104484
90329
105522
114796
94454
103533
87895
107211
76083
113053
91733
106957
87480
101939
102454
108332
105515
107000
96392
108144
92936
103085
99584
112211
110685
106380
86367
95471
90942
89755
110734
106071
92984
115330
91223
73014
95579
93270
115935
105441
101316
81831
115292
99340
96688
99534
99229
98164
98606
102989
100666
105044
90353
86122
96998
101887
111992
99346
88230
100023
106615
109921
96508
91105
99893
113028
99729
97001
95929
105551
107043
101055
92497
101113
115682
106120
108962
102780
112590
111522
92366
100057
81848
107217
110030
115913
121779
117090
104224
93250
109412
102498
92030
119642
97234
101190
91259
101821
78038
101554
97832
107753
95600
103888
113268
119672
100656
90660
95442
98373
108703
102248
107352
105509
106480
107873
94053
103615
118635
111720
103946
119328
96733
99943
113950
105996
114741
119208
113448
111518
117612
110404
104129
110563
97691
105136
118742
112544
101632
115327
106033
108646
114443
110504
101340
125833
102308
90161
103423
123340
102430
95940
104769
117905
99056
105444
117695
123715
119337
110167
102577
114488
128965
104706
115708
101675
107844
100989
103117
114522
110890
103866
109077
113932
116816
119686
112942
109238
129860
127930
124498
122796
114863
105005
107038
113145
116302
107621
109886
112789
119695
114344
114203
106137
118120
113686
117377
100995
114757
116836
115944
99221
119367
125938
119567
99415
124326
131423
103988
103085
117616
114166
115631
108376
135535
112846
120837
107588
107035
115049
82658
111020
104811
117356
129381
104466
136620
105698
110290
101883
128586
103230
123934
115535
107274
128868
106083
121780
110727
106557
100201
119408
125400
132466
102495
108026
113459
109963
113776
124837
108781
102391
120398
117457
110591
80480
118654
98882
96224
126061
116422
115277
115737
117391
112530
105801
122754
129194
110865
124631
104960
108105
113896
114544
127933
102416
123083
109725
115967
110446
107465
103127
112501
104000
107508
118593
120638
113732
115411
111671
127394
123600
102275
115841
106117
102699
109712
121808
110230
99681
117690
119283
115726
106598
107645
97665
91351
96379
126285
93322
113746
121040
110817
124066
109413
118282
119153
115802
130193
98013
104237
113908
116228
123469
120831
120430
122614
124021
101671
106222
115322
117168
107190
96790
105695
98005
111892
131012
108706
81698
131743
123316
128149
85941
110323
93358
118141
120066
83739
113689
121873
114239
114621
99135
102626
126709
125678
115736
113855
119494
121830
118633
124957
111864
115763
103089
122282
111452
111385
138949
113717
101161
132994
109192
109432
112664
113750
88567
108703
127980
131872
110012
99703
139729
113697
119965
95774
117914
100452
138678
113544
118126
133671
123534
102910
110077
117076
134326
125543
124895
113501
125352
123705
113736
122527
122993
115573
124221
118281
115796
108627
123302
122320
84760
103313
115542
122634
95408
110999
112157
107462
108065
124885
104793
130455
127669
88015
121073
117693
138051
105022
88885
111894
126099
126332
127058
134850
103524
95413
105478
116515
104819
113124
110797
116278
128199
123399
105997
115833
92065
94094
121428
118672
123554
100901
143433
128468
83216
135725
135521
135603
129689
120159
119572
122090
108271
106986
88595
120365
119211
102477
132082
116719
141047
148706
133353
128416
129372
125287
137629
110310
97085
135198
141342
102349
139436
116587
116222
107253
122292
103997
129355
109408
99662
92517
122892
93135
135126
101680
93981
121643
138145
127818
96268
127657
105666
120658
100602
137133
103525
128705
107956
109430
123539
119799
137491
125710
99425
123413
81107
82377
125538
128902
131321
141439
106050
91445
121422
115680
143146
117119
138529
104299
95123
102521
98518
122949
109794
91435
118425
126463
88684
105490
96040
107258
107703
124455
102119
117226
101412
98270
119648
106512
126931
102579
107417
147269
92592
129132
115492
126341
116183
100562
127925
113977
99448
101454
129357
124529
92019
94271
99653
130459
97449
121656
101396
106769
97931
98799
118549
126178
119653
125702
106668
95190
121267
113956
124131
105624
132490
140491
119494
92503
124415
105733
133579
122678
145351
138825
132425
95127
127285
124666
147974
130401
98275
132843
132401
123226
87090
123348
127247
123516
123791
127364
115769
141050
139893
150772
127094
111207
110574
110349
116329
98863
103417
139638
127868
117767
126389
103142
122521
131582
133573
143627
132422
144470
142521
131134
144467
124446
134461
102298
120631
119292
124209
122640
89360
140721
144198
103151
128667
132144
97405
124368
89082
113477
129352
93946
140452
83327
101153
120365
118663
96310
130718
131884
123334
131549
125629
136178
114882
113201
84440
77880
118634
126141
126430
112592
124183
104000
115190
133272
136784
141929
108577
137645
127221
132527
131280
126144
109148
121250
119288
121510
134784
131310
123053
116356
128685
130210
124140
127971
135642
123280
120620
124123
134102
136228
134197
111172
108000
130197
118323
118173
86824
92014
126137
98822
109154
115166
139334
126131
137307
113166
119394
144477
106074
114903
135851
116140
99097
127325
131319
127313
113157
112086
108107
114215
143358
103106
118371
110350
113205
131298
95946
149995
120191
110347
129325
134455
132276
131259
129367
145373
154246
104086
106176
112329
125420
130873
102081
135283
152865
134320
112045
149480
138852
138743
142317
148880
153182
151681
139346
124548
141316
154647
136706
131660
129408
136321
131624
129998
101644
142293
115441
150650
148332
136577
133768
146554
143193
113366
154357
157298
157801
148922
151669
155161
146524
167185
104807
157761
128631
137484
149194
149785
135662
143364
143514
147439
144509
124589
145654
130801
157442
155729
156438
117109
148287
116571
123618
119716
161562
145181
135698
124216
144578
139322
147145
149134
134175
132671
121005
125662
154252
148590
149432
146698
139355
155499
157472
143749
126536
140536
152264
149463
148643
132509
130710
130716
156069
126257
125609
153777
130467
156428
156635
146641
143444
129331
153304
135024
152566
148634
116481
153499
161776
146734
145915
154635
149175
156332
161783
137235
146105
132141
137586
152339
165269
116786
152686
155460
151477
168683
150398
128751
141861
139409
142480
137335
153367
151235
150314
125761
160621
128506
156410
134324
143385
166357
157529
136672
145385
149445
155525
136333
148683
163202
145217
138004
149481
148599
132308
149860
141199
147421
151433
140571
131971
120423
143444
158069
134801
118227
153818
158291
140004
124438
131325
154111
151556
139741
148644
113576
146068
135760
146628
128204
145595
149842
135139
159283
129705
155484
125642
137163
116790
148904
148608
148335
128536
135154
147468
129340
139148
134234
131381
135127
149498
146365
140040
126218
138542
141181
153516
114473
85945
142024
147540
136222
87984
153469
132312
116137
141169
129089
85972
144027
137710
136530
137391
135379
131397
161013
155164
129706
148581
137713
137669
133220
110994
142045
157501
147436
138545
134260
142276
150303
132834
142299
138261
142015
144288
152335
152344
153170
147480
144326
144637
154365
154365
158649
164389
164389
164339
163235
167244
156635
157519
164703
156409
98584
163531
160064
167795
98297
169552
169819
154569
156339
166063
168428
172369
155525
164365
157205
155563
163531
157528
156104
168173
116604
168472
129149
168147
155249
165244
158383
153241
170733
165272
154401
165306
153246
181334
164670
153291
169336
171360
161875
161597
168167
156173
149495
165310
167319
161571
161313
164958
151529
151570
163304
146366
172455
162108
162731
164428
163044
171592
165320
112341
165610
169888
153568
166455
166718
165381
180255
170486
164470
176486
173343
170755
173299
175338
180219
167341
167322
165349
168225
167319
178500
165580
157230
171914
176216
170447
161508
165547
163612
168378
167535
171337
163579
172447
173621
165304
157825
168479
165544
158393
166441
167314
172459
173355
166434
169322
171592
163310
162213
158692
172471
166138
165284
168390
163310
167576
166722
161230
169562
167313
171298
165864
169340
161517
172462
170213
167341
173317
163310
168446
175592
163317
161528
168390
166210
164390
168709
165529
163295
166450
166431
166437
174443
172447
164709
167535
173307
162925
172402
169260
162939
170467
176459
171322
171358
168183
164446
162168
157552
162441
174462
173305
160434
166716
173335
165576
172730
171328
170189
174192
153227
167284
174420
173571
176147
172449
140479
172441
166668
162719
170438
173571
167308
175278
165559
169364
172428
171337
174411
170459
178414
162737
177259
129019
162069
177804
183310
166662
170420
167226
169248
172381
171571
172386
149997
178387
180435
174126
83743
135919
165173
169229
124394
162057
178390
180141
128426
164312
153417
160276
179257
174150
141070
164303
79464
81476
78626
161187
155535
128606
172632
136644
160296
137490
180692
168426
162027
172640
176443
179287
172377
166459
129302
149313
140468
175561
132704
125293
166374
148438
176462
158477
185313
166433
150471
128690
126438
121260
177295
185314
145505
167305
181301
179298
180441
173328
174429
113241
186438
113212
130459
152704
177592
117257
171296
147529
182707
185296
175559
176346
181304
178441
184189
171574
172677
183326
186444
178405
182420
182411
182423
162327
172597
179271
175529
177287
169493
174135
176147
181269
179251
166321
167185
180432
180417
172345
176138
178144
165235
178105
166318
176108
171484
176346
168336
178425
179544
176384
179287
172391
172096
171263
174432
183310
183302
182431
179292
174357
173254
179308
178153
173499
176390
183568
175280
180426
180435
172354
175523
183290
179319
169191
177245
185281
174364
175266
182441
184177
185287
186432
177278
180453
172375
173559
181550
173248
174375
182420
181299
184189
175251
184420
185313
172369
176435
176135
178437
187583
163471
168303
180189
176407
171520
176369
180135
158545
182422
176680
176387
185302
178429
177277
179319
176129
175568
183301
178686
181293
164288
178147
177302
177269
180159
180662
178150
180147
173247
176390
182159
178156
169176
177256
183296
182156
180153
183290
187284
177272
167185
185832
184728
173293
179272
183553
183281
181322
165244
180444
172407
173269
183293
181301
182429
184177
144186
180384
183266
175571
185571
165454
175463
173502
176378
176156
175242
162291
180683
176680
170414
184171
176728
174704
180174
180456
183556
184121
179526
177308
183275
182168
180707
182988
174455
187018
177565
181517
184435
151334
167280
172075
178712
177565
177189
182721
179561
182994
153343
149346
161986
150210
181849
181313
167439
179867
149346
177266
151361
151358
168614
172088
166366
173478
178722
131020
177262
148230
149364
145346
151367
144230
141334
177586
148500
175265
178674
180695
149349
171538
147399
147376
173239
147358
142470
149361
167601
148222
177851
173316
185580
172438
178174
171481
146512
180141
179595
173325
151388
149358
174677
176441
179284
182399
172201
174099
185595
166183
183316
163313
153307
180432
164162
136757
172189
179337
183334
172444
169266
167316
171565
131922
177512
164168
167278
176432
142804
141940
147346
175302
182438
178420
164444
149388
144778
174396
186444
179308
176408
178414
158015
171296
182414
143337
149349
141334
168324
157295
169290
164461
180405
181598
175263
189323
183346
174171
165263
142192
173287
140183
166309
179556
153376
169577
146227
161421
180719
141076
162429
175313
167457
168099
141316
173576
143334
152213
176360
187595
137638
181310
182748
183281
170689
186491
170381
141085
157391
151257
147334
183319
153373
188459
179550
179296
158162
143337
147361
185293
173325
166147
177562
179275
162150
147334
146198
178659
143047
186450
179242
186710
185299
179272
169325
176620
153619
186186
179591
157385
181293
173232
174710
183293
181293
142221
185305
183308
173780
186491
153367
176384
172444
176417
184192
180707
174479
184186
173568
144180
188476
189346
178978
174183
177221
177284
181547
171304
178719
191604
150129
178449
180438
191299
178405
185331
187299
172364
182444
186189
185322
184177
173260
174408
186435
183296
190450
181284
187314
180180
181577
146156
175275
187293
175328
173316
187302
187296
183296
183278
185305
166449
167266
162385
180432
181311
178461
171290
170408
178444
180180
172414
185574
176698
177287
187293
179565
159787
184438
187322
178441
182426
186195
182414
176153
187322
181281
175272
184435
182177
182423
178431
176417
185290
183316
181535
173245
177582
185299
181301
173304
184438
186183
181266
170691
180651
154210
176366
179532
180721
174354
176402
186432
177514
174405
181541
176665
179556
173248
173538
186441
175272
182441
158507
174162
180162
173466
181260
181275
153411
148201
181272
172094
181514
176677
180718
181289
180384
177233
177254
183562
172120
184414
178384
179275
184405
176355
180384
184165
174150
180147
181218
182695
180162
180420
186461
170348
180156
170069
183269
143337
151106
160279
145355
181251
174153
185562
174150
141325
184177
184420
159394
176390
180408
147358
179263
186440
146474
174922
145349
146479
180434
173553
179494
170309
142526
170346
141931
146482
151343
152849
182414
183304
175236
177295
180680
163125
179535
147334
162366
181269
179801
157367
157364
178378
139310
175236
146186
185574
170336
176354
178387
178393
174898
179292
180698
176665
180668
179307
180159
177251
177257
177544
184704
181245
180417
171239
180159
176378
178395
183245
169466
145348
180402
183532
180671
179538
167176
153671
144464
149053
176102
181260
176159
170605
176422
166341
145922
180680
183286
169520
172644
168096
178423
188186
176369
170883
177505
180390
169744
177236
182677
180144
176683
174384
181254
175514
180117
175526
176390
183254
186153
181547
181274
173526
182144
181298
181310
171768
176659
173245
179248
174105
177777
179496
181298
177582
176437
152189
155920
149035
155311
143307
159373
156210
147070
148484
144745
178390
178961
173241
139316
180659
150505
155044
155053
154189
154201
152189
159938
151914
148218
154441
156488
145612
154213
170632
180082
177804
166572
178046
169152
165427
133298
176135
155065
178931
187588
176422
149079
165720
147079
168324
153908
170610
135040
156500
174354
164572
178117
157367
171229
176949
162820
149902
169427
173801
149372
181813
157663
181269
186438
176105
155343
161415
155355
169242
153387
164264
181532
173194
170596
170285
156210
143351
164249
169140
153334
151056
176067
182683
162234
171152
159346
180390
151044
166865
179523
156479
176135
151343
141334
148493
154216
178419
154195
148464
152180
152441
157358
147348
155065
149911
175265
180692
161101
151325
172342
149621
179292
151334
169493
175239
159370
137328
179274
170602
161364
155068
172345
171236
158248
178390
169454
173232
169729
178662
153390
172345
171244
150192
155349
165708
153343
154210
153337
160012
177505
152189
179529
157346
176120
177795
156479
171463
176659
178108
171200
155136
157080
162205
158249
152218
149334
146777
150798
153334
153343
152470
153325
155346
174377
159965
146209
174111
145322
156831
172274
163128
155346
172371
152506
172084
171514
151325
157358
155343
161367
172040
156219
173227
151334
163445
172096
173493
164243
144218
155346
155426
171232
175215
171235
168312
153340
174108
150470
176398
167164
159379
182422
144171
153325
159396
157097
148218
153366
163169
154266
159396
177256
172623
157358
165388
160494
180674
176357
176345
148209
153334
157367
152242
153343
156204
160562
174383
182396
156242
154236
180117
158239
162852
173227
177763
178650
147316
174312
163945
150520
153343
178357
152201
161376
159358
165193
160251
153334
179286
161367
169208
163367
163391
167442
161367
151073
153337
155343
177499
151076
174105
155645
157355
168555
160512
182407
148514
156242
173212
149931
150757
152198
153334
148464
182144
178393
181555
181301
152221
179274
176360
157355
147893
156246
151334
151073
179538
171229
145638
179265
179251
187310
178141
160012
157068
155343
166354
176372
148201
183301
179295
155346
178426
159352
151609
180165
175861
175532
172692
177266
151908
149609
150754
163705
185308
172889
179266
182186
184183
180683
177266
182701
181585
155559
167304
156704
148434
158716
183594
179272
178399
187305
177851
181272
187308
181577
177834
166333
164147
180701
175831
176429
182186
180186
183624
180994
181565
169212
158142
174177
174716
166151
165490
176982
164162
181577
169789
168183
173325
185601
178393
170159
171514
180149
164159
171337
165478
166725
172168
175320
183311
185343
156997
177879
181606
179331
176109
172363
167786
184491
177352
181304
163466
187340
182195
180473
183633
180423
170076
180426
173325
176745
184459
179334
188462
179305
180192
182754
176689
184459
180476
177278
180435
184198
172201
173849
185320
182435
179583
174168
170999
181003
173571
181346
181018
178177
178151
174435
178174
176991
183305
181325
173313
181897
158162
181615
161298
170461
166698
182491
174458
177613
172171
178224
176473
176462
92452
156153
172444
161583
173296
177580
161295
154156
176166
166671
180462
136108
179595
177258
133505
109595
106485
182198
158153
165027
120605
164172
158165
132615
183323
129766
174177
171000
132668
130647
181571
166171
177873
174177
142407
165003
159307
154141
113391
115448
183577
154165
171316
170177
175595
165313
171050
156435
168441
166458
93406
177885
163340
164180
177633
155550
130940
178160
166409
180181
172444
177340
165305
168482
179326
173331
183296
181281
177316
184207
158464
181320
181323
177027
149286
181311
183583
165296
159316
159325
174471
167612
188450
173328
172411
187352
189299
179645
174162
188480
111926
182438
187346
182512
183361
177263
131741
182177
186228
183322
177639
187317
183574
179313
182180
181367
182491
176456
163595
174787
173585
184761
183574
166491
176775
180204
175325
176446
180429
183358
173340
175908
180168
179322
170464
166419
183334
179346
180180
177600
181586
177313
169310
178168
112512
185293
183346
124751
179310
175550
181627
177346
176156
182174
180141
181284
180153
177263
182177
182156
185284
186186
180704
167466
182189
176135
178474
183660
183083
181293
185293
182683
176491
178156
166291
180443
181578
155385
181260
181358
175280
176417
190219
183595
182165
184186
184198
180177
184198
175287
183257
152222
178165
179612
182165
183550
179239
182464
180180
187281
177313
177233
183319
175224
173268
183358
183329
181313
157358
171239
178446
182177
174135
183286
158483
181349
180390
186444
161134
165448
162282
184198
178129
178405
151337
157367
183334
182177
161391
182201
183334
172348
182189
178156
178470
187290
180144
183296
185293
175499
180204
182417
170888
182455
173292
175215
174342
175301
184719
185260
178123
180405
188201
172081
183289
171212
182719
181346
178393
180683
169606
164300
180671
176123
182453
185358
181316
180168
170482
184467
178710
181911
180405
178419
181322
181325
157352
181855
180156
180168
172375
180393
176725
180719
178482
184423
150213
177277
182434
181322
173313
182165
184198
184417
175589
172689
175236
181260
175287
178398
184174
165272
169283
181636
177603
183313
170375
179648
180781
181550
176479
184455
181325
180132
181624
171822
174374
184447
185305
183310
176381
185307
182431
186201
186201
179526
184790
166312
186479
185281
181260
186426
183370
182405
176408
173218
161158
182479
176183
183557
184186
184455
174470
179334
176458
178123
183272
186787
176120
177239
176207
180390
186440
182393
183334
185387
181257
180467
174449
177292
184476
181092
185604
172461
183346
176372
178719
183541
147059
175227
182405
177215
169173
186734
187633
183595
183909
178144
188464
181298
181322
175277
183902
174707
183305
181257
185580
177292
180376
181334
169585
179876
184450
181600
175289
181284
177313
178736
178135
179323
184144
177325
178393
178441
181902
177289
180479
181284
180417
180180
182399
179873
180396
189326
180467
181299
186452
183286
175553
175292
182390
181287
188450
181888
175224
186435
185624
179615
179591
179514
174470
184438
180772
184450
178467
176497
180476
175549
183272
186740
182165
176704
166432
179307
172174
185281
187856
185305
179236
178414
183317
176668
175560
182153
180441
182426
180426
181589
173565
178740
182958
186385
167188
176710
180455
184677
178479
184405
176423
180174
181284
178429
169328
174494
177024
186474
184462
179313
179260
178431
177287
172423
174626
181293
182177
177307
181269
175325
189296
177310
184737
176177
183272
181308
183574
181526
170123
183293
175272
175233
177236
171289
174413
177571
174381
169280
183302
174722
182429
172671
170144
176390
187334
180456
186447
180405
181876
178177
176429
175615
179317
178399
180429
175233
174425
179269
177257
176390
175236
184438
181585
181615
172384
178411
177559
180441
179221
182402
179822
185592
174375
178103
168093
178624
177221
180745
178707
181317
178736
177648
177854
173245
176390
177852
179284
176429
172419
181292
170700
173533
178704
182124
179260
180402
178390
181023
165242
174683
182127
182124
172961
172671
181023
177026
179305
178695
167528
185358
180130
178396
175834
181275
175807
183358
170979
178961
173579
179825
178130
167331
178151
178171
179023
174162
177325
172082
177304
176961
176716
175577
178425
181003
179301
177843
173857
172440
175316
177845
170425
174458
176425
179009
182710
180151
181050
181887
180941
176736
174695
177023
179881
178997
184515
171576
183269
180177
177881
180994
174464
178144
172633
174142
175825
174150
182728
176464
176159
179246
173831
173597
179553
173319
177269
174700
177869
177263
179275
171881
175520
175843
153615
175304
178470
178695
178692
175274
180121
171005
182417
176704
177301
176461
170428
175532
174683
166419
176399
171236
178171
178396
184417
177890
172638
169490
177280
131310
169271
173564
176138
168395
172428
168416
177231
167262
174381
174097
176686
180707
158347
174387
174704
171561
175529
174399
176473
174396
181323
176444
172949
174920
184405
175825
168387
173265
172961
182115
176135
178405
180144
179837
179233
178692
183293
175825
172993
176369
183284
176094
176393
178147
176955
176115
183281
174390
179263
181286
177588
176422
177576
176724
178094
164416
168635
175828
179523
177526
178698
178733
176659
179002
179023
179538
178171
176156
172357
176144
179023
173848
181281
179292
179023
174712
177304
175517
171857
172413
169555
174978
177550
179298
168345
171780
179538
177251
171200
177248
179009
180443
170120
176381
178745
176455
176458
168609
170043
172659
183009
177875
178979
181887
171828
176736
171289
180455
178168
177571
181310
171245
176721
181846
172668
178733
178443
179313
176429
174458
177875
179846
174680
176434
181313
178733
182979
170644
171789
174449
179837
185887
179011
161468
174700
184450
174982
177263
179029
175289
183612
180713
174103
176106
171218
181018
176153
175884
175881
182186
181038
173597
177275
176115
178414
183624
171502
172073
177869
183325
186207
178994
177866
176698
180470
175254
183346
181050
176695
186790
181281
181562
176405
178748
181553
177881
186251
181914
174429
170668
185059
173562
187027
187621
176695
183050
176402
185583
176719
187015
180479
179893
179607
177328
180429
180704
181050
181873
179621
171319
177843
178431
179615
167292
179003
179588
183595
184769
183018
180769
180769
176458
164701
183042
182778
180736
176169
187379
176731
181574
180733
187580
180467
180417
177583
184488
181026
183281
181627
173260
179029
177852
186477
173615
181612
180201
177612
183873
177026
180731
178104
182426
177813
178479
177603
187071
180491
179041
180417
185929
180438
179311
177885
180760
181018
179571
183598
180719
184716
183905
174417
177272
176748
178405
178455
188512
178458
185559
190793
182225
176405
188500
176393
187619
185334
184731
177565
183627
182728
174715
179603
183604
178400
185929
184216
179346
179334
177899
180453
183281
181281
178734
179287
181861
180731
181574
181870
178752
184494
182491
178707
182213
184728
185643
182731
188488
180707
187926
183636
191947
184459
181656
184784
177334
185592
179346
174159
178719
179337
180479
185861
184447
184719
179580
182748
181021
178470
184761
179909
179595
178728
172751
177873
181589
178743
177012
178458
184479
178731
184757
178719
176760
183038
180743
181864
187018
181595
173577
173565
180204
170449
183574
182192
186438
183574
189941
185639
181586
180763
188515
178465
183574
178192
183296
178485
180441
181633
188506
182462
185885
184763
172114
183334
180449
177328
181627
180438
181624
175582
175591
183349
180961
183639
173287
180470
181639
184512
178736
178192
177325
181340
175553
183305
176441
177284
184503
181583
179305
181337
177284
166432
173316
178473
165594
183876
180470
179586
184500
178752
176449
184775
178755
181053
169316
174174
180470
181887
181692
181840
173870
181583
184731
180731
175589
177334
170461
185891
183346
177284
183920
174420
173876
179589
174168
186805
188793
182450
179595
176731
176453
177636
179586
177317
179334
185918
183050
181311
178784
187379
177550
182506
183329
173559
173867
178453
173304
177322
173275
184784
176473
188775
183305
182453
188784
183296
180408
174328
186198
184465
177582
174751
173376
176494
177376
183296
183630
183328
183311
184434
183036
183352
180743
180497
181332
174360
186477
180482
178485
180465
178474
175621
180787
186755
183358
187651
177340
177036
176767
177891
177642
175340
179924
172755
181953
187598
177060
186441
180788
174778
183642
183604
171036
178746
180734
181651
183663
181672
179610
173891
176787
179633
173929
181950
177912
174497
185622
180796
181903
181340
179642
172763
174485
183634
180497
183639
181619
183352
178453
189630
183601
188494
185296
178162
182722
189651
184778
168737
185352
182766
186497
183323
182444
179331
176444
172467
180725
187624
183331
184456
180183
184497
185349
184485
180195
180412
180453
177577
177586
177601
182435
183328
175275
189343
181340
189633
187308
182497
185311
182488
171340
181340
184174
178432
183343
182435
179601
178441
173908
182464
184494
180767
183057
187651
176763
185920
173304
180704
179618
184494
178473
182185
181613
186766
186494
181633
178183
180479
183595
184186
181325
182734
175630
173627
181349
184787
172760
179929
188805
180180
181337
176420
183067
178757
181610
188453
179891
182497
184446
185595
182755
178734
181639
179888
190506
173328
168408
189340
185628
179340
180180
183337
176746
176767
176444
178755
177337
180755
184148
185352
189367
186201
182192
177627
180180
184441
184497
181642
185340
183331
177601
185311
177369
178453
187308
178474
181266
182444
170689
175580
186192
179565
176731
178180
180171
189627
181630
180494
177648
174450
170180
187361
183891
183275
183293
187624
177337
186192
184201
187317
176790
179618
186497
183609
178461
175316
180503
185346
184734
180754
177056
178479
187352
185352
180754
177926
186743
182737
178453
176743
186195
179601
186743
184465
189328
181627
184450
189331
192225
178764
183340
182192
190482
186479
183343
186758
180482
176450
184471
181358
178776
182192
188204
178462
171607
178210
177334
176192
191311
176722
181316
180734
179627
186485
184441
183293
184195
188183
189296
177580
184450
180482
171899
176470
180183
191370
182183
179648
177597
185598
186500
180491
185325
185601
184743
181586
182192
185589
187381
189358
179328
182162
178746
173012
177585
183553
175349
184192
172731
178192
186473
185607
183648
176734
168731
181586
184473
189299
174462
179616
175066
181346
185627
165610
183370
184453
185367
184722
173636
184465
178503
182450
181305
189325
183349
181340
175577
186195
185302
188204
184174
179597
176725
179609
184746
180216
182518
188453
184414
183346
177316
182453
185316
180192
177299
183308
180399
173338
181627
186494
175334
176399
183598
185349
192210
182183
190441
185349
182441
191370
183278
181269
183328
181334
184423
183319
175337
176423
180162
186216
190213
185607
180192
192216
174458
189340
183604
184444
184192
180473
180438
184183
189308
183314
182180
178441
188207
181339
186494
181328
188195
190503
190462
183317
184204
178192
173565
192506
185331
182450
182195
185308
178512
184464
177245
177565
177586
174449
175284
184195
171287
185361
183378
178432
182203
185079
186206
184218
185381
184237
181331
177339
177319
182215
178461
182221
180462
188225
180189
179067
185070
178221
185367
190236
179037
185372
188201
186453
186242
162501
188224
189100
175346
180417
181357
184183
189317
183073
185100
184479
141691
182473
180411
185088
190263
187358
186216
173337
184523
184494
134564
169337
186225
190444
184174
183307
185328
176464
180224
184224
188195
193382
184432
180746
181340
181337
178195
182207
179308
175337
182177
177349
182477
185340
175290
175296
187642
189352
181364
182476
186204
184497
178183
186207
183361
181340
182183
182162
183311
185325
182485
175293
187343
180485
183322
191320
183308
186479
187328
186485
179352
181287
180195
182411
191621
187352
182485
178746
177331
171548
184453
189352
188488
177577
186464
186458
187328
179337
190216
184497
177340
177340
177299
182461
182195
182195
183094
180198
179538
189319
187299
172434
188207
175568
174494
184177
171310
184423
184198
184485
180195
182488
175298
184195
183580
180476
184479
180402
182452
169230
177304
183281
182426
179328
181292
188180
183310
178716
184165
181325
181292
182393
181293
172414
183307
183278
185343
183290
179287
186476
177337
182488
182766
179299
185337
186207
180414
186435
182411
174438
185591
189352
189370
185577
183343
190485
185319
182479
183343
188195
181372
185278
183322
185621
188198
185290
175304
178434
184192
174458
174455
173287
178177
178233
184204
185334
181290
177310
182186
186189
185307
183281
178470
181613
180165
174446
183275
176496
180177
156138
184456
181052
184209
184417
185352
180180
173251
182488
178479
190201
188198
180182
183052
183332
180447
180212
180209
185082
177322
178188
182742
179322
184212
184476
179313
184180
181339
185334
176132
182177
179324
181343
187085
182203
180449
175904
182162
184189
189346
184192
172392
188207
185331
185630
187621
169005
178209
181911
182218
182461
183067
156167
185311
187112
183621
139943
177954
161346
153615
177373
177393
179293
122743
180529
180216
180497
183091
184227
180245
183553
179349
173236
184455
186447
184520
182218
189337
187082
187337
171316
186195
182192
186195
182982
181597
175325
185112
175290
176381
178225
186204
172417
177594
174417
177340
177260
181319
169295
188479
175239
178153
177298
183307
185310
174455
180192
176432
173316
180192
183361
187296
177564
181319
179310
184171
183272
180476
180417
189349
175523
140380
183272
184216
171260
176135
187310
192207
188207
179378
186198
180453
180192
192204
182423
174123
182186
177293
183346
186216
174186
184473
178426
183301
183603
187079
182452
182426
183278
178414
183307
176426
183269
185284
179278
181378
183290
183070
181290
188204
181260
184423
179278
184476
177248
178162
183299
178390
178174
178162
182162
181302
187402
182156
188224
186476
187364
184195
184192
184215
181260
179328
180707
184446
182153
190216
187630
174180
187079
180162
184174
189352
187329
176230
186506
181085
188201
189361
179076
185328
180183
190254
186417
179630
177357
183287
180212
185343
182734
191346
183331
186195
181301
173316
175322
186447
179266
187079
181293
180438
182233
188195
185085
181322
186174
182195
180186
176737
175310
190219
175328
184444
189349
186183
188195
178165
188204
188204
183328
182195
176426
179343
169307
186447
189355
183331
178479
174174
186485
185325
182195
174443
188192
182198
185325
182186
179319
184482
181307
186450
182461
182189
178455
188207
182467
179325
186441
187343
182186
187355
179559
180467
177600
186198
187349
180177
178452
188465
180476
180177
178455
186180
182177
183334
183331
180438
182186
179319
183296
183313
183331
187308
181058
179603
184177
187082
181310
185334
179292
179313
178206
183325
183337
183313
184180
186210
181076
173550
179070
184186
186488
186189
185346
184473
184201
180168
180177
186201
186474
183319
175046
184177
182168
179287
173040
182189
182192
175289
179307
171052
178177
184195
181322
181325
187296
184488
181360
183319
183296
176449
179046
176180
184441
180429
181316
181568
182461
179615
182470
182177
181313
178174
182432
186180
181293
181642
182423
183349
183284
182177
179310
178449
186201
182186
183322
180177
184180
175559
183574
187305
174443
180189
184456
180432
185064
180420
175591
182429
183073
183343
184192
179319
185085
182189
180189
181313
180467
181061
180171
183331
186491
183293
182192
182171
177313
182168
182177
184189
173040
186201
181322
179580
178203
187334
182180
182206
178754
183331
183334
175591
187358
185613
183070
182476
182502
189355
178713
180168
187337
179328
176180
181316
181337
185346
183621
180467
185308
174452
173547
189355
172440
183319
180482
180198
189343
173319
180446
188198
188198
183322
179322
187085
174449
162445
179058
182707
186488
184497
186210
171307
170721
186213
187571
172417
186198
186189
180203
183366
174194
182177
185346
179319
185337
168411
177061
186192
186195
181314
192198
182189
184444
183334
183346
185314
181322
180716
183343
182189
184189
182458
182168
182224
178183
186221
181571
186189
184198
187082
181322
181316
187355
180206
183082
183870
181322
188227
185094
182473
189094
176455
183061
180215
186221
181073
185299
181612
186210
177058
182180
169307
181099
176198
170771
179659
180197
186189
187076
177381
186180
180177
180505
190242
187088
185103
183331
181091
185352
184204
185088
182479
177070
185082
180473
183094
178435
185082
187381
184210
183293
183328
183299
186219
184207
183308
185317
185343
181070
187352
181343
189314
183064
181372
182476
186488
184180
183621
187082
185343
180198
182192
177298
185281
176481
179316
188201
183369
184221
178209
184233
185343
179328
183568
189352
182195
181328
182183
179316
179325
179363
183337
192210
175064
182485
169330
182485
186224
180432
181299
176174
180189
186447
179597
181067
187340
183307
184192
185328
180482
188224
184203
189328
185346
180200
182224
186441
182449
183079
179348
185337
183079
187079
182461
185079
175052
184198
176742
176710
189120
181105
182189
181342
184189
181348
176490
176739
185357
176461
185308
192236
172183
189378
182470
180212
181336
187618
177611
181595
177321
178200
182455
172446
187076
189329
188482
183067
187076
186473
181348
182493
189346
192245
181081
188212
185340
176221
187337
183334
183348
180200
182218
183325
184200
184206
188233
185606
181058
173073
189346
185653
181055
183360
184198
185313
176127
183346
187076
186461
180171
180470
188201
177334
186230
187343
189085
191082
183325
188218
185331
184197
184174
183351
176472
182189
183085
177310
183322
187334
189094
184470
179621
189097
182432
190230
178472
181316
181951
185334
187093
184186
174695
183571
182185
184168
183354
182182
192227
181064
189091
184197
190219
184174
173058
184171
185094
178455
178177
183313
187343
180200
185076
181061
184180
184221
181301
177313
179334
180417
186206
187858
178177
181293
186209
178176
179571
183058
183064
180180
179322
186203
183055
180206
181924
182458
184446
184447
186470
186429
188215
189343
182197
181073
186206
178420
187082
183936
180159
182177
186458
182177
190508
187325
178168
180168
185076
174455
186189
183090
181301
183064
182194
185348
190219
180215
187069
181582
180168
187583
184458
185094
177603
189331
181562
182188
182168
181073
176159
175313
187322
183319
180748
190482
190201
187310
184171
194242
182438
186186
183334
182432
184206
183331
190192
184180
184177
182470
182180
185076
183313
182162
183061
188189
184429
176177
183325
183621
179349
182467
184479
185067
188195
187380
183363
178479
187337
186435
179340
186470
173292
192242
183299
191343
189334
186230
179577
183295
180458
189308
190450
179334
191352
183565
187612
185972
181594
180171
182183
183067
179313
174458
183357
182203
175307
187357
187334
188221
177067
180197
185328
186180
186479
184174
187624
179329
188204
179085
181876
182206
182198
183314
183349
183097
188479
181334
180209
186482
183085
177313
174162
177313
176479
189088
179067
176171
190204
187355
184221
183357
183337
176458
186485
185067
192242
183120
185088
179609
180444
186470
185088
185589
187627
181079
184847
193088
188233
187340
175328
184224
183323
187598
188743
177603
183325
169942
185354
189358
182183
180183
173945
183117
184212
183568
183100
179322
183328
192483
178461
182473
184473
175325
188195
189619
186737
180452
178432
186482
179960
177598
179103
187129
180212
186453
179337
186207
184192
176177
186283
177577
181299
186198
175041
183121
185542
179319
180453
181088
180458
181293
185281
173369
173378
179366
175096
187592
184186
182245
190195
185926
180212
179345
175328
182156
183299
187340
184444
186465
186195
190204
180456
190477
177355
186850
187395
185317
179609
182195
179328
189361
187302
183349
166180
176177
175618
177343
173639
177322
178485
183331
184465
188195
184189
192198
187610
187323
182186
182465
184456
189379
183622
185601
181621
185323
180459
176485
187340
182192
181308
187352
179337
181601
182468
183358
190456
183344
180186
177340
183323
184468
180198
182459
185613
178201
187323
187332
186456
191314
186477
187293
187305
181296
176449
179580
179340
182207
187352
185589
187323
178186
181592
185340
187314
184456
186216
185390
183340
171565
174485
186468
180207
185305
187349
170455
180198
190456
185340
183311
187352
184743
179090
181325
185601
187308
175867
184186
188216
181640
181340
180195
186204
176461
189311
186465
175597
186186
181343
182473
190192
185332
181299
179340
181325
180467
175093
184462
184192
170183
181358
191329
186456
183328
185320
181290
185325
189352
186224
181386
187992
186213
179296
179055
176831
186012
186859
186189
184183
186453
182864
179134
187340
186485
187981
185308
183343
185329
180189
181989
184195
183311
185346
189317
189299
188482
190444
183123
177085
175166
190216
186482
183619
179896
184453
189317
182195
181325
179313
180441
190213
176494
179355
183358
183322
187601
183323
181322
172461
181352
167066
181612
187329
177957
179328
180444
185325
172461
186444
177586
182192
186482
179337
183317
184462
183370
179618
181323
187361
187323
183855
186228
186468
178192
179586
179577
178201
179311
184195
180441
184441
179278
184168
179361
185311
185313
181972
187311
188198
181366
173972
186873
93940
190254
184456
181984
169704
172843
186010
184221
173692
166805
185117
182841
181148
188891
182006
183125
186859
174253
180844
171140
180215
185695
175070
184274
185129
187984
187975
181951
180552
177972
176227
177424
183963
186262
185111
185984
183108
185372
182841
177989
183134
181410
188010
185149
185992
183134
184853
186847
191987
171951
180823
191135
183096
188274
183111
185998
184253
184227
183963
187984
181983
186025
184274
176252
190242
180502
180826
182835
186461
181076
189978
185108
183972
183951
181099
187158
180224
182256
189129
183972
185108
188210
181079
184847
182253
185088
189311
185981
188221
186256
183369
188233
187589
185972
183117
189088
189132
188315
183963
184494
190204
183096
185960
176847
186256
185978
179096
187149
181410
179087
177945
185123
185954
186224
182832
183957
184256
179374
190274
187123
182835
180835
185951
182238
188265
183977
191109
187120
178814
183108
180826
183064
178517
179061
187111
185343
187402
184221
191331
184494
180253
186189
177340
186485
188192
186456
173313
184230
179975
188468
181096
181589
180499
186177
183966
179088
188195
178183
185331
176174
187079
182212
190515
178232
183068
184456
183082
185340
191103
186250
183111
184239
183108
189320
184494
187610
185984
173064
179968
181331
182191
183111
191311
179565
182447
186456
179398
175942
184423
182432
189343
179954
185601
182174
184186
184183
186204
180177
185299
179977
187311
185972
186462
182174
182473
189302
185615
179954
186195
187120
182826
187349
182473
183067
185328
186865
181079
184224
183082
175099
188207
185070
175055
183278
184435
179942
177971
179105
180191
192216
188195
184440
191314
178212
178467
173933
179287
184441
190444
184186
184713
183079
180150
186444
186174
182423
181963
189323
187088
189352
186210
187317
183311
184447
183079
178200
185302
184215
187314
185290
180485
173087
185331
186195
183966
183349
187352
184447
186447
187290
180476
188207
181954
182171
179055
184456
184850
185079
192216
182444
187290
183343
187302
185091
177331
190471
185975
181278
190207
184447
177948
183592
188207
182467
182476
176162
184195
183316
188444
182435
179096
183328
185966
180464
188494
185088
185079
184464
183108
186473
190207
183981
180203
185293
181954
174241
170817
181963
189340
190456
187073
188219
183070
181049
187963
183070
186186
189117
185975
177386
187613
183975
184236
183963
185120
181058
190210
184183
181111
185307
177948
190195
179102
184494
177099
185372
187642
186174
188207
182215
182476
183108
186494
184482
181366
184523
183070
185079
175930
188195
175090
184464
189328
177099
179037
184186
179090
184241
177635
178162
183606
178203
186224
188485
187091
186523
188224
180467
184171
183067
177942
182174
183378
189340
186464
183357
180191
187879
188183
185067
186186
186488
180215
185067
188195
189601
184206
181058
183058
185978
191100
179963
187331
187076
187094
181942
188755
190248
177942
178730
186215
191390
186227
182221
187358
180435
193364
186725
187357
187340
184224
183120
189349
186183
184473
182215
177336
180241
187369
184212
183067
181067
186523
175087
188485
185378
185343
184227
178206
178502
178464
182244
178203
179966
185319
183061
186174
183357
184473
179348
185079
175386
191094
183067
181070
190236
185079
185082
186215
182224
186198
188244
175345
183331
179061
185386
181087
182502
185322
181348
187082
185966
180215
183108
191343
183070
189079
183082
186174
183087
186221
182215
187070
185073
189349
179945
185067
187079
181108
177954
188236
190236
183067
183082
181954
185369
182517
183070
183099
183957
177951
185070
188722
184227
193340
181061
185070
186183
187328
187352
183328
177061
188219
177058
185100
180215
183058
185328
181360
178206
188204
173339
180464
185319
186195
185331
177070
184186
189340
183975
184236
186186
186494
177357
179908
189311
186224
183633
187343
179357
185120
187079
186198
185349
192494
169365
185070
190204
183357
188207
188482
177070
192506
187079
184494
188236
181381
187355
187639
182212
185340
183618
184746
181867
189941
181932
177366
186195
183592
181606
183132
178473
178212
192805
183328
181407
186503
183349
188453
177096
176470
186210
183340
183079
181689
183079
183328
179070
183045
179348
183070
179642
180174
179630
181325
180224
178262
181630
177627
181642
172493
187631
181639
181108
184746
177951
187622
187364
182482
179621
182471
185340
177290
184468
183622
182456
184494
186459
180245
177978
182244
176004
187604
187323
183299
187323
177120
179319
184207
178186
186459
179340
184438
185290
183610
181381
182207
183358
182476
185349
183613
183610
179099
184253
180253
181942
187314
180426
187613
180453
187323
175290
187625
188459
182497
180435
179357
186468
184497
183137
179992
183360
185995
179061
186444
175099
181407
183076
179954
178200
180189
185311
192471
185323
181607
187340
187352
191344
185323
186465
181945
184477
185332
186198
186465
186207
186523
185983
179087
177397
181971
184198
183302
186494
172464
183314
177331
189140
183871
179116
179995
186850
183061
179966
184494
184248
172452
187111
181974
183613
170261
190242
188468
183108
190456
183378
185137
176826
185302
182244
179995
184012
190883
171087
182195
182767
187111
183722
184224
189355
184480
186203
182841
189120
185305
176817
180198
183983
183140
177331
185410
183613
177369
185983
190204
181378
190779
180224
181105
172464
186859
188879
186253
179310
187633
186036
186883
183995
187140
177263
183096
184004
186850
187152
180253
179108
189411
180233
189158
186007
183743
181137
183760
187178
181157
181340
186033
181618
185554
185419
184879
180253
184168
186859
187651
188503
180233
181966
181439
183343
180435
185349
182526
184224
191364
174473
180488
177319
182535
181082
182224
187331
186207
181331
182468
185975
175128
177099
184274
181390
182581
180233
172766
183134
180485
176215
189340
179712
184494
178186
184314
187361
187393
171316
184564
181284
185132
185082
179128
181084
186274
172713
180743
186245
185088
186016
180168
178716
177627
190784
184195
186746
176497
179319
182482
182775
179161
187660
177381
185349
181642
183390
177328
188550
188746
181618
186468
179445
180224
181108
186805
186482
177331
185349
185639
178224
185399
189469
181111
180198
188245
179349
188506
179331
185100
180007
176282
188016
188254
186242
182552
188242
187305
190503
188518
187094
174399
181155
187975
180183
182265
177046
181963
189117
187112
180195
183390
178473
171090
187108
181378
181331
182224
177055
185082
184497
187088
182303
183340
185390
189399
181369
182054
183079
182262
180215
180233
183393
183378
182241
192260
183963
187129
181108
183079
190506
185120
179978
179111
179963
192245
193121
181407
185120
182224
186254
182224
191141
187387
184274
167953
187337
187390
187067
189984
187361
185129
179137
191100
179313
190544
187352
184037
181117
190005
179105
187972
187981
186262
189088
187117
178426
193103
188251
185275
180224
183390
179079
191097
175942
183120
184233
189091
181082
186245
174502
188306
182265
184245
179111
188254
179322
186544
187088
187349
183963
173983
179407
187109
181070
179399
183457
183097
181381
186192
182746
188286
181984
179099
177942
176253
183111
190497
183963
184212
188207
186198
185108
185079
185067
188207
187088
189108
177410
187088
192216
189088
186257
181120
179149
183082
180221
189972
184236
180552
186262
179951
188266
184274
185972
187349
183108
185079
188271
189091
170258
185390
182523
189091
185966
185358
183963
176241
184838
188506
176171
183413
189100
178191
181966
189372
181627
188195
181369
180285
189440
183108
191138
188227
191428
185150
186224
185778
183079
189103
180215
185082
180864
181966
181992
185108
183102
184224
189132
188242
179992
182203
177992
192283
184224
187108
185079
178004
183954
191103
189091
186224
183357
177108
187088
187373
190248
178212
188245
182274
184506
189373
190216
185613
184224
183091
185079
190254
182274
185129
177137
185067
188535
193984
179398
185129
186219
185097
189385
189097
191100
187349
186245
187138
190207
187091
175486
175954
188245
187972
188494
188283
185340
181352
185112
189097
185103
186233
183378
170823
191428
189126
184242
176183
182233
182233
187170
182535
182183
179132
183155
182544
186506
183352
186254
179963
186242
179108
184186
185117
181378
182236
191305
187079
183079
189150
184312
191100
187390
180212
180494
190257
191109
181126
178253
180262
184253
178300
190515
179129
186315
177680
175111
188350
183743
186224
188236
182224
185105
180859
179630
191132
179067
179108
183076
189138
186248
185079
179369
186532
186230
177972
184221
186192
185349
182271
185138
181340
179992
193391
180010
190283
185752
186233
186271
178212
178274
183349
188230
184195
181340
191138
182271
184207
172282
189126
184054
176253
184755
178250
183340
190266
184265
182262
181378
187088
185100
179984
185728
183349
177343
185137
189097
187088
184262
187425
182885
185117
194225
189100
182224
185100
185364
186013
187358
187352
185660
188245
175328
188216
187378
179954
188216
190204
189361
177146
183387
183966
181225
179322
188204
179963
187399
189408
185141
188219
187091
181677
182233
187698
183137
187088
179942
188236
185399
186204
183402
186242
187100
184213
188283
189088
179366
177096
183091
190213
186195
186230
179992
177942
183120
188207
169962
186497
185398
186233
187088
181328
182204
190216
182212
184174
174206
188204
182250
183088
179963
187100
180262
179129
187364
189373
179340
186843
181648
182573
186254
193370
185299
180198
184515
179343
187378
185666
183358
185335
180195
186245
189361
189663
180224
185381
185622
184497
188486
186561
186515
183070
178189
182253
181466
188213
178227
184233
187349
175618
184183
174215
183352
189672
193349
182262
187387
185373
186497
191352
189352
191417
187361
183369
186480
183378
182224
184271
175966
176291
182025
181079
186195
186216
181158
176253
192245
180238
186207
183352
184236
192465
185108
187091
188216
185088
186506
190219
182859
185349
185975
186477
181963
181314
179357
181980
179992
179334
186233
187129
186216
183117
182233
179067
181129
191332
186216
182868
187112
185352
188207
179352
182300
183094
179340
184494
180022
183091
179091
179108
183340
180013
183378
180004
192228
189117
184856
191361
182868
188245
188204
184013
186274
189112
190224
190494
185105
184262
172282
179146
187146
178867
181613
175971
188013
187120
189135
182303
181149
189975
195109
184001
185117
178320
189993
188001
192013
188022
190880
188868
173357
181963
185126
184303
185137
188865
181954
183963
180282
184847
179963
193422
181983
185141
185099
179995
188013
174232
179146
184856
187129
188859
178511
188224
188004
186856
188856
179983
183087
186016
187108
184844
180838
180001
187129
183407
188291
181111
185434
190013
183187
183137
184054
186001
185627
186274
186859
185402
187984
181170
186004
182227
188004
187129
188013
188016
182838
186004
188850
179117
182016
189129
181105
177099
187123
187117
187998
183992
184844
183963
175992
187975
175128
188880
188013
187975
189972
187117
188312
176033
182022
186013
189129
184001
180838
179108
181158
190013
188198
181966
188283
181134
187120
186001
176867
182847
182847
187126
189129
189996
183975
190309
192254
183158
182265
182004
188880
183975
191129
185108
179992
185416
176244
188283
189975
182291
182253
182847
188001
176004
178835
184004
181995
192283
187129
186262
187987
187129
187416
181978
187120
187141
180004
181167
189984
178265
188292
190233
189129
188292
186004
186254
182274
182300
189091
185146
183137
180291
181120
188535
180291
181436
178306
186274
187108
183975
180001
185155
184265
193138
187428
182303
189164
183149
179992
185108
188309
185416
187132
191984
193170
182850
185108
184004
187117
183436
188236
185954
189144
186871
183966
184277
179331
191126
183120
170168
187416
183146
181088
179134
191158
185091
180215
183170
185989
182233
183111
184517
185381
186013
184250
182291
185983
187108
181108
184772
189117
183995
185117
187146
186859
173134
178485
177114
185117
183975
181117
185963
185108
188245
187384
181082
178218
183352
184280
185132
193141
189996
189191
185349
180265
189129
179158
182277
181129
183995
180198
189390
175120
184004
185972
174224
187972
180221
184262
183963
187141
165230
191390
175057
184013
178622
189709
182236
182850
190300
188025
186271
184037
180212
173971
183105
185108
187992
183340
188236
179128
190013
185158
185149
185073
180253
181966
183096
185152
182206
185992
184286
184224
175974
186523
180224
189117
187129
175436
180236
191129
183105
181091
185992
194204
186262
180303
175293
189146
186224
182262
183363
185410
182236
178224
189129
184253
190025
178488
179343
186186
175980
183091
171879
183120
185128
189434
179137
177407
177137
183428
185381
182245
180250
183448
181314
190286
176189
179120
180165
188004
191103
182526
181352
183954
181960
186268
192283
184198
192271
189091
183073
186253
187082
181058
183073
180198
180192
189381
181346
179983
191103
175954
181945
182215
179058
178253
183963
182543
183975
188198
181096
186265
173954
184242
185407
189402
184497
178244
180236
189103
192274
178253
186265
182253
185170
187311
185437
187123
188245
190485
187966
183954
181096
182274
187108
180485
187390
191428
184195
183331
188207
185331
187402
183138
176224
178215
187129
185419
186494
181343
189097
187975
185100
182186
187176
188195
177319
183158
183378
184189
184004
178426
177070
183680
183070
181319
187984
188494
177140
188224
184198
183108
176215
178165
188192
178186
187097
181158
178186
187079
177980
176191
182198
187378
188295
185381
183372
178186
193100
186227
178282
175331
168476
181334
180256
188195
189126
179363
179099
187082
188195
179096
187129
184468
187972
185375
187343
178189
189120
172832
180503
189100
188283
190298
181445
182350
183108
177149
191138
187070
191097
185144
177474
185126
182253
186856
187111
190230
184004
179601
194254
181448
184523
188239
186353
181760
184474
189176
186274
182885
185149
179963
191437
192245
183117
187129
181108
185146
178285
183158
187425
178303
189425
180294
184042
177885
185437
189091
182511
185404
182294
183067
183126
183419
187091
185117
185199
182265
185369
182312
182286
193109
181134
173348
191129
186312
187752
182844
186013
177061
179348
184016
187981
165000
191364
181111
187126
190028
189387
177986
188862
183111
184847
187179
184488
189993
180262
185129
178291
185981
181425
179117
173316
186286
189126
184277
184306
188283
178841
189167
186859
185117
182256
184250
184013
185972
187129
179995
186037
173995
188233
189100
182853
185126
189091
184274
186010
186013
180856
185972
183978
182303
187129
190283
190022
169027
174838
183120
193150
180897
181448
182004
170858
189094
177983
188204
184224
186195
188283
186010
184859
191135
188013
181149
187990
178004
180262
184871
175184
185923
184573
183972
189129
187993
184859
187984
187440
185155
184236
178552
184868
187419
187079
184847
187120
189302
184859
177992
183954
181149
185764
189993
185167
184236
181998
190204
185987
190010
188871
188019
185960
182042
181948
183146
186013
184013
186221
185966
178435
182850
180838
182262
189984
184224
179992
184897
182004
180282
187126
187900
187969
184868
183957
179954
191981
183975
180004
187416
182859
185076
189126
185126
182001
186903
181722
187457
191126
192868
183740
185164
182850
182259
178282
185743
183134
183137
185108
181055
176282
187966
173131
181105
183108
181102
181383
175971
187340
189972
181108
185969
183105
184856
176297
186903
182835
187076
183975
182859
181105
185114
190242
183064
188874
187366
187969
190242
185076
190192
186004
185117
188022
191085
181108
190227
185407
183375
186868
177743
187126
183067
184004
185975
190491
177134
186224
177977
180018
191109
188233
187138
185105
181093
187073
187117
187390
186186
184171
173377
185369
186844
191384
180024
185079
189114
181969
183951
189984
185070
184250
189085
181058
186233
182241
186309
187064
180256
189117
179980
189091
188236
185972
185120
183146
184288
181416
184250
184303
181966
191138
186195
173936
188210
188230
183954
185960
187105
183134
187328
185079
173066
187960
183395
187963
182262
189337
177954
186221
183099
175722
187375
187141
178250
177078
192295
189117
176850
183963
179983
184250
187132
189987
179971
183954
187975
187972
179078
187963
179713
179137
178826
183963
183951
183954
185070
188250
183951
181954
176279
189422
183134
186856
177936
183137
190259
186847
176811
188010
181137
190186
178829
181945
183155
185070
183960
180826
184835
191337
177992
182847
187105
181158
187117
176170
187416
185951
182001
183099
189972
185378
177140
182847
184004
185975
183963
186224
181963
185073
182856
189079
179954
189135
177992
174138
174841
185123
186865
172405
177983
179386
186850
183120
184016
188265
178270
183951
187111
181731
179656
181992
179957
192295
176817
183954
187117
186250
182561
190506
188520
181395
183972
188277
191981
183085
183966
183995
189088
185369
191349
183108
185951
187966
185407
191120
181942
191103
177093
186236
182850
177998
189963
185960
180850
185079
192233
183942
184868
176206
179067
179301
179131
188236
181966
191091
182256
189978
168832
183099
181108
181966
185328
173277
189100
181096
177945
179116
185099
177119
189094
173090
185361
188215
187366
184268
181966
187120
190488
178835
188221
170024
184850
185975
185082
185070
187135
182841
182168
180426
174823
189079
181140
173146
172879
189975
177998
188016
186303
186850
188883
180417
183073
187120
187975
185992
176012
186520
184186
185105
187117
184303
184473
187088
184200
185951
185099
186760
183099
182177
188871
183123
186763
176168
176484
188488
176285
190271
183966
187697
186274
181600
167695
183146
185143
183963
183096
184186
179096
186731
183972
190488
185372
183328
175754
184763
190523
177983
182253
173936
177339
182841
185108
172159
188010
184888
178759
191636
185108
183992
178478
187627
187155
188511
181911
179128
181415
185070
186262
188499
189398
189117
183980
190283
186897
180018
188259
188502
185143
188514
178814
175971
176733
179872
188561
189375
183345
187134
184461
173988
186537
184549
184229
184844
185586
187366
179698
183954
185122
181716
180212
186784
168162
172165
182867
174168
185653
179600
177116
186467
184279
184282
178829
191712
187674
180575
183360
181612
186511
189972
185392
172846
174157
180829
184253
188456
180461
184015
180751
190532
187375
182276
183383
171941
171565
182861
178742
177884
178160
172171
181607
183989
182276
180476
178835
188491
173307
167057
183369
187126
186485
191152
186209
185618
176145
183307
174719
183137
185378
179412
184850
182212
184497
187615
188256
182850
187610
188473
183149
185096
181081
184236
185357
185340
185108
185986
183084
184479
180508
188508
187984
182273
177600
181609
183322
186224
184473
177072
185015
183951
181110
177101
183122
177959
183351
180713
187603
180849
182737
181911
182763
183053
181980
179618
187375
186271
177870
187354
183000
187665
181319
184798
183659
184502
183357
188796
187143
183630
180229
179331
178287
181980
177113
181053
179104
180769
185073
186247
184467
179974
178276
179977
186256
187369
185131
186499
181682
175600
177550
193413
179574
175058
180438
187929
187105
187413
180708
189938
190230
183102
185337
181331
186853
184885
185873
181084
179606
182508
187624
178006
186731
190511
182789
185108
188544
181334
174191
181977
188517
183119
182189
183331
183392
184018
175101
186226
181882
179351
179971
185105
178441
184015
183612
181125
183989
190007
181340
172385
179942
186238
189337
183084
176464
177921
180737
184186
181055
182858
180012
180212
184546
183108
182511
188015
184844
183093
180258
185351
188277
186177
183977
186482
182479
183380
187389
178296
176200
187105
183134
182212
176255
180508
186256
188265
187102
183965
185363
187105
189404
187389
180252
188294
177968
179980
187111
183400
175698
185122
177066
183391
185427
183093
182229
183351
184882
187059
169692
187119
183371
183331
178168
185621
184835
181704
174814
184511
180217
174467
181620
173950
183125
185140
181316
176820
183067
183644
185969
187882
180176
193381
190256
180214
180478
184490
186250
186253
178829
188772
185963
186288
179113
187905
187146
182478
188517
185989
191396
187450
189151
183122
184899
182006
189404
186279
181963
181980
182537
191152
183087
183334
187354
186226
190491
184496
182835
171025
173918
186250
181977
182215
182209
180212
181084
183055
181380
184183
184200
181319
175080
185374
179371
186520
183653
186549
186537
187662
182255
185665
179122
184464
179598
184517
181049
186511
187943
183354
185665
185914
183624
175092
183371
185644
181632
175974
177383
181316
186508
183322
183371
178200
181322
182485
186467
188517
183395
181366
187885
183363
185304
181043
186235
181122
187653
181339
182511
179400
188221
185334
185600
182238
183641
189653
181362
182200
183357
186546
177933
184861
182516
179055
176156
189354
182226
186508
179930
182250
182519
182279
187396
177409
179357
187125
175304
183064
182189
181386
183087
185606
184215
182847
182873
175092
184432
185589
175565
183093
185887
191621
189908
169298
183951
185096
184505
151253
177060
182470
183102
185296
183096
173037
182467
183980
177301
184226
184847
185603
181948
184490
185339
186490
183357
180979
182516
184165
177037
180220
185316
187893
180446
188751
191363
183336
186218
185331
176434
179980
185067
186470
183998
186238
179072
175251
183113
178817
177260
188508
183392
178264
175092
185325
180727
184864
187577
182214
177069
183081
186736
185017
172108
181905
185656
177248
178229
182534
186212
174686
178194
188760
183980
183107
181119
180458
185354
184261
189334
183081
185102
176399
183339
180197
188514
183325
183890
176202
179939
182443
183641
189636
180730
182786
182241
181110
180724
182253
187656
186722
182217
178182
184212
189357
187325
179122
182823
188496
185322
185313
183125
183046
184218
179579
189401
174434
175075
187644
189375
184206
185345
181134
187325
175705
182826
181084
185354
188004
185905
192274
187369
179901
183333
188482
182478
180226
185067
190438
183116
170808
187354
181930
181099
189433
181930
185096
187615
177063
182246
184270
181918
187366
181942
179956
185075
188197
183055
185362
183081
185357
178437
179927
186490
176805
192195
177930
186171
183081
186168
190751
181116
185319
189088
179072
181084
184473
189375
184751
183084
183163
186473
183354
178814
181093
185061
183966
179933
181942
179968
181072
186493
185105
187334
175098
176220
184461
183357
187134
183096
182203
189867
182200
185864
183348
186737
186224
179939
187041
184220
178742
185899
185893
186198
188482
191062
186001
183122
187331
185896
181351
186731
181075
189132
181465
187108
179078
188244
179318
185620
185099
185357
185343
185351
184847
182835
180185
188221
184724
185609
183055
187954
187972
181084
184212
189891
183084
176410
183354
185951
182905
185861
180730
180012
181366
185140
184885
185108
188221
182864
188183
188482
183119
181980
182835
177254
190456
180841
183951
183992
189108
179031
180826
183731
192022
185992
184888
181087
182841
180826
188195
185313
185093
186514
182867
189378
184030
183099
186856
187989
190447
181954
180826
175022
188856
187992
178823
188250
185796
185760
182832
181731
179722
177096
185781
189129
188482
183149
185108
183951
184068
183992
189146
184885
177754
185134
184778
188897
188297
179816
179072
188880
176609
187752
182229
186897
185175
181772
190909
186926
193802
185752
183998
187728
188757
181412
186769
180006
190262
183989
190268
181960
185615
188341
181746
174606
187740
190022
188935
185749
183989
186903
177965
184911
187752
188660
185172
184624
184206
178849
175927
184285
182885
191120
186882
190935
187386
186636
188024
184235
179866
183108
178472
188642
184885
182621
185600
180454
182624
187998
184314
179933
182627
176591
192291
179710
182499
186520
179930
192080
182211
176440
180606
184021
180009
185386
184027
183766
189126
186068
186282
177968
183998
187137
177362
186288
179066
188549
173698
185392
190271
192031
188479
184873
175962
178876
182249
183281
181166
190772
182905
187105
185589
186212
187187
182630
186027
188010
186926
187781
184276
184221
187740
182320
188338
187204
188511
186291
183615
175400
178519
182279
184036
188021
193135
184748
186015
184021
186458
184255
186326
182624
187407
185430
186027
186894
187213
190932
178896
169083
186508
184015
178765
190062
183424
183757
185134
182030
185433
186757
188045
186291
184505
186024
188523
187181
184033
190259
186546
182612
185154
185914
186030
186876
178594
184009
190051
180606
182902
181772
184520
176038
185613
182546
174756
177739
186262
174855
180890
185450
182282
187864
185995
179620
183905
191172
179110
185357
185415
187328
188036
188479
185366
184519
182241
178000
181099
181583
189929
176905
185641
173104
189024
181615
186784
186230
173745
184511
177362
186259
185117
186253
186054
187598
184262
179685
185378
183024
178490
186767
183386
182317
188494
183111
183891
174258
188280
186039
185375
177846
180241
186013
183870
186749
184734
181899
181137
182262
186166
178473
179415
186787
184526
186285
177365
184734
174194
188137
185012
179574
183621
174742
178777
178006
181896
180133
183624
182479
180426
172457
177269
181340
169110
184450
180763
182722
187036
185340
183027
173834
177026
181589
185642
182754
181357
180224
185015
178543
175577
179870
183867
183899
182447
181331
182198
181917
181697
179887
171916
181887
185410
182763
180757
183021
178818
178186
177893
174261
171962
175890
181015
181038
187323
170768
178221
186784
181647
180233
179006
183175
177336
177887
180775
178751
183618
174443
179896
181905
178467
177284
181053
187042
183891
173588
179896
174493
182746
180778
182772
179050
182514
179858
182760
177905
184737
185888
180754
179000
173945
179609
177450
181392
185071
179322
179618
183378
175050
186772
178992
183630
179597
184810
180763
176460
180470
178473
184755
180751
180772
172548
182772
186805
181908
182772
180725
187920
183955
174443
180754
181606
186178
180754
183633
175896
180491
182500
179589
180499
180215
180482
175917
180772
180494
180763
181621
173942
180215
183644
179357
183902
187926
174484
177621
184737
175600
179360
183648
180511
182190
181630
176473
179577
177021
179627
170683
184793
181864
185926
177612
176206
182497
185054
179328
183929
183083
182781
178482
181352
175592
183885
183024
177905
190764
176464
185891
178488
187045
174467
178731
174227
181340
181036
190240
174470
179891
179071
175021
180473
180207
180485
181891
186764
186190
179879
176734
179896
178716
182198
185080
181882
180728
176455
182760
183900
184767
185935
179633
173272
182453
183618
183941
179618
180775
178760
186772
182758
180482
183036
176745
181074
175911
175018
182781
176195
182775
177858
179589
182746
180178
180725
179589
172716
184772
175571
179917
168411
175348
176160
182173
180485
169017
182204
181929
177606
183935
172455
182754
184787
179586
177562
187074
183062
185018
187033
180763
184497
176725
176169
181932
179296
172159
183027
177893
176710
183616
180731
185039
177322
183888
179311
184769
185894
187068
180213
178224
185051
176180
163274
182262
181732
183068
175328
182488
183621
175108
186915
185030
170891
182497
174197
183595
183027
183978
185932
183161
181645
183917
182028
180210
186776
176024
180488
175995
177612
175325
181314
181393
184509
183911
181340
174232
177972
182900
181416
186477
184506
182001
188746
184906
182042
177163
180288
181609
183621
185882
183161
180256
175980
174970
173547
192254
188028
188889
177585
187349
186897
187960
168632
187015
182358
183876
179760
187876
185343
184865
184894
182473
176423
177813
169455
176697
176855
184482
184885
183875
165170
180991
180609
174129
187366
181644
183618
185366
175962
178012
187320
181538
184253
185325
187375
184432
183598
176615
183269
182221
186239
187375
191668
182267
178730
175600
184734
181834
186633
175535
187787
183887
185213
143193
180970
175283
177538
176393
173819
177813
178088
174354
174899
179233
183606
140198
186497
177734
175591
184891
174114
192944
189639
177523
187352
184201
171588
182850
183775
166377
183723
172384
185186
178446
166398
176971
182612
186221
184305
182905
178863
177385
181986
179710
173742
188581
190065
182926
186902
178878
184624
185760
186056
182900
184923
186897
183731
184902
187436
186624
188291
185685
179195
187135
189126
174899
188642
185778
185639
184001
178000
185395
189398
186775
171730
183978
179751
182235
180893
184499
179710
182766
181951
185743
182841
180047
178982
183565
185337
182461
183737
182464
180247
171713
184873
183043
182452
179612
177319
183117
179072
183896
177006
179374
183998
186865
185589
177597
187085
184511
187109
172591
185972
186259
178490
189639
183366
179562
179395
180502
184778
176481
179676
180621
185126
182532
178835
182523
181138
184291
182470
184177
183606
184219
182722
177372
187639
182237
184450
185114
177084
185340
184740
185639
187334
187384
184781
180177
179606
186462
181158
190233
177722
182183
180844
182844
184429
182923
189117
185984
183598
186856
185067
178481
177079
187972
187094
188024
182868
182734
180911
186482
187595
175899
186010
180612
183328
185998
186847
186856
176899
187088
185850
184853
183615
176829
185117
181122
188485
179305
182537
177716
188508
187966
185111
186453
183568
185923
186221
182227
184452
184456
172207
186250
184612
183954
184001
183122
181386
181992
179983
177101
181301
183395
183395
183977
184461
183606
178902
181058
179971
185102
181951
185328
181977
186186
188725
184832
178017
179843
179113
184908
187633
188233
187102
187088
186473
187366
185998
184470
182212
185615
186441
185960
185096
183070
188276
185334
179716
183337
185334
179980
179345
184224
184482
187102
175763