1
1
1
1
1
1
1
1
1
1
1
1
1
1
1
1
1
1
1
1
1
1
1
1
1
1
1
1
1
1
1
0.999
0.998
0.997
0.996
0.995
0.994
0.993
0.992
0.991
0.99
0.989
0.988
0.987
0.986
0.985
0.984
0.983
0.982
0.981
0.98
0.979
0.978
0.977
0.976
0.975
0.974
0.973
0.972
0.971
0.97
0.969
0.968
0.967
0.966
0.965
0.964
0.963
0.962
0.961
0.96
0.959
0.958
0.957
0.956
0.955
0.954
0.953
0.952
0.951
0.95
0.949
0.948
0.947
0.946
0.945
0.944
0.943
0.942
0.941
0.94
0.939
0.938
0.9369999999999999
0.9359999999999999
0.9349999999999999
0.9339999999999999
0.9329999999999999
0.9319999999999999
0.9309999999999999