99.0
81.0
119.0
167.0
171.0
120.0
120.0
120.0
167.0
167.0
115.0
115.0
0
73.0
99.0
120.0
73.0
115.0
120.0
119.0
119.0
167.0
171.0
0
0
120.0
171.0
0
167.0
0
99.0
85.0
120.0
0
73.0
85.0
99.0
0
0
99.0
73.0
115.0
81.0
171.0
119.0
73.0
120.0
167.0
120.0
167.0
0
115.0
167.0
85.0
0
85.0
120.0
73.0
115.0
119.0
120.0
119.0
120.0
85.0
85.0
0
81.0
120.0
115.0
85.0
115.0
171.0
99.0
120.0
167.0
99.0
171.0
120.0
119.0
120.0
81.0
119.0
120.0
167.0
73.0
167.0
115.0
99.0
0
0
167.0
115.0
81.0
0
119.0
99.0
167.0
73.0
120.0
0