1742.4097222222224
1813.2430555555557
1794.8333333333333
1760.7430555555557
1767.0763888888887
1800.5555555555557
1806.9097222222224
1739.722222222222
1778.0208333333333
1766.9097222222224
1795.2430555555557
1827.6388888888887
1833.8055555555554
1830.9166666666667
1863.7430555555557
1896.0763888888887
1943.2430555555554
2011.25
2039.1388888888887
2104.0763888888887
2068.0
2157.722222222222
2109.722222222222
2123.3333333333335
2110.055555555555
2058.6875
2096.3888888888887
2101.0763888888887
2100.909722222222
2097.243055555555
2103.9166666666665
2127.243055555555
2118.5833333333335
2154.138888888889
2195.6875
2218.722222222222
2270.409722222222
2303.4166666666665
2353.8333333333335
2411.4166666666665
2372.5
2296.75
2334.1388888888887
2280.0763888888887
2242.0763888888887
2244.3541666666665
2248.1875
2227.909722222222
2248.2222222222226
2251.8541666666665
2270.1388888888887
2292.6875
2305.409722222222
2321.409722222222
2344.1875
2372.888888888889
2401.6666666666665
2450.5833333333335
2418.972222222222
2444.0208333333335
2317.1875
2240.6388888888887
2284.75
2233.805555555555
2253.972222222222
2242.4166666666665
2248.5
2239.25
2220.6388888888887
2217.2430555555547
2217.1875
2237.972222222222
2258.222222222222
2261.2430555555557
2300.909722222222
2330.1666666666665
2355.909722222222
2309.472222222222
2334.3888888888887
2291.5763888888887
2240.5833333333335
2203.1666666666665
2091.9097222222226
2088.8055555555557
2086.5833333333335
2038.7430555555557
2061.222222222222
2070.0208333333335
2077.5208333333335
2084.9722222222217
2104.75
2113.0763888888882
2145.243055555555
2167.638888888889
2115.0208333333335
2061.8055555555557
1962.409722222222
2004.7430555555554
1868.6875
1883.722222222222
1846.243055555555
1807.5555555555554
1784.2430555555554
1787.9097222222224
1835.5
1796.9166666666667
1809.1388888888885
1796.1875
1787.8055555555554
1792.1875
1809.0763888888885
1834.6388888888887
1688.7222222222224
1654.638888888889
1629.0833333333333
1679.1666666666667
1627.3888888888887
1539.3055555555557
1509.6388888888887
1440.722222222222
1393.1388888888894
1439.0833333333333
1361.3055555555554
1333.388888888889
1332.638888888889
1327.8055555555559
1328.8541666666667
1343.409722222222
1334.2430555555557
1349.4097222222222
1269.4097222222222
1267.0
1207.9166666666667
1044.638888888889
1071.388888888889
1013.4722222222222
932.7430555555555
881.0763888888888
886.75
921.4722222222223
831.6388888888893
839.4166666666666
769.076388888889
743.2430555555557
735.1666666666666
745.5555555555555
740.6875
742.4097222222221
745.25
740.3055555555557
753.3333333333334
752.4097222222225
738.9097222222221
749.8541666666666
745.4166666666666
750.9722222222222
758.7222222222222
744.2430555555555
742.388888888889
740.138888888889
746.25
751.3055555555555
749.3541666666666
749.3541666666666
740.138888888889
748.2222222222223
750.8055555555553
743.388888888889
749.6875
745.25
740.6388888888891
755.9722222222222
744.7430555555557
740.1388888888891
751.1388888888888
748.5555555555555
740.138888888889
742.7222222222222
742.7222222222223
748.0555555555558
751.1388888888888
752.4097222222226
751.3055555555553
753.8333333333334
749.1875
754.7430555555555
740.1388888888891
747.076388888889
737.5
742.7222222222222
750.4722222222225
748.3888888888893
746.9097222222223
756.138888888889
749.5208333333334
740.138888888889
748.3888888888891
752.5763888888893
749.3541666666666
747.4097222222223
746.7430555555555
743.388888888889
743.0555555555558
740.3055555555557
748.7222222222223
749.5208333333334
745.5833333333334
750.0208333333334
750.1875
751.9097222222223
749.5208333333334
752.5763888888893
747.2430555555557
752.243055555556
737.3333333333334
741.8541666666666
744.076388888889
748.2222222222225
753.6666666666666
757.3541666666666
746.9097222222222
745.4166666666666
750.0208333333334
746.9097222222222
750.9722222222222
745.75
744.2430555555557
747.0763888888888
744.5763888888891
743.0555555555557
751.4722222222221
746.0833333333334
748.5555555555558
750.0208333333334
742.3541666666666
752.5763888888893
734.638888888889
742.888888888889
741.5208333333334
741.5208333333334
738.9097222222222
747.4097222222223
749.8541666666666
742.5555555555557
748.2222222222225
746.9097222222222
745.25
744.5763888888888
755.0763888888888
746.7430555555557
752.7430555555558
751.3055555555555
752.2430555555558
748.2222222222222
750.8055555555555
751.1388888888887
749.5208333333334
749.8541666666666
748.388888888889
744.4097222222222
750.8055555555555
750.8055555555557
744.576388888889
750.0208333333334
747.076388888889
751.1388888888887
737.1666666666666
744.4097222222225
738.0
740.8055555555558
754.0
745.75
744.4097222222223
752.076388888889
755.9722222222222
750.0208333333334
749.6875
746.0833333333334
745.5833333333334
741.3541666666666
757.3541666666666
748.388888888889
750.9722222222223
745.0833333333334
741.8541666666666
745.9166666666666
753.6666666666666
745.4166666666666
754.9097222222223
749.8541666666666
751.7430555555557
750.8055555555555
745.4166666666666
745.4166666666666
751.1388888888888
749.6875
743.2222222222222
741.6875
744.076388888889
748.5555555555557
746.7430555555557
744.4097222222225
741.5208333333334
748.5555555555557
750.9722222222222
754.9097222222222
746.0833333333334
748.7222222222223
742.8888888888888
744.076388888889
752.7430555555561
751.3055555555553
749.8541666666666
747.0763888888888
753.8333333333334
749.6875
746.9097222222222
737.5
752.5763888888893
747.4097222222223
749.8541666666666
741.6875
741.3541666666666
746.5763888888887
748.3888888888891
740.3055555555558
745.5833333333334
740.3055555555558
741.3541666666666
755.2430555555557
756.4722222222221
752.243055555556
744.0763888888893
749.1875
750.0208333333334
752.4097222222225
752.5763888888893
749.6875
745.5833333333334
751.3055555555553
750.8055555555555
753.6666666666666
749.5208333333334
747.8888888888891
745.9166666666666
752.4097222222225
750.638888888889
748.2222222222225
756.3055555555555
745.75
745.75
753.3333333333334
755.076388888889
742.8888888888888
737.3333333333334
744.0763888888891
751.3055555555553
750.9722222222221
743.2222222222223
743.9097222222223
741.8541666666666
752.4097222222226
757.5208333333334
752.243055555556
740.4722222222223
747.4097222222223
742.7222222222223
752.0763888888891
749.5208333333334
741.8541666666666
753.6666666666666
748.8888888888891
752.0763888888891
749.8541666666666
742.7222222222222
744.0763888888891
753.6666666666666
747.2430555555555
750.8055555555557
756.1388888888888
744.4097222222223
749.8541666666666
741.6875
745.25
748.2222222222225
750.1875
748.388888888889
749.8541666666666
742.8888888888887
738.7430555555555
744.5763888888891
746.7430555555555
740.138888888889
756.1388888888887
747.4097222222222
747.4097222222222
747.0763888888888
744.4097222222222
757.5208333333334
749.8541666666666
747.0763888888888
742.8888888888888
741.3541666666666
745.4166666666666
740.3055555555557
741.6875
745.5833333333334
735.9097222222223
748.888888888889
743.0555555555557
742.7222222222223
738.7430555555555
746.0833333333334
752.2430555555558
750.1875
756.4722222222222
746.7430555555555
743.0555555555557
745.5833333333334
740.138888888889
748.5555555555558
741.3541666666666
747.076388888889
751.1388888888888
748.0555555555558
736.4097222222223
740.4722222222223
744.5763888888888
749.6875
743.9097222222223
744.2430555555557
738.5763888888888
750.8055555555553
753.6666666666666
753.5
754.9097222222223
749.3541666666666
745.5833333333334
753.3333333333334
746.7430555555557
743.3888888888888
748.5555555555557
752.743055555556
748.3888888888891
736.076388888889
746.25
747.076388888889
747.8888888888891
746.9097222222221
746.0833333333334
757.3541666666666
