2.29807619047619
2.255146591970122
2.2953168498168504
1.9946289308176108
2.373543209876544
2.160787878787879
2.555396258503401
2.5533717627401837
2.5156584564860434
2.414071025020178
2.3514698412698407
2.2076424668227954
2.4302288786482333
2.437241118669691
2.413002976190476
2.206290109890111
2.2551443001442997
2.421020611229566
2.425358543417367
2.07848171152519
2.1631727891156465
2.291240778001341
2.281945767195767
2.1892067840834963
2.302920205920206
2.301201269841269
2.2202756892230573
2.2347507730364877
2.2573137973137976
2.3864954792043394
2.308524999999999
2.3673686067019397
2.403742160278745
2.418877796901892
2.2528435374149653
2.120763025210083
2.0864983388704323
2.54927422003284
2.3164945887445882
2.3111931514178696
2.3450095238095234
2.353972789115646
2.2262774327122146
2.3378320532514083
2.3711600810536964
2.2566215538847114
2.366747023809524
2.0472341678939614
2.408393586005831
2.316802308802308
2.1258628571428577
2.432755304101839
2.290453781512604
2.3912649098474343
2.435733516483517
2.4769931972789094
2.438323450134771
2.4766257231864697
2.1763236331569655
2.4723573612931427
2.230305627705627
2.3722668382668384
2.359264455782312
2.4155718499789294
2.457207184628237
2.356935817805382
2.408433497536947
2.4968286528286523
2.306855528652139
2.252317727090837
2.3393484126984117
2.3437670208579284
2.265479313036689
2.4068819202477725
2.500184231069476
2.3415786666666674
2.378772486772485
2.3744640967498105
2.4280781249999985
2.3955105204872638
2.3128593406593403
2.353453289712831
2.291422755361686
2.354682660850599
2.430597725657428
2.3445255731922403
2.2925280112044812
2.360233893557424
2.3834925269377822
2.2901966426858507
2.461645149911816
2.3322647754137127
2.312545893719807
2.3331888111888124
2.2638611670020117
2.316533730158731
2.2918253968253954
2.431872577996717
2.3385431145431146
2.2862805662805656
2.308432086928731
2.493344838606584
2.3685998107852413
2.441066915655151
2.3551453470277
2.3498242703533028
2.4407136672850944
2.364683256528417
2.3238277221716714
2.4398837353123066
2.2464310134310117
2.377295961422543
2.294044365572315
2.475959614225436
2.306241622574956
2.3504738389182824
2.457926325247081
2.2949597542242692
2.3842583404619324
2.3271653679653688
2.353087630318399
2.197778164924506
2.2696993689041887
2.267912087912087
2.348219822812847
2.329082766439909
2.4564723809523805
2.283931893687708
2.421158095238095
2.2812547065337765
2.356186020607073
2.4269441233140654
2.3092075976457993
2.4832359550561782
2.3839089253187615
2.4191746031746018
2.5059656084656083
2.339894538606402
2.2881714285714283
2.328538973131153
2.3341686182669803
2.316372200772202
2.3293049197579583
2.364993788819876
2.3854823091247668
2.3577443340972755
2.350924066924068
2.363159067882472
2.4992533740769023
2.379172396231221
2.459807475678443
2.395559646539028
2.3616538170823884
2.4300074074074067
2.307843107769423
2.3586809770540347
2.3644001973846547
2.3635861561119302
2.3309356636271517
2.327054491899852
2.348281885618569
2.3524300441826225
2.33873886328725
2.4165966238347205
2.3500865800865793
2.3897691197691207
2.353938095238095
2.3438689846308898
2.345397976807305
2.399543333333334
2.3467987556831784
2.2975783680306288
2.35951761904762
2.351420556341348
2.348357020757021
2.32472170375688
2.300754761904761
2.4087967479674797
2.4465801305293677
2.297597776166302
2.3885704994192816
2.3134593406593416
2.360001904761904
2.344076834598575
2.327825072886298
2.384309754969949
2.3169894440534837
2.361857832988268
2.343798534798534
2.3692210720036804
2.3363344511513517
2.3835635691169683
2.397821081830792
2.2899209431345344
2.3196359890109894
2.331215550954682
2.367838900734422
2.357346611721612
2.346109164420485
2.3503442508710806
2.381510402219141
2.3377463284379174
2.369769541778977
2.363397732426303
2.356396226415094
2.332896306186026
2.372153565732514
2.3544612683783184
2.343816326530611
2.3461855577911925
2.337598130841122
2.3301262135922323
2.3818589921405455
2.3595049415992815
2.345446990116802
2.3424453262786593
2.364228008444758
2.3632349505840073
2.3374618149146458
2.362927364494187
2.343604152561499
2.3292201257861618
2.3417673908272985
2.331518571428571
2.360438184663537
2.320750279454505
2.3586893635959068
2.3496449418477074
2.3738086378737546
2.341953917050691
2.3241068634026374
2.373469826640333
2.387881939872724
2.337422785936805
2.3595998252512
2.340987930656133
2.3498655202821874
2.3643020282186957
2.3538117386489485
2.3647238968982087
2.343575301891092
2.3668945260347125
2.352419490586932
2.345906103286387
2.335454951933824
2.3623440860215053
2.369032186948854
2.3676831330663117
2.3590698709390283
2.348492137320044
2.357577717879605
2.353261795040597
2.3722616822429905
2.3492942725477275
2.34677507131885
2.326833988641329
2.3515312363477494
2.342182098765432
2.336068783068783
2.3583037918871255
2.3797009966777405
2.345149847094802
2.3665803293279946
2.3747703211517166
2.3485071877807724
2.33033201058201
2.3436604938271604
2.3463450719822805
2.341065934065935
2.3515836609873313
2.3521410934744265
2.3512541165999115
2.3587444298820444
2.345838316722037
2.3777495107632105
2.357729646697391
2.3413419092755583
2.342756146179402
2.3521419833988655
2.368927916120577
2.3755545171339585
2.3755458553791886
2.367424621461487
2.3433139329805988
2.3364144620811285
2.4079741878059626
2.333940750493746
2.345077326343381
2.3499763001974987
2.33433091946456
2.34736965669989
2.3313627705627704
2.3657881170816935
2.381516279069767
2.3628796296296306
2.3516422018348635
2.3729493087557607
2.380431450719822
2.3620130463144156
2.3320030581039752
2.344470017636683
2.3624583605131555
2.3414694498804094
2.357038881607688
2.37805315614618
2.368078924162258
2.371165035877366
2.3420956729723845
2.3477756033920425
2.3587610269914414
2.366207751937986
2.33160116253074
2.372857581742375
2.3666144393241164
2.334359307359306
2.352499224806201
2.366369541364934
2.3834990215264185
2.3571485364788134
2.349086240947992
2.3515578855395365
2.3519100775193804
2.369005001087193
2.3553619929453267
2.3511560846560835
2.349984709480124
2.358755291005291
2.366800087777047
2.3517238968982097
2.3689716033202277
2.3570109217999113
2.3416035337211816
2.3586953262786583
2.3716076889471376
2.34093621668851
2.396213403880072
2.3406956330919475
2.361618169848585
2.357195670995671
2.3475913419913406
2.3536159895150712
2.3708016601135857
2.364850022251891
2.358480952380953
2.3646229794670153
2.3237134079438206
2.3637738095238094
2.346442551332459
2.3355101410934744
2.346967166775388
2.346922259136212
2.345295762341635
2.3750644257703075
2.3612266842220757
2.3509984639016897
2.3484963791968405
2.3480974632843803
2.35397103357472
2.3405170068027203
2.3544805793285053
2.356131498470949
2.34350529100529
2.356928352992573
2.3687447089947096
2.367660934744269
2.3560726244835837
2.3795277594908932
2.365547509326312
2.3770987330712092
2.3548474426807755
2.35604344963792
2.3350167427701685
2.3470142637700233
2.360770167427703
2.3839470899470907
2.3601599114064244
2.3702278593680464
2.3616472663139327
2.366249725696729
2.383391874180866
2.356920489296636
2.347326278659613
2.367730232558139
2.3701100239182415
2.372410659676715
2.3689967083607644
2.3505127201565554
2.362176366843034
2.368216688510268
2.334144393241168
2.3620912881281555
2.3549453587886777
2.365611992945326
2.3477807308970107
2.372994513934606
2.3602210409745297
2.354977806507219
2.3555510204081624
2.362140004388853
2.3646124945391
2.350795543905637
2.355543209876544
2.381871276364428
2.3615690147026545
2.361726574500768
2.349639921722115
2.3556581084046506
2.3866436181778665
2.331381834215167
2.357104056437392
2.369773700305811
2.366682251082252
2.332947138488423
2.331650502402795
2.3573219746614233
2.379881727574751
2.343275573192241
2.3603734913320156
2.369734724940206
2.3381484848484844
2.384421581476625
2.3701253822629975
2.3605957816916727
2.3496603609480324
2.3528952380952393
2.3711917868064654
2.3606096115865696
2.372390168970814
2.362217873450751
2.35026518130188
2.3690305810397563
2.38717851706893
2.358855395369156
2.3751700680272103
2.3785146352118827
2.3445445887445864
2.37698369210698
2.3589043250327655
2.364443861948449
2.366896281800393
2.3545299823633177
2.3704823348694304
2.3539593073593075
2.3799934167215273
2.3635465268676277
2.386714944042135
2.3453394495412843
2.3651616426387063
2.3663041474654385
2.3648073394495404
2.3739431216931224
