50
51
52
53
54
55
56
57
58
59
60
61
62
63
64
65
66
67
68
69
70
71
72
73
74
75
76
77
78
79
80
81
82
83
84
85
86
87
88
89
90
91
92
93
94
95
96
97
98
99
100
101
102
103
104
105
106
107
108
109
110
111
112
113
114
115
116
117
118
119
120
121
122
123
122
125
126
126
128
129
130
131
131
131
134
135
136
136
137
139
135
141
138
143
142
144
144
145
148
148
149
149
151
153
153
155
154
155
157
154
156
158
161
158
162
162
159
155
167
165
169
164
166
169
172
168
175
172
175
172
171
173
178
178
183
180
180
177
185
179
183
185
181
184
179
187
185
188
187
187
186
194
189
180
190
193
193
194
188
194
199
194
186
189
198
198
200
189
193
200
199
199
200
202
195
199
200
205
197
197
205
195
200
207
196
206
203
207
208
207
213
206
206
206
208
207
201
208
212
205
206
214
212
210
212
214
209
217
210
213
214
206
206
212
212
216
203
212
212
217
211
212
217
200
213
213
214
217
215
217
213
217
217
214
218
217
216
216
215
218
209
214
215
213
213
217
216
214
214
215
212
217
214
217
217
218
218
216
216
216
215
218
214
215
212
216
216
215
208
218
216
214
218
215
219
217
211
215
218
218
214
216
217
216
216
214
217
218
217
217
215
220
218
215
216
218
217
215
219
218
216
219
219
218
215
216
219
219
219
217
215
213
217
217
220
215
217
219
218
217
218
215
219
216
216
218
216
217
218
218
218
221
216
218
218
216
217
217
220
220
218
218
214
220
218
217
216
218
216
219
215
218
221
217
217
217
214
217
217
217
218
216
218
216
216
219
217
217
218
216
217
219
217
219
216
215
214
216
217
218
218
216
215
219
218
217
219
216
218
217
217
217
216
215
217
215
221
217
217
218
218
216
219
217
217
219
217
219
216
216
218
220
218
218
218
215
216
217
219
220
218
218
219
219
220
218
217
217
219
218
218
219
218
217
218
220
219
218
218
219
216
217
220
217
218
217
218
218
217
218
216
