143.74305555555554
146.9097222222222
122.83333333333336
238.90972222222226
118.24305555555554
162.22222222222223
190.24305555555554
105.88888888888887
113.68750000000001
123.40972222222223
93.24305555555554
148.47222222222223
197.4722222222222
281.4166666666667
123.24305555555553
206.90972222222226
116.90972222222223
78.25
274.97222222222223
257.0763888888889
297.0
183.38888888888889
146.88888888888889
268.0
103.72222222222223
163.68749999999997
150.88888888888886
118.90972222222224
293.9097222222222
225.5763888888889
167.41666666666666
118.24305555555556
243.75
286.3055555555556
136.35416666666666
363.8888888888889
345.0763888888889
175.25
209.66666666666666
249.75
178.83333333333334
212.75
359.8055555555556
161.07638888888889
358.57638888888886
263.6875
181.52083333333334
414.9097222222222
187.7222222222222
173.35416666666666
355.47222222222223
213.52083333333334
77.74305555555554
372.2430555555556
228.52083333333334
374.22222222222223
186.0
327.75
435.8055555555556
215.02083333333334
133.1875
442.63888888888886
358.0833333333333
299.4722222222222
500.8055555555555
363.75
83.49999999999999
375.4166666666667
338.8055555555555
324.2430555555556
180.35416666666666
232.97222222222226
148.88888888888889
383.2430555555556
373.22222222222223
266.5
260.90972222222223
330.8541666666667
295.8888888888889
301.24305555555554
453.9166666666667
155.16666666666669
429.0
499.8541666666667
233.08333333333334
240.24305555555554
255.55555555555557
250.72222222222226
184.47222222222226
175.80555555555557
352.1388888888889
143.24305555555557
346.72222222222223
305.3055555555556
277.90972222222223
301.2430555555556
255.58333333333334
352.0763888888889
256.3541666666667
364.90972222222223
222.72222222222226
321.22222222222223
481.07638888888886
248.90972222222226
358.2430555555556
308.91666666666663
427.0763888888889
249.6875
242.88888888888889
369.8333333333333
339.25
302.9097222222223
341.1875
306.18750000000006
385.90972222222223
379.9097222222222
384.97222222222234
507.88888888888886
163.9722222222222
274.30555555555554
206.8888888888889
348.90972222222223
242.4722222222222
329.5763888888888
105.30555555555553
276.7222222222221
281.2430555555556
283.38888888888886
158.07638888888889
206.63888888888889
341.90972222222234
354.0763888888889
250.24305555555554
353.6875
102.47222222222221
278.97222222222223
385.40972222222234
269.8541666666667
207.30555555555554
225.80555555555554
148.85416666666666
364.07638888888874
219.97222222222226
152.24305555555557
230.5763888888889
144.22222222222223
188.38888888888889
143.52083333333334
250.55555555555551
209.13888888888889
206.16666666666666
87.58333333333333
192.07638888888889
185.1875
162.24305555555554
75.24305555555556
92.66666666666667
171.0763888888889
307.85416666666674
221.08333333333334
51.138888888888886
136.80555555555557
423.2430555555555
214.75000000000009
97.80555555555556
147.74305555555554
117.24305555555556
227.75
121.5763888888889
151.05555555555551
71.97222222222224
152.13888888888889
83.40972222222224
74.25
171.33333333333334
119.97222222222221
77.74305555555554
80.85416666666667
168.02083333333334
192.85416666666666
70.22222222222224
156.1875
161.6388888888889
67.83333333333333
209.66666666666666
34.40972222222222
50.05555555555555
28.1875
26.07638888888889
134.40972222222226
16.07638888888889
92.90972222222221
56.854166666666664
97.40972222222221
78.6388888888889
59.35416666666666
111.47222222222223
49.0
27.909722222222225
97.74305555555556
54.24305555555555
15.083333333333334
11.333333333333334
16.805555555555554
7.972222222222221
7.3055555555555545
42.354166666666664
2.8888888888888893
24.020833333333332
6.13888888888889
12.409722222222221
73.0763888888889
220.6388888888889
22.833333333333332
42.13888888888888
4.083333333333333
153.02083333333334
19.63888888888889
23.743055555555554
2.138888888888889
80.57638888888889
34.854166666666664
1.0555555555555556
139.24305555555551
20.57638888888889
22.972222222222218
10.409722222222223
7.305555555555556
4.388888888888888
3.4166666666666665
48.74305555555554
1.0555555555555556
0.8333333333333334
18.07638888888889
1.6875
1.972222222222222
1.5555555555555554
8.138888888888888
9.5
1.3541666666666667
61.02083333333334
12.555555555555555
2.7430555555555554
12.576388888888891
64.38888888888887
1.7222222222222225
13.85416666666667
2.8333333333333335
16.805555555555554
9.020833333333334
40.1875
2.555555555555556
17.75
2.576388888888889
1.2430555555555556
2.055555555555556
0.9097222222222223
8.555555555555555
4.520833333333333
1.75
1.4097222222222223
0.9097222222222223
44.24305555555557
22.520833333333332
28.40972222222221
6.409722222222221
1.409722222222222
1.8541666666666667
64.52083333333334
1.2430555555555556
1.4722222222222223
5.805555555555556
2.9166666666666665
1.3541666666666667
1.1666666666666667
1.0
46.520833333333336
19.243055555555554
1.8541666666666667
0.8541666666666666
4.305555555555555
0.9097222222222224
1.0763888888888888
5.6875
0.9722222222222222
20.57638888888889
1.0555555555555556
1.3055555555555556
1.0555555555555556
1.4097222222222223
2.409722222222222
0.8541666666666666
1.5833333333333333
3.743055555555556
0.7430555555555557
3.25
1.0208333333333333
1.4097222222222223
0.40972222222222215
0.9722222222222222
0.9166666666666666
1.7222222222222225
1.3055555555555556
0.8333333333333334
0.9166666666666666
0.9097222222222223
1.076388888888889
0.7430555555555555
0.8541666666666666
1.2222222222222223
0.9097222222222222
74.75
3.409722222222223
1.0208333333333333
7.354166666666667
2.055555555555555
1.0763888888888888
1.7430555555555554
1.1875
1.3055555555555556
1.5
0.909722222222222
1.3055555555555556
0.6666666666666666
1.5208333333333333
1.0208333333333333
1.3055555555555556
1.409722222222222
1.0208333333333333
1.0208333333333333
1.388888888888889
1.3055555555555556
1.9166666666666667
1.6388888888888886
1.5208333333333333
1.5763888888888886
1.388888888888889
1.5555555555555556
0.5555555555555557
1.6388888888888886
0.7430555555555555
2.0555555555555554
1.2430555555555556
0.8888888888888892
1.1388888888888888
1.222222222222222
1.75
2.9097222222222228
1.6875
1.1875
1.2222222222222223
1.7430555555555554
0.7430555555555557
1.7430555555555554
1.4097222222222223
1.4097222222222223
1.4097222222222223
0.6388888888888888
0.8333333333333334
1.3333333333333333
1.0208333333333333
1.4722222222222225
0.888888888888889
1.3055555555555556
0.6388888888888888
1.076388888888889
1.5763888888888893
1.0
1.409722222222222
0.8055555555555555
1.3055555555555556
0.7430555555555557
0.9722222222222222
0.4166666666666667
0.638888888888889
1.388888888888889
17.409722222222225
1.5833333333333333
1.0208333333333333
1.138888888888889
0.5763888888888887
0.9097222222222223
1.6875
1.4097222222222223
1.5763888888888893
1.1388888888888888
1.076388888888889
1.2430555555555556
0.40972222222222215
2.055555555555556
0.5555555555555557
1.3888888888888886
1.409722222222222
1.076388888888889
1.2430555555555556
1.3541666666666667
0.7222222222222223
1.4722222222222223
0.576388888888889
1.2222222222222223
1.5833333333333333
0.7430555555555555
1.1388888888888888
1.2430555555555556
1.909722222222222
1.409722222222222
1.3541666666666667
1.3055555555555556
1.25
0.9166666666666666
1.0208333333333333
1.0763888888888888
0.6388888888888891
1.25
1.2222222222222223
0.576388888888889
1.0208333333333333
1.138888888888889
1.75
1.0555555555555556
1.0555555555555558
1.7222222222222225
0.6388888888888888
1.576388888888889
1.2430555555555558
0.9722222222222223
1.409722222222222
1.243055555555556
0.9097222222222223
1.1666666666666667
1.1666666666666667
1.138888888888889
1.2430555555555556
1.0
1.0208333333333333
0.7222222222222223
1.0
1.3055555555555556
1.3055555555555556
0.7430555555555557
1.1875
1.0
1.4166666666666667
0.9722222222222223
1.076388888888889
1.0833333333333333
1.0208333333333333
1.2222222222222223
0.9722222222222222
0.9097222222222223
0.5208333333333334
