3.0089161904761914
3.0069112978524752
3.005893772893774
3.0038364779874223
3.0038395061728402
3.0045333333333346
3.0026105442176885
3.000213868003343
3.001175697865354
3.0012235673930596
3.001036507936509
3.001708040593288
3.001745007680493
3.0001617535903256
3.001034226190477
2.9997978021978033
2.998598845598846
2.996871357498224
2.9971820728291325
2.9957280883367847
2.9745442176870753
2.9747619047619054
2.9559457671957676
2.958658838878018
2.9401904761904767
2.9217346031746034
2.9214072681704266
2.9042572665429818
2.868442002442004
2.8515840867992783
2.8334000000000015
2.815664902998237
2.7663763066202103
2.769239242685027
2.754629251700681
2.7405277310924383
2.76100996677741
2.7471592775041067
2.717358225108227
2.7196425896201193
2.7064761904761916
2.6807639979068565
2.6852339544513475
2.673703020993345
2.662670719351572
2.6375268170426076
2.6432261904761916
2.6192960235640657
2.6091690962099126
2.598075036075037
2.588222857142857
2.5791315417256016
2.5713165266106444
2.5613231622746193
2.554214285714287
2.559107482993198
2.5496442048517527
2.5539341344014246
2.5468791887125217
2.5397702053298388
2.532305627705628
2.5143929643929637
2.5191930272108842
2.512757690686894
2.5058036758563076
2.510761904761905
2.503226600985223
2.495563695563696
2.4896012913640035
2.4818807523009205
2.4770817460317462
2.4701637150728066
2.4639219359875106
2.4476949283778557
2.451600614439325
2.4454666666666682
2.4294550264550274
2.4358687664042007
2.4410312500000018
2.4465027685492817
2.4520901098901113
2.447957106506726
2.455539682539684
2.4609330469029733
2.477269367448472
2.493088536155203
2.4986309523809522
2.494807785888077
2.499893719806763
2.5052470023980815
2.511223809523809
2.5163215130023637
2.5190704225352114
2.5344475524475527
2.5192083333333333
2.513330049261084
2.505970645792564
2.502424360220278
2.4890701415701404
2.4920965164589317
2.488042539682539
2.493306212551245
2.487442355889723
2.483485216308745
2.496922696351268
2.4915145929339477
2.477466422466422
2.472667273278738
2.4674406268836653
2.4541108116202457
2.4671226190476183
2.461903578822834
2.4556243386243377
2.459728892784107
2.4552305458768875
2.4498089466089463
2.461954675846242
2.4653960650128317
2.4687687074829934
2.4721290504367426
2.4752498599439776
2.478856585909218
2.4833399778516054
2.4865383980181672
2.4973552271483315
2.500330340136055
2.512753787878788
2.507630885122411
2.518187265917603
2.5125921787709498
2.5154481481481485
2.5191860036832416
2.522677655677656
2.527045537340619
2.5286086956521747
2.5318522522522526
2.534567332309268
2.5376587725999498
2.5406119554204665
2.536555807508189
2.5404160401002502
2.536445275492396
2.5390515873015884
2.5433673821860356
2.53911732940599
2.556332112332113
2.552422254616133
2.5551104665216346
2.5654886964886967
2.5612119893642746
2.5605096913137113
2.550082251082251
2.552143343051506
2.5465226009185407
2.5544268793811944
2.5434954304954314
2.5464536970567133
2.5467889775199426
2.5473768431230366
2.540773507372492
2.5366079846079854
2.5473184972481464
2.5471945441493182
2.54662167982771
2.559833573833574
2.561888011486001
2.5620296721703752
2.5625815808556927
2.555616654702081
2.5591096681096683
2.5634503263234234
2.558618571428573
2.5666911976911986
2.557104181774233
2.5565503709021296
2.5457585377585383
2.5502040125694956
2.5502997341068414
2.5512438965433892
2.5531770081770095
2.556303421871262
2.556052165589856
2.5488327351040936
2.5487757836803078
2.5593352573352584
2.5480923665948807
2.5567701232777384
2.553426166426168
2.5510713077109024
2.5476012506012506
2.549040440296723
2.545322751322752
2.558202919358699
2.5529061904761914
2.5490806413017473
2.547806637806638
2.5426963388370427
2.5352132089016512
2.535270160325437
2.5323708513708514
2.5318759018759023
2.5370055595842396
2.535949722020788
2.538942662779398
2.541865119651922
2.5410833937635986
2.5349572153734594
2.5328407058254787
2.534931109499638
2.5341943437273393
2.5413981145757805
2.5448715728715734
2.5480850858109756
2.5445392015392025
2.5459893100097193
2.5429199903311592
2.5429436789944417
2.542846507130773
2.537660413660416
2.5365435305435327
2.5568160502779804
2.5572289098380483
2.5626748851825
2.555868503746677
2.5555107565869
2.5562238336959164
2.556882765288858
2.5525012025012037
2.5608008658008665
2.568517075517076
2.5558722182340285
2.5674675324675333
2.5611688311688323
2.56004761904762
2.5581561518008225
2.5569150514477155
2.5614936831875617
2.5648508581097413
2.5571012811215854
2.5499236161469656
2.5571791153009427
2.5517118807118813
2.5510596440596447
2.5595569985569995
2.5548255563531956
2.5557970806413017
2.555896625987079
2.5560641301746836
2.5473271736555323
2.545832857142857
2.544187142857144
2.552357142857143
2.5552466240227445
2.541550817341862
2.5475849324804547
2.5472267235252315
2.5545567401089797
2.568525941719972
2.5544861407249466
2.5555863539445633
2.554410803127222
2.5517081565299393
2.5556958066808817
2.551469589816126
2.5574464875058953
2.55014710042433
2.567294285714287
2.5631883439943146
2.574624285714287
2.5664385714285727
2.5656421499292796
2.5694901682065874
2.5620573323856917
2.558099952852429
2.5640645921735046
2.569059938403223
2.5613309642264883
2.565058571428573
2.558998571428572
2.560041904761905
2.5499203206034897
2.5468685145700083
2.546523572613126
2.5436561904761916
2.5437585714285724
2.5502328571428574
2.545767353707653
2.5468135917683665
2.547322909263208
2.5446261904761895
2.5513495238095243
2.551599523809524
2.5537019047619047
2.559820952380952
2.5632447287372653
2.5709031035299694
2.561817619047619
2.5606042857142857
2.56112761904762
2.564869936034116
2.558000947642739
2.5610652380952392
2.561591904761906
2.568443187175861
2.568179160773221
2.5753253182461098
2.5652778962331197
2.5575076995972514
2.5551652380952383
2.5546861904761906
2.5501487799099736
2.5496081497275527
2.556622127457948
2.553229523809523
2.562427386875148
2.555972992181947
2.553207142857142
2.558682938502033
2.562949064202795
2.564235963041933
2.5562193792940064
2.5474071428571414
2.5385271428571428
2.5348130774697935
2.5347742241175073
2.5404447619047614
2.543655531864487
2.544099028666193
2.5298910210850507
2.5385832154644046
2.5621524747830184
2.5521961338991046
2.5403823809523822
2.5385066666666676
2.5392366666666666
2.535803364131722
2.531707619047619
2.5272883464943763
2.541615697535295
2.5451966666666657
2.546006666666666
2.5327087820052645
2.5407346255084953
2.540985881789902
2.533363484087103
2.532848528356066
2.5391902368987807
2.5427662337662342
2.5459918640823167
2.5582063492063507
2.543075036075037
2.55312323522374
2.545920555156738
2.540088953347836
2.5552308436064792
2.551032708032709
2.554675759751138
2.5485149557310374
2.5492859560067687
2.552366041366042
2.5425448392554997
2.551569023569025
2.5612763819095496
2.5584959114959136
2.5452244897959204
2.548429780033842
2.5509625850340147
2.5533072274595128
2.562521150592217
2.5666929057337224
2.552737732656515
2.5570884353741503
2.5604906937394256
2.5613434856175985
2.566071428571429
2.5624534686971243
2.5709874939874946
2.5805151515151517
2.5864362674362678
2.5899416128260344
2.581815776815776
2.5731467051467054
2.57366520894072
2.577504471839498
2.577011360889534
2.5761484167270976
2.5764022238336963
2.5753362339859813
2.558965500485909
2.5702525030525036
2.556975704567541
2.557196793002916
2.5559389499389495
2.5537432922407546
2.552646744412051
2.5526467444120513
2.5518586005830906
2.5530208940719143
2.5510206830206834
2.5560671984529857
2.5646212231085337
2.558566110708244
2.553869290573373
2.5576760937877703
2.5475733722060263
2.557902828136332
2.5616709956709967
2.5661218274111683
2.5577296003828667
2.551269681742044
2.5393958633958635
2.5506652163403434
2.546164502164503
2.549373055754965
2.5536368446368445
2.5562316343622875
2.5598042328042325
2.5504065748126656
2.5576485375876232
2.5585791636451534
2.5680418470418473
2.5659270002417207
2.568077922077922
2.5607869167869164
2.5682592592592584
2.5593811965811963
2.5555442176870744
2.55504081632653
2.5576030940294903
2.5474504373177833
2.557875946275946
2.54310818070818
2.5461146744412044
2.550065748126661
2.54354121343969
2.547235209235209
2.5326705539358607
2.539492711370263
2.534770123277738
2.535695431472082
2.548134596695822
2.5354832003867545
2.5542332852332845
2.550640560792845
2.555136054421769
2.5427478849407787
2.5500991056321003
2.556677785835147
2.5568605269518976
2.5609754689754687
2.5557152428810714
