95.18
95.33333333333333
95.5
95.66037735849056
95.81481481481481
95.85454545454546
96.0
96.24561403508773
96.29310344827586
96.42372881355932
96.53333333333333
96.55737704918033
96.6774193548387
96.87301587301587
96.90625
97.01538461538462
97.12121212121212
97.2089552238806
97.32352941176471
97.42028985507247
131.97142857142856
131.56338028169014
164.68055555555554
163.58904109589042
195.35135135135135
226.28
224.67105263157896
254.35064935064935
314.2307692307692
342.1012658227848
369.325
395.87654320987656
480.5365853658537
476.0
500.26190476190476
523.964705882353
490.8255813953488
514.0919540229885
564.2272727272727
559.056179775281
581.0222222222222
629.1318681318681
623.3586956521739
643.8709677419355
663.9468085106383
709.1263157894737
702.7916666666666
746.4948453608248
764.7142857142857
782.6060606060606
800.09
817.2277227722773
833.9019607843137
850.5436893203884
866.6538461538462
859.5428571428571
875.4811320754717
868.2149532710281
883.6574074074074
898.7247706422019
913.7727272727273
950.3063063063063
942.625
956.7256637168142
970.5350877192982
963.0434782608696
976.5603448275862
989.9316239316239
1003.0338983050848
1015.781512605042
1028.5833333333333
1041.0826446280992
1053.3360655737704
1085.2682926829268
1077.3145161290322
1088.984
1119.8095238095239
1131.1259842519685
1123.125
1134.062015503876
1145.0
1174.3893129770993
1203.4318181818182
1213.6015037593984
1205.55223880597
1215.8074074074075
1225.610294117647
1253.0802919708028
1262.5217391304348
1271.8345323741007
1280.9142857142858
1289.9574468085107
1281.5985915492959
1290.6503496503497
2166.6805555555557
3013.993103448276
3832.8082191780823
3840.6666666666665
6331.209459459459
6289.4093959731545
7080.986666666667
7862.3311258278145
9423.013157894737
9393.888888888889
8538.175324675325
10079.974193548387
10816.692307692309
11544.146496815287
13022.227848101265
14512.352201257861
14422.44375
14348.590062111802
16559.086419753086
17224.613496932514
17896.76219512195
17788.80606060606
18435.048192771083
19073.437125748504
19704.261904761905
20327.585798816566
21678.641176470588
21552.43859649123
22880.558139534885
23471.109826589596
23336.896551724138
23918.12
24492.94318181818
24368.774011299436
25622.85393258427
26164.45810055866
26713.855555555554
26593.81767955801
27134.82967032967
28352.748633879783
28199.190217391304
28722.713513513514
29899.182795698925
31050.074866310162
30246.81914893617
30748.301587301587
31902.34736842105
31748.50261780105
32885.255208333336
33997.52331606218
34466.742268041235
34290.743589743586
34766.2193877551
34590.289340101524
35034.81313131313
34590.30456852792
34871.54271356784
34428.292929292926
34766.244897959186
34589.99492385787
34590.22335025381
35059.156565656565
34883.5527638191
34602.507614213195
34602.53299492386
35236.659898477155
35059.00505050505
34883.46733668342
35499.11055276382
35499.030150753766
35678.020202020205
35499.18592964824
35499.1608040201
35211.93401015228
35511.41206030151
35047.01515151515
35212.0152284264
35334.425
34428.368686868685
34602.48223350254
34895.85929648241
34452.707070707074
34614.918781725886
34614.857868020306
34614.96446700508
35071.580808080806
34895.83417085427
34895.83417085427
34907.92462311558
34907.94974874372
35059.26262626263
34907.91959798995
34602.456852791875
35071.52525252525
34614.79695431472
34452.80808080808
34907.94472361809
35059.06565656565
34895.9648241206
34734.06
35511.25125628141
34452.77272727273
34907.81407035176
35523.417085427136
35523.391959798995
35071.33838383838
35071.27777777778
34627.187817258884
35236.553299492385
34778.413265306124
33980.548223350255
33980.41624365482
34614.68020304568
35223.95939086295
34602.17258883249
34602.20304568528
34602.38578680203
35046.89898989899
34577.61421319797
35046.87373737374
34753.566326530614
35224.248730964464
34602.446700507615
34602.41624365482
34428.080808080806
34428.0
34590.21827411168
35224.47208121827
35199.807106598986
35212.04568527919
34590.31472081218
34590.31472081218
35224.446700507615
35059.24747474748
35059.37373737374
34428.52525252525
34883.69849246231
35047.27272727273
34428.48484848485
34428.38383838384
34590.299492385784
34268.14070351759
34128.892857142855
33968.62436548223
33968.497461928935
34590.20304568528
34590.299492385784
33797.25252525252
33797.22727272727
34416.01515151515
34255.81407035176
34255.80904522613
34871.34673366834
34871.34673366834
35158.81094527363
34709.485
34096.87
34709.495
35158.850746268654
35170.85572139303
35158.77611940299
35158.751243781095
34537.21890547263
34537.41293532338
34549.31343283582
34549.39303482587
34549.36815920398
34997.49504950495
34549.58706467662
34997.4702970297
34379.0099009901
34390.9504950495
34097.3
33940.27860696518
34097.345
34097.22
34379.158415841586
33928.149253731346
34537.3184079602
34985.31188118812
34973.346534653465
34525.36815920398
35146.92039800995
35309.975
35322.135
35322.16
35603.78217821782
35768.199004975126
35768.203980099504
35321.815
35946.42
35946.595
35768.05970149254
34870.969849246234
35158.76119402985
35334.12
35322.015
35322.015
35946.775
35334.335
35780.661691542286
35171.35323383084
35346.625
35334.365
35959.1
35792.91542288557
35183.383084577115
34734.085
35959.1
36234.762376237624
35009.846534653465
35616.43564356436
36402.32338308458
36402.22388059701
35971.215
36583.635
37023.72139303482
37023.71641791045
37023.840796019904
36583.71
36414.51243781095
37023.845771144275
35971.26
36139.37688442211
35183.49751243781
35183.522388059704
35171.30845771144
35346.565
35346.385
35183.149253731346
35183.09452736318
34746.14
35195.41791044776
35804.845771144275
35816.77611940299
35640.12871287129
36068.73399014778
35021.74257425743
35370.86
34746.175
35358.68
35195.383084577115
34746.0
34292.35175879397
34908.04522613066
35358.785
35358.795
34907.849246231155
34908.115577889446
34908.115577889446
35523.57788944724
35523.547738693465
35511.32663316583
35059.22727272727
34883.55778894472
35059.5
35677.77272727273
35511.427135678394
34895.77386934673
35224.15228426396
34602.56852791878
35059.257575757576
35511.55778894472
34895.90452261306
33980.79695431472
35059.38383838384
34602.56345177665
33809.78282828283
33640.40703517588
33797.40404040404
33516.0306122449
33980.649746192896
33491.163265306124
33955.90862944163
34577.8730964467
34741.40306122449
35199.47208121827
35366.147959183676
35808.94416243655
35187.142131979694
35366.28571428572
35199.609137055835
35010.07070707071
35641.21717171717
35010.333333333336
35462.824120603014
36272.22727272727
35034.82323232323
35366.42346938775
35199.8730964467
35199.83248730964
34565.553299492385
34565.553299492385
35187.32994923858
35366.183673469386
34265.84102564103
35366.11734693877
34741.18877551021
34918.820512820515
34577.543147208125
34753.40306122449
34753.40306122449
34753.494897959186
34753.454081632655
35665.27272727273
34589.88324873096
35211.94923857868
35224.32487309645
35390.97448979592
35224.299492385784
35403.357142857145
35224.27411167513
35677.878787878784
35846.1116751269
35511.20100502513
36754.65829145729
35689.93939393939
35236.553299492385
35677.707070707074
35511.17085427135
35046.84848484849
35499.10552763819
35665.67676767677
35224.289340101524
35224.43654822335
35224.43654822335
35678.207070707074
35224.53807106599
35678.207070707074
35678.11111111111
35678.30303030303
34944.11794871795
35403.72448979592
34778.77040816326
35224.61421319797
34778.642857142855
34315.9641025641
34943.91794871795
34778.67346938775
34615.02030456853
33993.17766497462
35071.707070707074
34790.96428571428
34153.602040816324
34614.862944162436
33993.081218274114
33528.83163265306
34614.862944162436
34440.868686868685
33980.918781725886
34766.32653061225
33980.64467005076
34590.21319796954
34590.30964467005
34590.30456852792
35678.28282828283
34883.778894472365
