28652.36
52302.8431372549
34717.942307692305
41224.622641509435
40239.24074074074
44363.836363636365
38853.892857142855
29490.947368421053
26785.98275862069
47344.0
36470.5
33903.065573770495
49286.27419354839
38276.968253968254
40130.59375
41509.63076923077
44445.59090909091
40166.58208955224
43216.029411764706
46206.40579710145
56153.02857142857
36251.633802816905
51231.083333333336
40527.260273972606
44915.63513513513
42717.45333333333
45410.76315789474
46285.92207792208
53734.320512820515
37364.73417721519
55487.5125
39438.950617283954
35852.48780487805
50417.8313253012
45499.05952380953
37928.964705882354
46177.20930232558
39628.91954022989
39315.625
47160.74157303371
49522.91111111111
36730.142857142855
36463.90217391304
51853.37634408602
39288.744680851065
40369.63157894737
43752.822916666664
47466.9381443299
41764.142857142855
44928.52525252525
47221.0
34195.66336633663
40126.89215686275
48231.90291262136
45272.42307692308
33036.45714285714
42062.801886792455
39357.98130841122
35744.62037037037
38682.064220183485
51981.19090909091
48095.7027027027
53309.830357142855
39679.30088495575
42512.35964912281
48619.46956521739
40660.870689655174
36149.29914529915
47425.38983050847
48077.899159663866
40614.51666666667
42183.305785123965
41977.72131147541
41599.560975609755
42884.29508196721
49891.408
43469.079365079364
35729.78571428572
44840.1640625
41643.06976744186
48804.25384615385
41812.93893129771
39174.099236641225
36183.29007633588
43732.15671641791
44333.08148148148
36837.16176470588
45033.919117647056
38376.51824817518
49421.625899280574
43500.13333333333
40816.113475177306
38151.1231884058
47185.3986013986
46602.40845070423
37295.958333333336
42654.916666666664
43919.15862068965
36522.57432432433
47298.85810810811
43693.48322147651
43663.87248322148
40764.98013245033
44060.86928104575
46445.2614379085
43587.4
44491.818181818184
42796.89677419355
43157.07006369427
44682.26623376623
41908.89102564102
43506.284810126584
39864.75155279503
47461.696202531646
45699.549382716046
39590.58024691358
41015.74842767296
47696.54838709677
46549.91616766467
45598.46060606061
44433.99408284024
39076.18292682927
43094.56024096385
40895.26627218935
45184.25581395349
47715.642857142855
41654.91428571429
45255.16279069767
40884.95428571429
43075.90697674418
41135.9649122807
38482.08670520231
45178.22471910113
41602.57865168539
45928.45355191257
44474.17222222222
40406.916666666664
39772.69491525424
44212.75675675676
47609.530726256984
43263.661202185795
42147.78918918919
42291.872928176796
41019.13043478261
42025.1061452514
44305.27272727273
42717.718918918916
41451.20744680851
39014.92513368984
43572.10695187166
37814.209677419356
42761.57731958763
49061.75661375662
46611.13888888889
43039.04736842105
42347.12435233161
41090.30051813472
44136.87628865979
45255.57978723404
44768.19587628866
43608.8391959799
38264.85051546392
43831.99462365591
44474.11111111111
43235.106060606064
45017.0505050505
42791.32
41931.94708994709
43654.08808290155
44004.935
43658.41206030151
47399.62814070352
40304.69
40536.72772277228
40003.85641025641
45516.934673366835
42140.93
41690.473170731704
40234.14720812183
40269.03045685279
42933.336585365854
46436.06153846154
46442.29
41914.59420289855
46236.76530612245
43331.844660194176
42762.881773399014
45525.34782608696
44164.10096153846
44400.79710144927
44313.78403755868
36754.88349514563
40370.68446601942
39773.88349514563
44163.85096153846
41370.42512077295
44992.746268656716
41737.96153846154
43921.52358490566
45347.05853658537
42178.16019417476
41794.64485981308
43332.8537735849
41947.776190476194
41587.42452830189
41817.52336448598
43894.57894736842
43487.53917050691
43744.15714285714
43715.90610328638
42950.90186915888
43414.29126213592
38538.8786407767
42778.0
44487.985849056604
43688.3287037037
43982.59113300493
43298.1320754717
42765.79716981132
42358.69585253456
42387.549763033174
43332.08018867925
42957.00921658986
45228.73
42531.38497652582
43163.727699530515
42974.14018691589
42945.67281105991
41589.87906976744
42369.62211981567
43727.20657276995
43499.032258064515
41794.72350230415
41222.31775700935
42198.48623853211
42369.68202764977
42565.601851851854
42554.62037037037
42751.888372093024
41602.96788990826
43366.72248803828
42356.1168224299
42170.530232558136
44290.9765258216
43726.971830985916
44086.27188940092
43688.819444444445
42344.63084112149
43523.64018691589
41634.948837209304
41009.561320754714
42381.14746543779
44085.0
42945.52995391705
42380.89861751152
42197.89908256881
42164.449541284404
43155.305555555555
41419.833333333336
42554.398148148146
41589.83720930233
43322.22935779816
40661.77570093458
42717.82325581396
41564.02830188679
43143.69907407407
43699.666666666664
42181.91627906977
40595.317307692305
42175.88990825688
42554.25925925926
42939.86448598131
42737.779816513765
43879.62325581395
42006.49771689498
42336.16129032258
42967.99052132702
42751.62790697674
42726.692660550456
42164.95412844037
41772.214953271025
43700.351851851854
41794.23963133641
43132.61574074074
44277.976851851854
39448.714953271025
43509.89400921659
43895.10091743119
42945.48387096774
41805.235023041474
41600.706976744186
42928.80909090909
43311.247706422015
43310.71627906977
41998.708333333336
42737.74311926605
42912.179723502304
42729.455813953486
43102.438356164384
41636.022935779816
42554.12037037037
42554.374429223746
42006.004566210046
43299.72935779816
42159.725581395345
43110.26388888889
40831.65753424657
43124.73515981735
43135.98173515982
42347.30875576037
42170.96744186046
44336.53051643192
41207.39170506912
42347.44239631337
44632.85909090909
41600.80930232558
41794.31797235023
39746.78538812786
43861.70183486238
42945.69124423963
43310.922018348625
43879.96744186046
42532.02283105023
43121.52777777778
43132.67592592593
42749.24311926605
43700.01388888889
42912.059907834104
43322.31192660551
41591.69724770642
42737.78899082569
42735.06787330317
42021.37962962963
41591.7247706422
43883.91743119266
42543.61574074074
42945.4930875576
41263.71428571428
42350.218181818185
43507.90909090909
43872.908256880735
41602.99082568807
42367.63084112149
42361.30909090909
41052.064220183485
43543.50230414746
42565.74074074074
42771.51376146789
43121.023148148146
42554.24657534246
42740.558139534885
42748.87155963303
41050.64705882353
42923.3133640553
43532.74193548387
42392.51612903226
42355.7429906542
41240.857142857145
43498.56221198157
42381.10599078341
41614.21100917431
43710.9537037037
41636.37155963303
43688.819444444445
42543.23148148148
43113.634703196345
43488.069124423964
43487.62211981567
42726.93119266055
42554.25925925926
42945.79723502304
41435.2100456621
42381.004608294934
41435.65296803653
43099.166666666664
42751.902325581395
42917.06074766355
41408.84259259259
42911.99078341014
41018.752293577985
42737.94495412844
41385.8287037037
41612.530232558136
42565.66210045662
42738.04128440367
41252.511520737324
42005.899543379
42554.476851851854
41029.88990825688
43509.6866359447
42957.179723502304
44639.10599078341
42509.0787037037
43310.13953488372
41207.152073732716
43321.61395348837
42169.882352941175
42381.096774193546
41794.23963133641
43310.92660550459
41602.64220183486
42565.63888888889
43136.61187214612
42923.290322580644
44086.004608294934
42565.4703196347
43499.09216589862
41973.0
42565.23148148148
42554.46759259259
42715.65596330275
43475.09090909091
43883.752293577985
44456.8623853211
43311.14678899082
42171.111627906976
43143.93981481482
41229.71889400922
42554.54337899543
41258.62727272727
41041.3623853211
43288.64220183486
41435.561643835616
43683.931506849316
44054.04090909091
42737.97247706422
42369.98156682028
41241.05529953917
41995.283105022834
41613.90366972477
43850.81192660551
41413.643835616436
42198.50917431193
42370.36405529954
43850.76146788991
42349.81363636364
41995.292237442925
42749.22935779816
43311.16972477064
42532.22831050228
40841.63888888889
42324.8064516129
41804.48181818182
43499.29493087558
44435.077981651375
42347.857142857145
43299.422018348625
41591.61009174312
42923.3870967742
42153.55963302752
41386.38425925926
