126546
150454
118957
128699
127537
126827
139846
133392
142122
147435
134969
125784
146511
155555
147337
129988
143600
148445
138693
142311
130888
132812
147136
142035
143157
135737
129218
148663
147467
171786
149377
149218
139308
134384
130898
130251
131979
143900
161451
131302
153595
133076
129864
159905
137398
151273
150385
132283
142500
146320
120398
155280
152200
151816
153706
137216
147512
161305
130632
133940
160967
138910
152595
133727
142823
135485
139484
137270
128054
128133
137996
158104
144372
129473
154417
147914
142407
145290
156804
151970
153874
136357
159928
137447
141013
146638
128024
149721
146234
133472
121096
134110
143022
127628
133347
151655
148008
136591
142930
142307
157629
161051
151779
136665
148793
145483
155504
145235
153785
145449
148693
132298
124924
144657
140232
148259
138970
150865
154822
127592
142422
134434
141249
147279
123867
150800
141385
162933
142313
120905
151380
116971
134276
152904
144069
125241
133247
157422
150074
166592
138556
108930
131713
154671
112245
155845
142447
122872
144079
143386
133606
148097
127870
127484
121922
125624
122412
149940
153422
125194
139251
137483
152793
128144
135578
126906
136536
129218
147688
145232
148626
133455
141220
144229
128150
121326
154696
149637
118339
127744
117358
139398
129059
162932
139045
132667
134040
139651
130375
135965
117830
125986
138386
105494
132334
131311
137310
149152
143635
144238
105426
121866
134048
138411
134665
114611
128959
100704
143113
129528
122197
121232
134291
153481
126817
117257
135447
104657
143960
117953
150330
136756
135663
129646
127971
103277
123008
109517
151456
134405
134005
147211
125117
120605
158261
145495
150296
121699
101976
123808
127759
112545
100611
102887
98266
127928
121696
107178
140927
126802
140739
148061
133279
93382
135349
112118
127453
141839
119821
96412
117999
112951
114907
138533
112265
107280
122936
115860
125318
100452
112542
101532
115716
137270
143101
109719
137224
97300
105318
138168
140287
112928
132806
107658
136495
130404
139707
142574
112949
116485
122442
133122
109678
120104
134383
94006
138938
119950
121794
113778
104965
110015
113145
144858
144117
126434
118191
123292
112298
114000
134369
117826
89996
90978
112397
108840
113784
117744
131392
103349
109851
99651
106096
73927
137853
132182
108686
114440
100097
95654
131680
117397
111218
140787
142891
108453
111286
80245
115054
124085
127259
131354
108555
120696
147782
134705
101519
116885
107887
110689
118456
112907
87112
118031
101622
130025
108443
96139
131123
119992
103271
86825
116849
99241
82843
94216
89241
147438
88298
124810
72247
99817
92343
99762
99709
105739
100987
92909
108330
89595
78764
76883
95889
112383
123276
129291
93037
96354
121451
108809
103843
111209
79117
125690
95290
78933
114567
71410
91253
91540
104418
115169
115951
127356
76831
86153
71971
114088
132030
61700
83676
116417
114512
103650
111517
85536
95734
73764
76875
82598
74422
74982
98479
84440
92000
90716
85710
89435
85325
81369
82446
104010
103340
101653
66581
93709
83267
70599
91252
68415
80952
84217
64433
125482
117046
80122
115614
94249
85089
71942
98907
78000
80974
102150
84333
96901
88150
70348
94801
92257
57393
63088
81035
84396
69973
89792
75920
92442
69360
93148
73759
93332
77163
80884
52963
92502
104147
78430
83233
71753
75981
98635
96883
99999
82237
70089
87288
56466
103350
99293
85481
57932
101694
68782
99006
104956
57261
52009
92980
83938
47362
106779
98060
69431
52317
51241
79748
83040
88129
108809
49539
104618
60957
61604
93557
82751
124539
53428
62803
49356
73409
109906
55118
93598
53361
106647
87779
64852
111032
70962
44768
62893
85786
51050
50904
68727
50990
93272
86899
78006
103395
85327
71516
37126
67470
48058
55038
74434
57786
57810
35575
44729
44768
48130
70616
72833
90192
105779
86128
75998
45008
50936
37416
75091
94608
68371
59860
59237
58607
97929
57485
55691
71691
70680
59497
66710
67833
99692
61524
70848
61636
105831
54167
69695
63279
42669
42593
75814
95076
73269
42675
67511
110136
96212
67532
63171
88875
83785
69664
67644
69701
49347
73698
92099
65627
96572
65355
67705
53320
57562
69734
65581
67728
110117
69827
70862
107898
116345
67538
43846
43927
105765
81965
85093
62466
79185
59221
65600
94270
52165
98960
63499
74935
72854
51077
67605
60287
90126
102682
95521
62550
69832
84317
72872
65642
86432
66922
88645
69068
100879
66761
61785
72195
67142
61628
62551
71017
59671
62878
67943
73154
80697
60498
58687
62863
63627
60218
82684
86792
102425
103573
61938
91841
58565
64573
62292
60583
67629
68833
58564
61679
68621
77835
78089
94248
92440
78398
109051
89758
88764
56277
78467
61447
73262
59429
62564
71957
87522
89661
78380
50238
77132
72000
70055
84429
65800
76243
75143
74242
70728
67818
68760
63661
72128
72181
69812
67783
71640
71471
72049
67803
75948
82326
28464
69031
69849
73123
69552
72109
66156
67853
56501
72937
74130
81915
78613
53593
90630
89326
74305
71772
81746
81081
75122
80573
41131
50173
53347
91792
55596
79266
53520
84580
80089
89260
84430
78162
84254
47210
45201
59491
48173
57107
104244
82067
49608
55281
88067
78934
49161
62568
47077
52467
96136
84278
98055
90140
40213
87472
107689
52598
47494
84313
83813
49209
82001
54718
64665
94079
96387
67531
46455
90085
91163
77924
88484
49440
47494
43250
45434
51572
79850
86346
84981
86058
92285
50316
78129
79266
85447
48471
45512
44505
44530
47302
45062
74359
54810
43248
65989
48624
78083
77480
66004
76104
80457
59918
79482
61980
61980
67980
66046
63992
66058
80334
82529
70077
74307
59918
80466
78505
61980
84446
80300
65942
78484
70251
80524
81479
65020
77992
80013
71160
78004
73868
75334
78288
65888
66004
58934
43588
63097
75992
71793
65121
69268
61927
59918
65980
69980
78490
59918
71989
63931
59918
78430
81497
61980
78611
80574
65926
59677
70052
80574
72173
71160
65161
65105
56910
58185
53291
62760
64165
61299
73052
67844
61840
53112
53116
58299
53052
56331
58884
65660
75758
58791
62971
59965
53902
69043
58283
60085
63167
63167
71254
77447
67125
67715
68605
76531
70531
64440
77252
78384
79526
70577
82601
64926
74532
78594
76576
76485
73026
75814
78291
83542
81866
80213
85443
67469
83637
61356
82540
91564
70745
87498
80773
87501
87428
90365
63414
91695
83687
69359
79855
90431
67183
93972
86678
83197
98339
55473
102497
88899
91889
86443
111566
73951
99065
99091
93898
110662
108002
114968
113008
113990
124240
126444
108508
118805
57657
118981
104687
108995
106799
106803
100576
106594
111230
109046
111108
106461
111603
106980
94690
109046
82477
108989
111127
106854
109107
96577
110868
84608
112202
104918
108668
111185
113945
112876
106101
104407
88496
94451
110225
108213
95668
111617
110389
100412
110876
108798
110878
114633
117992
108163
108233
112818
106612
107568
106677
112972
112365
110972
106613
112938
114640
95542
116769
108738
112823
110810
110810
104918
109827
98544
86567
102599
106740
107795
100595
102604
109643
106801
102479
106330
106744
108609
110711
110499
106571
110499
110657
114716
114191
98325
112738
80076
107753
108645
108595
112695
112723
112885
110742
104617
108749
106679
105691
108753
106836
106748
112881
109773
112025
110819
114901
104674
108753
108753
114954
106683
109892
111014
88565
109869
106683
106743
105575
104617
88504
108749
102734
110823
92522
110823
98724
110823
102734
96715
116037
120267
122260
121168
94531
92522
104926
94694
109062
110140
111094
113294
104089
101848
96713
106037
104089
104089
110110
112295
108868
113190
110118
103141
92644
116196
118112
98723
117165
101966
106935
120165
115325
110994
87481
119022
114451
97811
106938
86336
108944
87311
86222
114101
86255
111350
84181
92481
84193
96423
86190
120181
99995
87431
82018
114359
115093
92595
102679
86397
78080
82151
112909
113145
109013
117041
110839
104111
102867
101630
108823
127144
135333
135334
120220
121096
117338
117354
121428
136678
120911
112695
119876
118590
114654
112542
116618
116674
122817
82155
118739
121866
122820
118611
102181
103944
102268
118689
98243
96310
118748
116624
120755
124887
118596
120084
119178
73936
96540
124991
124995
118589
127004
129073
116679
116672
112699
120757
127058
112590
116620
112539
111707
114881
114579
114660
124888
115748
90419
112546
85196
84168
125085
84229
77118
98357
86234
118691
77974
80191
118791
122926
123968
118692
126862
112100
117725
108424
108344
110426
131088
122826
135223
124892
126065
124817
122823
122827
113622
118816
126956
121909
116617
124941
118094
110353
134263
121855
120757
112500
115703
116625
118684
112423
115706
102283
115737
120688
110430
117671
114624
120882
112558
102512
121800
115711
114303
117681
112497
110430
118750
116558
126965
118869
114567
112504
116636
122835
118763
102328
114571
110361
120769
116632
122836
116870
120842
108548
122789
114728
130882
81846
110653
86352
124701
124045
106573
115882
131839
126797
130062
114774
76082
111862
128767
85398
136322
134247
132783
128709
103444
104476
117738
121917
130435
110443
108497
112583
139796
75953
110451
126144
142790
114729
106057
130726
132506
120879
115592
110691
128435
136581
134744
121699
123919
136581
97754
148928
84266
118631
102100
89859
117937
77775
92041
93808
97899
119824
98937
136587
89635
92195
91933
130729
114247
116491
103448
119830
108374
123715
89593
75739
130846
122938
124819
126716
99699
100794
88974
71426
87345
128449
126542
128722
75064
136584
85238
132611
113992
128444
104212
101801
128320
106209
128486
105906
102310
112230
130628
124145
128328
124244
126412
131513
133532
108556
95690
90574
142805
116705
123966
122540
129805
125596
136539
132407
137056
134585
113209
128814
130654
118045
125251
80378
133230
110086
114888
116876
113140
124800
124820
122001
85905
85941
116973
112542
118832
114822
133007
122772
104931
118881
127097
116923
120560
124688
114642
118303
104692
124689
120724
123131
131029
139015
127140
122020
119053
141045
109812
128875
109048
130890
112060
120613
106541
100901
113602
99944
105084
99957
124036
107093
109051
78024
105741
117134
108121
121059
131189
115302
113951
110997
133390
125751
117310
116763
118810
117686
127899
116499
121907
115302
111172
134438
125299
125147
116391
98760
100948
103454
121309
119252
113341
134539
140541
136670
139362
147414
132846
110657
141209
137042
82365
85931
113107
113231
140993
142044
102297
100238
106594
140151
138030
133040
140967
140325
132622
134786
121797
134127
75917
140030
147028
140941
141094
112065
142959
141957
144077
151196
136744
144994
144890
141951
142939
144893
142829
142989
151145
136792
151274
140957
119257
125128
129376
151243
126241
140494
148080
153222
153096
111112
108974
102477
147027
155347
111166
141106
116752
136864
141389
138984
162217
126079
119240
136922
116874
120940
140891
145211
158939
163082
119401
116636
117358
141108
140069
139509
141159
117310
137361
117306
158264
121115
93723
94000
154185
148217
106993
111116
99811
111115
108772
107800
106994
120861
106587
140907
137073
116851
106994
104928
148846
130882
122242
106764
102865
98680
97820
104825
104760
106772
126525
98550
130607
99882
96724
132739
92550
127690
92121
92321
124469
127969
98167
115833
105560
108614
111758
105638
104663
90526
114806
116992
86362
91460
102882
108856
114883
118077
128376
100531
116020
111974
119209
122397
112806
110804
105314
113005
105564
113691
98576
120909
129752
145006
94504
121727
116460
94507
140870
134728
120442
131596
127790
136364
78413
135845
115617
120382
101782
95953
130387
81212
104240
113285
120241
122607
134525
86107
153898
112249
134003
73174
120382
127631
131948
109975
136041
100136
110584
113403
73852
116122
136071
134558
134257
81116
57815
92201
118259
134763
138211
71017
148458
137274
147049
126555
113903
141197
142284
116303
130656
122463
118045
122825
129982
112319
108175
110444
146676
149520
145277
144385
149168
139760
148098
81787
148848
136722
137594
92929
85769
113006
142684
111027
114992
102287
112906
115109
133039
113005
146319
108974
128223
151343
110836
136279
117121
86212
93527
86273
130924
108066
108978
140426
106039
98640
96065
101817
100702
114803
117935
101139
101912
105019
124565
127691
134936
134947
128868
124505
118455
130887
116217
109263
109067
130818
134076
126650
120278
116275
118120
123232
136776
137861
106842
87283
135858
118799
126434
136489
142004
129783
105477
137235
134156
137150
126226
103902
82375
103961
110881
115324
94699
98927
71883
107289
111183
109117
88392
132983
98840
123098
95955
124021
105510
119810
115148
102761
94364
97337
100797
102658
105161
107350
104070
104080
115438
109409
107294
115046
116409
114667
114007
108105
115103
115280
116302
113462
107107
113127
106595
121068
116212
104761
113002
117039
110986
113080
110922
131465
134716
139120
122802
130690
119634
102140
96937
115855
120090
125164
127911
105855
127649
132444
131215
118290
110629
120844
119144
130780
131724
140409
130657
137180
134945
124471
140429
112083
110512
106634
120843
121484
116178
128965
110026
122874
116837
116660
129399
110924
117637
128397
127308
125171
114611
126101
122955
141494
126924
122523
126770
131009
129037
135383
126808
119999
128119
125133
124959
118758
122840
122906
107447
128988
132475
105951
110272
118816
110061
118551
124961
118705
104151
120773
120669
129028
123797
124546
131037
124751
103987
131336
108175
132912
128728
126664
128621
122875
118959
133090
130057
133025
120904
129656
146321
136059
126877
130986
141040
138222
137717
124763
128886
141292
128886
136137
140383
134877
135038
146629
143001
140939
141106
128757
123009
145240
141187
140154
132463
128043
135209
141105
130832
145410
143208
141156
130812
140036
144321
145318
121095
112788
127254
140943
149502
152846
136053
129266
134997
133146
145265
132750
120620
136147
148576
143204
139124
118886
125018
136085
134883
134356
143031
120831
116871
118930
122698
140941
131814
130728
131464
143544
141059
132826
120707
146189
134816
133081
134862
119707
142073
126755
130698
138416
123632
114648
130240
143004
135962
141469
132867
140331
140311
143004
120930
130996
130953
128973
136963
140995
110557
142297
148537
136820
111869
132005
138183
145403
146612
135949
140010
144319
137044
139109
138323
138259
146328
142106
140081
114853
103440
130569
130725
144383
140326
134057
116701
114849
137219
126553
114628
140388
131048
125958
128873
141198
145429
145301
138090
133009
142328
135086
138111
132120
138208
144359
132700
134178
126793
142207
139437
140266
144385
130559
140366
132767
131097
130045
139109
134430
120765
138261
140158
137290
140274
143186
140271
149800
145317
153630
141011
142351
112551
142790
139247
150708
132890
140137
137264
139069
146346
145203
134851
140307
146227
143144
134756
144157
138891
128547
139062
130767
126512
136903
146511
140285
137898
138314
139963
130664
141252
130949
131194
137402
141479
129793
148641
138546
138273
134189
147476
148928
140148
134000
139271
141985
138079
141358
150321
128765
134107
137225
136002
134006
133950
140937
151075
151725
147288
147198
155690
114516
144497
163022
151530
154661
149346
145400
147156
145040
146336
144499
151332
128640
145117
112511
146236
152431
140780
114623
154541
130681
136774
136914
157760
134739
135021
143308
128668
142904
149381
144318
143227
135112
150221
143195
141187
139057
140025
128822
128899
145225
142995
137062
104559
138977
136825
122871
136941
136126
145396
135270
128083
133068
126933
142375
130896
136298
131223
137291
139406
131278
131246
129045
135283
130359
134229
131173
128824
134339
121749
136162
124818
138243
145620
138787
131103
135262
145783
137311
151064
124602
140401
132210
126873
137176
140561
117533
131152
135257
129157
69959
130229
118176
59813
114336
133264
120736
128122
121848
135348
139353
137211
116463
136098
137502
133113
139275
122748
92181
124608
129033
129279
110338
139416
118480
118442
129874
130124
130049
134315
124107
112654
105220
112205
132159
112382
116661
120648
124878
127090
122848
120569
128194
125143
125017
120821
125908
121944
118581
120518
131281
120954
118400
114702
106245
125871
113393
125984
127032
108305
95661
95807
93980
99989
97904
99945
101900
102036
119041
117881
116820
122772
123830
111538
124002
123886
104008
93655
99787
95956
113428
97910
112662
122053
120088
126019
125367
122391
123986
127018
132055
124171
107064
120142
127414
127086
142416
120217
119908
116018
119321
126584
119264
123975
128468
118962
126010
121082
120343
115758
123320
118147
110641
127263
119924
113994
118182
118041
129734
132416
119141
122111
123949
123001
116094
136115
126294
123011
135449
98642
140672
144231
134662
140233
131357
139584
136405
127221
123186
126167
130332
129225
124824
129189
137789
143997
137048
136481
127042
144534
139609
148506
138089
132792
140130
135918
130952
137488
136297
137421
143206
142004
135834
147983
136487
143678
134262
139621
142673
123923
121402
129575
130613
133707
137868
153237
140015
138488
122105
69067
107929
126659
116473
122603
134222
138722
149602
135119
136960
132884
133159
133015
120615
130064
135012
132934
137251
158863
100118
93816
104200
115475
112295
112294
115400
118508
115499
137223
112380
116528
131125
112667
126155
125993
106174
132147
133168
109430
113675
130083
108572
108205
133393
127060
136342
135065
134154
132214
131141
134382
117954
140522
136477
116822
118867
134592
129243
140390
135432
120830
139708
139542
139208
135434
131177
140618
138592
134447
139666
128120
111496
137452
138838
133404
133117
134436
133308
120718
111664
139770
134339
131331
116768
134893
144295
122972
130444
144531
123017
139086
114816
123773
143210
114654
111740
141440
143375
139377
141503
141494
151454
112650
111728
141202
143194
143157
143161
157840
159742
132891
112701
140194
140303
138069
132830
123302
154949
144479
146663
143444
158632
142984
141094
161694
135955
157620
151483
159680
133000
144352
143326
150809
158818
144380
139345
140369
134164
150323
152393
132434
157002
153722
167868
146816
148861
144723
149623
144466
143450
145165
143210
136138
147094
149349
163740
147601
147551
159855
167942
157754
153787
150760
150805
151742
153701
159910
151468
157889
144680
142667
143447
141292
135231
155780
157838
145368
141453
145405
131344
151647
152814
145519
157838
143389
147295
138442
135221
140400
143626
135424
142640
145496
143684
133046
121176
149328
139360
137265
151888
140630
133361
139562
147633
146550
135346
112946
131201
141379
138567
135169
150646
145687
149750
147750
145650
151777
138406
154934
150702
145340
151589
141369
151683
139340
145651
147661
151026
151652
147630
149480
137276
156596
139246
151713
151515
152854
153784
139294
152785
134156
149511
139254
145239
147502
150750
141447
149505
141225
138282
141441
133060
143353
143396
151637
141312
137111
147548
129356
148435
153564
147213
141313
140150
145368
149502
149440
108602
150548
150685
141307
149608
134044
141363
130102
133062
127112
131237
151683
131174
145373
145483
139460
127091
144354
132942
124000
134259
132657
138418
133146
125690
150642
148566
146643
146692
146911
127282
138496
129356
150874
145447
133482
118593
145549
140692
149779
145589
123120
153788
155917
143509
143575
142686
125099
128282
123067
132397
149790
146862
117098
122213
123301
145735
147798
152977
145723
150995
150123
145833
152984
151008
150118
145833
119032
149887
147887
153971
127225
150914
153928
149896
138619
118986
143500
146862
146799
146996
137517
157166
147587
125113
147833
150913
141617
169920
128400
147272
123164
145770
125186
124346
154410
133439
149833
141200
151850
151968
149942
153258
152909
121050
142570
123230
149822
146904
133174
149831
125186
123049
151723
144693
145577
151839
149786
153971
147776
154852
151839
154970
153836
169907
149759
155445
149317
139448
156598
147316
151387
163830
149709
147777
149842
140575
150908
153882
161671
155899
151719
162782
143697
149712
149709
153905
145634
139303
139509
151721
139489
141343
147638
147642
149655
140387
145517
153797
149764
149658
151821
147572
141387
143449
104566
102462
151774
147521
137250
149635
147646
162898
145520
151773
151724
149673
149786
145637
166953
151762
145517
149652
151767
145577
145476
143451
151859
147691
152917
148794
139300
151658
156919
150800
147542
149700
149646
148696
149655
147733
151729
155804
145465
138332
149535
151704
144527
142403
137416
139416
140433
145505
145461
146586
133258
137365
136247
137305
138324
140334
133266
131437
151723
154849
148708
151716
147328
152723
133239
164867
145467
149649
147649
149608
151713
162854
160799
149661
165915
149769
149715
149662
157622
154878
150677
151670
125178
149715
147574
152908
146766
147900
143781
157822
157718
163827
151518
153680
153568
155505
163840
151588
149598
156691
167899
153733
145619
123163
167902
141132
143398
155865
133446
161714
149640
153741
159757
159694
165838
153429
145411
159691
146372
157632
147760
161835
153379
147403
148551
145416
149796
159755
165837
154929
162054
143532
158829
149808
161811
145636
151584
142531
132700
166047
161703
152619
157505
141305
167801
159745
145248
149378
151421
147211
143170
148506
149555
148423
147412
161765
162969
96760
159802
145303
163878
147373
149451
153775
155547
143245
165892
137090
145333
155636
138597
141316
143354
154636
143665
141768
159850
153739
129243
165915
155487
163848
159854
162906
143371
165871
167011
128450
147779
153568
155762
134493
163895
165895
164941
149817
135569
154919
155693
165883
161822
158978
157695
153467
147357
155482
141229
147504
151446
141215
134407
143541
143897
146698
149410
159796
145403
156898
139215
133092
128980
135295
143576
122739
135651
140712
152803
138816
141791
139675
159803
143813
159901
139706
157808
129250
165907
161843
149653
145687
149759
137490
129280
165860
159797
153696
168000
142441
163858
143767
157787
161802
149805
141912
139616
137410
143573
162608
147424
155545
155647
167984
165958
158958
157595
158909
143671
120203
147342
163917
159841
165917
153805
167112
145265
149452
159824
158772
160958
165930
161841
165938
149754
143718
132716
145879
163302
161385
150081
161905
162128
159393
159307
152028
116163
149746
149910
133465
138540
151505
152728
155720
143264
142342
158604
146446
167999
139739
118970
113111
135658
167934
145667
141736
153618
157761
159701
149489
161883
157765
139811
155663
74106
143332
155584
149113
141696
119081
155434
92016
142797
141690
151460
153653
155440
97479
157582
165945
153537
165958
154462
159689
159507
165919
145078
163718
159612
151487
138485
157735
145430
156706
159820
151286
139133
156656
161990
149432
147274
143440
161903
160993
155432
161886
148578
157883
137740
157831
147519
134674
137536
148443
157560
157666
152568
157528
139561
131656
155681
155882
153562
159040
158814
148516
146601
157765
154660
153689
155714
147426
154437
141324
145761
143474
153932
155636
149632
147410
156902
155776
130559
154688
158659
148639
158788
151670
154580
155690
155849
155713
153674
151678
149474
151748
155818
153698
147614
155752
153714
155818
153710
152716
160941
151539
151636
158788
156991
157819
153637
157838
165767
154838
155941
155666
158975
153734
160956
157767
158978
163982
158982
163983
155845
153759
155854
155846
161919
160021
165937
157891
157837
167883
165955
159920
171958
163862
157904
165970
159932
159864
157889
151580
159842
158916
159784
163850
163974
165937
160896
120061
161766
159637
155605
165890
168168
163959
147501
151302
157748
161784
159734
159506
150502
146467
152372
153460
165813
161837
166867
163945
144565
146456
167766
149161
167594
147179
155287
161506
156599
157480
151391
165788
165680
160766
128966
155333
152452
152192
158632
163758
135021
160548
130892
153400
157569
153431
153472
131066
131064
147066
158635
155283
159421
128091
132996
154492
162580
159647
156531
171053
135152
160678
114724
116711
145178
143037
149345
151284
152327
155440
120862
149256
162876
82563
148359
145243
138961
106993
142998
159611
128850
163623
134944
122618
163816
155596
170876
138173
168922
132906
159627
147114
143227
154741
153536
143020
146337
148371
148454
141127
132883
157557
153667
154521
138191
132947
159545
167018
159728
156507
128741
148330
143184
146250
132907
147220
146205
136068
140976
152256
148318
140133
160857
148076
160518
162560
163806
106062
139967
143034
144979
146116
158566
160791
165041
164004
151560
146169
95238
143947
104108
119282
112048
122283
118311
124125
112065
126362
114431
104284
102158
97149
105911
109130
104270
116396
116401
124666
122716
108361
150289
143314
139071
114591
122722
153460
157628
161671
106236
114427
134967
147223
147220
153582
135962
161788
154896
163798
169798
169795
163731
158746
135244
165937
131184
153647
147324
141025
135066
137045
142110
145114
151501
148741
155568
157129
147637
141527
149558
144699
140686
143481
143719
155124
150094
153980
123928
143592
148942
155126
145801
146718
123000
159103
149512
142551
164423
161072
145133
153473
138954
145496
152382
156758
152627
167074
164992
139932
136811
129908
149165
151255
151371
155538
151597
100211
169744
157816
156884
165154
149523
157506
157553
154593
139012
162937
157418
143287
161780
162730
161617
148660
161914
151709
153502
155556
151702
151470
147542
150601
164955
157550
169155
161618
159830
150750
124030
151957
154839
156827
131145
157693
150709
162975
153661
163965
155612
153705
149696
152842
163759
155802
161836
161825
150752
159759
106325
152676
155583
120817
159840
155464
154571
139213
144219
163727
114771
124989
155747
136294
165693
156960
147171
140951
122879
145291
135129
153550
130221
151720
161811
124975
155902
127017
157541
129255
112705
163675
157709
122990
127004
143352
137327
141406
141325
159844
155817
127106
157815
147557
151686
159898
152921
154860
158209
155752
71480
163824
147447
156764
141025
159710
155712
154774
169997
149319
145079
163781
161756
159717
147340
151370
131117
153816
157842
157892
146755
149605
147547
143463
152685
147411
151565
162021
126946
155646
149796
148618
151696
145477
149576
151690
155594
156750
153665
152586
156762
158935
153654
154897
157732
162948
161747
155740
167809
161765
164874
167839
115979
153391
145535
127975
91472
143391
153679
153604
102537
138501
149835
141449
114829
151792
94257
164038
133418
133298
155792
162033
102487
156803
143740
148942
131259
175134
166054
94330
153759
126748
165769
158831
149566
163988
157628
158881
161696
114737
127226
143550
96386
120923
145705
114739
121108
163844
153700
130942
112620
135073
172175
167904
157761
133198
151625
161804
157660
131259
163204
158966
155704
136371
157699
122943
165857
137254
124958
128304
146537
159822
155698
156853
126991
158835
127244
161774
161855
148716
164945
153693
118831
152754
145168
171902
165760
165686
158812
160875
163794
159676
133012
159696
139297
156003
122135
100668
160971
155733
161708
128857
126791
130843
124700
158718
126791
154687
155798
161751
155621
157807
159753
113873
152746
117894
144778
151720
150824
155783
149641
151599
112764
145519
137547
149684
147672
150745
151739
155714
154895
153732
141638
140686
152724
147602
149695
137504
151630
147606
143426
144581
141471
149754
135499
155109
147683
144794
151660
147547
151522
156816
153682
151600
153840
155819
144714
135372
149631
157794
151654
148784
139359
143509
145420
151623
157781
133030
121977
158037
153879
151511
149725
155699
147664
147676
142497
146581
150643
151527
122739
151716
145439
147599
145504
147627
145593
153744
146748
140351
149594
119961
155172
120762
146748
143390
148621
135502
155058
147793
121881
145446
96245
94174
137437
96245
121037
142779
127234
96245
98315
157803
157725
155679
151673
153619
151661
149665
116830
151681
153720
151674
159824
141503
157819
155786
143679
141516
141586
151681
151732
128998
137452
157749
161296
141496
135348
143642
139500
142730
157047
142762
139554
150710
165024
171842
173902
124926
156040
82471
133370
140733
137542
137421
142608
144822
141632
144677
131030
148977
136337
155518
141125
132693
130266
106432
98381
159312
156194
153097
163461
143488
154364
143676
148828
163471
140669
167849
148283
159391
135279
145699
143630
143656
138615
139604
162616
151520
165758
161530
162562
157803
159961
139604
149817
152925
149764
150838
149733
157896
167721
157361
167731
163450
143630
157400
165501
169953
163515
165577
161448
161516
163588
159599
155328
159322
157427
156432
153308
164760
137333
146684
145461
142617
157233
150391
138647
138475
162708
162756
155044
146888
145613
135521
145574
163699
139678
142829
161438
159463
149330
148758
172190
137413
160505
151302
135395
129380
149328
162703
153342
151087
150538
157494
159660
154320
161516
151370
156764
164188
158556
145282
149828
147425
149300
149169
148360
161451
151248
152317
162880
154549
148616
149279
157356
155370
157486
157542
149233
150318
151205
149353
160794
139046
151328
157484
153454
150253
151555
151365
146360
155360
157974
139167
145021
155421
150869
161705
141442
152340
155260
157410
153368
163367
158320
142792
150418
159627
147253
137025
156625
132626
155549
163720
140252
151574
152438
152324
147457
140246
133374
149324
134493
137531
153607
126501
155545
149247
149360
150520
145329
147446
151399
147344
131563
142476
153519
129338
131751
149722
149397
147212
153422
145285
138990
141102
161553
147179
155570
151399
146088
146869
143143
145200
145250
141075
142069
130771
139013
138246
135179
134844
143105
147133
165782
145237
144348
116570
143644
132447
163588
150092
165611
142858
140649
141871
171641
171345
161183
158247
133530
131350
162306
164263
166898
162360
160273
160416
129724
120508
168467
128880
129276
158645
147435
146147
174605
165378
138896
124530
153164
160208
150070
159006
163468
165486
166524
151382
169326
146446
167275
165345
124765
171234
169283
175461
165306
167275
168472
145953
153145
143496
164528
124475
150564
155552
173408
167160
169300
145296
165262
121481
151482
95004
125438
163327
169527
165087
170551
145559
164988
167045
173211
169243
173208
156830
179614
175584
163091
171464
165074
173579
160201
175197
162103
175551
169255
165179
140557
122663
151741
121467
179617
123540
173591
115343
143493
119529
127644
146580
141377
165175
149230
167257
169351
169267
165133
171467
161126
141262
145327
145319
157047
139250
165158
140347
161077
160295
165318
165187
165373
171407
141360
161204
169364
139304
155312
165281
137352
137291
165221
141215
156371
158328
143413
135376
152147
165211
96318
163371
160160
99142
149004
169103
138996
163056
161124
163116
167051
163040
165124
134796
123039
165256
154960
150404
166335
167181
161016
165185
112812
167230
169305
151237
159157
167211
163245
148472
118945
114809
171229
165137
165213
171224
145013
108758
154119
163027
163174
163150
165211
163139
136201
169182
168273
172347
167231
167216
168235
168351
167223
165269
168313
156880
154026
160031
150826
146944
171340
161049
158913
167208
144886
135057
135040
165274
159134
163079
167150
144975
166300
162236
153107
152125
157064
167171
163099
157048
165284
163105
159027
158995
161107
166359
141134
162173
160186
163161
153237
144161
163095
167207
155169
171282
148937
170436
162213
161277
167228
160257
135072
163151
157190
146977
137045
159087
102700
165150
161254
163212
157060
150303
161258
165207
119045
163169
143194
167162
145229
156060
106633
106721
156041
156957
150811
159143
134945
158055
141113
138994
143185
161086
159023
133877
97588
121974
130877
116656
157080
133044
155137
134219
131002
159190
161197
139244
134973
130036
136988
113937
124921
137172
134055
157067
159192
132994
159083
132916
128785
137082
137170
149174
162206
124703
130844
160347
154173
143009
159132
141130
154266
165254
163200
165361
162349
157065
161157
152990
163185
159329
161237
157139
161209
154119
163202
156114
156997
164156
159264
154269
142186
166277
154091
162282
165276
161104
165268
126781
144998
123781
159273
158067
157098
159139
152845
154996
163085
150779
152185
161166
139158
158238
154094
161230
164306
150297
163219
157154
164226
158253
162169
154828
154062
158928
159232
153103
161079
151020
119616
159217
161113
155007
161076
157053
161105
160025
151055
164288
158027
161195
157986
164266
160203
157059
158111
155205
148114
154890
153070
112229
161133
157046
120589
154809
161272
159140
121757
155017
158879
163260
161198
149035
159009
166270
166403
120673
161232
154954
155041
124870
132990
120563
133035
156229
152984
141171
153138
126828
148269
150972
144992
153051
145098
145072
147110
153173
151246
151263
145117
150195
142116
151052
148948
152257
145134
151112
155193
139252
155068
151044
144762
116473
146111
153052
123788
149189
112346
153142
149134
149189
116356
116471
146097
149242
143013
151177
153148
116515
112331
116516
145097
149118
151166
145144
153237
151224
147194
147036
146273
149105
149130
145885
139212
146410
144046
123051
145281
146248
149255
153216
145065
147081
144267
143140
145005
148973
147030
149056
140646
147071
149200
145199
149188
147107
142910
155254
151254
145323
143918
149188
145164
119479
141225
144031
149273
145134
144988
156430
143640
145063
147201
118607
151273
144981
151249
158488
138851
153225
146865
149245
153336
132161
151273
133138
150364
137511
137224
144281
143171
126951
149204
149152
147316
147321
159270
153198
153113
140885
151337
149141
155078
144312
152523
144548
123498
145372
147323
150142
153092
149327
149059
150625
151458
153265
151359
146211
145336
151255
150214
153336
151542
151426
153143
125289
149123
155330
149381
127624
142107
153132
154206
129382
129426
147093
129542
122631
121468
130606
127459
158699
129448
121357
134874
149180
156605
153432
149215
153481
149378
131456
129689
130755
145014
138200
143162
143280
129243
144306
141332
139261
125272
145335
125334
143241
145140
151337
145107
151684
149261
149289
149396
149478
147131
147294
155598
145309
131609
153435
153472
151463
131654
149195
133530
147154
148254
147154
147297
150560
143087
148547
145302
146468
147207
138421
151406
145334
142922
147129
133657
147308
147145
147188
145138
145179
146328
138151
145079
147138
147129
151496
147147
143135
141358
141208
141079
147232
145223
152585
147241
143022
143117
152329
153646
147206
145238
151281
151191
145141
158734
151258
147225
147289
145170
153359
145188
149203
154663
147178
150384
156487
158671
149728
156728
151467
130302
155466
154719
155667
153252
156717
158741
156774
158771
132185
131303
149306
147319
149332
146306
151350
149272
157849
142269
153541
137314
150391
151327
144437
147355
137239
143214
138236
139143
148437
147292
147304
153364
145193
149245
147241
156701
153254
153319
151436
147188
153398
150721
160937
153266
122952
156836
145223
140980
110915
110556
131499
127428
139115
153274
147096
147232
116674
143095
138887
144404
111738
112615
136232
100231
133902
136874
136782
142894
140915
134814
144277
135841
132562
144289
136857
140153
102077
139334
116454
132930
103923
138152
124051
124683
135063
130055
125902
133833
125731
130699
132752
137023
126439
130574
124458
128660
126494
138224
126676
124346
138234
132916
125589
122400
129871
125680
125850
137044
124656
125842
125853
129900
124516
129928
131063
129807
128745
130794
130777
129875
124748
126702
121672
133998
144432
134866
124770
146467
119730
120443
138141
132929
138146
128571
125291
126700
130784
140361
132090
134869
126634
120490
137035
143284
133151
138304
150696
141281
119190
122483
142421
148576
125910
128712
135012
131737
125527
122902
132852
137029
136065
137017
128752
124626
132908
130854
141297
132867
134965
150664
152753
127662
135180
126815
151841
130985
140234
152647
137059
139039
145374
150691
132755
136996
139054
131785
136987
139120
143134
138224
130641
139115
151385
132896
137092
137032
132953
128920
133054
135057
139056
127526
126952
128911
140197
138491
135046
138151
131033
92625
139260
133968
149332
153846
132207
160916
148675
156569
146281
147281
152747
155436
151432
154710
147333
145324
147377
147694
151459
155698
149326
148718
151551
99086
129892
146563
144238
147443
145220
141964
139061
147397
101039
141161
164940
145345
137072
113962
125289
101086
140380
134868
139157
165226
139154
163524
161675
162855
163794
156603
149387
157569
131039
124940
153875
141174
118958
160781
140337
145255
157651
135067
138193
145230
149661
140432
137069
148570
139094
128885
140535
149582
155787
148538
158839
134366
141329
133909
140582
133029
144630
141517
143333
128761
137144
138478
136194
133276
135277
138437
119696
135019
138512
122529
140352
136337
141450
131095
132263
130083
130066
129088
138258
159643
109435
135020
134152
98288
144702
118737
142497
102298
143549
134951
142213
123084
84725
140297
140182
117360
144383
72234
150409
150487
153300
144355
149358
128924
145402
125878
142192
148319
124938
120896
140978
141244
146282
145386
155493
137261
143129
125871
124878
145114
144273
146339
138035
140191
148322
157481
154409
152317
154298
147326
146230
142152
147106
149184
140211
150419
148399
147206
150315
151408
155550
151507
144206
147416
144260
144234
154661
145174
135045
154625
145390
149253
152514
145175
145427
152387
149331
145260
153573
153547
151447
156784
151299
142280
154516
148409
150341
155379
144856
149183
153297
162716
154452
146342
152479
156496
154429
151047
148898
146019
146942
156488
151471
152406
153526
152356
148904
152381
144890
155359
152976
154402
147971
154222
150983
151055
147050
150121
149011
146959
148995
149009
144901
141784
150107
146932
148956
148922
146075
146959
153087
149006
144844
148011
145867
148971
150957
146940
142860
146288
157609
155119
151041
150060
156122
108813
113099
148949
102512
155107
142896
155684
153231
154442
154249
156502
151286
132878
117990
121168
122163
151222
158227
151030
124336
156455
155526
123297
152449
157085
152405
117177
114031
116073
156472
155286
146004
154132
150075
148900
150963
153235
150975
171437
122158
132983
133007
149172
128822
150265
146867
152094
156448
157323
161600
146348
164734
156271
161168
165553
154157
161458
161479
159245
130864
128875
147866
142657
124377
126789
124662
130831
157327
165478
159260
151179
158610
165457
145202
158336
131921
129971
154987
171261
144727
134996
165241
167431
163312
167382
123380
167315
149988
127946
157322
162340
126732
171370
163241
146030
161353
172521
132923
163298
154073
144766
132974
172596
146814
172859
167440
155006
126492
140820
136738
135714
167325
146107
142937
144926
140844
163186
136786
170540
136785
134710
138832
140864
138784
145063
134693
140866
135795
134645
166327
142822
136735
157069
136751
136688
135868
161144
136664
126441
130570
125637
158218
132684
128531
165265
157165
161240
129534
159252
155036
125555
137858
130488
160256
126449
132619
130504
130557
161191
130520
153028
159166
128507
124459
163249
148893
134686
159166
132668
128554
159174
128539
134710
112487
128608
161175
132612
169439
151015
163290
160319
91037
167445
165369
151081
169387
132644
121447
167381
122373
120266
134570
110424
168626
124402
163250
164526
136091
153084
127602
122582
114334
148097
177777
154298
110430
153275
152197
172757
171756
149079
108361
160401
149086
174895
171685
174883
165537
145217
132322
174822
155273
152237
95246
144957
155353
155649
151106
155162
153160
157301
94695
147017
155238
149095
157234
157240
155094
106600
158392
154336
157292
151155
157304
151164
157301
150154
153164
157313
110567
153090
151164
157292
159231
151089
151164
151073
153235
153112
155229
157231
161319
162451
155159
153081
157296
153140
155162
149089
138741
116881
146249
149089
155226
149023
97698
152218
153078
116413
118539
157235
159449
155160
158333
151076
153088
115874
153155
106732
158347
157181
153224
153145
166583
155163
149162
149011
155168
157217
150088
151022
153142
152131
150159
155167
151022
153163
155144
154229
108364
149076
153142
159232
151013
146987
146958
147014
151089
151089
120600
109462
112575
104536
148086
98484
106602
103659
102505
151069
118676
151078
164516
116747
126397
152238
157309
157309
158549
118864
155518
142830
149183
147032
155226
153246
155247
120806
155223
151081
159375
126112
157243
110908
155160
128428
161489
151019
148971
143030
159424
151151
149019
153267
145039
146098
144944
151037
157379
158653
160646
150295
142013
156713
142028
157492
151415
135968
135882
149510
125412
143119
141086
144199
154428
157595
136074
143142
137192
146302
131190
139503
148201
153372
160898
155478
153612
152304
152358
140057
161574
151458
162702
152358
153299
157461
151244
151382
158606
146144
160646
162645
163636
161499
156565
158551
151302
159418
119404
161496
156563
157418
155436
163562
156385
159441
159498
157421
161442
161499
161502
161502
165651
161513
161442
99851
121055
156444
158393
161453
165520
165519
159328
165471
165597
165812
163534
164609
167613
96438
165524
154334
165577
163531
159397
155319
163456
163534
161399
163696
155373
153252
163515
161448
163511
158451
161499
161499
163511
155361
153574
99553
155302
159373
157361
156487
158482
152375
159436
163502
157374
159436
161518
153299
155302
159436
140423
159430
158543
155361
157433
159436
152361
158492
153355
151293
155365
158505
157365
157373
159377
155344
151237
129739
144113
147170
128933
102341
159319
163454
147163
149163
157253
158457
157328
153238
153247
158469
162469
153175
157331
155361
157378
159383
156424
167532
157373
161511
162527
159386
161403
167520
161514
149201
161382
149188
150510
160526
165589
160596
150456
152471
155314
157373
149355
159447
157325
161278
159527
155277
165529
159454
159457
156469
161532
159382
155361
167616
153367
153364
88073
157390
167563
157398
170688
160579
166827
167673
159406
157495
167612
163476
159520
165598
165592
156473
161407
165595
163530
169667
159519
165517
166747
151210
154584
163521
159448
161520
165514
167652
164658
166614
159411
161523
120660
167617
167610
161530
165520
153335
171676
161470
170795
171676
160584
171739
169610
165494
157517
171676
150351
175748
171664
165541
172821
165487
164522
167544
169634
171656
165574
165331
171514
170737
177671
161318
155071
159191
157159
169448
171530
175637
167401
159277
176787
167565
157479
178913
164617
171449
172607
174725
166471
165389
175591
157174
167455
173604
173596
164629
171577
159293
171530
160373
169488
135908
151220
162662
157477
164568
161449
155385
86822
169685
128572
168705
125019
159533
172677
157261
140976
168538
172689
162567
161347
162494
166503
168667
167590
170661
161262
153401
163612
165565
170686
159281
167616
167522
144979
161448
153120
125693
167641
164471
152221
161380
167686
161391
170616
164590
165564
159322
173734
149000
173699
169646
159337
175723
163548
171685
163673
156520
162677
157520
157540
167504
166451
164756
173813
155522
171708
174805
169603
173704
167709
179791
173690
110286
179868
167858
179852
173772
178977
181868
151535
153328
168819
165729
163718
163669
161514
151513
159594
174744
169592
165431
161412
154478
165560
171652
163575
168745
153522
163470
155246
145311
167599
163619
163607
165742
143297
176965
177739
144404
177811
175939
177844
155530
121387
175538
163685
159661
137252
144944
147390
139319
157605
142372
141297
175961
143309
170726
153455
164686
138887
160660
145387
143375
169544
166754
155527
167537
141301
146439
167756
168817
173779
177777
165004
158712
169759
173703
175738
176844
161450
177778
170706
171703
173712
163420
159403
165474
153433
157281
163459
155265
156556
159405
174879
171694
175790
172765
167591
171735
151145
167665
172787
169654
168608
163458
159380
161316
172831
171703
173789
163513
157258
155351
159370
163406
159328
163394
174009
173944
114181
163533
171704
146092
147014
146998
155266
163398
161390
159274
158500
163406
160463
155339
165460
155138
163464
154341
144897
145321
162575
161316
151137
149060
164572
146960
149001
159347
164509
160444
155169
163393
166670
159716
151346
167863
139196
162399
165405
162399
163447
141189
161346
152148
166498
161327
155184
159277
143961
157260
163376
158463
159321
160480
156394
163433
154404
153167
159235
149157
166486
163350
157466
168871
158595
156231
161622
154274
157322
165322
159413
175791
169752
172782
164363
150007
165661
165592
163345
161275
152191
157133
146963
156212
175799
163324
153116
171708
167734
163284
169531
163501
160412
169762
171655
165668
155266
167482
165561
157222
162373
162561
159326
171594
157753
176060
177777
153101
162448
153154
161365
161283
163303
163264
165453
168525
173704
170544
144890
163330
161420
155293
152292
157446
161515
159351
155284
163550
172714
155322
157459
168676
159390
170774
165510
171677
154252
164631
169614
159360
158449
160474
166599
152030
151101
162538
164702
149288
153364
99602
144142
143209
150335
155456
150227
154376
152253
157526
159359
154331
157302
149261
158432
144180
147196
159294
147140
147205
153286
161310
150640
156708
165275
157449
147343
152350
153561
153276
155273
171313
159346
153225
151207
157332
156408
115526
106369
155638
151509
139075
172550
152292
157289
151612
164416
149126
153283
148276
171319
154424
164486
143223
144536
167355
165343
141222
151287
153470
159406
170463
172650
146414
135374
159552
169883
161314
147831
141218
146585
161261
159297
168572
147270
167447
141271
161236
163393
161265
167361
165413
170568
161252
169640
164129
153277
165304
161302
162336
146340
169386
166471
166431
165270
167386
167373
152549
163303
139286
158327
164444
173490
160628
167365
173440
135296
165479
148760
150770
140596
146638
177676
170986
159296
159461
159416
154610
159533
155396
157510
161466
165540
170748
164673
165545
173862
169733
162557
152665
171734
169663
171784
163583
167707
165706
164716
165904
167720
163703
161394
169549
169599
172890
168749
156615
161612
160733
164678
166794
152263
161452
163461
166572
163467
164692
160598
155613
157569
171608
162644
170885
160683
162473
165475
156417
161403
168710
167496
166602
176920
169719
162656
163526
160548
146002
163522
160599
157347
172632
172788
167759
157295
172731
154369
156356
147339
169509
165364
161310
166549
163350
144987
155343
157415
159361
168680
155341
130814
164604
168750
170920
168668
172765
169771
169837
162474
169789
166655
161488
165613
159472
155352
167614
169566
163478
181054
163487
167607
169454
169521
164401
167725
169563
169463
177823
176880
161487
168569
180934
151730
170610
171508
173888
170679
168667
155359
163624
147098
167397
160322
164351
169745
169521
165347
163331
150378
163490
161422
165334
165351
169483
169524
149221
142970
165347
147107
171616
178959
176827
163269
167578
179949
171638
167513
165553
165613
177841
165439
150088
163556
172682
176931
149459
167558
168656
161319
179952
171589
119903
170646
167675
167514
90082
120938
158409
167562
177827
170818
169686
171690
173699
163857
172760
171710
163644
156677
148012
176944
171751
173813
168735
167522
173761
177713
168803
92510
167627
170581
175659
173577
175860
174725
177775
142776
167451
151033
175655
175778
178857
175910
171648
175724
172806
170700
175716
170608
170607
175678
170687
173607
168598
154248
176624
171676
176831
175806
175818
136617
169529
157434
136641
142748
176804
173597
140749
153289
171538
154374
169479
155482
173611
169483
167479
159491
177736
173603
167478
176752
179831
155422
136628
179893
157551
157490
101166
149347
157494
172713
165494
168507
165404
141822
167483
138132
136968
169421
165417
165363
167473
164467
167557
161362
171608
171609
174715
169491
178815
176749
171548
151347
170810
154542
143215
169490
175772
151293
145083
106007
149224
132577
154377
167354
165338
165337
169404
137701
175661
163337
163503
157305
167338
180901
165559
161271
138673
165403
163259
178923
176674
177756
174801
139744
166659
172747
170791
166545
164485
166558
168622
177002
166539
169755
177937
178069
169662
170783
168725
170869
175983
172858
172764
170746
173734
167659
173876
163334
167397
159197
157267
174760
158275
170698
172649
161587
161420
161338
168636
160412
162222
166480
160604
166603
158495
163389
157193
167413
165452
169464
165332
162293
167467
168597
160464
167497
159194
159268
171530
167348
163388
168583
165336
169480
161338
138676
165389
165274
169422
167460
163335
167468
169580
169464
160207
162270
169286
164476
171530
167471
164414
165400
168607
169537
164631
167336
165594
163285
165348
167398
161618
167482
164448
167491
161284
163296
165429
164369
168497
163396
163286
161358
161285
158331
157152
155151
159333
161338
157156
166507
163363
163351
155201
150209
159334
169595
153142
155258
163347
158416
153151
165397
157282
157282
158400
155093
155093
164394
155213
153139
153131
155179
149019
147080
151105
157230
157283
161289
151142
161335
151138
163408
161346
151085
161207
150126
165467
163339
159325
153228
163416
159407
159337
161308
156386
160447
168615
157287
164680
159419
161435
167548
169652
162588
164639
164585
166700
162550
168779
169606
165544
169714
167659
161714
163534
169672
171672
169672
167610
167621
166732
162673
169716
167670
167739
171796
161578
169728
167695
157556
165763
167730
168864
169744
165694
163577
169704
169678
169740
163655
168851
165709
163631
169712
163648
155424
169798
166822
168797
166666
162741
168814
164697
167715
163557
162687
166690
167721
161577
163590
165623
167674
169786
168781
161560
167621
166613
169729
165579
169716
169672
159422
160542
167667
167667
149355
169733
171718
169668
171787
167682
169640
167605
172924
173852
163517
173810
163544
167605
163471
162560
174914
165575
161468
177862
175841
171781
156410
167629
161484
157402
162627
170893
167812
165627
147363
161538
171725
163600
161534
171757
167951
110492
170910
163517
161503
171850
149372
160867
172095
167660
167940
171723
172024
167611
167610
124350
167920
172052
168870
164967
160830
170020
148300
164959
160834
162893
167919
168696
142049
125564
132618
159276
171821
171973
171873
161466
169804
171939
165601
163545
167599
165590
177171
176019
173861
164741
167530
152306
165543
159351
167699
152235
164618
159466
163554
167659
173808
161519
161532
160545
155391
165661
176052
151169
163590
163477
171744
167538
174938
167620
159478
167617
175870
164594
156479
171781
164696
155346
179027
159352
163607
169682
173808
169749
155416
159548
167620
164733
167746
167683
157363
143982
139991
161557
162571
157416
170791
165670
157368
168863
161479
167693
155565
155529
150178
149338
158512
169815
168873
168883
155688
116821
165664
169753
167674
171876
172960
164649
165547
169695
161484
166756
163555
167740
167691
170897
162678
173901
167682
166843
161581
169749
163619
165571
170901
157449
172996
160506
163578
158568
172935
160517
149639
173951
169872
169686
168827
166819
159518
160557
163838
169001
159555
169118
161547
161538
170149
164963
171096
161538
159450
172086
170931
161533
165997
172959
168838
163513
168831
167863
165518
157372
159402
155338
170124
174198
157322
167798
169685
168664
159321
167879
174875
163473
161526
157249
161414
173087
172868
157319
169983
179064
168816
170779
172034
170978
168957
177022
161510
171758
177900
166937
170915
164627
170997
164672
172006
176944
175072
176044
162894
171060
174084
171105
172022
171052
173098
171138
169755
155467
152483
153388
171031
171158
176097
166903
172022
170018
170007
172939
171085
170944
165906
165886
173077
155458
166899
166964
171956
174067
163836
168917
172025
171108
164808
169979
170897
168822
170921
170823
168822
168909
167857
166695
168817
163478
168901
173029
166772
167987
151292
167000
165996
167991
169059
172974
170911
167053
165918
163880
166789
166075
169128
164717
166796
163731
162698
167070
157574
176063
166975
166156
162848
169128
172062
166030
163754
170277
171119
165147
171141
168211
159494
172087
172041
166111
166037
167241
165866
157566
164998
160424
175183
172058
169071
168792
175175
176984
166954
171203
176120
173200
177057
163549
172037
178185
172834
175211
170809
174082
169962
171124
170149
173186
170788
168813
173842
165420
163407
158584
166685
161448
173991
173979
126540
162539
172853
164667
164767
167561
168295
167040
168658
164854
159781
170212
161774
161853
171292
155657
175285
174070
178387
151302
166908
166044
171726
176153
176401
173346
165986
172159
176094
162783
163916
170265
159769
159719
181152
175937
163775
155620
159613
173211
179086
155656
165713
162783
158767
156622
132026
158844
157559
119544
160717
177926
159596
169623
169627
158424
157489
177298
173104
160720
153578
153647
163424
168649
179418
157323
175335
150512
169247
175430
160837
164630
173136
155307
174050
176418
173144
151396
162548
171999
140060
172253
158856
147097
156720
173128
159811
155664
172115
159640
164699
155441
163923
175189
171322
178393
171077
163665
162765
177101
166820
162782
156761
165047
168214
173277
174338
172175
159797
169215
164767
163653
131857
161476
164819
159566
167730
180190
177094
163677
162984
160831
166820
164815
163608
166739
175213
161553
165678
179218
174147
168729
163850
161689
164794
165661
167735
163652
165723
163676
171374
147465
180126
177147
165723
165706
172192
177065
175292
165914
163922
162715
163644
160657
177168
159458
100857
155661
165649
165661
162652
172318
163942
157465
153332
178040
163644
164785
176052
173890
175271
161697
173256
176396
178114
167760
167707
165705
163644
165653
159532
162702
161491
163722
161586
162801
170890
163632
176239
164863
169127
164991
172172
174161
161570
149291
158817
172073
156639
171328
169085
159713
167777
160668
168815
159900
163669
156597
159634
173151
165059
160726
161688
145419
120206
164778
164972
166978
155534
168022
169172
159659
160718
157580
121033
155513
157505
160871
153443
157612
144498
153736
160841
164864
147168
157787
155548
168047
144479
156633
155567
157453
155488
157589
148350
169204
158745
157695
155634
155612
156457
157642
155476
161646
157539
158759
155497
121114
155432
157568
159560
154584
158594
164872
158807
128083
168059
155567
156621
168932
155686
157600
163736
165846
165860
162743
163723
157486
168914
155423
161717
156670
157662
155574
157569
154691
167935
163707
124917
157568
155431
163747
157588
159601
157662
156733
157642
157588
154444
169902
161697
153472
157600
157671
169201
150640
170795
159683
167992
154698
156704
156778
158807
165912
157600
159663
156716
157588
161791
151574
155538
163905
157589
152560
169026
158832
154693
154798
154765
161886
154671
158869
151607
155670
153567
155588
157642
159663
155576
139570
153431
170177
152679
167060
153493
167997
124028
153596
154712
155576
153473
153525
157539
155576
153543
155807
169365
156745
160793
155494
155462
154650
151505
153584
149733
160743
159021
170904
163842
174125
157869
153530
151431
149518
162856
162782
155784
157932
165929
170276
170990
142170
157031
157622
153662
159916
172208
175229
172205
155610
133086
165204
141351
171280
169291
158833
175350
154773
148520
169319
170394
172155
184497
155294
152760
184757
172023
175820
180702
169854
185698
155560
149939
177510
177494
156013
175653
165664
166565
174643
176631
156033
172498
171634
161422
176962
173656
167613
161623
167716
172445
171410
96795
152745
174746
179776
158971
126465
152064
124889
171523
128945
143047
146876
129772
170238
159041
165529
174434
127027
136284
147836
143484
161572
157594
149813
171299
173453
177491
175518
152564
181575
141492
177319
173444
175792
172683
169307
167204
163228
168985
141713
170597
176981
174072
162802
181104
178313
171405
172623
166832
130949
165769
169827
167352
176504
175378
172168
172700
177446
181620
179447
144778
140632
164431
183572
174510
165428
138652
175520
183570
177555
164712
177509
173531
169460
183718
176697
183722
177438
183678
182769
172643
164953
172610
172820
181579
179579
183625
182587
167873
153413
165800
189709
162851
180709
181573
181518
183603
169533
171672
174819
176725
175602
173363
165241
176675
184712
173393
173690
179498
152684
185694
170366
175597
167885
160760
179721
177638
178566
183685
171700
167175
175485
169394
183524
169571
170497
187723
182765
182644
169295
170434
171377
179522
175392
183576
177447
169260
168835
171283
159258
165113
165201
170627
181588
183523
181513
167219
180695
159436
181522
165237
181637
155152
157130
131054
157252
173464
167435
169240
173453
148010
141067
129876
165163
171244
120655
139963
166170
172391
165278
140572
159066
165013
156893
160930
158936
168294
167063
168204
147723
160121
164187
137573
172334
167284
144653
158954
164120
169739
161167
164175
164188
171455
151125
151063
152944
146828
157179
162179
160987
165111
148103
160926
166371
168409
165112
173368
175465
163073
162143
168379
155204
167189
165136
160183
163060
163072
165123
165124
165123
162114
144954
165185
165192
169456
159281
167073
167185
173266
165179
157286
171337
165077
168297
164082
165280
162124
161210
164269
162253
158922
159046
153982
161358
167336
157293
173470
175400
165294
175454
179600
158412
148132
166208
173474
172539
166279
173389
173682
161584
162681
157384
174823
177686
169856
159450
173808
172766
168563
181879
173531
177464
178662
157201
168621
153239
157259
168782
171856
170831
167690
143218
177678
155285
153228
171610
169691
159530
157365
158584
161352
179803
163339
173891
151150
164674
160507
172853
165484
163557
157365
155458
157439
161482
167702
180725
163656
169696
169691
169598
167527
168643
161409
167412
174767
173526
167626
178663
176696
171372
173444
175587
175669
167613
171766
160631
169691
147450
169548
171737
167535
162621
175506
173443
165842
169918
163714
164640
167832
171750
167690
167445
154325
167392
165495
169475
173444
169541
169618
161422
167700
167700
164654
171684
160448
162630
170644
173444
170743
161418
165576
166644
166783
158508
165646
165478
165412
163472
155283
169671
167393
167618
167413
166533
165556
155283
167413
163391
167528
168661
169537
163506
169528
167618
171664
162508
169684
160536
163758
177891
165448
169749
169811
166692
173942
169750
163626
163439
165618
175882
161430
169674
169562
161472
164641
159438
153364
155387
163576
164745
155439
169757
165711
165556
165526
166623
165535
165556
148388
165628
155399
166696
155366
167626
157408
153444
169638
165616
157563
169660
175946
167679
167678
163707
157481
149508
161479
167605
167618
167515
167618
167684
161471
162715
173570
173653
166763
157345
155333
159398
149414
164688
168656
171738
179778
171792
179860
169753
161336
159262
181893
166742
170822
170676
157326
163546
155408
168649
159398
169824
167618
157355
167598
175720
173781
165618
179925
161306
171738
162555
151307
155240
151001
149078
165781
150178
169587
159305
167607
169587
170800
167622
165522
163472
157252
153181
155419
155272
157436
168778
174784
145351
171945
169608
171629
165521
165351
173661
179828
166521
172870
171726
155334
169680
173655
153240
157272
169505
167606
171435
173677
167258
168685
157272
172727
165618
157306
163373
161372
169128
170317
169557
165483
169620
165638
162723
171763
167704
165627
151174
164786
133414
155272
133318
171505
155351
173574
174711
151132
160477
166974
171152
163944
168881
155223
169347
169420
174632
168952
167237
170894
159053
170820
146693
167176
167907
161923
165935
164625
167672
165401
156548
163760
171490
169479
173525
163214
166402
167658
168811
167647
166772
163230
166070
171899
166758
181000
162609
162747
170737
156313
179832
165575
169885
178885
171640
166585
165580
170730
173030
168770
165754
166540
167537
162705
168799
166614
155144
174653
155026
147912
164548
163398
149947
146872
163608
166654
164822
161790
170811
177779
166664
168890
167923
161834
170811
170729
166461
170831
168897
171055
179851
167853
162666
170668
166822
158416
147028
170811
168840
168724
164853
168668
161471
149028
138739
177801
165364
161828
154327
148082
165319
163636
151213
174875
157104
157173
159239
167384
167425
149337
149198
164494
164661
153282
164630
148278
137059
166667
176002
168737
162642
158466
167873
153254
160705
166560
148110
161651
160607
165897
156533
168751
167583
153110
167681
135022
145101
164757
142785
163740
149220
168812
153110
151135
145183
159265
161514
165515
168210
151677
144180
150411
137336
170503
165362
163447
163452
169434
167362
158477
165824
149237
168795
112657
129442
120606
135035
166697
151264
160621
159426
164721
167833
155279
161637
168833
155405
169656
166626
166673
172957
172957
168747
150180
159601
171743
170900
165758
167456
162607
173941
167953
152413
175744
164603
165263
169462
168742
168985
168826
164709
172815
162949
164570
171984
164570
164744
168852
164631
174534
163006
167640
168722
169963
165717
166718
164648
155349
166771
163222
166780
173552
161193
155386
169725
167644
164774
150255
170327
164659
167347
138086
173003
167369
172641
168570
168825
165644
167564
156404
181817
160369
170766
171834
178706
167513
165450
169702
171773
140974
176587
171561
171728
155578
171496
167520
168796
177618
165387
165511
165358
163370
174714
167812
166833
160771
163549
181754
166440
173648
176999
167645
168569
183738
169795
170758
167353
179753
163357
172677
177578
148341
168794
174856
162572
179574
177673
173565
153477
166804
166820
166685
166911
173068
156521
164685
175512
183805
176859
164601
169730
154417
170651
168639
179741
168051
176636
177990
177833
173692
166689
177893
159447
183254
174767
144506
174626
174780
166751
157275
157595
169591
177624
178643
173430
171513
169787
167775
163312
175565
168551
173495
173633
168560
169357
175618
169406
173760
169632
175997
174680
173486
109992
158613
173425
165423
133673
154316
137714
135788
127578
128333
139775
124479
140882
150215
156132
152179
123414
132415
124148
135651
122312
114087
126416
133580
118187
152134
120159
144882
160494
156083
165652
169223
148235
175212
167629
174013
138912
170708
158453
157657
160572
164714
154303
164637
160666
164784
159752
162669
168789
169970
130676
158394
159185
186722
169088
170654
132738
160478
130664
138938
154159
179621
173766
167641
163664
170589
173814
161562
159500
167349
183596
159164
167360
162480
163285
160327
161586
176764
166435
165447
179638
187814
186795
169504
143955
170517
173514
167593
175493
174506
175494
170574
189727
189722
167494
174561
183664
166422
136134
175392
177628
187748
187795
182826
183833
181682
158643
169000
142387
135183
138260
176848
176961
178899
175545
175535
176528
182825
159131
149277
181674
182883
181734
174487
179745
181806
177617
184819
179806
167526
172669
162485
173539
173539
177590
159145
156149
165545
179746
159273
162418
177664
158208
170553
177662
175551
173617
178703
173542
174705
175611
147189
175670
175610
173416
173528
169545
167479
175608
174588
168533
169594
134227
156527
167463
145221
177643
177677
165396
167341
173457
173666
157329
181825
169613
167625
163402
179677
175681
170744
169406
163416
167471
175614
171460
165533
167448
173609
175746
173573
169541
151236
173518
167467
169322
172589
106859
129827
183033
100529
173663
173592
173629
106789
165403
160381
167609
167590
167486
158658
143047
169672
165597
177609
131769
173549
98657
133910
130811
143087
157628
151483
155499
130752
158485
163581
153608
179765
179827
168629
166859
168932
143306
118628
163386
156337
151057
149362
145337
171691
173706
175670
159215
139012
147364
153501
155505
127320
143442
148395
177569
176626
150577
171571
144576
171551
179831
173690
163363
169357
179761
171609
165296
176787
171558
179711
177661
175560
178884
169488
175629
175686
167480
163360
163283
175719
174641
167411
143470
169427
183849
171534
169565
173637
171555
165299
163340
165305
165234
171561
167502
177771
177775
176717
166507
173623
173693
173697
144565
176766
172709
175712
167506
167421
171639
171647
173639
169521
171563
175635
171522
171564
175565
161181
173572
177701
165308
164346
169571
173596
175639
169440
159168
173577
173576
169440
167425
168585
171584
165294
173646
170580
174619
169526
171637
172681
171577
169434
169576
170553
169443
165382
173596
171514
175639
173646
162382
169514
167432
177577
175627
174651
172626
175638
167506
167506
169768
170545
170565
171607
170626
172766
177704
169659
159215
171722
170783
173574
175639
171647
172710
165596
176710
167432
171577
174722
169586
171597
169577
179713
173574
177574
169498
173593
173584
175577
162336
175511
164650
177704
174788
164301
170592
177650
175568
179636
181648
171577
173585
171585
169746
173721
157596
177650
171783
126434
172691
173575
174793
173589
177697
173597
165585
171585
171648
171507
176658
157503
180045
173707
171442
175639
179658
181774
173584
175631
171586
174784
176758
176908
174648
169504
177577
176642
173576
171510
174577
163226
179637
176570
169495
173825
169759
153441
173639
171638
175584
175638
173515
165487
173638
163354
174724
160693
179761
179690
172580
159242
159299
165681
179681
173056
164183
170579
169577
174634
160226
153024
166505
146446
169520
159302
145986
150078
161365
167485
161288
163434
161357
154159
170621
168641
169574
159627
159243
163380
169588
167505
158325
157155
152312
171560
166497
167505
172720
171513
175511
169515
163411
175638
170582
155097
168446
167504
169628
153022
163431
167562
167488
169565
170819
159432
163428
159356
165500
169574
169577
171753
157513
167488
175807
184017
163376
146930
165534
161495
159349
166775
171809
157360
169751
163631
184099
166721
167647
163561
167649
167644
176894
147295
173818
161442
147292
147292
169642
169690
167515
166648
163438
167619
165568
171636
167631
180023
171640
153430
172021
165621
163557
177688
147219
152315
147237
155386
147238
170755
172762
171762
163568
155301
174887
167696
165615
169562
159542
173565
169574
169760
173506
171566
169505
167554
177820
164702
158420
175495
155161
161495
173643
161340
169630
167641
173620
175693
159221
170784
169551
165358
161283
175705
169576
164621
176709
177555
181628
177566
165549
173627
161361
166617
161361
167531
155284
166929
169041
163981
165999
172988
164867
148326
149314
151450
160789
171057
171782
165363
159278
171502
163424
173482
169368
184664
176558
179478
185602
177560
169637
173608
179627
171649
175629
176631
165418
182676
177617
177708
180891
170634
167438
166560
163486
169501
168579
167639
171850
164498
167487
171615
173625
173563
145992
165479
167554
169574
171501
174712
170590
173640
175565
59170
174762
169618
168766
169618
159477
165664
165467
81921
88106
128857
155561
132808
114607
130815
127888
174001
148031
120660
177082
151115
173622
116576
159328
166595
165402
167456
167503
173639
151096
179834
144837
167446
166693
151035
169519
163508
159381
167572
150285
149117
146916
147048
157314
169585
171516
167507
169511
167675
159330
171575
175889
163452
161265
177837
171715
175779
171590
151068
158215
155125
156216
167524
154220
152950
175768
175787
167523
163385
154268
165385
153248
169644
175643
177709
163323
179771
173652
155098
167509
171717
173770
181895
171838
130313
177690
183896
168656
165376
133102
155155
153022
161144
157121
63606
169472
177679
168325
177679
157361
152959
148833
148699
130298
132355
136472
98639
150887
155185
169523
163380
178779
169652
167579
172797
138740
146951
174892
171641
167571
167571
173788
171653
173766
169591
169585
173659
171588
169647
171728
164576
169638
171638
138808
149073
170758
144836
171711
167643
173775
169707
169707
171777
169777
158338
177852
175724
165372
174854
142769
173779
167370
163235
173790
158401
167728
169645
171704
165363
171704
134792
169507
144979
175779
144995
139940
171643
158351
153328
177707
146982
130600
156447
142924
168772
149053
123423
176929
149067
149071
132609
142977
123542
171638
173777
120381
169704
163493
118265
147060
172901
155205
162444
175806
147065
145016
165510
153343
151148
173788
169722
151253
151218
142937
175810
177871
151230
175801
153273
147197
149208
171788
171781
172835
163517
175929
169653
159408
169651
171719
173724
171682
172934
169649
147160
152358
140925
172801
153268
146290
149220
167715
173806
166782
165530
171735
163514
171742
153494
149202
173810
149207
155421
167675
173860
155424
145149
157417
157475
147215
167732
161531
155412
179995
167719
169728
163623
161455
170808
145121
163464
147211
168763
149049
165676
169744
167730
163608
147213
176952
159377
165706
172943
153296
169689
171808
160601
175803
175869
169591
171737
153351
150419
172914
172814
171807
164859
159413
169732
167664
165600
161534
171812
167684
168848
169737
171865
172912
173873
167664
172914
165796
161793
155483
159804
159562
159817
167955
158676
174173
174091
163656
158462
169739
166784
160562
164610
155241
161514
153554
153331
165680
154405
165612
167739
169698
169751
163607
175054
163686
167618
167744
167806
151103
147320
157502
157479
157493
163532
171826
165687
168860
169751
163539
156485
155483
167687
167897
165617
161389
159481
166728
173880
165680
157627
167698
149129
158539
163543
161468
155384
170830
155275
167678
135864
159472
154341
151199
157410
155354
160620
163609
165669
166764
161546
163550
163559
159348
163475
168768
159201
176842
167611
169906
163546
170827
166982
164634
164569
162638
157469
158300
175538
159215
175472
165541
157197
179606
170393
167341
165327
169559
156500
158276
177547
156492
152203
158067
144141
139908
178617
158133
163216
96214
171411
96209
145066
134804
122585
120523
161466
157222
143072
117408
169683
168698
165723
160560
161490
155165
163420
161268
154267
146026
150219
152230
146025
128682
145222
154351
177398
175585
181609
154988
175413
181609
169283
145673
175466
177536
163272
172497
168693
180665
169633
163702
176901
157124
160742
146180
170723
164707
181626
174932
170929
156508
183107
180737
164854
167688
157579
162430
166929
162444
157500
162704
170791
158497
166836
146155
165793
166637
183811
159359
166693
165470
183609
169133
176547
164783
169497
167424
163424
165357
173568
167552
161420
151151
163235
163453
140969
161424
162578
157362
163502
164608
160441
160436
163490
162631
165490
163499
146150
163506
166632
164641
164717
165634
169700
167630
169634
165557
169684
170788
162655
159285
179990
184831
167352
168929
161691
173001
165711
187844
185761
177070
179845
181561
181688
163208
179680
166372
174931
182997
165232
181688
164191
171361
178591
181611
179495
181687
164416
148930
164577
183057
177560
179626
183629
143829
177578
182772
177499
155947
167349
185758
177562
162229
183563
177499
175494
163144
171423
167153
177503
165359
173378
185578
171296
171296
171372
183566
174437
173363
167816
176775
172790
177499
171484
175711
176002
178515
185689
169491
161260
170915
171852
179720
165401
181558
163314
173298
170554
177567
162313
175505
148032
187830
160479
181921
180929
179698
169599
163344
177648
159346
175631