183824.17700000003
191662.29499999995
202193.5499999999
200521.22499999995
216458.273
200133.6549999999
193928.781
196027.59199999998
218530.36099999992
212116.76400000008
209514.4949999999
211565.88699999996
214507.68199999994
196969.80899999998
217361.33399999994
206427.71399999995
178347.36899999998
197750.12299999988
214587.81199999983
201132.6169999999
200198.90799999997
191467.85699999993
187820.72499999995
208954.33500000005
207387.04499999993
194087.94
203244.19999999995
204986.82099999985
214374.33199999997
212075.18599999996
219609.5789999999
219328.38999999993
208221.38199999995
209232.50699999993
212142.17199999993
200293.3559999999
214324.09499999994
217597.18199999994
218708.90599999987
216105.50899999993
197914.10799999998
212449.6229999999
206950.04699999985
235964.46499999985
214334.73699999994
227601.67499999996
223988.2429999998
232742.40299999987
227572.37599999981
214168.01899999994
235652.9599999999
233661.51399999985
232500.7669999999
236925.90599999984
218293.6229999998
230451.28299999985
208729.96899999987
236013.29599999994
238698.52999999982
233704.2719999998
230675.2319999998
237962.60499999972
235707.95199999996
227403.26099999988
236912.33199999988
234402.32299999986
235702.37599999976
245814.31599999988
235419.7329999998
226402.07899999974
216066.49399999995
255991.19299999982
229680.83699999985
236241.01999999981
247577.47599999973
248871.9379999999
243796.88599999988
243604.6529999998
229467.40399999992
233662.1079999999
250117.18399999975
255954.6529999997
254988.6979999998
240906.51600000003
246639.27899999992
216022.52599999993
265409.97999999975
239790.35099999994
241880.2549999999
234767.5739999998
238946.6079999998
261872.60999999975
242870.21099999995
247934.3949999999
245723.64999999988
252618.9959999999
268167.92799999984
265156.69299999985
247706.59999999998
255920.74199999974
261125.04299999966
252658.34299999976
240809.66899999994
269171.44599999976
258884.8029999996
255789.56899999973
265459.21999999986
268219.16299999977
248561.373
262932.93799999973
257967.5159999999
272996.1159999996
271305.2949999997
263173.2819999996
264185.4279999998
254651.59899999973
275050.23899999994
269033.8229999998
267208.5969999998
269021.40899999975
259343.68499999965
260878.08999999988
269114.07799999975
270472.5549999998
274125.38099999964
278858.8539999999
277309.4889999997
274183.52999999997
276277.6439999999
268156.34799999977
259861.9869999998
280461.5879999998
267823.8189999997
286188.5439999996
272336.6819999996
273075.1179999997
285207.2819999999
250691.75199999998
281453.64699999976
261524.0049999999
281035.9599999999
272397.2279999999
251505.44899999982
279509.6809999996
275704.9189999998
277199.89799999975
270888.6239999997
279568.51199999993
271195.0119999997
279990.1879999996
278111.6909999998
285253.2629999999
266888.2599999998
288346.2009999997
279372.97799999977
267086.3989999999
282255.37299999956
279280.74399999966
286201.12599999964
292083.28299999994
296489.77300000004
295461.82399999956
284284.1119999997
295498.51599999954
286016.178
289195.63899999985
297380.9299999995
293134.3689999997
282882.6049999999
295264.294
291286.5219999998
281895.5619999997
289391.4879999999
286093.3669999995
296262.29599999986
277584.9709999997
296399.29299999954
298222.0130000001
274888.1069999996
298249.07599999977
296249.90199999977
293335.65599999996
301603.44799999957
295260.91899999965
282974.52599999995
304919.5749999997
284721.05199999985
303646.12700000027
244814.12699999954
304582.274
306505.4919999998
306715.98699999996
302838.819
302540.9269999996
281815.9620000001
306751.18899999984
304984.28599999973
306399.47400000005
254614.67500000005
307351.2769999997
256232.34499999977
308250.02399999986
308467.6690000002
307528.612
273343.59599999996
308591.1950000002
307491.19700000033
305352.83499999973
304428.8869999998
304904.50800000055
301080.69999999984
301769.78500000003
307329.421
290520.59700000024
307244.1430000001
308811.7689999998
308579.41699999955
304755.8570000001
291610.11400000023
280591.194
308855.8840000002
266667.6590000002
292833.8399999998
308685.2989999996
307905.80399999965
307758.00999999966
283835.30499999964
271552.9619999999
274291.17299999984
276791.6360000001
297390.1759999997
278628.86599999934
304055.3290000004
284267.3309999998
299898.3000000001
286782.33499999996
301669.4579999995
254195.4880000001
293701.19500000036
266717.6380000001
290111.6019999995
286931.9110000002
266850.863
289492.85600000015
231901.47699999964
253929.28899999976
260689.55700000018
254575.6609999998
274865.4309999996
276941.18999999965
267269.32899999997
287149.9929999999
284646.3950000004
286200.429
270940.6460000004
253460.50599999988
279243.67600000004
283716.3919999999
288447.072
290734.48699999956
256263.77799999955
288916.69499999995
182595.783
266416.11800000013
260123.9359999999
280972.52499999973
301976.4830000004
286591.1960000001
270285.7020000001
260878.90099999966
269093.578
262393.0309999998
294519.62400000007
260949.0209999998
305676.441
287951.9440000001
308514.7169999995
250894.40800000023
296697.0589999998
303947.04899999994
300633.59900000005
240999.9490000001
254037.0549999998
254659.38500000018
309099.9909999997
279971.4890000001
306917.2480000002
281725.14300000016
204340.11899999992
278657.59899999993
265188.2539999998
274338.8850000002
275031.3139999999
268932.9309999999
274498.3959999998
228751.636
248934.94700000004
287699.54799999954
302499.7420000001
191744.06200000003
308338.26000000065
265941.1769999998
309061.7649999994
229337.26299999977
308964.7029999996
280729.4340000002
256588.2429999997
282708.79799999966
183162.27300000004
290537.88800000015
302388.2349999999
291813.79700000014
298527.09799999953
308611.768
228064.95799999972
261690.26900000006
275466.98900000006
236069.66499999957
240310.19699999972
261457.35800000018
210576.75600000002
290359.37
287386.65499999956
249699.96299999987
284250.01199999993
290358.2339999995
303728.91899999994
274640.63000000006
243771.72199999954
285646.8080000005
149378.27400000003
302402.9759999994
264984.3189999996
275489.582
306093.5950000003
284842.61699999997
202001.2549999997
269132.34799999965
246811.76099999962
280682.3669999998
247801.3199999998
272521.1750000002
275413.8649999996
270569.4269999996
308426.47399999975
291517.7949999999
237560.40900000007
308944.115
303384.06099999975
308852.9350000002
301376.379
250208.32099999968
286776.1809999995
271322.7219999996
105323.52999999997
306655.90299999993
308764.71200000006
282437.43799999956
217738.23600000015
306280.5909999998
243990.27999999997
308770.58999999997
308420.59800000006
254813.04299999966
223331.80199999988
307164.6339999999
279826.3629999996
115950.39199999999
285939.7999999998
258131.8469999997
300906.66099999996
258252.92199999993
231182.3679999998
264183.6209999995
307952.9420000002
309067.6450000002
305140.6620000002
281660.7839999996
308647.0629999998
308897.0520000001
278210.55899999954
234320.60599999985
239560.08799999958
258861.78900000028
257141.1820000001
206711.77599999995
254419.62299999967
253749.01700000005
259670.5769999995
243705.87500000023
308920.59500000015
306452.94299999985
274564.7280000002
240425.50499999968
265136.4410000002
299970.58499999985
252944.1109999994
306634.31199999957
308982.35900000005
249558.83099999995
280430.6759999997
268748.0860000001
254149.46899999995
306864.7099999997
268329.40700000036
258567.67300000033
207276.478
272962.0059999996
265988.25799999957
307785.30000000034
305552.9139999998
298426.47899999976
265822.4399999999
258529.07199999964
275613.4769999999
237638.89300000033
298982.3739999997
306985.25899999944
287694.97799999994
231088.2449999997
246591.1519999997
308030.6769999995
307986.56700000045
306999.4639999999
148779.412
309023.52899999986
303656.1729999995
252866.45399999953
262102.93999999965
272089.2530000002
252935.2879999994
274120.83100000024
277759.88899999997
277552.9480000003
274800.0100000005
181652.95699999985
193779.41599999997
205350.0199999999
306954.8979999994
202979.3069999997
307532.362
301075.9169999995
308999.9990000002
237582.37199999992
308952.94099999947
307694.02599999955
198624.0199999999
275928.2329999999
286805.87899999926
294888.33300000004
305505.796
266070.58299999963
303685.7610000001
277327.241
286161.827
169876.45699999985
293238.3289999998
262417.6659999999
286276.5000000002
307292.45699999994
274719.3660000003
273246.2660000003
269496.8520000001
131333.86000000002
281102.9569999999
305214.71399999975
274441.1799999995
278782.34899999964
236523.52599999955
306158.83499999973
256726.46899999972
271317.6489999996
253470.59799999994
308711.7619999999
283864.71999999956
197470.57999999978
302847.0720000002
259626.46099999966
218728.06899999984
251938.25199999986
243261.7720000003
307386.56499999965
263881.35699999984
201238.21799999988
240717.66599999982
295629.4250000003
263810.144
303055.91000000056
305217.1129999994
260720.5980000003
155064.71799999994
205273.49800000002
308258.8330000004
233699.99299999973
161046.537
274770.608
216541.18199999988
170394.1169999999
308850.0019999999
307788.23299999937
279656.3809999994
268456.8259999996
268229.41299999953
266900.00099999947
265235.3069999998
294605.88499999954
268349.9940000003
232129.40799999994
302670.5810000001
210212.32099999994
285669.7589999993
306438.2469999999
252573.54500000042
261915.28199999972
261799.9879999994
195105.89699999988
279639.7049999998
308294.1199999993
175923.51899999985
167609.94700000007
298547.05599999963
303128.8829999999
194664.6929999999
238352.95099999962
289870.58600000007
293417.66599999985
251945.3789999994
147705.90000000002
243229.42299999992
195210.79900000003
309164.706
247337.11399999988
270446.77400000027
306345.31700000004
224705.905
307842.44399999955
242757.1580000002
308018.91999999946
195501.95000000007
194164.7119999997
186970.59600000014
299747.03600000025
168271.87499999994
306499.4599999994
148226.45699999994
246979.40499999962
308541.1730000003
305098.2359999998
271247.0659999995
293179.42900000024
308647.05899999954
271494.1210000005
191908.82800000007
253458.3099999996
205267.574
308532.3669999999
160588.2209999999
254930.67899999954
165841.97499999986
300218.89999999944
240694.11199999953
203741.1659999998
194923.536
227404.21899999998
270873.55700000055
187708.84600000022
308894.1150000001
273185.2589999996
153094.13899999997
249641.20100000015
308938.2349999995
262655.89700000006
206691.1880000002
271258.8279999996
302223.5260000004
153007.161
186064.71800000005
223982.3659999997
292900.0029999995
252935.2879999994
151900.0
275687.69199999946
308267.65099999966
263091.1439999995
194607.1399999998
263405.3369999995
160602.89399999988
307905.0729999996
306857.8560000001
202122.995
190879.42900000012
308923.5229999995
304891.19800000015
296117.55399999925
175911.75499999983
256032.34600000028
234247.06499999968
231494.1099999996
246154.1979999997
188267.6360000001
306501.31499999954
265129.41399999947
307888.26200000045
236557.14199999947
308050.01700000005
238149.95199999982
277188.2419999998
212539.5220000002
141673.53999999995
253211.77599999995
261064.61499999947
295952.9439999994
237252.95099999962
308208.0040000002
260457.14099999957
308505.90500000026
274311.7509999996
259835.27999999942
308282.3690000005
259638.24700000012
304488.2009999994
191932.356
235111.76600000006
228105.8859999996
308897.0589999998
238158.8099999999
308235.3170000004
240626.46299999946
275179.399
308788.23599999945
243260.07799999986
299055.8839999993
203023.51499999966
252533.77899999992
228552.93099999955
211044.10600000006
228826.479
256085.2879999995
221798.48799999998
246393.2899999995
301799.99299999967
307214.7200000001
308741.18599999975
263723.5440000001
300085.2839999998
225479.69099999976
286523.43899999995
291496.5289999999
283348.3370000004
225744.12399999995
260417.625
303395.3049999999
248370.60100000008
295484.4970000001
188923.52799999987
255699.89499999993
193718.8999999999
235223.52500000002
226719.59399999984
155000.0
305885.30500000005
308897.074
287402.95199999993
178620.499
271852.93199999945
249409.25300000003
181782.35
284294.1279999999
262947.04499999963
296149.9989999996
234982.35999999993
203195.391
161152.93999999994
242308.82899999994
229988.69800000003
290547.06299999985
274294.02
306970.5800000002
308227.72699999984
244255.891
308849.9959999996
247405.89000000004
270486.4309999994
253811.756
296588.24700000003
244535.285
293899.1369999999
290391.1880000001
253611.74999999965
225923.528
308550.01700000046
256547.06899999993
268123.55100000027
145832.36399999994
304876.9269999996
287111.7609999994
309020.596
229181.37600000028
268876.4799999999
299608.8150000002
256361.77499999994
252615.45500000045
302076.47799999977
308685.3070000002
145700.0
272720.04299999966
242300.4379999999
308991.17900000035
253729.40599999976
308702.9409999997
271341.1760000005
308691.1940000005
249997.05200000005
208023.5179999998
304678.7780000003
244279.41900000031
290432.3640000004
248281.38500000015
268720.59900000016
300827.74900000053
278032.3640000005
234611.77600000027
269102.4230000005
147811.77599999995
218104.22000000023
308688.2320000004
270120.0439999998
303029.43000000046
280655.8910000005
288861.76400000055
283626.48000000056
261726.49200000052
305538.23800000054
267460.09600000037
280588.2350000005
240588.24100000024
243911.77600000036
308432.37500000047
229654.1390000002
306626.4390000005
237413.0010000004
219876.44100000025
308808.8300000003
294364.1710000005
296552.9510000005
262541.1870000004
283823.53100000054
212414.7260000002
305835.3060000005
305831.73200000054
308758.83000000054
242565.97600000037
285801.2660000005
294740.3770000005
271429.39400000044
292947.0570000005
299641.18900000054
290373.5390000005
298194.10500000045
291317.5620000005
177733.78100000005
289705.90600000054
141652.95199999993
286715.0000000005
281690.77000000054
284556.59600000054
284232.3640000005
283685.2930000005
283891.1790000005
298448.3420000005
287873.5280000005
292923.5510000005
249761.7680000004
293244.12800000055
296235.3120000005
288873.5280000005
277020.6170000006
157050.012
280597.05800000054
284232.3640000005
293531.29300000047
246517.66300000038
206711.7760000002
256038.24100000036
299523.53600000055
299385.30700000055
301791.18800000055
237405.88600000035
185032.36400000012
246007.1610000003
287188.24900000053
188941.1920000001
271349.9990000005
307696.9740000005
281041.1890000005
237691.18800000034
299573.5400000005
297358.8260000005
287311.77600000054
299473.5340000005
302540.33500000054
256935.26100000044
301339.51400000055
306549.0280000005
299361.78200000053
294161.7660000005
293761.2370000005
283810.0890000005
233613.90200000035
237208.83600000033
287964.1750000005
298567.5640000005
299291.17800000054
294939.8070000005
289661.7870000006
184935.30300000007
276635.2960000005
296426.4780000005
277376.4930000005
299470.59500000055
259705.3660000005
274255.9050000005
287108.8290000005
175497.07400000005
247711.7350000004
294349.4280000005
286010.0940000005
292331.54600000056
295002.1390000005
278643.1380000005
284732.1870000005
271832.36400000047
243385.30600000042
287910.8000000005
218779.4290000002
284890.19800000056
252929.4160000004
277514.70500000054
283823.53100000054
283905.8860000005
271811.7760000005
269379.41300000047
271832.36400000047
284502.94900000055
197391.18800000017
290050.00300000055
280864.71600000054
283847.0610000005
286873.5390000005
280826.47400000045
197370.60000000018
216055.80300000028
281867.65000000055
289964.71000000054
286729.43300000054
284908.3000000005
277991.1880000005
276638.2530000005
288018.92500000057
280838.2390000005
291328.4430000005
277735.3000000005
281590.6540000005
277894.1310000005
283555.89600000053
282971.86100000056
295132.36300000054
199205.8960000002
256311.77600000042
283855.9000000005
286979.41700000054
290049.8810000005
247734.31600000037
262135.3120000004
270467.57300000044
288026.4810000005
278970.59600000054
283149.97400000045
242882.3650000004
280547.08000000054
278011.77600000054
280580.6930000005
271832.36400000047
283785.3130000005
256111.77600000045
293276.47600000055
286764.7170000006
293097.06200000056
272858.8010000005
274911.7760000005
270152.3520000005
253150.00900000037
284170.60000000056
191232.36400000012
295326.4870000005
188161.77700000012
243626.4860000003
271660.2170000004
302606.6150000005
284810.8040000004
298464.71100000053
254929.42900000032
252204.22000000038
298220.5110000005
301407.1590000005
292231.54200000054
249012.98900000044
286852.9490000005
265258.8370000004
294146.08000000054
66609.216
279118.5060000005
290294.1260000005
209832.36400000018
296152.9480000005
285013.7420000005
285011.7720000005
287026.48200000054
302438.2510000005
246844.13200000033
299326.47400000057
290185.30900000053
304564.71100000053
294261.74700000056
300546.5330000005
285924.8140000005
294320.05300000054
293041.1960000005
281097.07000000053
276658.7490000005
290008.8370000005
283902.95700000046
294110.8040000005
292926.49200000055
296332.36900000053
272532.3360000004
299511.77100000053
292372.72200000053
232534.76500000028
278849.97300000046
297478.43800000055
295138.1620000005
287058.83600000053
297414.17200000054
292111.7830000005
245948.33600000033
292030.6990000005
286307.16100000055
294358.7960000005
280153.8940000005
296073.5440000005
272714.71700000035
292140.61900000053
264358.8060000004
246011.23600000038
298317.6670000005
291982.2820000005
299279.42300000053
240761.77700000035
288865.99400000053
292988.2560000005
299485.2990000005
296411.77100000053
245920.02600000036
300414.71500000055
296141.18800000055
279545.4060000005
235520.0590000003
232323.51100000032
296326.4750000005
251926.45200000037
293511.7760000005
291252.9520000005
290047.06900000054
295879.38200000045
285106.3430000004
296750.0070000005
294644.0450000004
301841.1860000005
295885.30600000045
292716.4430000005
287831.5530000004
274053.18800000055
280142.63700000057
272972.1030000005
293762.64200000046
287956.4410000006
279052.23000000045
263285.1260000004
249627.97400000045
271202.2030000005
262817.4840000005
265127.97700000054
275019.0710000004
260013.27500000046
262694.58100000024
260571.04800000024
270900.4650000003
277002.5460000003
273137.0310000003
245290.27400000035
266418.29300000047
268343.0900000005
237451.4990000004
271204.8160000004
270329.55900000036
261216.4870000004
265261.8210000004
263299.38200000045
239242.2840000004
251809.92600000044
240404.0480000004
260193.90800000037
240167.39900000044
264827.4470000005
254907.38700000045
272125.8100000004
268387.11000000034
268049.30600000045
269232.03800000035
267590.7810000003
270148.8880000003
266135.8960000004
277278.1990000003
271163.5430000003
263823.37500000047
269204.6750000004
273035.45000000036
269140.1070000004
256119.16000000038
270025.75600000034
67094.11699999995
256684.03900000037
256871.5970000005
267177.4800000004
268950.42900000035
274088.34300000034
277094.49100000033
275179.56500000047
275051.68800000043
274998.3910000004
273038.38800000044
270029.61500000034
274946.80500000046
271818.8750000005
262262.8220000004
176900.48600000015
273141.68400000036
271951.22400000034
278979.78800000035
268760.5480000003
278916.5850000005
280065.21000000037
276013.51200000034
277195.8450000003
262397.93300000025
275819.6550000003
267573.54200000025
266776.4810000002
260485.29100000026
278950.0130000003
277079.9250000004
263658.8320000002
281218.92400000035
261364.71800000026
261383.63300000023
280998.24900000024
280017.7080000004
266294.6750000003
281941.55400000035
278952.2370000004
279763.6100000005
227828.81200000033
290064.7180000004
283923.1350000003
269702.9160000002
284061.77700000035
273688.2460000003
289039.1050000003
283967.6610000003
295102.9520000003
268075.85900000035
260780.51400000052
276071.07600000047
279954.81900000054
271035.7780000005
260793.4180000005
277039.64700000046
184736.21200000017
278994.67900000035
287955.1770000005
283933.7710000005
285802.9100000003
290072.6300000004
288939.1540000005
282108.56000000046
289880.33500000025
283971.55700000044
279064.4900000005
282842.7870000004
282006.43500000046
277093.0420000005
287119.37000000034
283035.7590000003
283162.6230000003
285129.41400000034
285028.6160000004
278029.9260000003
280116.1240000004
279089.6450000005
277081.69300000044
286007.70100000047
283015.62200000044
294039.5530000003
283021.73800000036
290000.00100000034
289011.27900000045
288029.4610000004
284646.58900000044
279773.50300000055
286933.77000000054
251392.69200000045
266858.84700000053
276984.67800000054
278822.06100000045
276844.27600000036
277895.1360000004
278844.2230000004
275902.3330000005
275918.52400000044
278919.0710000004
272917.8040000004
272096.7540000005
274924.18400000053
285932.00900000037
281868.4950000005
277890.97000000055
280875.7620000004
280423.7210000003
279750.6530000005
285522.02200000035
281318.8080000002
284174.302
280338.59799999994
284430.45399999997
278349.549
283148.7400000001
281248.4620000002
277284.3060000001
286302.08800000005
283300.37200000015
283649.3720000003
270485.63300000015
275612.8170000002
275509.47200000024
267753.2700000002
276487.02000000014
278300.232
282918.88400000025
284572.9450000003
272516.6610000001
287790.63400000037
279368.3770000002
277834.80000000034
286994.1750000003
290641.64000000036
287049.1880000003
286728.0550000002
289904.89200000034
280533.0740000002
288354.98100000026
256549.0240000003
237923.36600000042
276785.12500000047
251394.86400000035
278728.3930000004
273923.64200000046
275794.77000000054
274957.7970000004
270048.97800000047
275832.8750000004
210044.32900000023
266159.4300000002
281014.3580000004
284973.1410000004
252656.13100000034
255089.75100000025
260168.30100000024
280123.58700000035
279946.25700000033
283044.6180000003
287004.95400000026
295807.1620000003
300918.5590000003
282039.56200000027
292003.27200000023
295010.10300000035
288965.89000000036
293882.3620000003
286014.7600000004
288140.7750000003
271075.4500000004
276044.63100000034
284930.2360000004
288620.28900000034
280538.0190000003
292711.2340000003
286295.0260000001
278985.2140000004
280916.0330000003
273779.2150000003
291551.5010000001
297873.17600000015
288690.0960000001
295718.80100000015
283720.9570000002
277640.2780000001
299590.3620000004
299537.5180000003
292587.15100000025
286716.94000000035
266071.6490000003
294070.5940000003
297985.76100000035
289011.0010000004
271083.14900000044
280958.3500000004
286855.1300000003
285106.3450000002
287221.0500000003
291139.47800000024
296050.00400000036
292152.9470000003
293176.4800000002
297111.77500000014
299920.5980000004
292086.56500000035
290876.4800000002
292117.7050000002
300944.0040000002
291912.6860000003
219417.4880000002
264777.5740000003
292101.72800000035
292863.90700000024
293765.1400000004
272992.2310000003
288116.84400000033
299922.7270000004
293989.96700000035
301823.1370000004
293918.5120000003
291112.6350000002
299881.9220000003
284182.8610000003
288963.03700000024
295083.5970000002
302829.42100000026
301687.13400000025
308002.8530000003
295719.5160000003
299607.2130000003
294005.89000000036
282280.43900000025
284157.6610000003
302020.56300000026
287341.1470000003
277193.6870000002
287300.20900000026
295618.4380000003
285944.6300000003
271975.31400000036
292611.0200000003
270014.4210000003
276657.2730000004
295947.07300000027
297999.46200000023
306008.4270000003
274441.8920000002
302966.3000000002
303704.8170000003
289944.2260000004
304883.4500000002
296883.9430000002
305906.9810000001
295622.8160000003
290882.6350000003
290664.3670000002
272594.12700000015
281976.4800000003
298882.2470000003
298685.30700000015
280817.8510000002
271789.7560000003
305838.24900000007
300829.4240000001
308888.2500000001
281681.2890000003
282577.08700000023
281754.82200000016
202851.9700000001
261792.69100000022
284302.9520000002
296811.7080000002
306717.25500000024
308711.7830000004
307683.63200000016
303681.1880000002
298383.9800000001
298953.8630000002
299535.99200000026
308741.1940000003
282748.88800000015
285864.86300000024
289796.3080000003
254264.5160000001
272524.7850000002
280142.15400000016
305748.7960000002
305828.9240000002
303953.4050000003
296582.36600000033
303747.3599999999
294589.46800000034
303982.3660000002
291463.84200000024
294594.81900000025
294549.9790000001
290572.05100000004
305914.44400000013
286323.3260000002
294572.09300000017
302734.758
302653.769
292617.6590000003
287490.65300000017
301673.45300000027
295720.7760000001
295521.7789999999
300680.92200000014
306775.9460000002
282111.9180000002
303754.22600000026
296059.3370000002
285899.2420000003
298622.9690000004
291815.17100000026
308805.89900000027
307879.4270000004
307848.3420000004
306869.6220000003
297680.6010000002
303605.62800000014
299610.9550000001
300743.49400000006
295873.0840000002
294929.3460000002
290750.01000000024
303938.15600000025
291076.389
297858.47100000014
292925.9400000001
305855.89600000036
305833.60100000026
305573.2749999999
300629.3340000001
308682.37100000045
306622.55900000036
294476.35900000023
293449.43700000003
305796.80000000034
295825.9450000001
302863.04700000037
297729.8820000004
296560.4230000003
306732.37100000045
305624.41000000044
306804.22500000044
300682.3720000003
299290.3769999999
302422.3780000002
284972.77700000035
125783.45899999986
308585.3120000005
306432.3720000002
308432.37100000033
300558.7440000001
307552.9560000002
295870.6040000003
293888.2479999999
301755.80700000015
295677.5310000001
294985.2160000001
287190.52100000007
293762.82300000015
296624.9480000001
296026.48300000024
294158.834
296785.99300000025
293082.65100000025
298634.49900000024
296399.01400000014
298774.7220000002
300534.57600000023
292154.51700000005
302837.3430000002
299770.3310000001
295725.84300000005
299590.3730000002
291433.7619999999
297287.2539999999
295276.18300000025
288521.3840000001
294767.6640000003
291967.6480000002
298611.22900000017
293490.43000000017
295802.92100000003
288190.5770000002
295849.4730000001
296891.18800000014
293351.8580000001
300888.25000000023
300392.0100000001
299391.36600000015
299590.3730000002
295793.1730000001
301648.34500000015
297401.41799999983
298472.8760000002
306673.54700000037
302778.3450000004
287209.3150000001
286147.07800000027
284250.1250000002
298705.0770000001
294544.8140000001
276397.06800000026
293036.5740000001
285436.91500000015
287467.8030000001
297616.93600000005
270636.3270000001
287136.32200000016
288177.681
281867.86400000006
289236.5949999999
293287.67699999997
292152.4420000001
292211.10900000005
291257.7240000002
297720.16100000014
290860.0070000001
300693.4040000001
294416.031
295645.6520000002
285997.9730000001
299806.6170000001
295539.4190000002
296735.0370000002
301772.9040000002
297594.12400000007
303328.182
306296.993
304693.91600000014
304531.99800000025
300296.3470000001
294973.5430000003
306761.7780000002
302514.1780000001
308479.42899999995
300372.81800000014
301290.7340000003
305370.3240000001
298310.3190000002
294422.271
299322.3719999999
304517.2900000003
300322.8099999999
304434.95000000007
303502.77999999997
304399.65700000024
303346.6180000002
298511.01100000006
297510.0740000001
299328.7610000002
296322.4540000001
297451.59700000007
303523.0930000001
302487.70800000016
299366.8370000001
283721.8670000002
297508.20500000013
295507.133
297539.3970000003
291183.2540000002
287176.4910000002
278270.60200000025
295483.35000000015
281182.37000000017
298658.3110000003
294648.4590000002
281357.38300000026
295495.1040000001
293536.13700000016
302710.0940000001
305700.7420000002
301755.8930000001
308535.308
303422.7209999999
299794.98200000013
303581.91400000016
297520.3700000001
292641.95999999996
297543.9900000001
299532.3059999999
289518.9190000001
300644.35099999985
292586.1509999999
297380.20799999987
301630.3240000002
278691.173
294727.25200000015
304736.43800000026
300457.3900000001
303476.8050000001
295360.0600000002
293476.34799999994
288365.57400000014
293380.3210000002
303328.6120000002
301234.66299999994
295478.383
291291.9560000002
295558.92900000024
288332.21900000004
304258.308
303299.55699999986
300231.6859999999
296592.2880000001
295287.15499999985
304327.6199999999
299543.319
295434.2169999999
297327.74500000005
305450.51300000015
294017.20899999974
298247.81199999986
299499.4280000001
307550.01
301222.9619999999
296333.42299999984
287939.41999999963
300331.6889999998
300236.7189999999
302259.83799999993
302075.22099999996
303276.0339999999
295374.173
282923.652
299993.05199999973
297324.1229999999
306343.959
303287.0799999999
296365.941
306164.5509999999
305246.98399999994
175394.13900000008
290437.4350000001
291216.92899999977
293453.4450000001
287494.5910000002
293101.8719999998
299902.8540000003
303717.19600000035
288273.211
299763.2130000003
283449.3200000001
292830.00800000015
303907.2020000003
295430.1890000002
292925.92900000024
295827.6440000002
282649.4110000001
279582.2570000001
298685.7130000002
295001.78099999996
284474.8930000001
281150.19400000013
300408.205
285224.5350000001
295698.95900000026
299616.84300000017
298303.9080000001
283540.90900000004
298613.9200000002
297806.43100000016
282281.61100000015
304508.57000000024
286418.48800000024
297803.99500000034
306735.1280000003
301490.5570000002
284278.196
287215.48400000005
302755.35000000015
283760.828
279713.9890000003
304611.4180000004
304567.3010000004
294542.41000000027
300722.8120000002
287068.69999999995
297361.73400000035
288466.74899999995
283547.5269999999
267103.2130000002
285186.93700000015
299652.22700000013
284807.64400000003
284368.797
283860.3230000003
290631.5870000002
302645.3570000003
279281.2300000001
293451.5810000002
299866.7460000003
303045.8440000004
296583.98700000026
290148.38
289379.0510000001
283224.20099999994
279368.22499999974
301971.4070000001
263002.13600000035
282276.69199999986
281676.2070000002
269335.39700000023
256916.02600000022
305929.9150000003
303664.26000000024
294411.86500000005
295973.5430000003
223750.00400000013
279067.9629999998
251515.61700000026
287674.7060000001
283286.9229999997
276759.33500000025
291937.93600000045
281513.5050000002
292735.6220000004
297557.15000000026
278103.348
294109.7370000004
285880.90800000005
278544.8050000003
305844.12500000047
300593.4890000002
302718.65400000004
282817.0480000002
299586.79199999996
287707.7550000003
274012.57
287691.25100000016
295323.7220000003
279241.949
271717.505
291686.1040000001
282805.656
277412.8090000001
277057.88700000016
282610.67100000003
287024.8410000003
280638.6850000001
296912.8600000003
296544.809
282849.8740000003
295882.6380000003
273197.3369999999
280870.11100000003
294052.9530000001
305361.3830000001
288534.5050000002
294697.20900000015
290532.4050000001
289561.279
291914.5340000001
291832.71200000023
274591.7610000003
292832.22200000024
281691.9940000002
292891.8530000003
295619.8280000001
288122.32100000035
286864.89000000025
296002.9520000002
292200.0070000003
283521.9640000001
296655.86600000015
267576.8999999999
271618.104
291691.29000000015
298911.77999999997
295961.5030000004
282177.1479999998
276865.568
290881.8219999999
300785.303
280569.654
269524.57099999976
275247.5509999998
273274.571
279595.52399999986
271392.6219999998
297343.67700000014
309023.53600000043
284666.8400000001
297749.1520000002
294877.9719999999
273970.27099999983
277268.4169999999
278519.23699999985
294884.75700000016
299635.12300000014
298754.2200000001
278289.2769999999
280600.00200000015
289270.412
293787.69899999996
302360.699
277431.4439999999
275661.31200000003
273438.37100000004
283173.4450000001
282925.30500000017
302538.21000000014
280422.898
296763.9060000001
290257.29099999985
265139.239
285748.645
290496.2509999998
277463.1709999998
293744.4509999999
272477.5749999999
308579.43
274809.45200000016
307676.47399999993
294776.12900000013
283663.9560000003
299958.8350000004
296340.54099999974
300652.4110000001
282120.1480000001
296693.58700000006
293908.93300000025
283966.92700000014
298664.7179999998
271671.0900000001
286727.6919999999
280685.70000000024
301026.4810000001
276388.8680000001
302447.075
293824.85200000025
271751.91300000006
275474.8439999999
288699.73100000015
288560.683
272300.8609999999
285300.18700000015
275649.68100000004
284784.1179999998
298739.55500000005
304640.3820000004
298292.02800000005
281533.4389999999
274692.4480000001
295512.186
281569.32400000014
305491.19800000027
281599.01599999995
297464.28500000027
285580.99700000015
281805.99200000026
296485.7189999999
298587.5250000001
266077.0679999998
289665.1680000001
274006.19899999985
294493.31600000005
284823.0790000002
275268.0159999999
287384.68
275949.363
303600.47400000016
274701.0950000002
289578.2419999999
285747.34200000006
304642.052
283430.3380000002
290617.57900000026
283464.26399999973
303716.6850000002
288728.52500000014
264874.6560000001
281169.29299999983
260322.70900000006
280514.7960000001
287523.1490000001
274550.6819999999
282637.9680000002
290384.12200000003
242054.48700000005
302714.71800000017
299909.6990000002
264365.11499999976
284652.902
290829.47200000007
301664.7210000001
286636.69900000026
294702.3180000002
293728.88100000005
296820.60299999994
304632.37100000004
287321.724
304634.332
293805.8640000003
285566.4750000002
269000.018
295439.201
278931.08799999993
221240.5290000002
295651.78000000026
303515.18200000015
286546.89
299433.691
292763.5000000001
293634.466
307458.0220000004
296713.04000000027
269833.30599999987
264651.6310000001
276929.505
280740.09
291329.2340000001
295286.3480000002
305513.0540000004
303488.2570000001
286369.324
281847.66300000006
279789.821
296970.5070000001
308641.18400000036
308188.25700000016
308358.8380000003
306297.0830000001
291176.301
304446.8620000003
306523.1440000004
299500.6720000002
300313.34800000035
305577.76000000024
308376.49200000026
305336.1750000003
283790.7260000001
308579.42400000035
304640.3830000002
301706.3540000003
287711.051
287802.59199999995
297871.45800000057
289930.5100000001
286458.47699999996
280530.8409999999
299270.70100000023
299488.88500000024
293657.0330000002
293506.1220000002
299901.2820000005
305448.1610000005
283079.62800000014
294017.7460000002
280199.058
288507.4789999999
290576.99900000007
293393.72700000013
297452.14999999997
289675.3989999999
266713.9499999998
284970.9530000001
290759.87700000004
278470.8679999997
286015.21300000034
288701.92000000016
294331.73600000027
274978.28799999994
272338.15099999984
294436.96100000024
302669.38600000035
295586.71200000023
299529.8810000004
259787.56399999963
192233.52200000003
297566.9010000002
303264.26900000015
294742.00000000006
291047.4340000003
285927.4319999999
261288.8289999999
291721.51000000007
300505.8100000003
301603.0020000004
302608.48300000024
301496.7050000001
284969.43000000017
304429.066
299634.0890000001
288664.40600000025
290709.24199999985
290305.17299999995
302563.4980000003
287122.45000000007
287017.8830000001
301628.43600000005
284908.47099999996
283590.0140000001
290605.4510000001
288696.619
291913.0470000001
270620.6079999998
292687.43900000013
306699.60700000037
289257.56700000004
305921.86600000015
303542.65200000035
286534.7610000002
287170.74199999985
299674.99400000006
285648.47499999974
267432.08299999987
298706.07300000003
291833.9949999998
298458.0600000002
292359.87599999993
287771.31799999974
286601.77200000006
300519.4270000001
301708.24799999985
289271.60400000005
298853.8549999999
293502.9099999999
300850.0039999997
304494.18500000023
307611.78300000046
301867.70100000006
296584.6289999997
298893.1419999999
275772.6799999998
270516.6559999997
292261.2390000001
306452.553
302587.02200000006
300423.7270000002
271332.465
305686.17400000035
304598.9959999999
295442.9670000003
268069.505
287548.9149999998
279024.73699999973
266827.33400000003
278943.3159999999
276317.60799999983
286541.54999999993
284496.0279999999
275111.5110000002
294603.505
295731.1949999999
295609.19899999996
302250.8210000003
307461.6840000003
277483.2169999997
294475.349
283403.5869999997
290267.71400000004
276608.9629999998
303664.63099999994
298388.6990000001
283552.05099999986
293237.3859999998
292275.115
298522.1419999999
304606.65799999994
297648.735
302425.2590000001
300290.729
280494.5279999996
286248.92199999996
265156.7389999997
188532.14500000005
279644.84799999994
274285.1169999996
283790.9690000003
288373.76200000005
288535.99599999987
284164.0299999999
272762.8270000003
275687.7719999998
275796.989
272372.76399999997
276754.5829999999
281857.75000000047
273182.82100000005
281606.8540000002
282817.2980000002
272820.05600000004
276731.0520000003
286607.7490000005
287685.4410000004
280254.4010000003
271139.201
287639.5070000001
284683.7720000003
281658.42599999986
290513.006
291569.6660000002
289874.0900000002
278611.9540000002
283015.02800000017
287741.1889999997
291792.1389999998
277720.741
286830.74
286607.0360000001
283414.66
294549.4170000003
292275.21
233158.28299999976
294750.45099999977
288681.63500000007
291736.25400000025
285718.43600000005
295663.536
293698.431
292746.7490000002
288687.4010000001
299761.4090000002
289771.8979999999
283993.44200000004
299729.1369999997
300747.058
295920.226
301650.181
293496.89699999976
281792.26499999996
287802.7100000001
284703.94500000024
290758.05599999987
278260.64400000015
288834.1660000002
296828.5599999998
286937.9279999998
277701.9509999998
273305.11599999986
297684.75500000024
288103.6240000002
299870.64300000004
290844.99400000006
297893.35199999996
308600.0089999999
307382.27599999995
268951.7719999999
281891.99699999986
302581.5489999998
308482.3560000001
307314.6250000003
307176.39500000025
305428.4210000001
302412.001
288789.6899999997
307437.43100000033
287357.0199999997
294441.5419999998
293250.3709999999
284502.00400000013
299558.78599999996
298382.37599999993
280234.0509999998
285402.77099999995
297211.68699999986
305296.97899999993
306435.2650000001
306438.2530000001
308291.19600000005
305342.45899999986
307524.79800000007
298711.77599999984
302435.665
306267.66099999985
295476.5379999998
289637.79499999975
274174.91500000004
287891.72999999986
306361.2369999999
280456.12799999974
296064.4879999997
289240.1869999996
308435.30400000006
288370.82499999966
292860.99899999995
286871.7549999999
286944.1249999998
294587.693
302305.315
288277.96799999976
307538.15900000004
295546.57799999975
289785.13099999976
290769.01600000024
284557.5989999999
296490.9680000001
300511.77700000006
294011.75699999963
295616.39399999974
303161.11700000014
279640.151
285893.5769999997
299717.64500000014
216088.22499999986
290475.453
270827.70500000013
298216.53599999996
274088.9039999999
274564.80500000017
287266.22499999986
289071.81599999993
288416.214
307582.27500000026
295266.4840000001
291843.15200000035
271982.59600000037
268695.8890000002
262041.039
254486.87500000003
269460.04399999994
266290.7859999999
282613.4009999999
274902.14900000003
269278.0809999999
295454.8080000001
281764.8560000002
248361.74100000004
284598.4889999998
285195.0749999998
295578.9770000002
284038.0659999998
275772.8770000001
298402.14000000036
293746.53499999986
266425.3440000003
274697.8989999999
281958.0169999999
281726.89099999995
285510.6609999999
280103.90999999986
290617.39200000017
294241.27999999985
284598.30599999987
289439.82499999995
305073.2800000002
293555.03300000005
289334.85
273993.313
307423.45100000047
292436.1329999999
284730.64700000006
276738.7420000001
274849.55399999977
275645.31800000014
297291.1459999999
275505.8130000001
290811.782
273692.6389999998
290796.9850000003
291488.8829999999
285511.78700000036
284616.3019999999
293458.3809999997
293126.08099999995
264471.72299999994
289141.18700000015
251753.4560000003
302113.722
186957.279
249026.51600000006
294164.9919999999
285856.0280000006
281031.5020000003
295293.13600000006
286694.36400000006
308344.13099999994
297316.035
290306.03199999966
288188.91799999995
266662.80399999977
287530.7410000001
287117.655
278512.93700000003
295434.85999999975
290092.45400000014
287164.71799999994
286023.5330000001
278196.2870000003
276875.20499999996
285000.879
225814.16900000002
271781.09000000014
296505.6819999999
291354.3529999999
259769.46700000032
295405.528
288376.93699999986
280703.442
295267.99699999974
292532.178
296436.5299999998
278664.5149999999
300094.90900000004
295979.4370000003
271968.9730000002
276668.4710000001
294230.68899999995
280546.2480000003
289652.17600000004
305467.3060000002
279771.8549999999
296071.109
299528.6099999999
277383.1680000001
297082.3669999999
282826.6940000002
278398.7729999999
283639.13300000003
293411.3240000002
279368.1879999998
293858.3300000005
289139.51599999965
273614.22200000007
290770.1589999999
296528.83600000007
291551.694
293917.15500000014
299467.6610000001
285368.96800000017
270777.0820000004
294460.64499999996
303468.706
289121.9119999998
279588.6300000004
278038.28999999975
293289.05499999993
297127.07799999975
284336.396
284133.14499999984
292243.54199999984
297423.2790000003
280274.5769999998
291920.6039999997
303620.3340000002
303228.457
277444.1419999999
271793.08400000003
292567.83400000003
273338.7770000001
291571.654
275502.3080000001
277076.10900000023
271733.61999999953
262698.8810000002
295762.2289999999
291741.9940000001
297344.674
277329.86500000005
293595.35700000025
290866.75
296842.45999999996
277866.83200000005
297867.65400000004
275987.1600000002
289382.1779999997
279802.5860000002
289130.05899999966
290089.92499999976
271125.67200000025
290113.9959999997
287370.8259999999
289670.18800000014
273650.05100000015
294821.465
286665.482
239423.99899999987
276059.47900000034
286845.6680000003
270887.31400000036
272161.59800000046
283232.3569999997
275848.91800000024
273431.1479999999
280271.1819999998
271756.8470000002
276063.48
270302.2250000001
298523.544
277367.91500000004
262708.7739999996
282101.18600000034
274863.2170000003
276563.7149999999
297435.1749999999
298406.56899999996
281591.234
279692.32700000016
290512.1349999999
290564.1300000001
292488.02399999986
302557.62199999986
285594.4350000001
281070.3659999999
277022.3079999996
301541.2409999999
277876.9750000002
288826.582
281850.87100000016
289576.06600000005
286452.62799999997
301375.63000000035
289175.128
289511.0199999999
296526.21799999964
272838.0999999996
291153.46099999995
295129.0659999998
295560.36900000024
308291.1919999999
291344.12200000003
300274.0039999999
293750.87300000037
295181.31599999976
285452.4480000002
282611.6770000003
306558.79600000026
283498.59900000005
293756.65900000004
270405.6310000003
302426.34300000017
294687.0660000002
284670.87400000024
258103.07499999987
290219.9629999999
292310.50799999986
199718.66900000008
233550.49299999973
293462.7889999999
298483.03799999977
306291.0080000001
292568.20900000026
267206.735
304116.5750000001
265964.2689999998
272601.29000000015
301359.60200000013
302241.92600000004
305446.6700000001
298914.53000000014
293182.584
287567.5820000002
286406.7119999999
274980.4400000005
291384.3049999999
289455.1000000002
271852.5710000003
272514.6640000003
275063.8660000002
297752.17500000045
280265.96300000005
274992.2460000004
275630.50600000034
298543.3269999998
305140.1970000001
299113.54499999987
282586.21600000025
273073.5860000001
281273.57199999987
289976.478
289686.79199999996
298104.30799999996
293281.8169999999
301699.3280000001
302665.71200000006
300373.0879999999
275822.45600000024
284920.19200000033
290652.0469999998
283801.4570000005
281257.029
287170.1589999999
298248.0880000003
269533.4500000001
265327.9210000001
283256.30600000016
267448.32400000014
283741.0030000004
262565.21300000034
289422.64900000003
278571.3200000001
296319.838
292813.4000000001
295451.40900000004
298466.83700000006
270671.59200000024
273785.7540000001
291712.644
292989.50500000024
284802.9680000003
294185.5450000002
286880.2270000002
301735.4860000001
274748.14900000015
282591.53400000016
259300.02099999986
294539.2320000003
298744.7990000003
276888.10800000036
285691.13500000036
282333.5800000001
285198.7110000002
275904.0430000001
294018.76499999996
295618.7810000002
271614.4459999998
291671.2770000001
281761.87400000007
282987.5290000004
279287.7430000003
268223.75100000005
279270.63900000014
278262.5859999999
267486.1999999998
286297.02199999994
285484.26800000016
301410.6540000002
289793.34900000034
284481.31700000004
291150.21400000004
275720.9590000001
268420.229
302538.4750000003
298390.7940000004
277679.7690000002
290585.58000000025
277585.2930000001
276903.85300000047
288146.97300000023
293466.30100000015
278691.8139999999
283469.74300000013
295675.4829999999
284335.432
284476.60799999983
282624.94299999997
283810.5040000002
307358.0300000004
272987.51400000026
281024.1209999999
284666.1080000002
267122.73899999994
276566.47
281706.788
285132.6189999999
295507.0210000002
285101.726
282730.73199999996
288434.93600000005
282884.34200000006
275828.5160000004
289387.3310000002
269361.434
306345.4090000002
292839.5500000004
278688.38600000006
274541.32099999994
288168.783
272432.66700000013
289310.8299999999
296322.6859999999
298465.9410000003
282928.6970000001
275987.6849999999
282594.90100000007
274517.42499999993
275563.637
287970.38400000025
281566.19599999994
288772.32700000016
262785.96899999975
279244.1309999998
225832.34300000014
287573.6460000004
284589.9960000001
287572.4419999999
265981.04900000035
224577.22000000006
263317.75000000023
247742.73700000023
254562.71600000007
285865.8790000004
271564.18799999997
295935.72199999995
283000.7820000003
292966.4340000004
274607.1000000001
278664.4009999999
266312.661
294757.02100000024
253830.5309999998
268901.04600000015
267485.1969999999
276462.6239999999
292015.6650000004
274363.0300000001
251315.8259999999
257358.95600000012
270666.7370000002
273122.721
273850.40500000014
231401.94699999978
253456.6960000001
286670.56000000035
269656.69600000035
266377.15199999994
253721.26199999996
269273.81799999997
271809.8679999999
286773.5760000003
270172.6629999999
278330.9570000003
282783.26000000024
286184.21700000024
269168.97100000025
284731.6310000002
271521.53100000013
270820.3630000002
276938.9690000004
273617.1940000002
267253.3450000002
282192.04900000023
292281.9090000003
279943.2190000003
278909.3360000001
283743.3700000002
296373.81800000044
270055.63000000024
254872.10400000028
271117.4500000003
281180.7360000002
283585.2590000003
265151.8740000002
276292.46500000026
227933.86800000013
246963.83200000026
279914.93900000036
254580.3240000001
284900.9580000004
264291.3740000001
271864.7620000004
256800.21400000027
276157.66100000025
283939.68900000025
273686.6510000001
287792.3540000002
268650.4490000001
291374.7630000002
284665.1190000003
262046.75600000017
249024.9760000002
267033.94500000036
270821.62400000024
281655.56400000036
260840.6860000001
267281.44100000005
290827.75200000015
296579.09700000007
286548.10300000024
287742.47300000006
288651.22300000023
271557.0620000003
271737.38500000024
284709.7320000002
283962.2780000003
262195.63200000033
284016.97600000026
265788.36900000006
268652.317
247867.54300000035
262165.9220000003
269269.722
275824.31000000035
282532.7250000003
290753.85000000015
276019.92500000034
272744.5340000004
272959.1920000002
279913.1410000004
276638.9910000002
270190.2710000004
247400.91000000015
281092.6810000002
258179.1010000002
274658.0480000002
266831.2660000002
278629.7260000001
278024.129
283783.9410000001
267139.9490000004
278272.7190000002
279711.6260000001
291593.62600000016
283628.2860000001
260261.35100000014
157908.83900000004
276654.9030000003
273611.34600000014
263472.6190000003
290558.00800000015
275382.34900000016
281582.08
289705.39000000013
295457.7480000001
294920.59500000026
293026.4770000002
284994.98000000016
279916.7460000003
268976.18500000046
264070.62600000005
270438.32500000007
267664.4760000004
283499.9990000003
278389.64000000025
270094.51600000047
292454.6180000001
287663.5950000002
276547.59400000033
273645.7020000002
279754.5560000001
274789.7260000002
278740.6900000002
284564.53300000017
283774.3430000001
282819.32400000014
283740.53900000005
279525.71000000014
282873.0780000002
268198.27000000014
278279.9000000004
284021.4
283068.55700000026
272384.81499999994
282607.5610000002
270955.059
285381.7780000001
208004.6950000003
291627.1610000002
279172.9000000002
224192.38999999996
284824.4400000002
263138.8140000001
280051.48900000006
279537.6820000002
267818.68600000016
266448.9970000001
288342.5410000002
287997.0600000001
274238.4250000002
284151.2710000001
286870.6040000003
289750.0170000002
297706.3940000003
289002.94400000013
288533.8700000003
282806.5719999999
291603.6870000004
297542.9960000002
290079.42100000044
294780.6920000002
287535.8350000002
289528.2890000001
271189.1900000003
274280.4500000004
286114.45000000054
293349.5579999999
290448.7420000002
297708.83600000024
287524.034
292897.9750000003
302704.2560000003
285091.1880000002
292306.2580000002
262485.30900000024
296717.6520000001
283636.2430000001
276168.327
271140.4940000002
197791.12300000002
286099.59699999995
281105.1270000001
288958.7420000003
286011.9510000002
270769.99400000006
296853.5719999999
295955.884
289000.99600000004
286890.22399999975
292784.33999999997
289158.82800000015
292811.7749999999
288982.367
296711.7810000001
294093.3090000001
291014.17600000015
296860.067
286196.24899999995
291784.7690000002
284952.2189999999
292960.7850000002
299752.9540000002
297058.82699999993
279074.04500000016
281186.78799999994
295992.77300000016
279009.68100000004
276852.8970000001
283620.314
282690.37300000025
297694.095
301814.6800000001
303817.623
304973.4930000001
304797.0660000002
290155.0670000003
284391.1830000002
290117.6519999999
292114.71000000025
292964.6230000001
297931.3769999999
297927.785
298296.2439999998
297961.768
285212.4980000001
300918.922
297969.60199999984
299008.82499999984
303851.95899999986
286657.1490000001
278311.3489999997
285771.9969999995
277194.798
287093.25999999995
291188.2359999998
293873.54300000006
293083.62399999984
270048.4119999999
103047.82299999996
299026.4770000002
299607.158
299834.30199999997
308700.00700000004
301699.7049999999
301658.2849999998
288341.1489999997
306804.90099999966
304608.2519999997
308814.70499999955
306773.128
308870.5879999997
303916.8339999998
295094.21499999997
304775.66800000006
293595.6969999996
297619.5869999996
303811.3029999994
295114.71199999994
308685.2969999997
303799.9699999998
308802.93799999956
308788.23599999957
308899.9999999998
293517.64799999975
302054.20899999974
308820.5889999997
306826.2919999998
308732.35899999994
308735.2969999999
302775.9329999997
303034.0789999999
301024.846
306994.1179999997
307872.7169999997
299987.8779999998
303959.2749999997
293018.92500000005
308708.8289999998
293064.8039999998
298967.294
290008.4750000001
297773.21599999984
298873.13
294860.60099999997
304836.0639999997
299842.6239999997
293101.7219999999
296050.055
308664.7119999998
296067.6519999998
302729.8719999998
299526.89999999985
291136.66000000003
308847.05999999965
292895.49000000017
304849.1909999998
308879.40399999963
299886.56899999996
301993.7109999997
306985.2949999998
291759.7920000003
289081.6389999999
290076.93099999987
269707.6120000001
275683.7140000001
281977.79199999996
297117.2839999998
298008.82499999984
297981.9970000001
304740.20299999986
300935.3009999999
304879.4199999999
294994.12399999984
302681.38199999987
306644.09099999984
292935.5259999998
308670.59699999995
308852.9439999997
231923.53600000014
271680.8190000001
294067.65
297002.9439999998
289852.401
286943.4829999998
299761.686
302897.0629999999
308700.00799999986
295964.7139999999
295793.9749999998
282812.59000000026
300907.203
289050.91599999997
298020.58999999973
289889.52199999976
289869.99499999994
283665.26299999974
288949.4580000002
294848.3369999999
305644.1239999999
299843.2759999999
284893.5789999999
279036.4800000003
290884.5750000001
304823.4369999999
290958.292
290085.29999999993
301941.6259999999
290893.77800000005
295050.0519999999
303683.2209999999
306828.4329999997
293898.78699999995
290882.411
288887.073
285786.13000000024
284114.8090000001
292778.8830000001
298805.85599999985
286107.2500000002
300823.1289999998
301684.20500000013
301787.69799999986
292778.875
303828.8769999999
295126.47299999977
295947.06399999984
289775.7479999999
298949.82399999996
287620.6759999998
287766.51699999976
274827.9659999999
298022.71800000005
293012.7459999998
287003.51499999984
285078.70300000027
269891.6850000002
295912.67500000005
297975.6589999999
291696.4809999997
291140.7750000002
291011.58699999994
277074.6599999999
297676.01999999984
293884.0409999999
296596.47999999975
289189.10100000014
296806.38399999985
295858.1879999998
304850.00399999996
296968.9210000001
302870.58699999994
290107.6920000001
298005.883
299717.65699999995
290464.7949999998
300852.9429999997
297008.82500000007
294928.782
288995.60899999976
301929.3199999999
292185.2969999998
295002.9439999999
284855.15999999986
284622.44200000004
286728.2409999999
293052.7629999998
293951.15199999994
290796.9199999998
294055.69899999985
284554.0790000001
286713.7999999999
274525.82000000007
223494.20600000012
261603.97100000014
299755.7989999999
282716.19899999973
282583.93700000015
297864.3399999998
298858.79099999974
282730.99599999975
298941.1799999997
278038.68899999995
289022.27899999975
297826.1089999997
289643.304
290208.0160000001
283717.9189999998
293014.71599999996
300863.7289999999
291873.3879999998
285257.1560000001
292024.52099999983
295961.76799999987
298788.2449999999
282970.4530000001
283029.2749999998
285799.2769999999
303841.173
290814.1639999998
291099.913
299017.6449999998
115678.43099999998
270340.00599999994
292035.2999999998
289115.1649999999
289966.02700000006
285113.08499999985
281977.5810000001
289940.41800000006
290057.205
289051.3179999999
289995.43300000014
288572.44299999997
291849.46200000006
285831.63300000015
290864.1629999999
295598.1609999998
291149.0249999999
294990.7750000001
293968.108
284058.06400000013
288997.9709999998
301837.4259999999
288062.67699999997
297958.01100000006
301932.3579999998
292111.2280000001
298794.1279999998
296841.15199999994
289028.5689999998
282331.1399999999
287112.22600000014
287992.9489999998
288961.41199999995
282128.245
295930.72799999994
289907.4759999998
301732.36399999994
290919.6190000002
301714.7160000001
292948.5499999997
300683.63199999987
290772.32100000005
291786.93700000003
286099.6449999998
289140.3699999999
282153.1259999998
276048.883
289985.75399999984
288737.78999999986
282016.385
291831.5929999999
273082.95900000026
289950.915
303537.708
303675.8980000001
289964.7619999998
299617.201
298976.4719999998
295637.7940000001
302667.6589999999
287853.67299999995
299670.60199999996
299655.89199999993
302958.82300000003
296920.597
294895.3939999999
295850.0109999998
279059.99899999995
291899.157
305938.2289999998
292022.3140000001
299897.82799999975
295872.55699999986
291981.13899999985
294888.6039999999
301789.5089999998
297920.5969999999
300944.1189999999
127263.34999999996
297822.5630000002
298885.30199999985
295858.83599999995
291117.65599999996
296836.5740000001
296779.2419999999
298851.2729999998
302947.0579999998
298795.39600000007
295690.5469999998
300861.76599999995
290907.87000000005
305867.6449999999
277908.7029999999
283915.624
304540.2079999998
297782.36499999993
307514.71800000005
301885.2950000001
301682.3620000002
283628.3269999998
299810.54699999996
287961.31300000014
303644.12599999993
293050.45599999995
286933.68100000004
291841.1900000002
282965.67000000004
290864.5340000001
287834.6619999998
300653.407
290973.13399999985
294939.1059999998
301720.05699999986
307735.29999999976
300849.9149999997
294037.6959999997
298055.8849999997
285718.38499999995
284391.18399999995
291049.91700000013
295988.24600000004
290033.62899999996
285218.152
295026.4769999999
298997.057
294117.6489999999
281978.61699999997
285762.49500000017
290120.49899999984
295063.03200000006
290002.67500000005
292879.4240000002
291967.1149999999
292007.6929999998
284028.5709999998
196791.14200000002
300605.898
307788.23599999986
298474.4460000001
299955.8820000001
308729.40999999986
297044.12100000004
296055.84799999994
289999.24399999995
294025.6249999999
303866.83100000024
289806.70299999986
302802.39699999976
296779.2880000003
299802.94999999995
279772.67199999985
298417.1660000001
300776.48299999995
295926.29399999994
295914.3459999998
304825.65699999983
298727.202
297952.94500000007
287481.6989999999
294973.541
295879.4249999999
288996.9469999998
281992.8459999999
289885.35199999984
283052.59299999994
292850.44899999996
284954.2709999999
291032.8149999997
296009.68499999994
286872.82399999996
306714.7159999999
291754.2719999998
288853.82499999984
289893.4140000002
280031.9039999999
292900.18599999987
284100.91799999995
290808.7459999998
282999.24699999986
288975.3580000003
288824.543
290977.796
286094.27000000025
292018.51499999984
288876.9040000001
289910.96600000013
296746.2170000002
296809.0109999998
299923.5340000002
300312.788
300781.54500000016
286765.3160000001
299794.13000000006
288882.22299999994
300675.6679999999
288179.42099999986
288064.71699999983
298011.77600000007
289202.9480000001
294825.03299999994
294029.3269999998
290967.37899999984
289019.88200000016
297740.42600000015
292967.348
293724.3509999999
295015.98099999985
298988.2429999998
293818.9750000001
300671.5929999999
295907.78399999975
303830.7339999999
300802.9149999999
290197.066
292880.57099999976
297925.66399999993
303780.5959999996
285677.8369999998
298855.80199999985
295632.37299999996
289507.25299999997
292893.66799999995
282883.41199999995
286975.2599999999
293140.3629999999
291802.14400000003
285948.108
294961.778
284158.837
283070.61800000025
290647.10700000025
290922.5849999999
295955.53500000003
289791.99100000004
298725.9299999997
297067.65199999977
298929.4660000002
298849.195
298837.17200000014
294048.37599999993
294043.21299999993
292986.381
298885.12
292077.74899999995
285776.531
286003.54800000024
276534.30600000004
284735.40300000005
283491.4000000001
284838.3420000003
287004.36100000015
282827.56299999997
293844.17300000007
286663.53900000016
284702.4819999997
284913.63400000014
281790.55400000006
280933.666
297766.85500000004
282661.174
280621.98800000007
283571.493
284751.0399999999
286782.08
289546.24699999986
286571.76699999993
294814.21200000006
293592.179
297652.864
291621.4939999999
283543.58699999977
292802.4929999998
293566.37999999966
295376.661
294549.8719999999
288478.29199999984
286508.15499999985
289486.31200000027
288548.42799999984
282698.21500000026
285673.265
279524.416
286686.576
288514.94299999997
276259.55099999974
287425.34499999986
287240.63999999966
278386.5739999999
285420.99699999986
281279.06199999986
280358.3320000001
279344.2069999998
274514.79899999994
277540.8720000002
284837.6579999998
285637.0339999997
284502.3659999998
283452.9469999998
280543.3069999998
294359.51599999977
292354.2179999996
289243.63199999963
283665.3499999997
290714.12899999984
290716.21799999976
275547.35699999984
293221.05699999956
292684.3979999996
289449.2339999997
289781.68799999973
286378.11099999974
289407.69999999966
281198.6919999997
271951.1860000002
296274.6719999995
288538.78699999984
285784.6679999999
290572.9519999999
297618.93399999966
288588.84399999975
286583.48299999983
305802.68300000025
291722.8199999997
293303.85999999987
275216.2409999998
283329.6429999998
283575.1609999999
291809.6399999999
291373.3519999997
290428.1519999999
290562.3539999999
287647.6629999998
286512.9819999998
277300.23999999993
284887.8249999996
275440.78299999976
268441.1830000001
290680.4439999998
272413.90199999994
279345.34100000013
277342.3239999998
296294.17699999973
294474.5399999996
292467.11199999956
293592.36599999963
302555.8969999995
295629.2459999995
267307.38499999983
295497.4859999997
283835.9769999997
291365.1259999997
290602.9429999999
284434.2739999998
290140.3199999997
285466.2040000001
288807.12299999973
307561.6789999999
299044.1170000003
306885.29700000014
237584.7419999999
205359.0320000001
290948.69400000013
297155.8920000001
287096.70400000014
293032.3640000002
283922.9940000001
282994.9400000002
290107.7620000001
286133.99300000013
296114.7160000002
288279.42000000004
282236.61599999986
287193.31200000003
305775.6609999998
272882.3640000001
305873.824
244302.94799999995
303828.7339999996
298884.8439999998
300752.2199999999
301874.258
302857.5589999999
293686.4299999999
301834.6629999999
271797.0680000001
273932.08900000004
284176.4800000001
286164.396
288659.18699999986
293741.0020000001
282447.377
287074.85100000014
283279.42000000004
271934.93900000013
288765.4770000001
293875.88000000006
284608.1429999999
283485.2629999998
304776.1099999998
289878.37600000005
291641.1390000001
302012.05599999987
306920.59199999983
283581.8090000001
293717.106
286142.45200000016
303784.8429999998
292566.42599999974
291772.27499999985
293519.2319999997
292694.1619999997
285305.3629999999
286655.02399999986
292806.7950000001
293571.3630000001
294491.274
298443.373
291906.70600000006
293751.0149999999
290498.46499999985
288424.66199999984
297734.301
278362.8969999999
295716.02400000003
287739.77599999995
293735.3849999998
294661.26899999985
283465.1579999998
285578.55499999976
290582.237
290617.5559999998
283512.7189999999
288559.64200000005
282574.17499999993
286715.83499999985
278852.31100000005
280661.772
268679.8740000001
268434.4900000002
292774.664
281293.577
281572.957
292585.341
287495.2489999999
293743.57800000015
299773.2769999999
302830.7299999998
292488.2819999999
294164.71199999994
298649.09999999986
301808.61400000006
289504.47900000005
291601.5869999999
292567.4390000002
289725.25300000014
298031.5950000001
302869.7479999999
308764.71399999986
289054.95399999985
306834.7579999998
308876.477
308970.5909999998
305749.728
309011.7669999997
306934.89199999993
298639.9139999997
303787.96599999967
308002.85099999973
303930.32099999976
277917.6600000003
300666.933
294597.15699999983
298528.6070000001
308838.24900000007
263464.6850000001
297596.071
300472.82000000007
289245.712
299728.78800000006
296540.0990000001
292605.1249999998
305608.5670000001
300649.20300000045
299498.25100000016
294596.2999999998
291548.6050000001
289450.14299999987
284399.971
293645.25399999996
290565.2469999999
287591.186
288507.01399999985
295685.478
286192.69399999984
301587.613
292917.66099999996
294916.842
303982.3529999999
292102.93900000013
252111.774
245941.18800000005
302817.6539999998
306699.97799999994
292958.83499999996
306831.3719999997
300687.6089999999
296708.87499999994
301827.19299999956
297559.19500000007
293680.1989999999
293610.4099999998
293554.5269999999
295448.98
296575.392
304523.1850000001
298737.3329999998
297784.99199999997
14371.515999999998
292412.4700000001
297590.52100000007
297504.9889999998
290625.65899999987
297810.8169999999
297651.7249999999
307925.6539999996
286803.8419999996
302889.23599999986
296627.06699999986
303679.8840000002
302847.2889999999
268847.03300000017
275025.52400000015
273821.23000000004
290494.17100000015
300353.9220000001
306428.89300000016
297717.0239999999
308800.00799999957
297773.54700000014
292908.0230000001
298882.3629999998
300711.78200000006
292854.93199999986
306481.8340000001
299558.01799999975
303773.2229999995
298994.11999999965
282935.01799999975
285884.14000000013
276003.412
283668.6880000001
282266.6839999999
303531.9170000001
290402.2549999999
279117.6570000003
308523.55100000015
306564.543
294011.77800000005
295847.07500000007
302786.17100000026
298850.01599999995
305899.9099999997
285091.1880000003
303667.6289999999
266731.82899999985
266719.87799999985
275669.22500000015
292392.676
297287.52900000004
294559.103
301487.6160000001
302865.61299999984
305903.4369999997
299622.7279999999
296865.0830000003
303511.32900000026
300672.8150000001
305502.68800000014
302511.2370000002
303452.50600000005
287582.85399999993
308608.83799999993
305739.32999999984
295586.61799999996
297709.97399999993
272289.5070000001
291572.9040000002
291391.04999999976
284573.3630000002
286581.23000000016
287618.015
278221.72
292679.98900000006
284756.4310000001
284719.96500000026
307652.95699999994
305769.9629999999
303519.62999999995
292920.60300000006
196429.4220000001
292492.9499999999
306535.2800000003
293615.987
298519.6939999999
295381.1869999998
287478.1990000002
293828.7010000002
295544.17599999986
302706.66800000006
295313.53999999986
291813.72100000014
295534.1199999998
297755.2210000001
289491.50699999987
295485.0389999998
301472.9089999998
306531.82499999984
288751.14600000007
283712.76900000015
286529.6899999999
290485.35499999986
299608.38500000007
304431.64699999965
291458.83099999983
292625.2670000001
304505.68099999987
295469.196
302546.6769999999
280358.7410000001
299625.663
297726.3610000001
303835.58800000005
301834.39900000003
306930.72900000005
296301.64499999996
308573.547
296622.22400000005
308767.6529999996
305743.8539999999
303886.0720000001
299684.26299999986
300366.2149999998
292483.36400000006
301743.26900000015
291452.783
292558.29099999997
291609.779
285389.27399999974
278463.58200000017
277407.6090000002
275407.833
288804.07800000004
291576.3499999999
287609.46099999995
299450.32900000014
287674.1380000001
294777.6459999999
294703.4970000002
297662.9059999999
307564.7209999996
308447.07600000023
304453.3230000001
301307.48500000004
285788.45499999984
305852.6679999998
297631.9149999999
296861.1380000001
293371.3829999996
291565.16899999994
302503.7730000001
289399.1529999998
295521.91399999993
295644.397
292562.5909999999
300756.35400000005
293988.226
303729.88400000014
292794.07899999997
308732.36399999977
294692.999
303515.0470000002
308523.55100000004
303555.44500000007
307861.7759999999
308550.02000000014
287136.3409999997
304673.1749999996
297699.69999999995
301696.4269999998
303887.96799999964
301755.3389999997
307842.44800000003
297681.13099999994
300711.0459999998
285562.63999999996
260065.0169999998
287415.2259999998
286477.37999999983
304791.9610000001
296556.255
293324.3959999999
286406.758
298665.16499999986
303708.78699999984
301634.3019999997
278651.5949999999
279648.25100000005
290699.83500000025
300432.7789999999
298499.7389999999
293696.8019999998
292667.05499999964
293772.63700000005
283637.93799999997
296816.6919999996
306824.801
302925.6249999998
301842.8099999996
291932.3630000002
299805.5269999997
308814.7109999997
304849.6839999996
295769.0340000001
296849.0319999998
299522.50099999976
285839.6600000001
276804.9020000002
306621.05199999973
305561.4999999997
306602.95200000005
296701.13299999986
292720.9469999997
296575.382
305783.44099999964
287574.4789999998
300741.77799999976
287652.82100000023
303960.95699999994
305779.1420000001
285905.8550000002
306643.94499999966
302756.25599999994
301605.2559999999
308702.9519999996
296541.2320000001
295428.2449999999
288560.603
292457.38099999994
289560.4579999999
296377.89100000006
275914.234
296554.80199999973
300664.1339999997
235791.14600000004
303826.19999999984
288482.67900000006
285450.1840000001
291424.93499999965
297380.56899999996
301484.674
294703.055
283311.412
292602.4009999996
293626.88500000007
274227.95399999974
287513.8080000002
286608.4160000001
292533.9369999997
301714.4859999999
277231.8519999999
294474.9440000002
270165.92299999984
287427.335
275023.12199999986
276349.73500000004
296795.12900000025
304830.1889999999
301599.37900000013
295534.463
294563.86900000024
294526.39400000003
284287.6059999998
308770.60400000017
298502.04799999995
299591.823
305340.92700000026
302337.712
305364.4560000002
292804.67299999984
287694.59700000007
273300.8589999997
292451.49399999995
294599.42199999973
293451.55100000015
306889.4089999999
304640.8200000001
299510.95899999986
286008.0530000001
306610.80100000004
308652.9570000002
299546.2560000001
300631.8280000002
288352.92000000004
306758.0270000002
302660.42700000043
304570.0670000002
293988.2490000002
298844.13400000014
299138.2370000002
306923.5410000001
305787.2659999999
308717.66400000034
305782.2760000001
306746.52899999975
308908.8319999998
306902.9480000002
294825.84600000037
299923.5440000001
300997.0710000001
295867.2020000003
308870.60100000026
299901.3239999998
299760.14900000044
299850.0600000002
298850.919
296625.57100000005
302711.2270000002
297404.9849999999
297381.36399999977
308370.6130000004
307501.29000000027
308794.1290000002
295569.9300000001
294736.38899999997
301706.9490000001
284283.75800000003
273018.1919999998
271033.7150000001
279191.4909999999
278036.8789999999
279488.5610000003
294793.31000000035
308641.1940000006
307835.206
280302.89600000007
300596.34100000025
298655.1680000001
308761.77900000016
300766.8490000001
300864.71900000004
302555.35099999997
299823.54500000016
292810.32600000006
305602.96200000035
304735.3120000002
303821.0530000002
304925.658
307939.507
299964.62100000016
302915.00200000004
305985.3010000002
303930.68900000036
308764.71300000016
308767.65500000026
305844.1250000002
292393.0410000001
301614.081
302543.5839999999
287386.352
292536.8830000001
292366.20699999994
291474.937
297402.0490000001
305852.7670000004
290371.9060000001
306782.1739999998
303752.49900000024
305858.5540000002
308761.77700000047
301646.434
302622.529
308902.94499999995
305900.8680000002
300746.4279999999
302819.82200000004
296449.10499999986
303640.7280000001
297650.55400000006
304696.702
303841.1359999999
303799.3290000003
300366.5790000001
296836.4109999998
307667.66000000015
305706.75800000026
304811.4550000004
302760.557
302735.7630000003
300688.43100000004
301790.8710000002
304743.81300000026
279531.515
289649.4160000001
300932.53400000004
306649.4689999999
301864.72100000014
308811.77200000035
303859.6000000002
293540.2429999999
308752.9550000003
307763.9030000003
308585.3080000003
306497.0780000002
304765.9880000002
308473.5470000002
287715.083
304838.24499999976
303581.334
286986.9080000001
291079.8770000002
299698.5199999999
292608.8319999999
308867.65499999997
301895.1139999998
304976.47400000005
308667.6600000002
300701.28400000016
301894.1260000002
300741.15600000013
299887.4290000001
298790.64900000003
305676.48500000016
297977.74800000014
299007.16000000027
302837.02400000027
299674.4480000002
295899.73899999994
306705.4879999999
307711.7739999998
308664.71800000017
304590.37700000015
304646.25900000014
299008.43000000017
303821.8710000002
298664.3519999999
298917.65700000006
287909.6459999999
295911.77900000016
290037.7060000002
303726.2969999997
306878.4359999998
307810.9549999999
303684.849
307673.4489999996
305764.62700000027
306744.13000000006
299877.34500000003
303608.8440000001
300718.8060000003
292816.8880000001
305646.0900000002
308626.486
308935.29799999984
293787.609
308626.4860000003
304775.6710000004
306804.91400000016
302711.5000000002
308655.897
280619.5150000001
296894.99199999997
304729.42699999997
290786.57499999966
304714.1669999997
298947.06899999996
297950.011
304894.128
301743.26499999966
308782.3609999999
303778.8800000002
301953.4439999999
299923.537
301738.24800000014
296879.4269999999
294014.71800000017
303789.5160000001
307811.6800000004
304764.39200000005
301967.12500000047
308800.0110000002
305760.10200000025
296545.51200000005
307800.0120000004
304677.9070000005
308752.9489999999
201313.71399999998
308858.83199999994
297822.86799999996
308929.4179999997
306823.49899999966
306876.4759999998
307917.656
303976.47799999977
306864.529
308791.18099999963
283053.61899999995
284558.5129999999
301838.2429999998
307763.8949999999
302836.5709999998
305911.772
299378.6059999999
308767.6519999997
306850.0049999997
297886.56899999996
303791.1839999998
304904.2149999999
270057.8819999996
299695.0269999996
304588.2139999996
292054.9119999999
295955.89499999996
294000.012
298811.7739999999
294761.66399999976
298648.60699999955
293826.1599999997
289035.1169999999
286877.5529999998
277672.26399999997
292958.83499999996
295905.8899999999
292906.8369999999
298061.7659999997
307872.7139999996
273080.21599999943
297652.49099999975
299399.65099999966
293682.6659999996
283428.46799999964
294361.45099999965
306660.1439999997
302808.8309999999
297478.6889999996
301738.20899999974
300770.6039999998
296267.3609999999
236879.76699999993
275157.53499999986
254078.43599999958
295658.10099999973
288945.6890000001
259439.9920000001
219530.24399999977
298840.77099999983
306608.6469999998
305741.08799999976
300661.99399999983
308585.3059999999
300717.01399999985
308820.59199999965
287119.5059999995
269665.01199999964
282095.69799999957
308652.9529999996
302487.3879999999
308658.8349999998
301723.7139999999
305548.2960000001
308800.0059999995
286797.3879999996
283919.3769999998
308461.78600000043
277461.1529999997
292192.6719999996
179236.59399999987
272863.8589999996
299472.7129999996
306822.9869999997
307844.1240000001
301858.8830000002
300939.95899999974
306747.06699999975
295936.48500000016
301691.36299999995
305662.2750000001
297923.393
308685.3049999999
301677.8849999998
307591.19199999986
302907.61500000017
306647.52299999975
302924.80900000024
306797.519
303694.5820000003
304778.882
308791.1840000002
304723.2160000001
301867.33499999996
286718.0619999998
297705.49000000005
295702.9240000003
291138.246
295879.8870000001
307982.35400000005
303723.5400000002
295821.747
286735.01000000007
304923.5370000001
308726.4870000004
289916.6810000001
294746.16799999995
291792.07
296084.31600000005
307581.5449999997
294747.52900000004
292750.01700000017
116532.26899999996
304047.0569999999
306938.2349999999
307833.62399999995
282602.9599999999
297405.9070000002
295135.2950000002
308985.28899999993
301949.99700000003
295784.757
298948.33599999995
291975.2540000002
286033.3110000001
296670.05599999987
302597.074
293722.0870000003
307024.7949999997
306617.6550000001
299826.4830000001
296938.15
293737.314
297647.97900000005
305557.2009999998
297374.8289999999
290519.0279999998
272742.96999999986
302601.2480000001
305476.4859999999
295881.1389999997
297902.40699999983
303809.3270000001
302049.9949999997
287780.78700000007
302757.0650000001
303814.71500000014
297701.82000000007
295505.25399999996
306744.125
303415.0120000002
301951.2199999998
296150.0019999999
286744.1350000001
287478.047
306770.5839999999
280147.9770000001
301230.699
306429.39199999993
299974.394
303652.9500000002
305947.06200000003
291930.69400000013
299620.64800000004
278692.6480000002
300973.536
289707.832
281215.55500000017
292166.19800000015
304055.88200000004
304904.2119999997
209347.07799999998
298917.47
298914.1740000001
295023.5380000002
298026.4800000003
296982.3590000001
294040.64500000014
294064.71100000024
299834.9349999997
303029.4129999999
302063.0319999999
301032.3580000001
290847.7419999999
293876.5250000001
300932.35699999996
304806.9739999998
301895.39200000017
283014.2350000001
305952.94799999986
302887.2590000001
300891.18100000016
292968.55599999987
271202.12300000025
279255.0740000002
299851.27399999986
306011.76999999996
290690.4539999999
292067.6560000001
304928.87499999994
286525.38700000016
298952.7649999997
301926.47600000014
297954.2170000002
300988.2059999998
296050.00399999984
290061.4560000001
274379.0980000002
303983.6220000002
307889.49700000015
305956.372
299917.28100000013
287151.0399999999
296409.37299999996
300994.1240000001
304867.1020000003
298847.732
296635.43500000006
292800.6750000004
298144.1219999998
307933.62
291922.896
302929.4149999999
294044.12600000016
299029.41599999985
307932.267
283437.1540000001
305929.3260000001
289570.41599999997
298017.5670000002
301882.3560000004
271015.45900000015
302714.71400000027
306723.4980000003
301650.18800000014
307922.71899999975
297918.9229999999
267808.8340000001
297772.9999999998
303862.71799999964
288097.3329999997
277058.83200000005
286433.3829999995
276932.4779999998
303935.10999999975
280029.95599999966
291460.2179999996
303901.2729999999
298117.6489999996
276920.7129999998
300723.3549999998
299058.8239999999
281130.71499999997
280734.11800000013
285661.82499999984
284648.92000000016
308935.2959999998
287373.83199999976
303911.76
245504.2979999998
63864.705
300850.8120000001
287012.0510000003
283894.0720000003
295070.6880000001
283026.1050000002
292890.72900000017
287786.7930000001
287539.4570000003
291055.1670000003
307030.68000000005
297884.66700000013
282584.3129999999
300799.3630000001
303549.97600000026
191402.08000000002
309047.0530000002
264799.194
308794.1350000001
297560.77400000027
300466.93400000036
304482.0100000003
308723.5470000003
308902.94600000035
294719.3420000001
303805.0830000002
295707.83599999995
296546.94300000026
289557.10499999986
301664.08400000015
304599.4430000004
298602.139
213207.98299999995
293380.64499999996
299967.74399999995
303877.20299999986
298549.105
289536.475
287661.948
305523.5470000002
298581.551
301687.7260000002
287730.689
288808.60900000005
303792.9439999999
286703.2170000001
302702.55800000025
291393.68
283544.90599999996
297681.3579999997
295698.8259999999
289601.91000000003
283655.9759999999
288797.51599999995
292091.18700000015
303799.5519999999
300393.40599999996
291638.1449999998
302920.59600000014
279752.088
287923.222
300652.227
297529.9680000001
288613.181
292732.44599999994
292857.02099999995
288339.3699999999
285374.75900000014
291362.45099999994
281268.1429999999
283352.21700000006
287686.47
262758.83200000005
285666.4260000001
282642.84899999993
276527.82500000007
284836.332
292137.4300000003
287725.2530000002
275356.8300000002
284893.8440000001
285666.5630000001
281711.4480000001
278640.94700000004
280738.4750000001
284661.3660000003
283822.05800000014
290832.2720000002
284808.51100000006
280771.81099999987
285889.41800000006
278378.9200000001
288741.0560000001
286860.4180000001
281914.94000000006
280603.78100000013
279824.75800000015
272471.0010000002
282168.426
273765.49400000006
280626.65800000017
283352.4160000004
291690.51400000014
293703.51000000024
272546.1150000002
276170.4540000002
281334.84500000026
299905.80500000017
294596.5710000002
287754.70800000016
290779.8260000003
283654.3910000001
286626.481
297745.573
303785.75800000015
288955.5720000001
289971.6370000001
290698.94000000035
290738.47300000006
275490.0040000002
272649.95300000015
262401.8240000004
281351.5440000002
285907.4710000002
278325.4320000001
263251.76800000016
286180.73600000003
289528.0420000002
238636.96500000017
283858.2940000004
266632.6750000004
303856.34199999995
283699.68200000015
295643.13400000014
299713.9000000004
302706.88900000026
276272.0330000002
279166.14800000004
298973.1350000003
262770.63300000026
290857.83200000017
295726.44300000014
296938.2500000001
278418.95900000015
285675.479
288950.06000000035
295720.33200000017
281864.0830000002
288853.72600000014
282259.4069999999
276703.33999999997
288484.36900000006
290445.3960000003
273519.3210000001
276466.19900000026
274645.603
298668.25700000004
282493.39300000004
275700.67600000004
280491.4150000002
276699.2420000001
292813.3140000001
278814.9270000001
294416.38300000003
296301.85900000046
307523.4590000002
278358.41400000005
285313.1740000002
300638.513
302874.891
166835.0510000001
292004.539
294744.039
300499.43700000015
306708.29100000014
281286.4660000003
289476.44200000016
287900.6870000001
284296.7990000002
287714.11999999994
281407.1610000003
301739.1479999999
290367.37799999985
289471.4550000001
289784.6690000001
288537.9669999999
290530.8759999999
299635.62200000026
287690.968
289506.65500000014
287575.48200000013
280625.236
307573.4550000005
287317.3439999999
293344.98699999985
287224.8910000002
285006.74900000007
295451.7700000001
280422.11999999994
275112.0410000002
282373.13000000006
293988.24600000004
243803.033
284943.64400000003
280577.79000000015
290775.7499999999
275857.6499999999
277401.1260000003
274463.2280000001
295004.7479999997
270484.8440000003
268529.09600000014
280699.1020000001
270373.2190000003
287914.9840000003
297811.1040000002
168594.273
281757.33300000004
282057.6970000003
285594.07800000015
276279.34600000025
273205.25500000006
285679.92199999996
272382.57400000014
272921.71600000013
253726.98300000012
272815.561
296949.37300000014
276112.95099999994
99952.85200000006
285115.57699999993
256135.30200000005
256017.65600000008
259070.5980000002
272514.71700000006
303009.68799999997
304952.128
306946.6540000001
298476.26000000036
288934.2250000004
291936.2640000004
276818.19100000017
278621.547
292861.9590000003
285952.81800000044
297723.18700000027
287817.4290000002
283762.6030000001
294756.357
302878.1930000002
301839.96500000026
278984.9890000001
303906.34500000044
286671.0480000002
271903.61100000027
301823.543
279961.1780000001
291992.1360000003
287920.1330000001
277036.2600000001
277835.5760000003
279994.80000000016
297781.59800000006
286866.25500000035
302681.1530000005
281704.71300000016
285792.319
291785.434
283893.34300000017
283796.7830000002
277617.6930000002
287795.93100000004
303921.04600000003
294758.46900000004
291952.6780000003
281595.5100000001
302810.55399999995
286026.573
277058.16000000027
299021.90199999977
305892.04000000027
292754.20600000006
287570.4500000001
276174.112
285447.50900000014
301010.13899999985
284818.8790000001
284755.4270000003
283640.719
299876.11799999996
305019.2029999999
292830.328
279798.0500000001
285798.4690000001
289929.10500000004
298050.73299999995
277546.431
283629.7390000002
280395.209
293684.44500000007
288815.75400000013
302784.534
297969.82799999986
288802.83
288192.45300000027
286856.2950000001
290941.9140000002
304937.42699999997
268523.61300000007
280476.6899999999
297858.4340000001
289674.35000000015
286085.3470000001
293891.1920000001
291115.6170000001
282859.45500000013
291117.6530000001
290854.664
285981.87600000005
281818.409
280036.6170000001
302857.83199999994
279687.88200000004
292893.81
289577.94799999986
294613.39699999976
299964.3509999998
301708.75000000006
288995.94900000014
286817.608
286762.81700000016
298785.6380000001
301776.7549999999
288596.15299999976
297745.80099999986
278875.892
291800.2770000002
280551.86200000014
272586.6120000001
288836.76000000024
290804.95100000006
287817.80199999997
286984.03800000006
284350.148
305002.1299999999
302989.957
288806.84300000005
281542.22200000007
275612.17299999995
290728.6109999998
292573.1760000002
283982.042
281632.4050000001
287897.43200000015
295021.04500000016
276636.02900000004
304830.279
289652.0910000002
277891.2780000003
284991.96900000016
285968.1560000001
268780.81700000004
279984.5340000001
288825.3550000002
286879.92800000013
288489.79200000025
285599.96600000013
293924.8530000002
286755.5000000002
292889.10700000013
277634.9160000001
270636.7450000001
281969.23699999996
277539.86699999997
294589.6819999997
292928.28399999987
290683.3560000002
282550.3639999999
272491.05500000017
289464.8460000002
275766.5210000003
265560.94700000016
279766.7140000001
277830.547
291953.44900000014
279723.71400000015
276775.4750000001
273646.08200000005
276835.25399999996
295570.4069999999
282518.098
289581.09099999996
301032.8100000001
295845.534
288655.4849999999
299928.196
272793.58000000013
292974.88799999986
304034.887
284456.0639999999
268669.90900000016
272499.90800000005
291007.246
274546.966
283701.951
279965.066
280954.6320000001
283767.203
274583.4910000001
284977.31899999996
286888.42800000013
275838.27700000006
277775.07000000007
289168.9230000001
304814.4339999999
297961.0019999999
298769.2319999999
284648.967
292636.6730000001
291704.4850000002
293495.47499999974
273297.9150000001
247559.33299999993
238261.39900000003
269183.6320000001
282342.97499999986
302881.9950000001
277642.9330000002
289630.2520000002
283417.12800000014
295813.54600000044
284035.48000000033
302842.45700000064
302832.4510000001
291586.61100000027
275890.63300000026
301829.4710000005
296858.601
288640.7730000003
279339.2390000003
287072.3630000001
293555.7640000004
288788.50400000025
289349.415
275772.26900000015
293039.1080000002
295715.2160000002
302629.79000000056
267673.21100000007
288969.87100000004
289504.7549999999
304726.53100000025
295610.37000000034
292670.8730000003
285720.95300000004
299751.0020000004
301447.79600000056
294416.1330000002
289492.8650000002
283402.62899999996
289510.48300000024
260555.606
280951.31700000004
278716.02900000004
292869.78700000024
294445.5719999998
295711.1370000003
293162.003
299764.36500000034
301689.8830000003
308808.8300000001
293499.32499999995
289167.6540000002
273868.26300000004
279873.8970000001
278135.3109999999
279509.2830000001
267704.43500000006
289645.9960000004
300629.8060000004
272827.05700000003
302639.1110000002
302574.31300000043
298479.9880000004
289098.3340000001
300575.5289999999
304778.6120000002
278394.02400000003
288436.42700000014
280251.0020000002
291802.43100000016
292102.13200000004
289239.24100000004
308491.19800000044
292095.6190000002
304359.6180000004
298489.79300000024
306443.7330000005
306593.7240000003
308514.7210000005
290082.949
292622.7210000001
304512.68600000045
298697.1180000003
290785.76000000024
283819.14700000023
283926.0260000002
297635.26700000034
289037.7050000002
288002.95400000014
278011.01000000024
297785.3080000002
275867.1570000001
279053.3550000001
299759.42300000007
291392.3680000002
278455.4780000002
286260.09800000006
287973.5420000002
283608.8870000002
304396.7130000002
291926.4810000002
282919.10500000016
287044.12800000014
294010.96100000007
295237.34100000036
299490.3390000003
304643.31400000013
306672.5590000001
302708.6500000002
284434.2180000002
297889.5590000001
283563.81200000015
275143.2250000001
288058.8350000002
294925.66600000026
287867.7050000003
283552.689
290808.56200000015
282914.35800000024
270740.88800000015
283450.3349999998
269150.9130000002
255145.89200000017
280705.62600000016
209499.18800000002
282779.3300000002
299776.3920000001
288114.71600000025
288871.0910000001
287797.1160000003
301690.72900000005
286034.76000000007
296343.044
289111.7740000001
291020.56200000015
286449.01300000027
277673.6340000001
297553.39599999983
269741.96499999997
284839.9130000002
282816.8140000001
287775.54900000023
305509.6980000001
302196.22800000024
273392.67800000013
273621.11199999996
284546.4380000003
283840.7300000001
287138.2400000001
284002.54700000014
301490.78600000043
288493.40900000033
272781.27100000007
286257.20199999976
299687.75000000006
296347.3389999998
277528.7520000001
296737.4749999998
273938.28400000016
296353.3640000005
284755.0200000003
280742.1360000002
304596.7059999999
301458.38399999996
292770.6000000002
278467.34800000023
280732.68
287769.595
290767.1160000003
286780.6040000003
290694.1360000003
276387.0730000003
283683.3660000003
280440.19400000037
284694.58900000027
258693.483
286360.6810000001
279709.99100000033
277400.0240000003
268761.9030000002
287719.42800000025
299234.49500000017
284681.37500000023
282151.47000000015
274580.29500000016
258003.99500000014
270513.1710000002
284034.7610000003
290084.89500000025
287160.1000000003
286456.53200000036
281475.62500000023
281208.8070000003
284800.7330000002
298530.3280000002
301521.659
293523.9890000001
281194.1710000002
287998.5559999999
290691.0990000004
278875.39500000037
298924.4010000002
303532.82300000003
293292.7740000001
291091.18600000045
305547.0750000002
297389.43500000035
302543.76000000007
297702.86200000026
286961.7370000002
279080.6880000001
296031.9970000002
294573.08900000027
276413.62499999994
286707.0300000001
294896.51800000004
282488.1670000002
283392.5790000002
280660.1150000002
288947.0730000002
269678.0640000001
280117.65600000025
292709.0150000001
283987.8800000003
288120.59400000033
283527.7940000002
303571.0540000002
292527.89900000027
304640.7830000001
276572.36100000015
294280.5140000003
308494.1330000002
299700.0160000002
286909.50800000003
292899.9180000002
288526.101
291393.4990000002
303451.0090000001
292996.2939999999
304776.10899999994
308864.7050000002
307767.65599999996
306763.0410000001
288725.567
308897.0589999997
309052.9369999999
306964.7100000001
291974.8050000003
290482.9990000002
283872.4030000002
286791.91000000003
265661.27700000023
296587.33400000015
296757.4430000002
293565.0900000001
308520.60600000026
299546.6610000003
289539.77700000006
287597.931
292239.73600000003
296725.50300000026
292762.72
295537.29599999986
287852.35900000005
299710.72399999975
293782.8180000002
296577.87899999996
300639.82200000004
287614.39799999987
289519.55300000025
301402.5190000002
281626.30400000006
288180.43
280113.5279999999
297757.1590000004
294864.71100000036
291370.4110000001
297391.72799999994
292783.4419999999
296265.8460000002
297607.6230000003
280489.32600000006
296601.49599999987
303720.137
298461.99799999985
299667.2880000001
284341.9439999999
290282.41600000014
281475.88700000005
287185.30300000036
271648.0900000002
284236.06299999985
289719.77700000047
268053.9210000002
275073.35400000017
290960.09800000035
301797.1100000001
296581.1540000002
300922.55400000024
299834.66299999994
297662.65100000025
283432.91100000014
287286.3380000002
291979.0950000003
299826.1210000002
301573.59400000016
293678.2490000002
296478.05400000024
300477.117
303449.6530000001
308879.419
285083.3869999998
306488.2130000001
305871.08099999995
296593.90099999995
293749.06100000005
299403.268
291399.37200000003
292547.65299999976
181116.02500000014
303706.5679999999
288278.8390000002
284440.2319999999
280533.0450000002
278423.4900000001
284390.6309999998
261239.77300000007
259008.28100000022
259290.17100000012
272861.54300000006
266537.9990000001
268516.1910000001
243812.29200000004
268337.01300000004
271541.01500000025
275456.60700000013
254064.97000000018
287681.3540000002