32593.409638554218
39130.420454545456
32538.45054945055
34341.53191489362
25567.824175824175
36550.604395604394
36345.375
30569.539325842696
28769.042553191488
26576.11827956989
29469.380434782608
34057.71276595745
31684.870967741936
34898.39772727273
29025.139784946237
34186.95744680851
35979.68292682927
28288.35632183908
31172.884210526317
32057.795454545456
35230.35164835165
26810.365853658535
38225.333333333336
26382.94318181818
32682.088888888888
30886.977272727272
34123.98888888889
31949.522727272728
29103.52688172043
23755.94252873563
30262.37634408602
26391.655913978495
29740.164835164836
29713.582417582416
28546.38888888889
28228.298850574713
32438.81052631579
30071.117021276597
25123.43010752688
26678.760869565216
32716.732558139534
30446.0
33726.62637362637
24141.145833333332
30393.924731182797
23599.90322580645
24223.78888888889
25658.115789473683
23598.978494623654
32219.69230769231
20809.322580645163
29975.969387755104
24396.536842105263
23943.340206185567
32601.468085106382
25002.184782608696
27052.95294117647
28699.48979591837
20314.604166666668
21995.18085106383
29271.114583333332
20474.44210526316
20666.72340425532
33370.37894736842
22706.340206185567
19290.55789473684
26643.5625
21104.438775510203
26847.673684210527
27285.840425531915
27106.277777777777
18294.131313131315
22256.107526881722
29583.159574468085
17803.521276595744
23316.79797979798
16530.757894736842
22690.375
22099.617021276597
26496.381443298967
21141.855670103094
14881.947916666666
18543.422680412372
23513.171717171717
21511.35789473684
32166.527472527472
13220.424242424242
24215.094736842104
22739.177083333332
28945.58762886598
27400.632653061224
15722.505050505051
20212.489583333332
17585.614583333332
19008.505263157895
16210.28125
15492.51
14506.367346938776
18957.715789473685
17281.0206185567
19263.39
19962.479166666668
26320.711340206184
16668.88
19556.76530612245
16224.578947368422
12007.727272727272
14359.79797979798
19054.86170212766
12204.729166666666
19706.113402061856
9408.622448979591
14219.13
18121.545454545456
15589.16
18545.22680412371
13034.591836734693
13125.10101010101
20319.4
13183.489795918367
19311.32
14756.302083333334
9528.79381443299
15441.89
11833.714285714286
9280.855670103092
10533.183673469388
6938.666666666667
12897.19
14433.061224489797
14781.53125
8003.464646464647
16788.41414141414
9053.28
16595.25
13083.785714285714
9076.95
20143.968421052632
9209.479591836734
19735.875
9193.525252525253
11882.448979591836
21532.58510638298
11665.272727272728
11832.432989690722
8091.19587628866
9501.5
6801.81443298969
17821.25
10461.040816326531
15329.90909090909
9077.61
15768.680412371134
6595.090909090909
6808.357142857143
15767.113402061856
7954.909090909091
8040.412371134021
7857.656565656565
4072.929292929293
5207.85
6433.35
10330.929292929293
2831.58
9070.636363636364
7780.67
3983.86
4048.626262626263
7937.15306122449
5232.86
6530.74
10412.163265306122
6578.79
9087.204081632653
2761.5555555555557
5534.989361702128
4008.19
2759.35
5571.45652173913
5160.27
2761.4343434343436
5260.464646464647
3886.76
3963.4795918367345
2800.9247311827958
2611.94
167.8494623655914
1436.55
3229.814814814815
1412.14
163.47
162.74
2660.39
2661.62
2827.559139784946
162.73
2611.72
1364.7
1617.9156626506024
139.8
114.37349397590361
115.95
115.21
139.24
2891.9333333333334
114.79
139.31
1389.13
2613.45
1411.14
140.6530612244898
283.5
139.86
113.18085106382979
140.15
114.04
114.83
2612.32
142.23157894736843
115.63736263736264
113.89
1549.4942528735633
502.6
114.47
138.01
138.46
115.04347826086956
114.81818181818181
139.4943820224719
1809.6947368421052
382.66
1488.3076923076924
2615.11
630.3131313131313
1532.26
1470.5531914893618
1484.56
661.1685393258427
477.24
251.5681818181818
1753.82
646.14
562.8478260869565
575.46
393.5769230769231
1042.031914893617
170.27058823529413
1217.5257731958764
936.65
298.6304347826087
3509.78
114.20430107526882
1896.26
1869.81
1033.41
761.6333333333333
818.05
720.09
164.89361702127658
1750.09
1124.0208333333333
2999.26
1696.32
1133.74
1280.09
791.74
116.3265306122449
646.75
1056.66
1844.741573033708
3481.93
1248.91
1414.8958333333333
861.5212765957447
1387.92
391.5773195876289
115.05
1517.73
404.59
2615.07
1508.98
1017.8876404494382
1426.3
2008.0449438202247
113.06
2015.77
162.07
3169.32
986.2533333333333
269.79347826086956
115.5813953488372
959.02
935.9
2282.08
937.34
1647.215053763441
1126.1397849462367
623.37
188.41414141414143
1851.567901234568
115.65
112.6046511627907
113.19
1780.64
113.52
115.12087912087912
112.91566265060241
2801.935483870968
851.8030303030303
1751.32
114.89795918367346
525.26
357.59
114.72
2893.695652173913
995.6041666666666
2135.27
447.8
2522.4065934065934
2300.1649484536083
1956.840579710145
571.87
485.2244897959184
990.5
113.51086956521739
482.22222222222223
1435.85
939.57
3613.3977272727275
671.07
3629.1311475409834
281.39
2983.919540229885
2116.01
1365.74
1875.42
2680.133333333333
112.2183908045977
115.05
115.2967032967033
2347.467391304348
1949.8958333333333
2888.087912087912
459.25
115.35
1728.31
561.1219512195122
113.59
257.26
113.9
139.72448979591837
1319.8865979381444
647.38
356.86813186813185
7239.782608695652
1363.42
114.2
142.8586956521739
1870.6760563380283
164.33
934.2808988764045
114.18
115.37
145.24096385542168
1825.8219178082193
140.53
816.87
1731.8333333333333
1815.8080808080808
15218.021978021978
5110.75
3053.9176470588236
115.97333333333333
143.7325581395349
137.74
113.17
1389.76
1473.3260869565217
114.6
113.75
2881.967391304348
115.72368421052632
146.42307692307693
116.22619047619048
1601.8214285714287
115.01492537313433
1618.4578313253012
1646.2409638554218
112.95238095238095
115.13924050632912
113.67
1364.11
115.10112359550561
1728.0
3419.1979166666665
112.55670103092784
115.20731707317073
1363.67
113.46
3158.6341463414633
139.0879120879121
12205.268817204302
1619.8433734939758
162.22
115.35632183908046
117.41666666666667
112.14925373134328
984.51
1552.1494252873563
138.31
1388.34
357.15
825.5052631578948
392.6551724137931
271.34065934065933
1049.25
116.02061855670104
1362.69
189.7659574468085
116.4
1688.4567901234568
137.49
137.64
1362.66
110.14583333333333
113.32
2636.64
14181.561797752809
115.58823529411765
720.2083333333334
115.2439024390244
959.79
864.24
115.46666666666667
114.20224719101124
117.1864406779661
997.0
953.4533333333334
1362.58
150.0
139.17
1387.265306122449
113.4
114.93506493506493
113.56
138.73
17712.25352112676
10498.2
115.46236559139786
452.5
1388.22
112.09302325581395
235.44
1538.967032967033
293.06315789473683
113.85454545454546
1700.16
114.32941176470588
117.39784946236558
140.0
274.68131868131866
143.5505617977528
2280.32
4009.2545454545457
113.72527472527473
115.78787878787878
115.57303370786516
773.2929292929293
146.5974025974026
1365.11
112.34939759036145
115.72727272727273
113.02439024390245
114.38
114.93478260869566
114.9375
2659.98
1587.1882352941177
1885.6944444444443
144.71951219512195
143.35443037974684
139.68
2988.67816091954
2009.8030303030303
114.71794871794872
6421.686868686868
169.48837209302326
1377.79797979798
1389.5
1582.3529411764705
2565.627450980392
1976.7014925373135
115.92
3358.181818181818
2475.132075471698
114.31460674157303
112.22857142857143
110.65454545454546
113.91
138.3
797.97
1877.9139784946237
115.74712643678161
13543.612903225807
115.3953488372093
8856.69
115.27586206896552
111.68
113.91836734693878
2791.061728395062
164.36559139784947
1364.16
116.7439024390244
12102.363636363636
141.24705882352941
2068.203125
816.26
115.8
114.63157894736842
15385.929577464789
2663.0204081632655
1377.959595959596
113.42857142857143
1717.3974358974358
115.53191489361703
113.87368421052632
144.70731707317074
117.75
143.49367088607596
2067.921875
112.84
14062.322580645161
2235.52
164.11
117.42465753424658
138.13
145.54430379746836
137.53
2066.375
116.12698412698413
155.9344262295082
1413.061224489796
161.5818181818182
1364.36
114.0625
114.3375
114.96
1410.4
116.0
114.72631578947369
114.6
115.04545454545455
111.59677419354838
1622.6746987951808
153.52238805970148
114.99
114.0
144.75903614457832
417.85714285714283
1411.0408163265306
114.82051282051282
114.42424242424242
112.03174603174604
147.27027027027026
117.44318181818181
117.75409836065573
113.76
1516.370786516854
14041.074074074075
8934.094117647059
113.61
113.37647058823529
115.11940298507463
115.95454545454545
115.46938775510205
165.14
2163.065573770492
149.26027397260273
115.72631578947369
115.2439024390244
110.0
1503.0222222222221
115.89
1568.5697674418604
2103.34375
1567.3488372093022
2517.1509433962265
137.96
1362.91
2005.2727272727273
117.24193548387096
113.66
116.8989898989899
1428.0618556701031
114.70175438596492
115.19277108433735
116.05263157894737
114.56
143.8375
114.63934426229508
163.57
115.81395348837209
117.18
146.46753246753246
116.63
1745.423076923077
139.93333333333334
1935.7285714285715
116.84782608695652
114.09756097560975
144.31764705882352
115.83333333333333
116.3896103896104
136.93
171.08235294117648
115.08
139.41573033707866
112.28571428571429
115.84
113.08333333333333
1412.74
111.46774193548387
112.1842105263158
115.94594594594595
113.75
112.3896103896104
116.0
115.11538461538461
112.75280898876404
114.12
143.37974683544303
115.76288659793815
149.6060606060606
3123.120481927711
113.89189189189189
1924.144927536232
112.63513513513513
114.97590361445783
5209.135135135135
142.875
138.14285714285714
140.25
114.28
1565.6162790697674
112.15463917525773
1834.7972972972973
138.95698924731184
1428.6
1508.3440860215053
112.58904109589041
1584.0235294117647
1436.97
1654.851851851852
139.19791666666666
110.98360655737704
141.72289156626505
151.53968253968253
111.6842105263158
1801.0
110.0
113.48484848484848
113.75
113.27956989247312
152.93103448275863
113.6590909090909
1695.8048780487804
151.66101694915255
113.34782608695652
112.21176470588236
115.13541666666667
112.76315789473684
148.74242424242425
110.3076923076923
1693.367088607595
1851.5
113.08510638297872
139.6067415730337
1362.35
136.82
112.77215189873418
113.91
1684.5555555555557
1573.5168539325844
111.60975609756098
113.58333333333333
111.56962025316456
1439.0208333333333
113.64893617021276
112.4390243902439
111.75342465753425
114.93
113.08433734939759
116.16091954022988
2718.625
1411.1
114.34408602150538
113.33
1781.3466666666666
113.2183908045977
113.82474226804123
113.8433734939759
1651.1807228915663
115.9795918367347
114.47
110.0
1518.1685393258426
173.8860759493671
113.43
111.95121951219512
114.41
115.63636363636364
114.45
114.62962962962963
1950.4264705882354
1412.22
112.67088607594937
113.5
1655.4444444444443
113.82758620689656
162.73469387755102
113.65555555555555
114.42105263157895
1536.1704545454545
117.0
148.8450704225352
114.46
1532.2386363636363
1377.888888888889
115.3956043956044
141.2872340425532
115.81521739130434
117.09411764705882
114.67676767676768
142.6551724137931
115.64835164835165
115.28205128205128
114.25316455696202
115.33
3433.5394736842104
1363.91
1748.6538461538462
1851.3055555555557
114.05
1415.6875
113.70833333333333
113.83529411764705
115.08695652173913
117.31884057971014
113.65656565656566
1387.52
114.22
146.36708860759492
141.49462365591398
141.83333333333334
4279.2
115.5578947368421
113.71134020618557
113.7127659574468
1439.6530612244899
165.25263157894736
4351.1016949152545
116.12765957446808
117.0
1470.5851063829787
168.17391304347825
2800.3829787234044
113.57608695652173
115.59782608695652
114.83695652173913
139.3298969072165
1444.0851063829787
115.6421052631579
115.61728395061728
114.49473684210527
114.83333333333333
141.24468085106383
117.47777777777777
117.0
115.61538461538461
113.57608695652173
1440.15625
116.3
115.01492537313433
115.16867469879519
114.12371134020619
114.6082474226804
138.1734693877551
115.71428571428571
115.48333333333333
144.4625
114.06451612903226
2131.1774193548385
115.60227272727273
138.72
113.95604395604396
114.45454545454545
113.94845360824742
1402.1752577319587
113.61290322580645
114.29896907216495
1401.010101010101
1603.1190476190477
139.75510204081633
1363.96
114.69072164948453
165.46875
7683.111111111111
1484.3118279569892
146.30263157894737
116.58441558441558
1444.1914893617022
139.01030927835052
114.9381443298969
1453.7113402061855
116.2872340425532
116.03333333333333
142.0222222222222
114.15625
116.13333333333334
114.30927835051547
1586.894117647059
116.28089887640449
114.35483870967742
117.17543859649123
1658.0987654320988
5213.193877551021
140.7311827956989
139.69473684210527
140.90625
1488.0
167.96774193548387
113.73863636363636
116.51898734177215
1444.1382978723404
116.32394366197182
1458.1935483870968
115.26829268292683
115.61111111111111
115.08695652173913
114.78260869565217
113.81818181818181
1534.6363636363637
113.73863636363636
11583.530612244898
115.359375
114.88297872340425
114.61538461538461
115.0
115.21505376344086
114.75824175824175
115.46875
1908.1549295774648
1472.3695652173913
115.19148936170212
115.74193548387096
1458.3763440860216
113.81111111111112
142.01111111111112
166.45744680851064
114.71428571428571
1428.957894736842
114.77777777777777
1473.8369565217392
114.17777777777778
116.07608695652173
140.83695652173913
140.38541666666666
153.96923076923076
114.04819277108433
114.96739130434783
114.82795698924731
1455.7473684210527
1657.7407407407406
115.45882352941176
142.75
1443.531914893617
1486.5824175824175
1509.47311827957
144.9873417721519
115.8021978021978
113.73333333333333
1499.7282608695652
113.73863636363636
115.22826086956522
114.86746987951807
114.37894736842105
115.61290322580645
115.02105263157895
1517.6179775280898
113.7752808988764
771.5520833333334
114.35365853658537
113.80434782608695
115.30645161290323
139.69791666666666
2168.967741935484
115.48101265822785
4278.977777777778
1400.7575757575758
1458.483870967742
139.2577319587629
144.74698795180723
143.6341463414634
140.22680412371133
139.5204081632653
140.05263157894737
647.0574712643678
115.29032258064517
115.30232558139535
1416.21875
2540.0
544.4479166666666
114.0
114.83823529411765
115.125
1457.741935483871
1457.5591397849462
114.65591397849462
114.72448979591837
114.9125
114.81443298969072
114.3936170212766
139.010101010101
1416.03125
1389.1020408163265
141.04301075268816
1415.84375
115.22105263157894
113.74725274725274
142.05555555555554
115.03191489361703
114.79347826086956
1416.34375
115.63157894736842
114.48958333333333
1518.8651685393259
114.16494845360825
139.54736842105262
1758.5263157894738
1487.4615384615386
1401.9381443298969
140.47916666666666
114.53763440860214
1402.4020618556701
140.42105263157896
144.7125
140.7263157894737
139.6451612903226
1415.6875
729.040404040404
115.40625
786.5051546391752
2717.7708333333335
2986.609195402299
3198.6543209876545
2663.816326530612
141.0
114.97938144329896
114.52564102564102
141.2872340425532
115.41052631578947
114.25773195876289
114.20833333333333
3199.5185185185187
164.1530612244898
115.16666666666667
142.3956043956044
1737.6233766233765
1759.4473684210527
114.51041666666667
3125.373493975904
113.53684210526316
1429.042105263158
114.8936170212766
1629.03
693.43
333.7676767676768
453.24
283.2
428.13
501.33
1822.3
960.02
814.55
984.49
476.95
621.6
2039.37
1225.24
1101.010752688172
2232.72
1035.9690721649486
1050.4489795918366
935.77
1110.0515463917525
901.9894736842106
884.7765957446809
902.7448979591836
821.4141414141415
983.81
1642.73
1152.19
1104.1
1779.4747474747476
1031.93
1055.6
2474.66
2377.7
1225.12
1161.2666666666667
1246.8020833333333
1133.7888888888888
1297.99
1134.7888888888888
2276.8979591836733
1170.8645833333333
1007.99
1103.75
2305.85
1080.04
844.0416666666666
1056.2
1153.05
886.3
1031.87
1140.050505050505
2281.16
984.06
1080.51
1272.5408163265306
1056.59
6263.363636363636
2574.48
1120.7604166666667
1128.7
2281.91
2160.09
2087.51
935.21
2136.5
935.95
2184.54
1056.72
936.03
3410.79
2449.9
19637.625
2184.06
943.9090909090909
2039.91
886.1443298969073
839.47
814.57
2112.36
886.58
833.9255319148937
2059.4949494949497
775.0842105263158
2119.0520833333335
814.9784946236559
772.7171717171717
887.06
807.2127659574468
789.71
789.4193548387096
789.3655913978495
790.57
814.66
1152.41
766.64
839.22
2016.69
2633.885057471264
572.6
718.19
2044.15625
717.69
761.6701030927835
2997.89
1918.5
451.57
1104.98
1085.9690721649486
2112.18
2015.65
2233.2
2323.9484536082473
887.34
11725.90909090909
839.09
621.59
718.44
670.42
572.74
597.35
1966.71
573.37
718.24
839.01
1943.41
766.51
887.23
645.04
742.03
741.57
693.28
1894.66
863.05
814.54
838.81
887.24
669.8
742.17
476.08
1942.73
572.82
597.1
621.18
1896.38
2016.77
645.9
1049.8709677419354
3531.78
887.67
839.82
887.99
863.68
839.53
912.13
2112.83
839.39
984.46
1008.27
936.25
1870.88
1967.66
863.78
791.12
794.04
816.25
1872.8
3171.86
699.16
795.35
1898.45
843.73
1924.12
771.3
867.86
649.86
1923.3
1920.66
2236.91
914.34
914.72
1107.25
891.16
2044.03
1943.25
696.66
987.66
622.86
2019.17
864.61
645.48
550.55
645.25
647.62
573.42
793.94
600.91
1250.8673469387754
1119.561797752809
888.73
1184.0
840.52
2161.33
912.51
936.15
1056.74
2113.25
2734.1125
2353.46
790.52
1894.82
1222.1145833333333
2619.82
1298.12
814.3
2015.35
742.1
1846.39
1629.52
1508.06
766.24
1725.39
2852.88
4198.71
2877.48
1870.08
3021.71
1032.47
3312.34
7897.15
1799.32
1993.55
2902.59
1850.25
8042.27
6793.29
2162.2
4128.96
1521.979797979798
4200.84
2830.84
9123.39
11712.858585858587
333.4
333.47
2903.98
1847.38
2353.83
475.86
1579.99
1797.61
10636.24
1991.42
646.01
693.43
644.68
1749.06
427.57
523.94
499.68
403.18
331.29
524.18
1574.8556701030927
524.16
1508.02
524.9
1192.1566265060242
1051.6938775510205
524.2
500.8
1677.85
984.35
620.84
331.34
476.22
283.29
2877.4
548.3
1532.33
1917.94
597.14
1652.53
259.06
3886.4
137.68
2830.49
3935.05
1676.57
11637.397959183674
717.55
1483.47
2794.621052631579
1539.3516483516485
7842.257731958763
5232.63
669.9
2209.5
4104.34
13159.969387755102
9294.87
427.92
1580.28
185.94
11745.73
1459.55
2637.1
573.21
210.75
404.67
186.49
429.9
2859.5408163265306
1635.9897959183672
12069.989361702128
11655.908163265307
1556.31
138.48453608247422
791.46
1009.29
113.64646464646465
162.71428571428572
113.78
767.73
743.89
767.48
1292.8846153846155
1125.6326530612246
113.31521739130434
1605.01
162.75
114.38
138.67
2637.29
5160.67
355.5
5136.3
114.28
743.22
670.3
573.67
2371.7157894736843
3387.75
8030.378947368421
186.88
186.66
234.53
113.60416666666667
2636.33
8859.14
234.36
10133.45
5257.0
1415.0104166666667
1752.73
186.56
1494.5531914893618
2855.86
260.04
260.22
2715.25
623.88
138.69387755102042
430.02
1631.28
2710.16
1363.42
766.18
235.15
427.71
461.9587628865979
2663.5714285714284
312.5979381443299
114.06
137.99
138.11
1362.87
163.55670103092783
1436.46
333.33
308.48
428.72
1653.28
264.1354166666667
234.62
548.49
1522.030303030303
1701.43
113.58585858585859
1387.4
187.72
308.83
114.48
1363.71
6458.63
7683.69
186.96
1629.23
258.96
380.37
2806.5
1363.16
187.26
162.44
1508.41
334.42
2662.35
1894.46
1848.0
114.81
1364.18
115.33
308.45
139.1
428.18
476.48
283.6
4031.86
452.08
6629.52
4079.93
2807.18
427.65
475.56
5207.99
2901.17
2758.53
406.81
356.09
309.3
10110.34
259.2
332.13
1629.93
333.4
528.25
383.01
7635.59
12605.16
8856.14
5326.53
357.18
1621.828282828283
1629.29
4069.2604166666665
1629.15
403.93
479.62
307.22
1509.96
1534.66
333.4
429.13
283.87
382.35
1558.64
162.87
3861.52
12632.85
13857.89
12705.69
357.19
4056.93
4237.869565217391
500.17
10279.17
5427.35
1582.42
12103.08510638298
11472.949494949495
10207.42
12809.353535353535
10182.93
7684.24
8909.65
7708.79
8933.6
1581.89
8952.67
308.76
1656.12
2831.17
11474.41
332.35
4030.9
4006.26
284.2
380.76
1437.58
164.26
1412.26
212.15
310.11
8855.44
1363.06
260.79
115.17
309.85
1486.11
188.41
1558.86
455.42
1534.99
212.2
310.02
212.48
1436.7
212.6
237.07
1558.62
1582.59
1534.95
407.18
1583.13
236.47
260.88
334.16
11607.459183673469
2782.8
2831.45
6384.16
6512.9795918367345
7841.278350515464
8086.595744680851
7633.32
8003.305263157895
2758.27
6456.73
7984.693877551021
6423.040404040404
5280.63
259.48
1387.87
283.49
114.98
1437.49
332.07
236.27
382.06
1703.28
381.87
333.44
575.71
308.55
502.97
2783.82
284.37
168.4065934065934
1653.86
211.35
309.51
236.47
430.76
1679.68
1801.61
479.59
1437.81
286.03
430.31
528.26
429.75
600.83
2614.03
237.23
310.12
1606.5
431.17
212.74
333.25
430.67
382.61
187.98
456.43
1559.41
1533.77
139.11
285.86
1607.59
602.59
309.78
1510.61
261.34
262.23
237.31
1631.14
10329.26
1511.82
382.67
164.21
237.22
406.56
164.82
1389.1
117.78947368421052
551.54
528.62
1680.23
1824.91
1680.96
331.46
235.81
601.56
332.55
721.99
1702.4
162.37373737373738
1452.319587628866
501.5
429.07
744.76
817.7
356.86
432.56
1897.82
1991.5
309.31
673.45
429.56
333.31
1559.29
720.72
1557.58
380.93
3147.76
212.12
1849.53
380.49
162.88
285.16
697.81
1826.72
259.97
1920.41
816.78
211.88
212.03
454.63
308.66
626.03
1582.87
600.22
720.75
1129.83
1874.23
333.08
1896.29
3098.6
512.319587628866
551.29
1460.77
245.1195652173913
479.61
331.64
258.41
406.1
553.51
576.92
723.28
819.62
283.32
1659.4252873563219
1948.07
768.93
1079.66
986.468085106383
186.35
235.99
455.36
427.83
917.4691358024692
820.97
259.421686746988
623.96
722.07
889.39
524.9
1970.56
1702.37
381.83
2045.41
475.87
513.2244897959183
2042.83
113.62626262626263
308.68
259.78
744.19
332.94
3024.71
941.61
3024.63
431.37
2020.38
2159.3636363636365
526.71
744.1
2067.77
2088.66
744.72
646.32
792.98
404.4
405.68
743.22
428.43
964.89
1992.31
475.92
188.14
1800.55
453.25
551.26
2976.54
1725.46
525.83
2139.38
501.48
768.49
501.22
429.81
1821.34
1846.71
427.73
1724.27
1921.99
2806.1
1903.3440860215053
1011.6
525.71
355.5
428.2
747.62
889.21
2950.43
307.57
1993.88
1060.34
2117.35
965.09
817.86
1013.02
238.9795918367347
113.32
695.84
380.81
452.85
2143.21
868.1
842.08
452.97
332.48
356.05
843.52
793.35
576.76
477.48
2662.45
2067.8
914.59
964.08
515.9072164948453
743.14
1400.959595959596
1994.77
404.42
553.03
2359.44
672.04
551.34
2067.16
1677.91
2188.45
114.83
2138.06
138.68
452.81
651.7373737373738
331.16
1607.06
1508.92
766.09
405.26
476.61
718.58
356.34
2211.08
648.06
792.72
306.75
890.95
260.36
476.81
1010.01
915.1
598.97
599.81
988.78
673.87
914.93
695.88
356.2
211.4
2759.02
769.63
938.13
429.99
768.64
187.67
749.6
1582.11
672.61
767.12
405.9
356.86
3537.1
574.96
942.08
454.63
695.18
916.18
623.73
893.67
235.73
2138.5
575.68
671.31
211.38
1922.2
1750.91
720.58
1435.93
598.09
1179.63
770.83
2480.05
793.53
1824.12
2140.03
3145.92
552.16
764.9418604651163
259.45
331.37
1182.24
696.04
549.32
283.8
648.46
453.7
2878.84
404.17
211.37
625.68
1412.03
6479.6
672.44
12200.397849462366
430.2
821.34
14562.333333333334
429.42
236.02
648.36
333.06
501.17
1678.28
139.48
2805.53
773.6458333333334
2381.11
888.84
792.64
528.51
430.61
187.61
236.04
649.04
767.15
816.98
403.77
114.62
116.16
115.58
1364.64
529.03
1413.1
163.41
1533.58
2711.16
187.39
115.52
188.24
719.47
114.83
211.4
283.73
623.04
622.29
379.86
573.29
648.26
1993.98
334.01
333.23
477.6
478.28
1531.86
188.05
4325.15
456.7
795.4
1800.19
1751.26
479.12
381.3
1775.48
3533.48
694.62
549.9
842.44
669.97
598.5
454.65
917.27
988.41
2855.22
259.69
429.77
332.69
3683.09
1294.3648648648648
381.01
237.35
453.36
548.66
670.34
1254.82
525.55
308.63
284.11
259.94
284.81
694.01
212.5
332.35
1799.17
550.22
552.5
260.05
626.1
645.8
1484.59
694.47
720.41
550.22
598.58
524.77
2236.06
501.4
162.81
576.88
186.22
1436.66
648.22
625.54
332.54
671.67
1109.21
1557.09
2926.2
357.82
503.83
622.63
648.14
308.97
283.9
1777.55
355.84
478.62
307.35
211.94
138.9
283.21
405.33
1556.23
913.31
1035.71
504.07
163.65
259.97
309.2
2106.9285714285716
187.05
2613.03
429.82
1086.63
624.03
839.56
1131.14
839.67
891.24
648.03
1898.02
2136.48
453.85
428.84
429.25
261.59
139.52
866.33
454.61
721.33
551.85
890.03
235.55
358.28
3121.62
479.27
504.39
1557.62
211.61
381.18
260.52
309.8
793.99
649.85
4442.811111111111
4156.476190476191
817.12
2140.52
3120.88
600.56
599.15
717.7
2186.42
3314.84
2114.08
988.34
889.12
767.13
964.41
768.46
1944.31
985.77
889.2
647.39
622.55
814.17
2233.18
623.04
1895.6
768.38
1751.5
1727.59
573.52
2042.25
742.73
1823.97
525.41
864.85
646.67
1848.2
721.34
454.32
503.97
11042.85
452.84
1798.83
525.6
1872.25
429.07
477.34
501.37
2999.83
331.96
574.33
718.28
332.27
307.7
428.45
284.25
2879.53
1968.06
622.28
695.07
549.62
843.46
597.85
404.41
645.8
865.2
983.0
380.8
621.4
331.56
549.52
379.9
114.76
139.79
1081.88
767.19
259.96
115.16
140.02
140.49
188.16
260.98
598.13
139.55
624.63
454.62
479.76
696.72
333.35
1558.28
1995.59
673.03
382.79
188.44
1364.56
163.67
115.81
1388.68
139.21
356.18
260.58
1364.74
429.62
574.6
2160.33
621.82
1364.83
1994.11
407.48
576.61
115.32
1800.93
500.91
646.85
645.55
453.98
2662.62
601.21
139.26
1630.28
192.7263157894737
549.95
696.86
1606.7
308.5
476.06
1630.01
2639.04
816.64
1870.8
331.98
114.42857142857143
1752.51
1034.29
358.77
2141.85
938.44
3026.28
578.06
600.12
139.11
431.66
1725.66
1008.93
1083.37
2382.5656565656564
1423.75
1060.34
2334.89
744.83
936.22
3462.36
430.91
768.29
1655.3703703703704
1895.89
674.69
429.72
1899.62
2113.76
358.22
1677.86
1151.98
937.11
767.08
1968.27
1872.47
814.51
550.58
455.94
1896.63
576.37
189.42
478.19
576.25
960.09
139.65
1703.77
695.17
889.15
918.28
913.29
382.62
914.06
549.28
961.78
549.44
526.98
1815.8686868686868
1896.91
478.49
480.34
1181.31
596.52
1310.9896907216496
2635.808080808081
738.9545454545455
1487.7373737373737
455.98
1870.82
771.37
1631.59
646.9
115.63
382.44
1752.9
601.57
2332.9
1824.83
644.96
842.75
430.21
572.52
644.8
669.46
862.47
889.12
1895.05
2401.768292682927
1010.34
1606.65
527.9
1300.84
430.82
1800.61
1993.35
1631.63
1703.57
406.32
842.02
310.69
115.73958333333333
1009.21
889.47
1656.34
793.59
575.09
187.88
817.27
190.6701030927835
333.61
867.81
403.28
744.1
1553.5
720.82
478.96
818.9
1677.21
577.0
2162.88
242.98958333333334
405.72
1727.88
476.52
332.83
673.04
2234.17
454.66
236.55
577.47
4418.53
3245.53
2880.06
383.03
1898.43
1899.38
504.03
381.67
794.59
524.73
235.92
1377.3838383838383
115.87777777777778
1010.18
502.77
2164.88
4128.32
914.73
887.96
991.61
1228.23
428.62
526.52
382.5
2068.48
477.7
549.26
1604.6
864.73
379.83
912.08
1776.56
816.35
577.18
552.96
1032.18
552.84
624.44
574.9
9365.66
452.57
647.58
13479.741176470588
911.61
646.5
2234.29
1008.04
722.99
912.86
963.27
795.46
3411.41
892.91
1055.96
357.44
867.9
2410.31
1967.15
937.33
2861.087912087912
1582.42
357.79
768.68
2017.63
551.41
1751.85
502.76
260.07
672.55
772.33
869.18
284.32
2064.99
597.79
767.12
575.22
648.69
285.36
1662.8061224489795
1776.24
405.5
967.07
528.44
431.76
429.85
115.81
527.93
1510.55
477.3
431.63
672.78
744.44
1364.14
721.15
477.7
699.6736842105263
260.75
453.17
695.75
13827.79347826087
1753.35
503.54
15986.338028169013
16673.10843373494
1679.28
357.53
164.39
502.02
2310.8
213.51
255.10227272727272
2187.16
284.99
1461.81
187.85
356.02
480.0
1823.77
648.25
2136.91
1728.31
575.76
2209.91
987.29
2117.2
380.38
795.43
2137.0
913.76
356.81
189.14
1535.7
744.25
984.04
771.0
572.9
574.4
359.08
479.82
284.04
259.96
309.52
912.64
694.64
1751.41
1788.234693877551
770.05
1825.04
1559.08
2260.28
1157.7
721.64
1108.84
719.93
1228.88
1775.75
841.55
406.65
501.73
1631.09
1557.87
2235.12
942.2
525.48
500.33
1895.4
455.19
646.64
283.96
937.85
744.89
8631.886363636364
454.45
356.64
888.48
671.42
745.81
3030.878787878788
912.21
1656.78
429.99
2193.0
526.15
1968.44
742.38
471.4736842105263
956.4591836734694
818.75
2043.29
1089.61
648.89
1872.58
284.95
574.61
697.21
2929.25
913.71
1084.87
260.55
1557.79
865.8
1751.63
865.94
887.94
620.79
478.63
840.94
720.9
1629.92
698.14
697.04
1944.78
719.46
139.82
985.11
772.12
696.1
144.02298850574712
890.37
768.33
674.33
430.37
693.77
744.04
600.6
743.47
3314.37
576.31
1061.61
164.0
500.94
2022.04
919.7
602.02
988.37
1777.76
1607.24
357.86
723.97
893.74
725.0
938.83
913.83
1822.38
769.49
597.86
1208.99
818.74
1805.3648648648648
622.83
696.54
623.95
1154.64
15319.129411764707
9628.23
14260.755555555555
1423.02
2822.4210526315787
2994.78021978022
408.39
3143.58
500.48
873.3838383838383
2042.08
1134.23
1653.88
1304.9795918367347
2282.8
1109.12
891.2
524.65
940.18
1497.42
1351.54
1035.4
2166.08
961.73
1123.7701149425288
3848.55
1848.29
1059.39
2334.49
1446.68
3462.54
1010.08
647.16
1038.11
842.62
743.89
649.76
2262.82
695.82
947.2828282828283
2234.7
888.04
962.79
914.6494845360825
1946.97
503.58
2016.09
2039.77
718.93
406.29
1056.56
1298.0714285714287
2232.97
789.94
720.14
1177.19
2111.34
1322.9318181818182
2814.48
815.41
2623.72
694.3
1200.91
1009.55
2524.080808080808
910.99
718.52
962.53
622.63
1083.72
527.43
695.76
1250.55
1547.16
2311.96
1034.22
1969.08
1275.96
1110.18
549.24
405.53
647.96
1823.08
599.03
2212.04
2211.01
695.78
718.2
1249.71
718.2
2356.26
2284.46
1453.295918367347
905.6736842105263
1061.65
912.71
1945.64
1750.79
911.63
985.96
2185.31
815.13
2958.3870967741937
1037.64
1593.35
771.1
2529.19
938.7
2312.42
841.69
863.27
719.66
3511.93
569.1041666666666
817.16
526.6
1921.36
1089.1752577319587
3619.1666666666665
888.92
2163.4
1078.6224489795918
551.13
915.61
768.94
574.58
1631.14
452.19
500.19
694.09
815.69
1063.33
1183.99
1036.21
2289.84
3122.19
842.74
1038.39
503.05
1823.62
890.83
962.55
4418.34
937.68
2041.42
3097.91
719.54
1944.1
1920.35
2018.33
743.37
889.8556701030927
843.59
718.7
742.3
3389.84
744.95
1015.08
1874.14
1271.9125
526.3
838.67
1048.9156626506024
1895.63
1207.9
814.96
2018.27
1106.77
1069.3737373737374
600.38
621.19
526.2021276595744
1917.89
645.8
1774.16
380.55
596.99
1800.11
743.31
1726.72
381.22
572.55
452.68
623.96
575.33
1013.23
940.27
1850.92
479.17
1751.92
380.37
623.9
500.77
259.6
693.41
1703.93
281.5057471264368
404.52
720.62
892.73
1014.13
1186.4933333333333
669.23
790.24
597.25
669.9
1034.51
1605.02
427.89
597.34
646.42
501.7
596.46
500.92
597.06
404.54
475.84
1749.49
2805.42
668.93
1726.09
694.76
1701.08
331.86
403.36
2039.73
1990.81
1628.72
839.74
2089.66
720.45
744.12
1581.3
1484.17
1435.8
1411.09
210.81
572.35
1917.06
572.42
524.07
500.51
1580.28
379.74
378.43
379.51
1893.91
307.13
1580.15
355.17
1435.47
1848.58
347.64516129032256
3072.78
887.07
1846.17
1748.49
476.53
500.01
1057.4
2279.1063829787236
355.11
2734.03
2733.52
114.42
1484.61
284.48
3002.56
1363.09
2613.23
114.03
162.56
113.84
234.64
451.8
210.94
479.12
381.88
235.49
451.53
114.47
1435.86
114.07
114.12
113.74
479.29
282.49
114.01
162.57
114.31
114.3
3861.12
258.45
306.87
1362.27
138.07
331.19
234.51
500.54
114.39
500.26
355.44
572.92
380.69
2756.64
452.58
210.83
331.97
500.02
427.67
114.54
427.51
259.47
2734.07
548.39
113.92
500.85
210.69
113.81
331.42
282.71
1362.3
525.52
1797.47
572.63
2259.91
3315.22
767.07
403.29
1579.84
379.57
2612.16
1507.55
210.53
451.94
1460.23
1363.85
501.0
114.52
113.9
112.61333333333333
355.4725274725275
475.87
403.55
573.98
646.32
331.94
258.83
114.42
427.86
429.07
1944.08
307.27
596.97
379.31
1774.22
573.82
1920.94
597.83
452.45
187.15
1532.49
694.74
839.42
549.6
210.83
1749.68
2973.51
1483.42
1750.11
451.85
1435.91
1363.01
1677.02
549.14
597.57
1871.38
717.71
1701.93
1556.74
669.39
307.47
2685.11
1484.28
501.69
1435.78
451.49
427.92
574.46
355.59
623.91
622.88
937.55
379.36
2901.57
4247.85
693.71
1058.2
428.18
379.52
2927.52
548.19
548.82
888.17
381.03
1677.49
1606.47
596.4
404.39
428.68
210.63
403.68
258.92
572.74
379.36
331.98
551.9
307.34
403.53
1653.17
597.53
283.01
1724.32
451.91
695.09
696.32
1847.95
500.32
1676.99
1750.45
476.13
5499.63
647.43
11745.23
17201.9012345679
12387.79569892473
331.96
1945.04
745.14
380.28
1556.56
1944.88
355.4
863.85
1797.92
380.41
575.02
572.17
720.08
500.23
1507.97
525.52
692.86
524.72
427.87
1556.41
742.81
742.61
671.1
234.84
549.93
548.41
355.14
20931.333333333332
8274.020833333334
524.34
596.68
573.05
693.45
1967.27
573.18
572.74
596.94
572.95
599.77
525.63
670.99
549.76
2831.49
1748.8
451.98
476.28
1918.35
597.15
283.27
621.11
379.58
282.89
1724.98
355.9
1604.98
1797.84
765.22
645.05
621.39
597.26
1966.5
428.09
1774.09
283.57
1749.58
283.63
500.97
307.93
1749.99
525.38
669.33
596.58
766.14
911.46
1773.43
2999.79
1967.3
525.19
983.97
573.13
1436.77
2637.18
573.04
332.87
355.28
429.21
259.61
622.35
332.14
1532.68
258.62
403.83
452.29
428.25
839.34
1725.74
186.15
524.47
331.52
1628.84
524.61
452.48
1483.88
379.65
1507.52
26182.854166666668
1580.65
355.59
428.22
548.24
404.13
404.53
355.72
258.66
355.91
429.25
307.31
549.64
186.39
2064.93
1919.65
2612.84
380.12
139.23
283.05
283.74
1920.97
331.75
621.86
1436.0
500.18
645.7
525.0
3100.939393939394
549.32
622.51
308.09
548.76
452.17
1484.51
138.48
307.46
2877.36
379.19
1758.6224489795918
716.57
548.58
427.78
572.72
693.15
451.83
355.21
1676.19
3167.89
671.02
572.52
451.72
573.14
500.69
1725.47
524.72
1483.978494623656
3956.923076923077
308.18
138.3
357.44
331.17
114.32
403.41
1628.43
572.98
1676.95
234.81
574.04
1460.05
1605.3
331.69
816.59
357.63
1508.09
428.21
428.47
210.77
1557.04
1580.03
1824.59
452.01
428.15
1797.72
767.2
573.31
742.03
5303.51
1894.97
548.6
427.75
646.05
162.73
525.41
1798.52
573.44
815.37
501.02
717.7
1750.26
742.24
597.37
1798.43
548.83
669.52
524.44
1798.37
1773.67
1546.8484848484848
404.61
331.28
1510.5
307.64
1847.02
331.72
598.03
308.0
620.57
620.96
379.34
596.31
2854.07
476.11
549.08
1797.68
380.42
500.62
477.6
451.88
355.24
476.83
308.3
428.54
234.99
1508.39
572.15
1701.41
379.69
235.17
671.47
355.8
428.99
575.64
501.19
743.23
645.53
499.86
525.19
670.16
452.05
717.67
1942.85
550.87
549.59
428.02
574.4
356.79
403.33
355.54
356.08
1556.53
476.05
476.12
500.56
355.81
524.21
1871.88
669.9
2091.55
695.44
721.37
695.09
645.66
1944.01
1677.9
1848.6
696.21
1895.2
3169.55
1992.2
2781.73
744.72
793.59
721.05
695.94
647.36
575.66
648.18
453.31
478.45
381.29
1727.62
1921.71
501.5
479.11
431.19
454.7
600.3
648.63
575.22
599.68
1945.04
672.22
2018.53
647.06
600.08
892.52
624.66
625.97
2044.36
673.65
1971.56
794.93
819.84
939.85
866.32
694.83
3073.66
696.9
721.93
793.91
1655.84
504.04
577.08
719.82
550.17
1750.67
2115.42
1680.61
1702.69
1776.89
573.92
649.22
576.36
771.66
4610.94
407.29
600.08
671.04
1752.25
380.69
1800.09
648.35
186.94
1726.52
479.54
2117.59
722.54
721.4
526.29
528.36
552.12
1751.61
622.75
1849.59
2068.73
694.75
915.13
1084.98
1751.59
2188.96
819.55
2067.96
406.99
454.67
503.37
1678.72
259.99
429.22
1109.82
1631.02
719.34
527.83
551.23
696.75
572.61
673.11
1604.618556701031
139.18
355.05
162.15
300.1392405063291
2325.902777777778
1750.18
403.03
645.47
500.17
718.82
1943.15
1773.23
669.28
427.35
620.23
765.57
644.76
1387.25
168.22471910112358
1387.05
112.56962025316456
235.24
356.14
308.56
283.76
259.57
478.43
283.99
742.53125
828.8775510204082
717.3
669.21
599.89
1678.99
1947.07
645.22
741.13
878.3265306122449
1799.37
477.39
696.96
1922.73
211.32
574.03
526.82
1483.3
1362.52
720.91
478.34
140.247311827957
235.58
1703.57
1727.44
479.38
502.97
3075.36
648.66
502.01
478.95
455.09
1558.85
525.34
2879.1
552.21
601.15
381.49
843.78
429.44
623.61
478.13
454.45
722.27
673.1
1752.01
551.6
1922.52
1801.16
1946.22
647.9
10505.836734693878
10520.40625
13386.063157894738
13450.63829787234
502.31
1972.04
1970.21
503.34
625.09
478.25
1533.13
1460.34
503.67
475.54
357.49
1484.41
1776.54
1727.95
1645.949494949495
575.08
379.43
1459.86
114.2
1797.58
1363.22
113.82
113.5
187.12
113.36
162.01
1558.2
1435.84
137.68
234.99
114.08888888888889
308.85
454.73
357.79
113.95
1567.093023255814
381.96
309.51
291.8541666666667
1533.2
406.44
502.71
187.6
1509.26
333.47
454.38
1727.72
1777.4
1898.84
478.57
551.63
1824.98
600.87
430.14
1850.87
284.83
500.56
1652.75
234.36
524.11
811.8888888888889
827.7272727272727
259.1
1363.66
500.42
1363.0
308.36
405.58
283.92
381.99
1679.28
479.07
479.26
1631.7
406.32
212.18
357.19
380.65
102565.36363636363
7708.01
2782.91
382.16
551.52
381.02
381.58
137.89
647.1
259.2
405.51
235.46
259.5
2068.8333333333335
936.12
2161.95
551.39
1510.26
1364.6
381.11
114.08
1580.64
500.65
355.6
307.82
501.46
1364.42
333.51
1436.28
355.22
743.25
1871.1
8139.085106382979
6715.636363636364
9222.208333333334
236.44
2953.23
4440.4
115.02
163.46
476.06
428.26
259.25
355.71
186.39
693.41
2636.8
9723.263736263736
8382.956989247312
3315.38
504.1
1583.17
454.64
285.17
259.39
186.44
332.98
404.2
236.51
308.83
187.96
260.8
236.71
624.01
114.73
187.06
430.19
1582.02
989.1
527.3
528.09
696.32
1848.8
624.21
844.26
2903.35
695.75
695.75
138.76
1387.73
1436.6
500.55
986.8055555555555
503.43
1364.22
1678.53
357.93
431.27
624.59
1677.74
430.32
1460.12
431.5
525.99
430.75
1581.43
575.87
430.44
285.22
1364.25
598.8
720.15
648.8
1752.28
2733.88
1413.17
1728.34
502.26
1412.9
430.78
1461.34
218.3586956521739
333.28
2781.79
1435.54
283.39
162.11
407.06
114.85
405.97
114.19
187.14
234.84
332.89
309.82
1703.49
284.11
1728.45
503.06
527.27
1874.41
842.77
867.25
2116.29
598.62
526.84
624.22
333.59
622.97
453.42
453.51
1582.03
139.06
115.28
212.16
285.73
671.69
186.77
1582.19
404.49
1680.33
526.94
260.73
1777.23
430.41
430.17
502.95
1508.23
1417.0
235.29
501.81
114.31
1654.42
1436.89
115.02
236.36
138.05
114.93
626.42
211.67
380.94
284.46
1435.5
284.15
138.13
381.48
308.7
672.31
957.1157894736842
1825.56
1849.63
210.98
406.18
479.99
1850.26
357.34
1436.36
1485.35
2042.18
2018.16
1751.36
309.36
357.85
1620.6666666666667
502.59
477.66
1921.58
404.87
162.37
1459.67
283.39
1725.49
331.81
114.03
210.86
2830.3
1604.74
333.44
670.4
889.03
163.12
187.76
1363.6
405.22
1702.52
406.32
186.91
624.11
1508.58
1823.79
234.49
187.02
670.38
163.19
259.49
284.77
114.41
406.15
431.11
1800.1
503.88
576.06
406.61
1813.6842105263158
406.39
1509.52
1736.4025974025974
1435.71
1801.25
673.36
528.28
1583.14
285.18
453.13
1923.21
502.6
478.58
941.14
624.55
648.58
503.51
1484.92
868.52
1655.81
2239.26
625.03
2118.96
891.56
404.6
210.85
284.79
1630.91
2855.45
2855.92
698.46
114.18
357.99
333.19
188.51
261.39
188.43
501.65
1823.92
964.91
503.9
454.15
1679.69
162.26
211.78
333.67
670.6
1363.75
114.58
333.55
1388.8061224489795
1442.7659574468084
162.64
2661.08
1412.48
476.14
355.73
354.73
1362.51
1387.33
114.36
1387.28
1363.52
113.71
162.09
452.97
1531.77
306.85
428.74
113.84
331.47
331.95
331.63
355.85
1606.42
260.12
382.5
382.69
115.54
139.29
114.1
4031.83
453.36
1484.49
698.64
2167.27
3416.38
820.55
845.27
818.3
453.61
114.62
138.25
795.5
309.09
1557.74
114.21
307.69
307.3
260.65
331.62
501.44
187.29
1411.51
234.98
210.43
137.8
331.25
1459.45
185.99
1435.04
114.2
114.19
186.47
503.66
284.74
260.69
3026.05
503.5
504.19
528.11
382.51
186.66
552.75
162.72
235.69
186.75
114.21
284.63
3861.8
113.73
186.32
308.16
259.56
1607.02
236.07
1581.95
211.59
235.05
235.34
1510.55
2805.75
138.71
186.98
210.99
259.38
259.45
308.3
283.6
211.22
2018.42
575.19
307.47
1363.85
283.12
114.04
1435.79
1679.64
114.24
138.44
114.81
1363.96
210.93
115.19
622.95
210.67
1436.88
1846.2
548.44
332.46
2903.89
113.85
283.36
210.2
114.53
307.87
283.02
2709.09
331.46
1556.81
187.04
379.47
355.19
259.12
332.58
428.41
162.79
138.56
114.54
1412.06
211.38
355.2
234.92
356.78
355.48
622.05
428.04
2974.08
235.45
1362.84
138.28
235.92
138.8
186.85
1363.12
331.48
235.63
1508.8
501.37
1387.81
114.67
113.62
477.59
114.67
210.94
1363.09
259.79
114.57
14132.632653061224
403.96
2612.02
1750.18
2612.48
355.38
379.55
210.48
1484.66
114.14
1435.95
282.99
331.28
283.55
403.97
476.05
235.03
138.33
211.15
1483.51
114.08
1387.26
2806.88
138.26
2612.78
114.24
15825.944444444445
113.88
1581.32
113.64
1363.24
162.18
137.86
234.38
162.44
114.11
723.86
696.69
283.21
138.44
259.05
186.24
334.12
114.19
1362.76
380.4
235.01
210.46
2239.31
332.51
1412.4
1724.94
427.89
476.1
355.84
4054.91
1557.99
476.92
597.1
646.63
865.63
500.42
1628.55
500.84
379.17
138.07
965.87
381.11
1534.36
1678.37
3122.87
1655.74
163.03
259.13
382.03
1484.43
307.62
7611.44
15872.144444444444
12923.93
11012.35
429.78
10211.727272727272
13870.901098901099
16233.736263736264
356.08
163.31
1387.42
1508.98
114.81
308.26
114.01
626.11
1040.58
1947.91
114.58
1461.35
114.56
284.0
187.7
114.08
627.52
1900.14
115.23
1642.3978494623657
504.78
1279.7391304347825
2167.29
333.8
1363.26
138.11
283.24
1507.62
162.62
1628.94
284.11
187.26
380.27
114.47
284.07
138.97
258.88
163.03
258.75
162.52
235.41
2612.26
114.11
211.29
283.34
647.22
380.72
1629.63
548.17
1629.2
137.64
235.24
1629.07
3048.48
210.38
114.33
2974.26
452.95
4127.63
1628.12
139.06
1653.83
4103.13
18016.47619047619
234.14
161.97
138.16
142.18478260869566
1581.89
451.46
113.45
282.83
1629.37
355.39
524.63
669.67
2806.07
259.85
477.56
161.69
163.06
331.61
1604.37
1677.76
380.72
187.56
1582.5
550.49
479.89247311827955
1460.73
187.72
428.23
1580.61
235.12
1482.98
1822.63
259.43
234.93
380.68
2830.87
162.63
2637.46
283.05
427.23
115.68817204301075
1825.09
162.54
814.26
140.1326530612245
1364.58
331.15
235.48
186.12
524.71
332.41
1737.6315789473683
306.93
574.71
771.45
504.87
234.11
210.46
117.26470588235294
355.7
1556.39
451.84
379.29
403.62
1676.86
475.88
332.02
258.38
282.46
306.73
549.73
476.62
307.07
211.01
283.03
1942.87
186.1
1459.53
307.21
500.84
1013.31
543.9791666666666
331.54
185.9
550.57
524.23
1411.26
648.29
355.58
1483.4
2780.53
1507.76
427.57
572.84
939.72
234.37
137.97
186.26
331.74
626.37
335.83838383838383
306.86
1411.47
356.29
1606.27
1702.02
378.89
137.82
525.18
258.72
1676.44
355.1
137.92
653.6868686868687
186.29
363.4639175257732
379.43
283.06
3018.4945054945056
113.76530612244898
1363.58
284.25
137.9
379.67
223.73863636363637
1581.05
235.01
3022.12
754.0816326530612
649.59
870.01
1435.23
1997.47
528.16
234.65
378.98
870.05
308.0
355.0
790.11
792.77
1872.73
696.23
113.62
625.56
234.6
2135.7011494252874
2278.2758620689656
1508.4
645.92
719.09
451.88
743.05
501.2
623.35
624.52
548.71
161.67
309.34343434343435
1717.8541666666667
307.98
1376.4949494949494
2136.2380952380954
113.24
141.34883720930233
114.1
382.08
309.53
212.32
114.34
113.73
453.17
162.66666666666666
1630.43
1606.71
576.41
284.57
2613.26
357.54
1933.1
1680.53
331.64
2636.12
357.83
576.07
624.28
114.72727272727273
357.61
1484.46
623.35
598.7
235.5
648.21
1460.81
1728.18
1922.16
381.67
430.19
575.59
721.13
599.31
524.15
235.53
309.78
527.35
258.75
2017.77
622.6
308.9
1582.36
3001.28
502.63
1702.21
601.44
1874.3
528.44
771.71
722.53
623.92
112.96470588235294
672.0
1945.63
2092.01
695.65
524.05
623.13
915.94
1895.83
671.99
1969.57
842.0
1992.63
1896.32
4321.56
549.94
695.53
793.3
1871.15
2043.71
598.51
1847.04
767.36
1993.67
816.37
2188.31
1966.33
2162.59
793.04
1922.24
525.87
1678.39
987.04
892.47
770.62
331.45
454.05
623.13
550.29
720.42
1848.05
380.66
235.1
1798.55
573.36
1751.03
1751.2
2115.3
986.83
2380.3535353535353
770.32
670.88
2044.3
1206.71
669.04
1775.74
1094.9662921348315
719.04
2332.33
234.86
720.39
429.54
332.98
259.82
892.22
820.35
355.32
1146.6767676767677
1750.57
428.88
403.77
842.75
1872.96
597.27
429.02
767.49
597.65
746.83
890.0
1800.45
551.47
963.49
890.73
939.1
1557.99
745.61
2114.35
3195.38
2090.56
1702.51
2041.35
455.44
407.25
139.31
843.18
673.74
1509.53
259.12
22360.09677419355
1725.4
453.52
1510.08
1363.65
770.98
1776.75
1823.26
1899.0
623.95
345.1170212765957
1484.49
552.67
1777.38
574.32
1800.94
1752.87
332.96
1824.6
576.2
624.45
794.28
139.14
3026.47
479.92
1826.44
675.44
431.03
795.19
917.13
765.02
476.14
14144.913978494624
1895.37
792.92
550.9
913.25
867.21
2139.98
452.81
1035.78
1084.29
792.56
1036.46
621.76
1581.39
2605.137931034483
769.05
747.74
672.68
3293.11
965.03
1872.59
989.27
2186.83
1975.125
987.03
404.5
167.22222222222223
4782.090909090909
1875.31
11465.75
11466.204545454546
11338.786516853932
12070.27659574468
186.37373737373738
210.34
161.97
357.41
1798.1
524.92
888.98
2042.27
1702.13
670.33
1580.94
1823.4
1919.82
1653.8
258.98
283.29
3240.06
234.69
647.48
1009.89
283.26
2016.48
524.73
622.31
2088.29
864.14
815.21
380.28
646.43
259.65
768.38
1871.9
2927.15
719.35
719.85
865.93
622.78
234.64
453.8
524.95
769.5
259.21
669.65
887.32
1555.73
186.35
502.06
624.2
893.13
673.35
306.92
1895.73
695.72
720.91
331.57
1410.75
1702.17
816.58
1872.02
573.29
1580.12
866.53
720.17
794.9
477.75
598.38
259.37
379.64
1798.66
620.54
646.44
1749.75
210.39
1084.59
794.27
1580.87
574.8
669.35
476.47
548.39
1944.2
548.24
1750.7
1870.75
768.27
814.92
259.24
817.05
500.87
2976.97
454.36
331.27
1484.62
1798.31
646.81
1847.78
1556.71
283.71
600.09
380.85
2040.58
526.05
793.59
986.95
1798.46
1750.23
622.1
1846.57
3099.19
210.17
258.6
1798.7
769.19
914.49
1751.53
502.79
718.5
768.85
1822.57
451.92
889.69
210.74
1775.07
864.17
1894.6
669.82
1082.9
2015.32
597.88
1846.43
1800.21
672.04
476.47
1847.2
500.7
2065.88
1035.44
767.08
866.29
454.66
501.12
550.37
745.34
2188.18
576.18
2114.33
1156.86
2017.39
864.82
524.79
816.89
889.44
3363.58
888.86
1631.21
745.65
575.47
306.8
1629.56
1800.42
331.35
986.17
500.89
234.21
697.52
1083.63
987.86
548.83
2139.89
720.12
815.85
3192.39
1920.56
2139.37
3095.73
646.14
2114.09
864.98
596.44
211.08
379.67
356.7
696.02
1703.05
526.39
479.27
6957.551020408163
8978.770114942528
9211.318181818182
9619.182795698925
6728.113402061856
259.01
865.93
1775.19
1922.17
428.56
718.18
259.03
259.25
1727.4
912.68
283.34
1604.96
599.18
2018.94
645.3
1678.79
4199.77
576.83
913.34
500.19
429.19
259.92
1107.67
597.36
575.72
211.15
429.68
502.0
1872.09
332.21
285.21
4056.86
575.77
722.02
1718.8686868686868
1278.05
1991.83
840.81
500.78
455.15
429.18
480.38
331.95
283.91
114.05
479.09
596.43
3362.82
815.85
2063.81
817.91
1107.54
1775.7
1508.98
986.08
259.75
1460.57
1557.94
577.76
308.97
210.93
2043.32
600.49
1995.74
1725.87
524.17
577.3
115.13
505.11
212.45
1558.53
163.68
163.17
115.05
553.68
502.55
211.92
356.33
549.44
719.03
718.7
1581.69
1797.77
621.17
2063.59
380.11
912.55
839.21
332.21
2928.25
842.54
668.67
621.27
719.95
212.61
524.71
1943.26
1845.7
476.12
431.43
2734.86
1411.88
1363.54
259.69
1897.45
379.87
720.48
2136.06
620.98
452.23
621.73
1921.35
549.62
1942.99
3435.5
1922.1
11884.64
12620.554347826086
9195.2
13548.355263157895
11589.262626262625
1532.38
620.79
597.92
621.97
284.26
1870.32
1607.35
596.62
1749.45
648.44
3266.26
381.9
2259.39
694.87
1943.64
1822.71
187.65
1462.15
963.52
3363.65
1896.52
718.99
644.89
717.92
284.42
599.29
985.94
649.55
332.22
407.0
2066.54
1605.41
960.63
406.35
4296.61
792.18
211.93
285.05
501.06
2042.32
792.36
623.17
2950.82
646.23
549.68
2091.22
719.32
793.55
694.83
1325.45
649.16
1771.4166666666667
116.04444444444445
1082.95
622.32
334.61
1895.57
1947.6
2138.93
2325.875
1035.76
1918.68
572.56
644.83
647.99
1859.1326530612246
2994.1666666666665
695.07
357.25
1485.12
478.72
789.88
621.7
1750.29
2040.78
355.5
235.96
1680.39
548.33
187.48
381.58
1460.96
380.5
1846.37
772.2828282828283
427.76
453.92
890.78
646.69
452.62
1945.84
1922.32
3193.76
597.18
1058.85
747.7171717171717
501.67
718.38
620.77
720.55
235.83
1703.21
211.37
890.04
455.22
115.12
1532.53
646.24
501.04
4201.37
527.29
236.51
500.45
211.32
113.86
138.37
162.58
599.65
113.75
113.22
161.88
524.56
551.8
719.24
646.74
1155.67
1606.55
2806.22
1679.08
115.03
1533.76
1776.48
623.21
504.62
1605.16
501.64
1631.29
1823.04
332.8
476.91
405.93
308.78
623.65
575.87
1485.6
768.37
3003.21
796.43
380.22
1652.87
528.37
1582.83
501.56
407.32
1581.29
793.65
405.74
235.8
357.84
332.28
698.59
2953.89
1970.51
644.73
12077.31914893617
698.95
574.76
2305.82
935.8
548.79
283.45
1606.08
1507.77
332.04
1581.55
3122.01
625.91
524.76
331.74
284.21
477.38
4007.5
309.4
236.61
113.81
1875.45
1364.38
186.55
405.37
1677.82
333.75
527.89
502.81
1324.3428571428572
235.56
600.32
697.24
1993.71
842.52
697.69
1255.23
1179.7448979591836
1304.01
985.71
1133.13
1084.93
1552.3469387755101
1085.42
2212.06
915.1
1426.0
623.47