2.320562248995985
2.4492878787878776
2.39715750915751
2.2963120567375883
2.524014652014651
2.4752673992673997
2.4182803030303037
2.3817977528089895
2.49441134751773
2.5717849462365603
2.3749782608695647
2.4168085106382984
2.5096774193548375
2.4687045454545444
2.513985663082437
2.3406382978723403
2.346772357723578
2.598337164750957
2.3984350877192977
2.4095833333333334
2.3870915750915747
2.525943089430894
2.3628505747126436
2.593613636363636
2.4355777777777776
2.34014393939394
2.370162962962962
2.6025606060606057
2.5136630824372763
2.577386973180076
2.468222222222222
2.5558637992831525
2.416666666666666
2.4540219780219776
2.5357555555555558
2.3670881226053635
2.544828070175438
2.492992907801419
2.387096774193547
2.6316086956521736
2.4413023255813955
2.4360286738351244
2.53243956043956
2.59211111111111
2.4739498207885307
2.609777777777778
2.756688888888889
2.6018666666666665
2.5619784946236552
2.54225641025641
2.69268100358423
2.6061292517006795
2.684266666666666
2.557773195876288
2.527716312056738
2.6525724637681147
2.6799058823529394
2.517272108843536
2.5965486111111105
2.606177304964538
2.5967430555555553
2.5669473684210526
2.642659574468084
2.604526315789473
2.617546391752577
2.6251719298245617
2.620125
2.738714285714285
2.7068070175438605
2.605198581560283
2.629096296296295
2.6954478114478095
2.6235483870967724
2.728134751773049
2.7813829787234035
2.7206868686868684
2.6729964912280697
2.6886805555555546
2.6020709219858142
2.6310584192439865
2.633738831615119
2.7784652777777783
2.775546391752577
2.6346127946127935
2.7811649122807016
2.568124542124542
2.6983501683501707
2.653529824561402
2.6308472222222226
2.6119243986254306
2.559047619047618
2.7889764309764296
2.6388472222222217
2.7409513888888895
2.7272982456140347
2.8161458333333322
2.784026666666665
2.813360544217687
2.829417543859648
2.8147835051546366
2.656059999999998
2.845083333333333
2.6563092783505144
2.812079999999999
2.844843537414965
2.7980561403508757
2.694956228956228
2.692740740740738
2.80409219858156
2.858013888888888
2.8141855670103104
2.831959183673468
2.850473333333333
2.7506531986531972
2.757973333333332
2.8014570446735396
2.9201496598639443
2.826996632996632
2.841333333333332
2.885435374149659
2.6610266666666655
2.807840277777777
2.8282474226804117
2.7058266666666673
2.864530612244896
3.0287766323024066
2.8314081632653063
2.918565656565657
2.8509800000000003
2.8901972789115646
2.824965277777775
2.922713804713804
2.8420740740740733
2.9415599999999977
2.7960999999999983
2.8951904761904754
2.8808
2.731915789473684
2.9616190476190467
2.9442986111111114
2.9813939393939384
2.874993197278912
2.8693191489361705
2.909050505050504
3.037539518900343
2.9369003436426113
2.895993055555554
2.9269415807560124
2.847166666666666
2.951469387755102
2.956895622895623
2.9600733333333342
2.901353951890034
2.9783636363636377
2.8420136054421756
2.817745704467354
2.9243838383838385
2.8988797250859095
2.9860808080808052
3.035030303030304
3.0263533333333346
3.049179999999998
2.913198653198653
3.0115066666666657
2.9909494949494952
3.0177733333333316
3.032633333333331
3.0799595959595942
3.02678231292517
3.024433333333333
2.99092
3.0014625850340133
2.9692533333333317
3.012585034013604
3.088713804713802
3.0292978723404245
3.0416599999999985
3.064346666666667
3.033166666666664
3.0668266666666653
3.072599326599325
3.0857306397306408
3.106426666666664
3.058938775510204
3.080351254480286
3.104646666666665
3.092035842293906
3.1516133333333327
3.1085102880658404
3.0995133333333307
3.1020333333333325
3.1235666666666644
3.0778599999999985
3.086633333333331
3.089218637992832
3.135379999999999
3.1227866666666655
3.1685000000000008
3.137855421686748
3.1180666666666665
3.1659839357429704
3.1564399999999972
3.1601666666666675
3.164800000000001
3.153688888888889
3.1453400000000005
3.1574400000000007
3.1476399999999956
3.140306666666667
3.115673333333336
3.1316734693877555
3.0466000000000006
3.1365799999999995
3.1800921985815616
3.1594400000000014
3.1115466666666665
3.1336333333333313
3.13238
3.14583157894737
3.1880146520146537
3.155180000000001
3.1630344827586216
3.136146666666666
3.1225599999999987
3.112446666666667
3.1003333333333303
3.1112898550724633
3.1237651515151508
3.1204868913857666
2.924308771929824
3.166999999999997
3.191670329670327
3.1696066666666662
3.0547070707070705
3.0417466666666666
3.1125390070921983
3.079799999999998
2.8078426966292134
2.9417799999999996
3.0810757575757575
3.1011800000000007
2.901886666666666
2.9256811594202903
2.8443066666666676
2.9640683760683726
2.547340425531913
3.1184862745098045
2.80906529209622
2.6335733333333313
2.9943550724637666
2.7645400000000007
3.1553333333333335
2.8447666666666667
2.8571066666666654
2.705219999999999
2.809370370370371
2.7257
2.911873333333333
3.124609929078013
2.8604933333333324
2.519805555555553
2.9384333333333323
2.2043644444444443
2.89038
2.9102400000000017
2.8803066666666672
3.1875850340136083
2.798846666666667
2.7112133333333346
3.0909288389513083
2.612513333333332
2.457146666666665
3.1066736111111104
2.7501347517730497
3.1235533333333336
3.202591065292095
3.172219999999998
2.4359466666666645
2.9448666666666643
3.157566666666668
3.089713333333334
3.2055730337078665
2.7294333333333323
2.9645543071161033
3.148353333333331
2.723179999999999
3.1159266666666667
2.8205599999999986
2.6178755555555537
3.0456811594202895
3.1952868217054284
2.652113333333331
2.6754599999999993
2.5771199999999976
2.6510000000000002
2.3334623655913984
2.5842867383512558
3.0179933333333326
3.118552188552189
2.706691358024689
3.1650000000000023
3.107596899224806
3.119506666666665
3.190204444444443
3.1299666666666646
3.1261245421245403
3.109983935742969
3.0828745519713254
2.6730808080808086
2.944093333333332
3.1214149659863946
2.9306000000000023
3.0609133333333314
3.1846333333333323
2.5701159420289863
2.6811388888888854
2.691433333333334
3.1199583333333303
2.5282930402930393
2.6461993127147765
3.084367149758452
2.8822066666666655
2.9376938775510197
3.1682173913043483
3.1704855072463753
2.907757575757573
3.1350733333333323
3.0443133333333328
2.8693030303030267
2.8369400000000002
2.258338797814207
3.0227266666666646
3.0616858237547886
2.7571466666666655
3.1721333333333326
3.0290800000000018
2.52470222222222
3.1208505747126423
3.1229999999999984
3.1200146520146514
3.137101449275363
3.20023611111111
3.1447399267399243
3.1304347826086976
3.156306666666664
3.099766666666666
3.2219186991869915
3.121406666666667
3.040599999999998
3.1686666666666667
3.1243741496598645
2.9716701030927832
2.8186199999999983
3.1333479853479846
3.1237101449275353
3.1133266666666657
3.1608533333333337
3.1779130434782625
3.101042253521127
3.1379666666666655
2.6504344569288394
3.173146666666664
3.1896333333333318
3.1017028112449756
3.140913242009132
3.177833333333333
2.7293933333333316
2.1938888888888894
2.859946127946128
3.1015970695970685
3.1539666666666664
3.1653019607843156
3.113279999999998
3.1053178294573613
3.1524533333333356
3.153786666666666
3.1551000000000022
3.139717391304344
3.117913333333334
3.155586666666668
3.106826086956519
3.1149999999999993
3.107871794871793
3.1441031746031753
3.1699047619047613
3.2207960199004972
3.0881686746987937
3.07824096385542
3.125547619047617
3.1841181434599166
3.182419999999999
3.1515333333333317
3.125558052434457
3.0897468354430373
2.686847222222223
3.1493058419243947
3.1882439024390195
3.156366666666666
3.1393666666666658
3.0975691056910555
3.099890109890108
3.1045734767025106
3.1925381526104415
3.1156066666666646
3.1896091954023
3.1996666666666673
3.1123383084577103
2.629746666666666
3.1197011494252873
3.143253333333334
3.1015866666666643
3.0055066666666654
2.7165614035087695
2.953685823754787
3.0288205128205115
2.6713333333333336
3.188893470790379
3.1209266666666657
3.097404255319149
3.1128888888888873
3.0976543209876524
3.108406666666666
3.16644
3.1619933333333323
3.107208333333333
3.1221266666666674
3.076086666666665
3.097588014981272
3.1392941176470566
2.8505972222222216
3.183325203252027
2.683733333333332
2.7032933333333324
3.179074074074076
3.2001872659176023
3.2335367231638403
2.5786103286384967
2.588577777777777
3.104653333333331
3.134252525252524
3.1275999999999993
3.1241360544217653
3.1557066666666667
3.1088744588744586
3.1184866666666653
3.1217533333333294
3.103624413145539
2.9183599999999985
3.19617204301075
2.9285666666666645
3.0883199999999995
3.117348837209301
3.0564333333333322
3.085604395604396
3.013656140350875
3.1300121212121197
2.924079999999998
3.1033019607843144
3.18620071684588
3.155333333333333
3.0694945054945073
3.1787490636704137
2.6021066666666637
2.1377696969696967
3.124871794871794
3.129676767676768
3.2062771535580503
2.7094410774410758
3.100623376623373
3.1292866666666646
3.143646586345379
3.118598484848483
3.137934959349593
3.1505666666666654
3.1137536231884044
3.1256562499999982
3.018473333333334
3.164235294117647
3.0968333333333327
3.0926585365853643
3.149797468354431
3.116193333333334
3.16686590038314
3.233717171717171
3.1030256410256394
3.040484848484849
3.1054883720930224
3.1338114478114503
3.1156333333333324
3.124870588235294
3.1969934640522877
3.1060398009950227
3.1856666666666666
3.0454718614718606
3.108528301886791
3.1091910112359544
3.1414952380952372
3.109599999999998
3.1790466666666664
3.108039999999997
3.1342333333333308
3.140265232974909
3.127348659003829
2.806566308243724
3.1186821705426353
2.9652599999999985
3.190950191570882
3.1334311111111095
3.1656326530612255
2.515012345679013
3.0929247311827934
3.1149399999999963
3.2023495934959376
2.545380471380472
3.1105490196078396
3.0703749999999985
2.7395466666666692
3.158766666666665
3.1288187134502916
2.8207511737089184
3.0688707482993167
3.187252525252526
3.1264973544973533
3.078965811965809
3.202361702127661
3.109691228070176
3.158121951219509
3.100916666666666
3.091763713080167
3.197364583333332
3.1618999999999966
2.5140716845878104
2.664046666666668
3.1637066666666653
3.150557077625571
3.0957999999999966
3.195611814345992
3.1008266666666655
3.1347395833333347
3.2214814814814794
3.212043715846994
3.13495238095238
3.094424242424241
3.120419999999998
3.129319444444444
3.123441666666664
3.1942066666666644
3.0894799999999987
3.1161287878787847
3.186435087719298
3.1327733333333305
3.196500000000001
3.1250537634408606
3.1665863453815266
3.132079601990049
3.128426666666667
3.1359358974358953
3.1020963855421657
3.0938928571428552
3.077632653061223
3.126452991452989
3.1351818181818163
3.102476190476189
3.1881891891891887
3.1933409090909093
3.14144262295082
3.165359999999999
3.141872659176028
2.9050617283950624
3.045960784313726
3.1655933333333324
3.1129490196078415
3.224587064676617
3.202772727272725
3.200517006802721
3.231720000000001
3.1847540983606564
3.090958904109586
3.1211087719298227
3.184747967479671
3.111823129251701
3.12296296296296
3.1499666666666655
3.1213333333333306
3.054906249999998
3.118767441860461
3.1034088050314446
3.1421133333333318
3.1157799999999995
3.123
3.2233225806451626
3.163539999999997
3.1651717171717157
3.1494295532646017
3.124198830409355
3.1867148594377532
3.221149122807016
3.1378488888888847
3.1301833333333304
3.1565245901639347
3.1292333333333295
3.1200155038759663
3.184466666666666
3.157004329004326
3.171866666666668
3.10353846153846
3.0920592592592566
3.1578857142857144
3.2499420289855068
3.1973983739837397
3.123490196078428
3.1236249999999974
3.1154891774891746
3.1267933333333335
3.1296705882352907
3.1416799999999996
3.1053857677902594
3.126047619047616
3.172680000000001
3.131492063492065
3.1647999999999974
3.145430107526882
3.1482368421052636
3.217729729729727
3.1754399999999987
3.120069264069264
3.172486666666665
3.181034188034184
3.136441947565543
3.1231466666666643
3.1131308016877632
3.1580343642611655
3.1032929292929268
3.1423935742971874
3.1352252252252226
3.116531400966183
3.134054054054053
3.1590120481927686
3.028657657657657
3.1028416666666634
3.1022517006802715
3.1582266666666663
3.104539999999998
3.084945736434108
3.133429553264604
3.0781891891891866
3.112351254480286
3.188161403508772
3.1192473118279596
3.1616438356164367
3.201333333333332
3.100866666666665
3.0695555555555556
3.108034722222221
3.128174863387977
3.1207791164658625
3.106169312169309
3.1228333333333333
3.1149999999999993
3.117333333333331
3.1555824915824924
3.1634066666666674
3.177999999999999
3.136793103448276
3.148249999999996
3.0754308943089423
3.0887570621468914
3.1821811594202907
3.1153098039215674
3.19415972222222
3.1652280701754365
3.0865151515151505
3.1128974358974353
3.1283797468354417
3.0101315789473673
3.1649716312056717
3.133303370786517
3.1250599999999995
3.123586666666666
3.1522700421940923
3.1395866666666654
3.042551440329215
3.1673108614232186
3.125804878048781
3.1861458333333323
3.1161603375527434
3.109173611111111
3.1901276595744688
3.126967479674794
3.1175068493150686
3.1643666666666665
3.1545622489959846
3.1927969348659
3.197416666666666
3.1211999999999964
3.1276200716845857
3.180639999999999
3.191840000000002
3.176145593869729
3.1637182130584187
3.1899919678714848
3.1763132530120504
3.189414965986394
3.170973333333334
3.1043546099290764
3.126464419475653
3.0896793248945125
3.1716866666666665
3.120902439024389
3.1847866666666653
3.2015606060606085
3.181806666666667
3.1626255144032913
3.089754901960781
3.1660999999999997
3.169949367088609
3.1841914893617025
3.100156378600823
3.1926436781609193
3.1564761904761913
3.188681481481483
3.206745614035089
3.197053030303031
3.264944444444445
3.1884037558685456
3.1792800000000003
3.1376212121212106
3.1599461279461276
3.192849816849819
3.1862624113475184
3.200739130434783
3.2023137254901974
3.1938922558922567
3.1874099616858245
3.207487179487179
3.2108119658119674
3.203687763713082
3.1761466666666665
3.1418771929824563
3.1864800000000013
3.189965811965815
3.2196203703703734
3.1882333333333315
3.188354166666667
3.1871111111111112
3.194290196078432
3.202195652173913
3.2122995169082134
3.1917239057239057
3.1926466666666657
3.193986666666666
3.197232067510551
3.188064516129033
3.1839513888888877
3.126577777777779
3.2017894736842107
3.1838006872852245
3.184936170212768
3.151544217687075
3.17042105263158
3.19458757062147
3.1832056737588665
3.2554637681159417
3.1628723404255332
3.1804275362318846
3.1662765957446815
3.1843043478260884
3.2068405797101462
3.1960362318840594
3.1700137457044675
3.1736595744680867
3.1832140350877203
3.216979423868315
3.188000000000002
3.187118055555555
3.189063829787234
3.1832222222222235
3.2769542483660117
3.20697435897436
3.184847826086958
3.1750972222222225
3.202733333333336
3.217313432835822
3.1995421686747
3.1932714776632305
3.1961030927835057
3.1751564625850333
3.2176277056277067
3.2301888888888888
3.188825000000001
3.1816917562724027
3.182698924731183
3.1989469696969723
3.193273333333332
3.189062271062272
3.2093593073593087
3.185388316151205
3.1661099656357394
3.1861720430107523
3.186123711340207
3.1781616161616166
3.2087142857142874
3.1787414965986387
3.180366666666667
3.18659793814433
3.160715277777778
3.0377643097643108
3.1554408602150548
3.1851842105263177
3.216268398268399
3.1873687943262423
3.187085910652921
3.195876288659795
3.147546391752578
3.190539007092199
3.2207222222222223
3.1821925925925947
3.1913125000000004
3.1935925925925925
3.1975532646048115
3.193466666666668
3.1950187265917593
3.190315412186382
3.2337309941520473
3.213843621399179
3.1302448979591837
3.1785161290322597
3.1831157894736837
3.170493055555557
3.1801758241758256
3.1937204301075273
3.188901515151517
3.2134008438818578
3.1775815602836883
3.2044413145539927
3.180193548387098
3.2058455284552863
3.198333333333335
3.198028985507247
3.197833333333334
3.196143939393941
3.178416666666668
3.1921212121212137
2.9184965986394578
3.231802083333335
3.2007234042553203
3.1905494505494514
3.1973260869565236
3.1930752688172044
3.192227106227108
3.2344687500000013
3.1784037558685454
3.161507246376813
3.1944751773049656
3.194989247311829
3.192709677419355
3.1946962962962973
3.176407407407408
3.1597021276595756
3.192879120879123
3.177157894736843
3.203407407407407
3.1864782608695665
3.1937629629629645
3.1980579710144927
3.1766376811594226
3.180069444444444
3.2061025641025647
3.2063132530120493
3.190507246376812
3.202989247311828
3.194364912280702
3.184460905349797
3.191403921568629
3.1918181818181837
3.168936170212766
3.162710622710623
3.1555770609319014
3.172270042194095
3.1917069597069605
3.194096296296297
3.1431884057971033
3.1875757575757593
3.184333333333334
3.1977349397590387
3.1945824561403517
3.2006021505376343
3.2032
3.1908764044943827
3.1906142322097386
2.797958333333334
3.197162601626018
3.197840579710146
3.2245053763440867
3.1677569444444456
3.1525483870967745
3.1978481012658238
3.1738148148148153
3.1776430976430987
3.1762293906810046
3.1729690721649497
3.1863373493975913
3.1770813008130103
3.1911752577319588
3.178013605442177
3.1744842105263165
3.216911877394638
3.197684587813621
3.1962635658914738
3.1792222222222226
1.6932916666666669
2.9333680555555577
3.1885602836879445
3.212647058823531
3.1939305555555557
3.158028673835127
3.155498207885307
3.1887311827957006
3.1929183673469383
3.197000000000002
3.198701030927835
3.183453900709221
3.1815824915824913
3.1942847222222213
3.1841972789115656
3.163039426523298
3.186291666666668
3.1854596491228073
3.190695970695971
3.1911703703703718
3.186624113475179
3.184521739130436
3.1705000000000005
3.1894596491228073
3.1911180555555547
3.1887340823970054
3.1930034364261166
3.170750877192983
3.2087017543859653
3.1930476190476207
3.175498281786942
3.184305555555556
3.1833691756272415
3.1940618556701033
3.169270175438597
3.186575000000002
3.1674666666666678
3.1775053763440866
3.1919166666666663
3.163575757575759
3.189812500000001
2.730597938144331
3.181125
3.164766283524905
3.161580246913582
3.132993197278913
3.1956491228070183
3.1912439862542965
3.196136752136754
3.170822695035462
3.1842456140350897
3.187422680412372
3.1868125000000016
3.2076131687242806
3.166659863945579
3.1984861111111123
3.1772820512820523
3.211515151515152
3.1994649122807037
3.189326388888889
3.156514056224902
3.1842666666666686
3.1553192982456153
3.193936170212766
3.0134400000000015
2.810500000000001
3.0444781144781174
2.974366666666669
3.0757466666666686
2.9736866666666697
2.9372733333333345
2.8551600000000033
2.674166666666666
2.7563066666666676
2.656366666666666
2.94584666666667
2.8794666666666693
2.7262200000000014
2.489733333333332
2.574229390681002
2.636653333333332
2.623113402061854
2.6065102040816313
2.659660000000001
2.563848797250858
2.688729824561403
2.6656879432624114
2.6616122448979604
2.7106734006734023
2.6385333333333336
2.7132999999999994
2.5366933333333317
2.5716733333333326
2.613952861952861
2.599359999999999
2.5843666666666656
2.4833399999999988
2.5384933333333333
2.482139999999998
2.533718518518517
2.47903472222222
2.5425703703703677
2.436159999999999
2.571155555555554
2.6301768707482975
2.5297708333333326
2.6206933333333318
2.547959999999999
2.588079999999999
2.5649733333333335
2.696520833333334
2.5686866666666663
2.529626666666665
2.6689466666666686
2.5958733333333326
2.5592794612794605
2.614266666666666
2.6354400000000004
2.5771533333333334
2.477823129251699
2.582733333333333
3.2281010101010095
2.678026666666667
2.5910277777777773
2.5630999999999995
2.6001466666666664
2.637373333333333
2.6965333333333343
2.672353333333335
2.689186666666667
2.694793333333333
2.6381399999999995
2.6005866666666657
2.667613333333333
2.6956533333333335
2.4874999999999994
3.142708333333334
2.6203066666666666
2.660478114478114
2.7415133333333355
2.6840206185567017
2.7443266666666672
2.725733333333335
2.709013333333334
2.6761866666666685
2.715092198581561
2.7314882154882176
2.746554385964912
2.6880000000000024
2.7236344086021513
2.746228956228958
2.6838200000000008
2.732531914893619
2.743966666666668
2.728372759856631
2.7300071684587808
2.7438133333333354
2.731020000000003
2.533953333333333
2.766720000000001
2.733533333333335
2.7841466666666674
2.555877394636015
2.871786666666669
2.791013333333337
2.766548611111112
2.781993333333335
2.7485085910652947
2.8582133333333366
2.7866666666666675
2.954646666666667
2.5946866666666653
2.6138762886597933
2.71964
2.7533600000000003
2.6524133333333344
2.640302405498282
2.711753333333334
2.8494040404040404
2.745393333333333
2.875880000000001
2.823406666666667
2.8534266666666666
2.904346666666669
2.8800066666666675
2.78348
2.8898600000000014
2.8166666666666673
2.743626666666667
2.8037266666666665
2.779726666666668
2.7158266666666666
2.839346666666669
2.7745800000000016
2.7632866666666676
2.805160000000001
2.8504066666666676
2.7028599999999994
2.758993333333334
2.731533333333334
2.7238066666666674
2.8392733333333346
2.7777000000000016
2.9531866666666673
2.7873400000000017
2.8846866666666693
2.890300000000003
2.861173333333335
2.9183733333333346
2.804186666666667
2.8691266666666677
2.6467741935483864
2.650926666666666
2.717293333333334
2.7592933333333334
2.70684
2.725713333333334
2.716740000000001
2.7082799999999985
2.718580000000001
2.74344
2.6468799999999986
2.6557999999999997
2.6941066666666655
2.871346666666668
2.79862
2.72704
2.7643466666666665
2.9631733333333328
2.828613333333334
2.9702266666666657
3.059500000000001
3.1981000000000024
3.144746666666667
3.157606666666668
3.113786666666667
3.1849533333333357
3.12408
3.0526666666666666
3.1449000000000007
3.1257400000000017
2.9381266666666663
2.9206
2.913393333333334
2.902413333333335
2.776873333333335
3.012366666666667
3.0557400000000015
2.79988
3.009613333333336
2.9279333333333337
2.9765466666666676
2.9977266666666664
2.8309799999999994
2.8485733333333325
2.983246666666668
2.8299466666666677
3.01974
2.9133000000000004
3.016700000000002
3.1143533333333333
2.663102040816327
2.601880149812733
2.790740000000001
2.635228070175439
2.80918
2.706033333333334
2.7082666666666664
2.70324
2.6337733333333335
2.7334399999999994
2.574949999999999
2.5557333333333325
2.752026666666667
2.8393266666666683
2.525923611111111
2.4058466666666685
2.4707133333333355
2.746566666666666
2.7205133333333347
2.7846133333333345
2.8889933333333357
3.069146666666668
3.1219200000000003
2.7698733333333343
2.9586800000000015
2.9671000000000007
2.8984533333333333
2.9461466666666674
2.8355066666666664
2.8516066666666684
2.645413333333332
2.688400000000001
2.840793333333334
2.9392533333333324
2.889426666666667
2.976973333333333
3.1284533333333355
2.757333333333335
2.759526666666669
2.8017533333333335
3.1107600000000013
3.118666666666666
3.0681933333333347
3.1488399999999994
2.967526666666667
2.9255151515151514
3.1908400000000006
3.1693666666666678
3.1327200000000004
2.9109666666666683
2.566460000000001
2.933033333333335
3.0126666666666666
2.885980000000001
2.6382066666666675
2.7831799999999993
2.834333333333333
2.8020866666666673
2.849133333333335
2.9233333333333342
2.975040000000001
2.9097466666666687
2.9329733333333343
2.995733333333332
3.035226666666667
2.9095533333333354
3.0379931271477676
2.926253333333333
3.1016200000000005
2.928380000000002
2.5685140562248994
2.641421768707483
2.9235200000000026
2.919793333333335
2.9768266666666694
2.6637066666666698
2.8548866666666672
3.0378133333333337
2.9406933333333343
3.0635866666666676
2.9470933333333345
2.8990733333333325
3.055706666666668
2.8007466666666674
2.858313333333336
2.9901533333333337
3.074579999999999
3.149799999999999
3.1625733333333352
3.031726666666667
3.1249399999999996
2.9400933333333343
3.137979591836734
2.8131866666666667
3.094046666666667
3.1093543859649126
3.14731868131868
3.1647147766323016
3.0866
2.8335866666666676
2.6810733333333343
3.0148466666666667
2.987421768707483
2.9162266666666663
2.967180000000001
3.0263666666666666
3.117746666666667
2.9402200000000005
3.1054800000000005
3.1536666666666666
2.896840000000001
3.144466666666667
3.0913866666666654
3.157006666666667
3.1038666666666677
3.0316938775510196
3.116374149659865
2.8886808510638278
2.8640952380952385
3.0355133333333324
3.1474982817869424
2.7874599999999994
2.663540000000001
3.162552188552188
3.1415034013605427
3.1678466666666667
2.801113333333334
2.816540000000001
2.793093333333335
2.496991452991455
2.589809523809524
3.1771739130434784
3.014533333333333
3.1430933333333337
3.1570266666666673
3.156853333333334
3.1705866666666656
3.1105333333333336
3.0201800000000003
3.156873333333335
3.1676200000000008
2.802560000000002
2.8541466666666677
2.888626666666666
2.6372771929824568
2.727280000000002
3.134849122807018
3.113540000000001
3.137873333333334
3.099080000000001
3.1691944444444453
3.1103466666666693
3.1291733333333345
3.0901200000000006
3.1496133333333343
3.090560000000002
3.163666666666668
3.186933333333334
3.1722066666666664
3.161035460992906
3.1498933333333357
3.167933333333335
3.1497733333333353
3.1025416666666668
2.9788400000000013
3.1649319727891143
3.1575200000000025
3.1530266666666686
3.163986666666666
3.1632066666666674
2.789433333333335
3.085513333333335
2.987199999999999
2.9526391752577337
3.160340136054424
3.0458144329896926
3.1647666666666674
3.1494866666666685
3.148993333333334
3.151333333333335
3.154948453608248
3.1337066666666664
3.1825000000000006
3.1635733333333342
3.043406666666668
3.0360866666666677
3.083770833333334
3.1232333333333333
2.905846666666668
3.1159730639730623
2.9518800000000005
3.1667205387205395
3.1514533333333343
3.1573599999999993
3.145486666666666
3.156140000000001
3.147526666666667
3.1656066666666662
3.164193333333332
3.1686999999999994
2.995266666666667
3.0775933333333345
2.996866666666668
3.005693333333336
3.1262800000000017
3.1240666666666685
3.130246666666668
3.034366666666669
3.16656
3.144573333333335
2.824479999999998
2.1522138364779897
3.158880000000004
3.13226
3.1581733333333353
3.0634733333333344
3.1427199999999997
2.9608000000000025
2.937593333333334
3.069160000000001
3.0984800000000026
2.9700333333333346
3.1587066666666677
3.0775400000000017
3.124960000000001
2.966826666666669
2.932433333333334
3.133153333333334
2.944106666666668
3.111240000000001
3.165940000000002
3.034766666666667
3.1792666666666687
3.1622733333333315
3.092206666666666
3.0744733333333336
3.08538666666667
3.1772999999999985
3.1774133333333343
3.1751799999999992
3.1473733333333342
2.980366666666666
2.963333333333334
2.91574
3.1130400000000016
3.136693602693605
2.992973333333333
3.139104166666668
2.9884333333333353
2.98658
3.1244400000000003
3.0497
3.123199999999999
3.155006666666665
3.181800000000001
3.078900000000002
3.0668266666666684
3.118346666666668
3.1564000000000005
3.1341266666666674
3.133966666666668
3.147126666666667
3.141466666666667
3.166926666666667
3.1624400000000015
3.163086666666666
3.0452898550724647
2.9179066666666684
3.1275066666666684
3.0807733333333336
3.1432199999999995
3.1382056737588635
3.1534074074074065
3.157913333333335
3.1584175084175103
3.149233333333333
3.1567933333333342
3.16232
3.161459999999999
3.1592333333333333
3.1434133333333345
2.9216066666666674
3.1721400000000006
3.1690666666666703
3.132013333333335
2.898613333333334
3.1321000000000008
2.9933133333333335
3.0398133333333335
3.1764333333333337
2.9943600000000017
3.1455333333333333
3.1380466666666664
3.1631933333333326
3.168133333333334
3.175986666666668
2.962006666666667
3.1396333333333324
3.1753666666666662
3.1584600000000007
3.1595199999999988
3.1503266666666674
3.1672733333333327
3.126560000000003
3.188033333333334
3.1632799999999985
3.1638533333333356
3.172659999999999
3.1714333333333338
3.122313333333332
3.1542399999999993
3.166466666666667
3.1728666666666667
3.1389399999999994
3.1717666666666657
3.1789466666666675
3.1720133333333336
3.1694000000000004
3.1692066666666676
3.166366666666667
2.894272108843537
3.10598
3.104466666666667
3.055153333333333
3.088054421768707
3.0722061855670098
3.0760709219858158
3.0317733333333323
3.072877192982455
3.0628066666666665
3.0530199999999983
2.9354625850340144
3.086424242424243
3.00426
3.079766666666666
3.1498133333333347
3.0553400000000006
3.161126666666669
3.1699999999999977
3.055973333333335
3.1795266666666673
3.135753333333335
3.049606666666665
3.1190266666666666
3.1223999999999976
2.9558599999999986
3.095606666666665
3.0446
3.1551133333333325
3.0829466666666674
3.136271062271063
2.9769200000000007
3.1392200000000003
3.1629266666666678
3.1254666666666675
3.0150866666666682
3.015159999999998
3.0546800000000025
3.096866666666669
3.1742466666666673
3.1666199999999987
2.9883333333333324
3.0547533333333354
2.979033333333334
3.012800000000001
3.134346666666667
3.162799999999999
3.100959999999997
3.1043133333333346
3.052439999999998
3.1304799999999973
3.100893333333333
3.053193333333332
3.09324
3.119346666666666
3.0669266666666677
3.135686666666666
3.077293333333334
3.146386666666665
3.10248
3.152046666666666
3.1249800000000016
3.1078666666666668
3.092173333333333
3.074093333333331
3.148246666666667
3.1660999999999997
3.040399999999999
3.0164533333333323
3.170246666666667
3.124913333333335
3.165193333333333
3.149946666666665
3.0348866666666665
3.1624399999999984
3.1362799999999997
3.137239766081871
3.043333333333335
3.0767733333333327
3.1631733333333343
3.0307000000000013
3.124659999999999
3.0622266666666684
3.17902
3.1711066666666676
3.1103666666666667
3.0459733333333348
2.97738
3.145043771043772
3.1571065292096203
2.961186666666665
2.9762799999999987
2.7913933333333323
2.7396133333333337
3.0632999999999995
3.1901933333333323
2.8922933333333334
2.793166666666666
3.0624799999999994
2.8346266666666655
3.0082599999999995
3.1822933333333343
3.1612133333333325
2.8023200000000004
3.096779999999999
3.0990466666666676
3.0512200000000007
3.162253333333332
3.0801533333333335
3.071686666666667
3.1821533333333316
3.186106666666666
2.8948800000000006
3.1568533333333346
3.1781666666666677
2.805219999999998
2.757886666666668
3.1744800000000004
3.1782933333333343
3.128
3.187386666666667
3.0179599999999995
3.1044200000000006
2.9388933333333322
2.9668533333333316
2.5669866666666676
2.990426666666668
3.1732333333333322
3.0032200000000007
2.926166666666664
2.925986254295534
3.0220599999999997
3.120333333333333
3.087543478260869
3.1920866666666683
3.0642066666666663
3.091146666666666
3.168946666666666
3.2007000000000003
3.1880666666666673
3.1978066666666662
3.1413466666666676
3.1450133333333343
3.075118773946361
3.18532
2.990646666666666
2.573326666666667
2.6090780141843988
3.1364866666666673
3.185406666666666
3.178246666666668
2.9645066666666673
2.6444032921810705
3.213553333333335
3.157180722891567
3.010419999999999
2.897006666666664
2.883333333333336
2.9563999999999986
3.064253333333336
3.0006200000000005
3.1166600000000004
3.1819400000000018
2.951240000000001
3.2108911564625853
2.773746666666668
3.1785185185185196
3.058639999999999
3.0755599999999976
2.782160000000001
3.027986666666665
2.938946666666666
2.926686666666668
2.9287933333333327
3.184246666666668
3.0873933333333343
2.692444444444444
2.9905066666666653
2.7816199999999993
3.0154466666666684
2.7050133333333353
2.7899133333333337
2.842926666666668
2.789593333333335
2.97828
3.0003733333333327
2.8107000000000006
3.0247800000000016
3.00446666666667
2.854560000000002
2.939033333333335
3.111106666666667
3.0373466666666684
2.974533333333334
2.9098800000000007
2.9145199999999996
2.945033333333335
2.9223733333333333
2.7140866666666676
2.9451400000000008
2.8478200000000027
2.939259999999999
3.0674066666666677
2.8528533333333352
2.85198
2.9669133333333377
2.912033333333334
3.075433333333334
3.026046666666669
3.1883154121863804
2.927926666666667
2.9256933333333364
3.0006333333333344
3.032220000000003
3.191793333333335
2.9035866666666688
2.9148266666666687
3.0548133333333327
2.932826666666669
2.909293333333335
3.107753333333333
3.070053333333336
2.999013333333336
3.028040000000002
3.1971836734693873
3.1711800000000014
2.8300933333333322
3.100546666666667
2.9364133333333338
3.1813333333333356
3.097226666666669
2.956200000000003
3.0579666666666667
3.060806666666668
3.005686666666671
3.073026666666669
2.9825666666666693
3.109393333333334
3.04184
3.1202800000000006
3.016686666666666
2.9691066666666694
2.9954266666666696
3.1873608247422682
2.8725266666666673
3.149090909090909
2.8017533333333318
3.0027466666666673
3.1680600000000014
2.9208266666666685
3.0552533333333347
3.032726666666667
2.9825933333333357
2.9695866666666673
2.9547400000000006
3.1515133333333365
2.6771533333333353
3.1385466666666684
2.9470533333333333
2.8523030303030326
3.0478333333333354
3.0992866666666674
3.049700000000002
2.791573333333335
3.081620000000001
2.954220000000001
2.862760000000002
3.015753333333334
2.7461133333333345
3.0336799999999995
2.7876266666666676
3.043273333333334
2.7084266666666674
3.069486666666667
2.946406666666667
2.764373333333335
2.9734133333333346
3.0080400000000016
3.0505466666666687
3.0004600000000017
3.1124133333333335
2.975406666666667
2.990760000000001
3.0096933333333338
3.1117066666666693
3.0424600000000015
3.025300000000002
2.846553333333336
3.0325733333333322
2.784380000000001
3.121746666666669
3.1991733333333348
3.036520000000001
3.0591600000000017
2.7953400000000017
3.0724200000000006
3.0377199999999998
3.0648400000000016
3.030346666666669
3.1417066666666678
3.101826666666669
2.8288266666666675
3.0135400000000008
2.878013333333332
3.130593333333335
3.098353333333334
2.8725733333333356
3.1016000000000012
2.952766666666667
3.107333333333332
3.035713333333335
2.9267533333333353
2.7871199999999994
3.092686666666669
2.8801400000000026
2.623246666666667
2.980053333333336
2.6603200000000014
2.9068333333333363
2.9499266666666677
2.985793333333334
2.986713333333337
3.102686666666667
3.0984883720930254
3.0785400000000003
3.014226666666667
2.9034400000000016
2.979826666666668
2.8869266666666658
3.0769466666666654
3.0742600000000007
3.0798933333333336
3.0104266666666666
2.984486666666667
3.1222866666666658
3.177780000000001
3.113113333333333
2.975860000000003
3.0456133333333355
2.892896057347671
3.047013333333334
3.2010400000000025
3.156666666666667
3.054126666666668
3.0913400000000024
3.0442533333333364
3.03018666666667
2.9214666666666678
2.96328
3.1675733333333347
2.9821333333333353
3.152395833333335
2.675753333333333
2.8831733333333363
2.7689266666666668
3.1693600000000015
2.991640000000001
3.1140000000000017
3.089693333333336
3.0701133333333352
2.773486666666668
2.964246666666669
3.0025800000000027
3.1586266666666694
3.1587466666666653
3.1675266666666677
3.132580000000001
3.1819333333333355
3.16412666666667
3.1393933333333335
3.0538200000000013
3.167600000000002
3.0977400000000004
3.168640000000002
3.120180000000002
2.7929133333333365
3.1596866666666688
3.0957000000000012
3.0672733333333366
2.973220000000002
2.9123
2.9985600000000034
2.9116066666666685
2.9826133333333353
2.9408133333333355
3.114240000000002
3.038846666666669
2.979546666666668
2.9578666666666673
3.029080000000002
3.162200000000003
3.141900000000003
3.1768133333333357
3.064286666666669
2.9737199999999997
2.9152733333333356
3.042480000000003
3.006473333333334
3.001586666666667
2.791273333333334
2.8115600000000014
2.9046866666666675
2.9638933333333353
2.888720000000003
2.8755466666666667
2.9746400000000035
2.984046666666669
2.9550666666666685
2.992553333333336
3.079846666666669
2.9810600000000016
3.026640000000001
2.8376333333333346
2.486522522522522
3.005733333333335
3.165006666666669
3.0362200000000006
2.9119000000000015
2.875713333333336
2.8354666666666684
2.9115533333333343
3.0494133333333373
3.0680066666666685
3.0670933333333346
3.111726666666667
2.8133600000000025
3.1685800000000013
3.0201000000000016
2.9423733333333364
2.968013333333335
3.101320000000001
3.080526666666669
3.0800666666666654
2.8210666666666673
3.072526666666667
2.861033333333335
2.9480933333333352
2.9130266666666684
2.9513866666666684
2.9071800000000003
2.8402200000000017
2.908146666666671
3.1329066666666687
3.092653333333337
3.1196466666666662
3.1093133333333354
3.009420000000002
3.052906666666668
3.0933666666666677
2.9386733333333352
2.895193333333334
3.0538866666666666
2.9219733333333333
3.0875066666666684
3.101420000000001
2.942993333333334
3.037740000000004
3.107880000000001
3.074680000000001
3.1059266666666683
3.003406666666666
3.036646666666668
3.0292533333333322
3.1072866666666683
3.1510400000000045
3.0508133333333336
3.0309399999999997
3.0233399999999984
2.825946666666668
2.8547200000000017
3.097140000000002
3.116073333333334
3.075786666666669
3.1080266666666665
2.941428571428573
3.111180000000001
3.1229133333333334
2.9977133333333352
2.995386666666667
3.037680000000001
2.7015599999999993
2.756626666666668
2.7932266666666674
2.9322000000000012
2.989420000000002
3.0728399999999993
2.7414600000000013
3.0118866666666673
2.9681133333333354
2.9794400000000003
3.163313333333335
3.1621066666666695
2.917353333333334
3.0587066666666676
2.9694933333333347
2.9888600000000003
2.893933333333335
3.0977466666666684
3.1413866666666683
2.8963866666666656
3.029786666666667
3.1451000000000007
3.0446733333333333
3.110526666666667
3.0934199999999987
3.08434
3.122120000000001
2.98396
3.110313333333335
3.1592962962962967
3.1411111111111123
2.919713333333334
2.950493333333333
2.9018733333333353
3.065380000000002
2.9141266666666668
2.8033333333333315
2.760153333333333
2.827719999999998
2.8632066666666667
2.957626666666668
2.824426666666666
2.801473333333334
2.915386666666669
2.865926666666668
2.873766666666668
2.7757933333333336
2.8274466666666687
2.9488400000000023
2.8795066666666687
2.7429999999999994
2.6500466666666656
2.9347399999999997
2.8485733333333347
2.8854
2.9635533333333344
3.0434133333333353
2.8974066666666687
2.93564
2.878800000000001
2.919419999999998
2.9170933333333307
2.809840000000001
2.9166333333333347
2.9023333333333348
2.9919666666666664
3.066660000000003
3.0435266666666676
3.0313499999999984
2.948940000000001
2.8875800000000003
2.9263333333333366
2.937053333333336
2.979486666666669
2.945233333333332
2.9416066666666665
2.948473333333334
3.018219999999998
2.9672599999999987
2.810866666666668
3.07574
3.0390933333333354
3.0335866666666664
3.0670733333333344
3.0040999999999984
2.8071600000000005
2.9057066666666675
2.8457066666666675
2.893546666666668
3.0153666666666687
2.8943599999999985
3.0164533333333314
2.8494866666666656
2.846640000000002
2.614606666666665
3.035846666666666
2.907133333333333
3.0258533333333344
2.9331000000000005
2.9970666666666665
3.1370333333333336
3.1615466666666667
2.7039933333333335
2.8330666666666695
3.055739999999999
3.141553333333334
3.143800000000001
3.158020000000001
3.1419199999999994
3.0994333333333346
2.912526666666665
3.132966666666668
2.8707066666666656
2.9475999999999978
3.0479399999999996
2.980326666666668
3.116793333333334
3.0444066666666667
3.026246666666669
3.016093333333335
3.077806666666669
3.1226133333333337
3.1412400000000003
3.130586666666665
3.1560200000000007
3.102826666666667
3.1382533333333327
2.989306666666667
3.0826266666666675
3.1343266666666665
2.959786666666667
2.943106666666668
2.687299999999999
2.838359999999998
3.1566266666666665
2.905173333333334
2.9903133333333307
3.035873333333333
3.146460000000001
3.0169133333333336
2.9122799999999995
2.8564933333333307
2.8191866666666683
3.041986666666666
3.121613333333331
3.100959999999999
3.141346666666667
2.97192
3.123950877192981
2.9074399999999985
2.8722599999999976
3.0142333333333333
3.026533333333335
2.910979999999999
2.98396
3.143680000000001
2.8119533333333306
2.836173333333333
3.0262866666666675
3.1592857142857134
3.083533333333337
2.773566666666666
3.1360133333333358
3.0536866666666698
2.855593333333333
3.0432333333333346
3.1639400000000024
2.984146666666669
3.1569400000000023
3.1712400000000014
2.89974
2.6950933333333325
2.6768199999999998
2.7678787878787876
2.7544066666666667
2.873700000000002
2.941380000000001
2.9326066666666692
2.654779999999999
2.8555799999999993
3.1484600000000014
2.916606666666669
3.136971193415638
2.8292666666666664
3.1555266666666686
3.0201200000000012
2.9896799999999994
2.771793333333333
3.1735666666666686
2.9403
2.5135333333333323
2.680259999999998
2.8164
2.83
2.863193333333334
2.7075400000000007
2.960373333333334
3.1504933333333325
2.919980000000002
3.1026600000000015
3.1692266666666686
3.0068266666666683
2.9759400000000005
2.6555999999999966
3.1535733333333344
2.9617666666666658
2.8536599999999996
2.822580000000002
3.0516666666666663
2.7312733333333314
3.0878999999999994
2.7823066666666665
2.860180000000001
2.7726666666666673
2.8915733333333344
2.9935733333333343
2.8251986531986537
2.9713066666666674
2.981633333333335
3.0725399999999996
2.7982133333333365
2.8182400000000007
2.470536082474224
3.1049158249158237
3.141363636363635
2.7889023569023585
3.091846666666667
2.836373333333335
3.0062666666666673
3.045153333333335
2.8814933333333324
3.1376399999999984
3.031593333333333
2.9351199999999973
3.1148333333333356
2.856753333333334
3.0186466666666676
2.825346666666667
2.9021266666666667
3.0456399999999997
2.855619999999999
2.803800000000002
2.8284866666666684
2.691586666666668
2.9028866666666717
2.8356733333333337
2.6580975609756106
2.8235400000000004
3.0166066666666667
3.000339999999998
2.675833333333332
3.0512600000000005
2.9545866666666676
2.811813333333332
2.9992800000000015
2.958020000000001
3.018453333333333
2.840326666666667
3.130873333333335
3.1479375000000007
2.6267533333333324
2.7682199999999995
3.0528266666666664
2.8552799999999996
2.895293333333333
3.115266666666669
2.8833466666666663
3.1027216494845353
3.170013333333334
3.0937533333333334
2.955420000000002
2.786566666666668
3.1425869565217397
2.8813999999999993
2.9490999999999996
2.875233333333332
2.948760000000002
2.9424533333333294
2.736266666666665
3.1588541666666674
2.9863133333333325
2.9837533333333335
2.9570800000000004
3.010746666666668
2.8854266666666666
2.642046666666665
2.993433333333334
3.1309466666666674
3.062906666666666
2.7965333333333326
3.059046666666668
2.9700599999999997
3.0324066666666663
2.9566066666666666
3.058153333333333
3.01454
3.0294800000000004
2.863093333333331
2.891873333333335
3.1288866666666655
3.135488215488216
3.1436222222222234
2.806353333333334
2.970446666666665
2.8733866666666668
2.9439799999999985
2.8188799999999987
2.700733333333332
3.062373333333335
2.574
2.9660066666666687
2.991566666666665
3.076746666666667
2.946606666666666
2.9543666666666666
2.893440000000001
2.970779999999999
2.8553399999999987
3.0009466666666658
2.7367000000000004
2.9370933333333324
2.758746666666666
2.963686666666664
3.0001533333333352
2.6286266666666656
2.9322733333333333
2.935526666666666
2.900926666666665
2.7686399999999995
2.9576866666666666
2.906433333333333
2.7701490196078433
2.706139999999999
2.857993333333332
2.707853333333332
2.6455466666666654
3.0965599999999993
2.733593333333332
2.8495533333333314
3.0903133333333335
2.6958999999999986
2.9391999999999996
2.644026666666667
3.0418466666666673
3.0093666666666667
2.9598666666666644
2.7883266666666655
2.682986666666666
3.121560439560437
3.0506333333333315
3.01788
2.7772133333333313
2.793326666666666
2.957693333333332
2.925579999999999
2.9492599999999993
3.0636533333333347
2.930459999999999
3.1578266666666686
3.0597066666666652
3.055473333333332
2.73258
2.8673399999999987
2.7937266666666654
2.8852266666666657
2.917193333333332
3.1438533333333334
3.1592517006802745
3.0338000000000007
3.0252266666666667
3.0773
3.056560000000002
3.0674466666666653
2.97618
3.1562466666666666
3.0244199999999983
3.0802400000000008
2.9840733333333316
3.084433333333334
3.0245333333333324
2.8721733333333335
3.165313333333334
2.870466666666665
2.9576866666666666
2.857024561403509
3.1251533333333326
2.95818
2.9378866666666656
3.0657608695652168
3.000566666666667
2.934893333333333
3.125605633802817
3.1053092369477904
2.9492866666666657
3.0084933333333317
3.152346666666668
2.9585666666666643
2.9574266666666666
3.1515400000000025
3.1457575757575764
2.694706666666666
3.0766266666666677
3.0753733333333337
3.138119999999998
3.0103933333333326
3.0095066666666654
2.90504
2.8488599999999997
2.73608
2.934619999999997
2.893319999999999
2.691899999999998
2.8035666666666663
2.9591333333333334
3.029659999999999
3.029693333333334
2.7080399999999996
2.8387599999999993
3.0005266666666675
3.1491266666666666
3.1477200000000005
2.878986666666666
2.6556333333333315
3.024180000000001
2.86628666666667
2.8788466666666674
3.097960000000001
3.0730266666666695
3.072373333333333
3.070586666666665
3.117846666666667
2.76642
2.9032066666666676
3.040000000000002
3.208659863945579
2.9223933333333356
2.9155466666666676
3.104506666666665
2.781753333333334
2.757453333333332
2.878759999999998
2.7443599999999986
2.846799999999999
2.6493933333333333
2.9354533333333332
2.80464
3.065320000000001
2.929613333333332
2.9968866666666667
3.0273933333333325
2.771206666666667
2.900513333333332
2.906433333333335
2.925393333333335
2.853873333333332
2.960546666666667
2.8477666666666663
3.0740666666666665
2.672606666666665
2.8399599999999974
3.0527651515151515
3.109106666666668
3.023579999999998
2.738926666666666
2.8566266666666666
2.9834666666666663
2.903185185185185
2.723046666666666
2.996413333333331
3.0461800000000014
3.17604666666667
2.9195733333333336
2.8377
2.786040000000002
2.9753824561403515
2.712346938775511
2.7671199999999994
2.7729599999999976
3.064960000000003
2.8734399999999987
2.9096600000000006
3.050326666666666
2.900626666666666
2.954766666666667
2.9315799999999985
2.868066666666668
2.7537066666666665
3.12546
3.0140266666666684
2.7288533333333334
2.9327333333333336
2.855013333333334
2.7357400000000007
2.8631333333333346
3.042140000000002
2.8482399999999983
2.957320000000002
2.974806666666664
3.062786666666666
2.8857466666666647
2.900800000000001
2.8627800000000008
3.141260000000002
2.6436200000000003
3.0583533333333333
2.830059999999999
3.1327892720306507
2.8048
2.8208800000000007
2.9940733333333327
3.034926666666667
2.8109066666666696
2.918713333333335
3.0548733333333336
2.848026666666666
2.858586666666667
3.070193333333334
2.833626666666666
3.14378
2.9349266666666693
3.0615666666666677
3.1598266666666683
3.2024000000000017
2.9299800000000005
3.1538266666666677
3.070733333333333
3.123999999999999
3.0889333333333338
3.1178133333333333
3.064739999999999
2.8143866666666675
2.787786666666668
2.8973466666666683
3.024006666666669
2.8558333333333352
2.744513333333334
2.9374399999999996
3.148117117117117
2.8512466666666687
2.825166666666667
3.0440866666666664
2.7054666666666667
2.632149019607841
2.4918333333333336
2.8429851851851846
2.591593333333333
3.1497122807017575
3.169355311355312
3.136640000000002
2.822366666666667
2.947433333333334
2.691717171717171
2.7626933333333317
2.750326666666668
2.981786666666666
2.7679319727891163
2.7228533333333327
2.756486666666668
2.959853333333334
2.9304266666666687
2.901873333333334
2.574933333333332
2.573746666666667
2.7201666666666675
2.9311066666666674
2.724473333333334
3.1230574712643686
2.5110266666666674
2.879453333333333
2.617659999999999
2.7334466666666657
2.496599999999999
2.8779933333333334
2.717999999999998
2.866179999999998
2.911793333333333
2.7254999999999994
2.7962000000000002
2.9544066666666673
2.998380000000001
2.8350466666666665
2.7204983164983174
2.6255999999999995
2.716806666666667
2.80338
2.6872371134020634
2.8157000000000005
2.9431133333333332
2.7912933333333347
2.7173266666666653
2.7952000000000004
2.9863133333333316
2.6097599999999987
2.4830136054421765
2.6651533333333357
2.755006666666667
2.8335066666666653
2.539326666666665
2.701906666666667
2.4735681818181794
2.2965066666666676
2.7556066666666688
2.69402
2.830926666666669
2.5136933333333307
2.7387800000000015
2.5139461279461286
2.685373333333333
2.854406666666669
2.6991733333333343
2.871386666666666
2.593793333333333
2.9446266666666663
2.849366666666668
2.5658333333333325
2.7721400000000007
2.98334
2.611060000000001
2.8394666666666666
2.555126666666665
2.829366666666665
2.8889933333333344
3.017306666666666
2.8870133333333325
2.8770599999999997
2.896573333333332
2.881360000000002
2.6719399999999998
2.841273333333332
2.8016200000000024
2.504753333333331
2.8032933333333347
2.5660533333333335
2.759553333333335
2.8611972789115656
2.7045964912280724
2.8037333333333327
2.7126200000000007
2.813406666666667
2.9442733333333346
2.6992933333333355
2.7639533333333355
2.6505000000000005
2.752180000000001
3.054602150537633
2.994413333333335
2.6591266666666677
3.032600000000001
2.755120000000001
2.7239400000000007
2.854153333333335
2.7454799999999993
2.700373333333334
2.8710533333333332
2.8772600000000006
2.925534722222222
2.7521066666666667
2.9315733333333314
2.8394866666666663
2.604453608247422
2.2003232323232322
2.7100066666666685
2.660306666666666
2.5961224489795924
2.932319999999998
2.8772466666666663
2.772319999999998
2.9036800000000005
3.0861933333333336
2.9682466666666674
2.9404866666666694
2.8195066666666673
2.786306666666667
2.994446666666667
3.0288466666666705
2.8087866666666685
3.1184866666666666
2.8410733333333336
3.010446666666669
3.047740000000002
2.9463199999999996
2.8782000000000005
2.8398199999999996
2.888020000000001
2.825000000000001
2.8057666666666687
2.7623466666666685
2.8679599999999987
2.811973333333333
2.7998199999999995
2.838353333333332
2.7768933333333337
2.7956600000000003
2.713656357388317
2.9445133333333326
2.787353333333334
2.788980000000002
3.012866666666669
3.0144333333333355
3.087220000000002
3.0467666666666675
3.133733333333334
2.9149133333333337
2.7177266666666666
2.6115100401606415
2.8484733333333345
2.8212266666666683
2.727093333333335
2.7951066666666673
2.5601266666666658
2.6073265993266
2.893539999999999
2.851566666666666
2.9409858156028372
2.794760000000002
2.824760000000002
2.879693333333336
3.01634
2.8719133333333353
2.8936333333333324
2.748906666666668
2.9359533333333347
3.02744
2.899133333333337
2.971160000000001
2.886866666666667
2.9842266666666677
2.9742066666666704
3.006813333333334
3.0493666666666677
2.934499999999998
2.916939999999998
2.9940066666666674
2.8602399999999992
2.958646666666668
3.0678800000000006
2.798046666666667
2.9406466666666664
3.085026819923375
2.9859266666666686
2.83464
3.1050866666666677
3.012539999999999
3.21600888888889
2.820220000000001
2.76596
2.90280666666667
2.8289333333333344
2.609526666666667
2.9990933333333323
2.98046
2.876113333333335
2.842106666666666
2.9360866666666667
2.8640400000000006
2.926413333333335
2.8524800000000017
2.9792200000000006
2.9426600000000014
2.9328533333333353
3.009779999999999
2.81498
2.937606666666667
2.938733333333334
2.946780000000002
3.025273333333335
2.9902999999999995
2.7335400000000023
2.7435466666666666
2.999500000000001
2.722226666666667
2.731780000000001
2.8088999999999986
2.9010733333333354
3.025653333333332
3.091833333333334
3.1230733333333336
3.135119999999999
3.097793333333335
2.8723400000000017
2.780480000000001
2.879846666666667
2.912740000000004
2.956520000000001
3.0215666666666676
3.0121266666666675
2.990126666666666
3.0116999999999994
2.8300733333333334
3.054966666666666
3.0029866666666676
3.014486666666668
3.1070000000000007
2.9778333333333338
3.004695340501791
2.8814733333333336
2.6806866666666673
2.8588
2.878919999999999
2.9264266666666674
2.9271800000000003
2.5779266666666647
2.295617021276595
3.0226800000000025
3.0634133333333335
3.141326666666666
3.160106666666668
3.1063533333333346
3.151386666666667
3.1525666666666665
3.159493333333333
3.1622399999999997
3.1654799999999987
3.136066666666666
3.1706533333333335
3.099293333333333
2.9684199999999987
3.103406666666666
3.1819733333333313
3.173646666666664
3.16422
2.9494066666666687
3.164406666666666
3.1275866666666663
3.153766666666667
3.1560799999999993
3.165106666666667
3.164619999999998
3.056786666666666
3.1624
3.184399999999998
3.1795
3.169020000000001
3.111313333333332
3.0877199999999987
3.053286666666669
3.144726666666667
3.156646666666666
3.0421733333333334
3.098726666666667
2.963886666666667
3.1540799999999996
2.9396399999999994
3.0353266666666663
2.887906666666668
3.084246666666667
3.0170933333333316
2.9745066666666666
3.1345733333333334
3.086413333333332
2.922353333333334
2.9812066666666657
3.1586600000000002
2.9563266666666674
3.0703666666666662
3.060993333333333
2.909053333333333
3.174386666666666
2.9478266666666677
3.116986666666666
3.160933333333332
3.028653333333334
3.066046666666667
3.1430266666666666
2.9412666666666674
2.8854266666666666
2.893946666666668
2.8335266666666676
2.9003666666666668
2.848319999999999
2.9882466666666665
3.0071733333333355
3.0154133333333344
3.105626666666668
3.0469133333333347
3.0940533333333367
2.95202
3.0841666666666674
3.169006666666667
2.9958199999999975
3.1634066666666674
3.1656399999999976
3.159715555555555
3.1847326007326022
2.941486666666668
2.9735933333333344
2.983300000000002
2.9400933333333334
3.035426666666666
3.071053333333335
3.171666666666665
2.956246666666667
2.9777466666666665
2.8978333333333346
3.0646733333333342
2.8748799999999988
3.003686666666669
2.947919999999999
2.8883066666666677
2.987986666666666
2.959046666666668
2.9407133333333344
3.120620000000002
3.077946666666668
2.8107399999999996
2.7437933333333335
2.978506666666666
3.1266599999999998
2.922786666666667
2.889080000000001
3.067973333333333
2.952266666666667
2.973199999999999
3.1045866666666644
3.1544333333333325
2.956766666666667
2.888353333333334
2.867493333333335
2.8704666666666667
2.79278
2.947926666666669
3.032793333333333
2.8344533333333346
3.0469133333333334
3.116453333333332
3.088686666666667
3.0352199999999994
3.1369066666666674
2.9544933333333345
2.96194
3.002539999999999
3.0433533333333322
3.062926666666668
2.9781599999999986
2.850486666666667
3.0063133333333347
2.951986666666668
2.900973333333334
2.837506666666668
2.761913333333332
2.9855266666666678
3.009566666666668
3.0393866666666662
2.8992933333333366
2.9285600000000027
2.8420066666666655
3.092906666666667
3.004900000000002
3.1218866666666663
2.8630200000000006
2.9959399999999987
2.9705799999999987
3.109460000000001
3.001713333333334
3.084666666666667
2.8770666666666678
3.007200000000001
3.0305066666666662
3.124626666666667
3.035933333333332
2.9912000000000005
2.9982066666666674
2.867039999999999
3.075966666666669
2.9022333333333323
2.9584400000000004
2.938073333333335
3.0057533333333337
2.98106
2.959099999999999
2.960213333333334
2.916233333333334
2.9655933333333335
2.9327066666666677
2.9969000000000006
2.9142666666666663
3.163300411522635
3.0369247311827983
3.05446
2.9600466666666647
3.0196866666666695
3.0597533333333335
3.0535133333333317
2.94712
3.023133333333334
2.836266666666668
2.929826666666668
3.069539999999999
3.036546666666668
2.8861000000000017
2.971626666666669
2.900066666666667
3.074413333333332
2.9175999999999993
2.8022466666666683
2.9064800000000006
2.980913333333333
3.014233333333333
2.784013333333336
2.776833333333333
2.956560000000002
3.0920866666666678
2.9950200000000007
2.9111066666666674
3.0148733333333344
2.8982222222222207
2.9165138888888884
2.9184600000000005
2.8749133333333345
2.9022866666666682
2.8156
2.8131800000000013
2.9063866666666702
2.895973333333333
2.8783133333333346
2.8911800000000016
3.0690399999999993
3.014339999999999
2.953260000000003
2.9898066666666665
3.12706
2.9048200000000013
2.9695266666666673
2.9560600000000004
2.8128666666666664
2.8776266666666657
3.0789799999999996
2.8596733333333346
3.0075466666666673
3.069139999999998
2.939320000000003
3.022313333333333
3.009013333333333
2.8873533333333326
2.7550600000000016
2.8455466666666673
2.876666666666667
2.884226666666667
2.772053333333334
2.9797266666666684
2.9106933333333336
3.0507466666666683
2.9071733333333363
3.0631933333333343
2.9249333333333327
3.0464333333333338
2.9140066666666673
2.9474266666666695
2.825340000000001
2.861859999999999
2.7634466666666655
2.7003866666666685
2.886866666666667
2.916366666666666
2.84474
2.9395600000000006
2.668039999999999
2.894319999999999
3.13064
3.147693333333336
2.885806666666667
3.108453333333336
3.0289333333333333
2.9946466666666676
3.0845266666666658
2.938213333333333
3.034433333333334
3.0382466666666677
3.0856266666666676
2.9780533333333348
2.941206666666665
2.9699733333333347
2.71652
2.949420000000002
3.120053333333334
2.9321333333333364
3.057486666666666
2.987679999999999
2.915906666666666
2.985546666666669
3.0657333333333314
2.9929466666666658
3.0554133333333353
2.5855138888888876
3.0113800000000026
3.009393333333335
2.9598266666666673
2.884646666666667
2.977426666666667
3.01216
3.0040199999999997
3.0808666666666658
3.008606666666669
2.967839999999999
3.048766666666667
2.9052466666666676
3.127786666666666
2.7687199999999996
2.81576
3.1181733333333317
2.9919800000000003
3.149020000000003
3.068053333333334
3.0610800000000005
2.9803200000000016
3.0370466666666673
2.928833333333334
3.0833000000000004
2.9359000000000015
2.8458400000000013
2.9144533333333333
2.886767676767679
2.945846666666668
2.9638799999999996
3.043140000000002
2.879620000000001
2.961146666666667
3.0789733333333347
3.153173333333333
3.0674266666666665
2.9640666666666675
3.0034666666666663
2.9564625850340156
2.7685933333333343
2.8965666666666685
2.953853333333335
2.890653333333334
2.792800000000001
2.9706066666666686
3.008913333333335
2.9356866666666694
2.7783533333333335
2.929040000000002
2.8742199999999998
2.9555666666666673
2.934006666666667
2.9323066666666695
2.9400466666666665
2.9087199999999984
3.164587813620072
3.119271794871794
3.0376066666666683
3.1532200000000006
3.080766666666668
3.0245800000000007
3.166119999999999
2.9727400000000004
2.986466666666667
2.876046666666667
2.956573333333334
3.0932666666666675
2.9200466666666665
3.102186666666667
3.0332800000000013
3.019513333333334
2.7470399999999997
3.0506666666666673
3.0496733333333363
3.003886666666669
3.0275733333333337
3.1208599999999995
3.0394200000000007
2.986846666666667
2.990540000000001
2.9561266666666683
2.9815466666666692
2.8870399999999994
2.7567266666666668
2.8947933333333338
2.790766666666668
2.988953333333334
2.8498800000000015
2.902179999999999
2.9649400000000012
2.84822
3.1328266666666673
2.9180933333333328
2.899780000000001
2.905580000000001
2.746066666666666
2.9337999999999993
2.8031133333333327
2.933573333333332
2.7882733333333327
2.8960333333333357
2.8746799999999997
2.911013333333335
2.8404866666666675
2.9178200000000003
2.903120000000003
2.8760066666666675
3.0637441077441085
2.9890666666666657
3.0431933333333334
3.1161733333333346
3.0359333333333343
2.852360000000001
3.0371600000000014
2.8593066666666673
3.0420400000000014
2.8480733333333363
2.8619066666666684
3.001460000000001
2.869273333333336
3.008420000000001
2.9666666666666672
2.946326666666664
2.8870000000000005
3.0089933333333345
2.9413466666666683
2.9838466666666665
2.9522666666666684
3.0125199999999994
2.946440000000004
3.0502066666666665
2.982273333333332
3.095606666666667
3.082780000000001
2.8812333333333338
2.9405666666666685
3.0106199999999994
3.102219999999999
2.9000200000000014
3.017339999999999
2.9627666666666674
2.980526666666667
3.0052799999999995
2.8576799999999993
2.8521533333333338
2.9241133333333345
2.9159133333333345
2.824073333333335
2.9637866666666683
2.82924
2.8183933333333346
2.912993333333334
2.89668
2.9950133333333326
2.9020866666666647
3.1177933333333323
2.987919999999999
3.0224400000000027
3.0503266666666673
3.038560000000002
2.9353200000000004
2.954300000000001
2.961406666666667
3.047733333333334
2.9119066666666673
2.944146666666668
2.8516133333333333
2.7990666666666657
2.9118400000000015
2.929753333333332
2.918380000000001
2.8684133333333337
2.9057666666666684
3.0332066666666644
2.9236533333333337
2.8583866666666653
2.9055599999999986
2.8241599999999987
2.8032066666666666
3.0336799999999986
2.799666666666665
2.838206666666667
2.8790799999999983
2.809733333333331
2.844573333333331
2.9539666666666644
2.8802933333333325
2.9695466666666652
2.9912199999999984
3.1141266666666665
3.091286666666667
2.8648333333333307
3.0097066666666676
3.170673333333332
3.1780066666666658
3.137573333333333
3.074219999999998
3.059799999999999
2.969493333333334
3.0181933333333326
2.948433333333332
3.0430599999999997
2.976493333333334
2.9254600000000015
3.076259999999999
3.092773333333333
3.0664533333333344
3.1733999999999987
3.1170866666666677
3.136126666666667
3.0647
3.0818066666666675
3.166446666666668
3.0374600000000003
2.946653333333334
2.848013333333333
3.0515399999999984
3.004046666666665
3.1031666666666653
2.988006666666667
3.0254933333333325
3.1421666666666646
3.126766666666667
2.88928
2.9030200000000006
2.9378866666666674
2.935579999999998
3.048666666666665
3.0169666666666655
3.097579999999999
2.9203733333333326
3.081106666666666
3.0379666666666663
3.144973333333334
2.731093333333334
3.1531466666666663
3.0708133333333323
2.928006666666667
3.0497799999999997
2.9728599999999976
2.9401199999999985
2.9431666666666674
3.1655266666666684
2.9642199999999996
3.0573399999999986
3.084846666666666
3.131220000000001
3.0674666666666677
2.9703466666666647
3.183373333333332
3.1180999999999996
3.025306666666664
2.8843266666666665
3.1399666666666666
3.114426666666668
2.8953133333333323
2.910413333333332
2.9206600000000007
3.0807866666666657
2.9700733333333322
3.1268133333333363
2.9763800000000007
3.1173866666666665
3.081706666666666
3.0990533333333325
3.0435933333333343
3.067086666666667
2.982533333333334
2.919299999999999
3.0338200000000013
2.8897933333333325
3.0593533333333354
2.967339999999999
2.943059999999999
2.897106666666664
3.098466666666667
3.109938144329898
3.141566666666666
3.0177866666666686
3.1467066666666677
3.1580843881856535
3.1089629629629623
2.944393333333335
2.9935866666666686
2.90652666666667
2.9370866666666675
2.894146666666667
2.861620000000002
2.9174000000000024
2.8508133333333334
2.9839400000000005
2.8501400000000015
2.7644933333333346
2.8380800000000006
3.13936
3.1580224719101113
3.1603466666666655
3.168126582278481
3.146246666666666
3.1008133333333334
3.185566666666667
3.167933333333334
3.160733333333334
3.130513333333334
3.178513333333333
2.7814930555555564
2.7726802721088455
2.7865999999999995
2.820286666666667
3.07358
3.0936866666666676
3.0693666666666672
2.84656
2.7760066666666683
2.7534625850340135
2.9055266666666655
2.9643533333333316
2.9925799999999985
3.1552066666666674
3.1853399999999987
3.003326666666668
3.0905066666666676
3.082706666666668
3.1449000000000003
2.869353333333334
3.0848866666666663
3.175698924731184
3.1778933333333352
3.1011999999999995
3.104006666666666
3.1963999999999997
3.152906666666668
3.1604800000000006
3.1479933333333325
3.083320000000002
3.134893333333334
3.1716666666666686
3.179666666666666
3.005706666666667
3.084106666666667
3.1822133333333333
3.2042533333333343
3.1687133333333346
3.1224666666666696
3.0772866666666663
3.05334
3.0877933333333316
3.1444733333333335
3.158066666666666
3.120953333333335
3.049859999999999
3.093026666666665
3.0961866666666693
3.1305533333333333
2.9751733333333332
2.9493866666666655
2.816632653061224
2.931159722222224
2.7841754385964914
2.8428652482269507
3.093360000000002
3.1267866666666686
2.9840999999999993
3.160966666666667
3.173273333333334
3.085966666666666
3.1542866666666676
3.1629466666666657
3.16564
2.939626666666667
3.192473333333333
3.138986666666666
3.09082
3.16058
3.092276094276095
3.009753333333334
3.0255266666666683
3.1253733333333344
3.16614
2.8893666666666666
3.176059999999999
3.180106666666666
3.17206
3.181906666666668
3.172313333333331
3.1525066666666675
3.1852733333333334
3.1476666666666673
3.1693200000000004
3.164133333333333
3.193274074074075
3.173186666666666
3.1607200000000004
3.173206666666667
3.193673333333332
3.191302325581396
3.181366666666668
3.1636333333333333
3.174402777777779
3.1546000000000003
3.188106666666667
3.0795400000000006
3.1736933333333344
3.1186200000000026
3.129993333333337
3.1058399999999993
3.0582733333333336
3.163526666666667
3.1729533333333335
3.1384266666666663
3.0674599999999996
3.104719999999998
3.188593333333334
3.1760600000000005
3.1410533333333337
3.1722866666666643
2.9143466666666664
2.9554799999999988
3.097039999999997
2.899353333333333
2.7258148148148136
2.71044696969697
3.0660333333333334
3.169019999999999
2.911346666666667
3.1546799999999995
3.046020000000001
3.1428733333333323
3.1590599999999993
3.1836866666666674
3.163119999999999
3.18792
3.1828133333333346
3.192726666666667
3.188233333333332
3.1635333333333353
3.1861199999999967
3.076066666666668
3.058121212121213
3.1657399999999982
3.14432
3.1669266666666673
3.0725199999999995
3.1197266666666663
3.162926666666665
3.156986666666665
2.8965066666666655
3.0869999999999975
2.9756200000000006
3.0985000000000014
3.1306666666666656
2.7538611111111115
2.658726666666667
2.6619133333333345
2.901320000000001
3.0688333333333344
3.1640066666666677
3.1153333333333326
3.161426666666667
2.992993333333333
2.9285866666666682
3.0078799999999983
3.04442
2.9401666666666637
3.1490866666666673
3.1766599999999987
3.1593466666666647
2.9957199999999995
2.852033333333332
2.847006666666667
3.0312411347517725
2.920585858585858
3.0548472222222203
3.170626666666668
2.9955733333333336
2.7569733333333333
3.1612133333333357
3.1700333333333344
2.931873333333333
2.9590733333333348
3.079846666666667
3.005853333333335
3.1433400000000002
2.799480000000001
3.1206066666666685
3.0669084249084246
3.0751254480286723
2.906239999999999
3.1960066666666673
3.1238200000000007
3.0805000000000002
3.1845066666666666
3.1499466666666662
3.12578
3.113613333333333
3.0147199999999996
3.164000000000001
3.188086666666666
3.1739466666666676
3.1765333333333348
3.1740533333333345
2.921999999999999
3.165326666666666
3.154766666666668
3.1377266666666674
3.16824
3.0369999999999995
3.135366666666667
3.1040733333333357
2.9502800000000002
3.0689600000000006
3.114673333333334
3.1317600000000003
3.053686666666668
2.978846666666667
2.9086133333333333
3.143206666666668
3.1566999999999994
3.0894066666666675
2.9200066666666693
2.6225833333333326
3.133099999999999
3.168333333333335
2.9817266666666655
3.1778866666666645
3.1863466666666658
3.105493333333336
3.0386333333333324
3.1223666666666685
3.0947466666666674
3.179206666666667
3.048039999999999
3.183373333333333
3.0940866666666653
3.0600266666666687
3.095219999999998
3.174486666666667
3.16606
2.9917933333333324
2.916120000000002
3.106926666666669
3.0696533333333345
3.1137333333333332
3.1595599999999995
3.1462599999999994
3.016926666666667
3.1646666666666685
3.148513333333333
3.158126666666666
3.121275362318842
3.1792800000000003
3.0428466666666676
3.1126466666666674
3.0862999999999996
3.1447466666666686
3.1426866666666666
3.162220000000001
3.1591866666666677
3.163619999999999
3.1697866666666665
3.129906666666667
3.1553066666666663
3.1480866666666687
3.0632933333333336
3.161559999999998
3.1247733333333336
3.1175999999999986
3.140519999999999
3.1641400000000006
3.035406666666666
3.0370199999999996
3.032626666666666
2.996600000000001
3.0353400000000006
3.0728999999999984
3.120233333333332
2.9282466666666647
2.9650600000000007
3.035199999999999
3.1153866666666663
3.142713333333335
3.1624066666666675
3.1105000000000005
3.1408000000000005
2.8765199999999997
3.1727066666666666
3.1459199999999994
3.049313333333335
3.163993333333333
2.9650000000000016
3.148840000000001
3.128593333333334
3.1171733333333327
3.1558600000000006
3.1049733333333323
3.0445400000000005
3.138680555555556
3.085813333333334
2.936353333333333
3.1561666666666643
2.990853333333334
3.113526666666668
3.161713333333334
3.1688266666666673
3.1678200000000007
3.1632466666666677
3.1916266666666657
3.1677066666666662
3.0660533333333344
3.1876399999999996
3.136313333333332
3.1683799999999978
3.1606399999999986
3.159586666666666
3.1882333333333333
2.988099999999999
2.6724631578947355
3.102920000000001
3.1386066666666688
3.142193333333333
3.145186666666667
3.1785266666666674
3.1565199999999987
3.1721733333333346
3.1304933333333334
3.1641466666666678
2.824499999999999
2.8732666666666673
3.040400000000001
3.1204066666666677
3.1450666666666676
3.021097643097644
3.0213133333333326
3.071246666666666
3.0481466666666654
2.994253333333331
3.152553333333334
3.116153333333334
3.0883999999999974
2.9447466666666666
3.0499333333333336
3.1720066666666678
3.1104933333333333
3.0445266666666657
3.007953333333335
3.14622
2.8539533333333322
2.855606666666666
3.14036
3.1746666666666647
3.131246666666668
2.994486666666666
2.9387266666666654
3.178166666666669
3.1516599999999992
2.9713333333333325
3.104100000000001
2.9846799999999996
3.1079400000000006
3.177446666666667
2.896086666666666
3.1731333333333342
3.0936466666666673
3.1767399999999997
3.172413333333333
3.1423800000000006
3.180633333333333
3.0250466666666664
3.196486666666668
3.123519999999998
3.1138466666666678
3.096021052631581
3.186486666666669
3.1740533333333345
3.169350649350649
3.148526666666667
3.143239999999999
3.108306666666668
3.185306666666666
3.158826666666668
3.165080000000001
2.9589333333333325
3.121693333333334
2.940239999999997
3.1150066666666665
2.987073333333332
3.1065733333333343
3.046099999999999
3.173139999999999
3.1389533333333333
3.072426666666668
3.170566666666665
3.0343533333333346
3.1060333333333343
3.203986666666667
2.954273333333333
3.0023399999999993
3.1300266666666685
3.1774400000000003
3.125046666666669
3.025760000000001
3.128380000000001
3.149933333333333
3.1755200000000015
3.172553333333334
3.1448866666666664
3.16088666666667
3.1564066666666672
3.15484666666667
3.0304266666666653
3.0261533333333337
3.0429600000000003
3.19542
3.080173333333334
3.116266666666667
3.14976
3.1626333333333356
3.1728800000000006
2.82998
3.1450866666666677
3.165599999999999
3.1774466666666688
3.1525238095238106
3.1589078014184406
3.1143599999999996
3.096086666666669
3.1305799999999993
2.9341466666666696
3.0049866666666687
3.0080333333333344
3.1445799999999995
3.1253933333333337
3.163600000000002
3.1328466666666674
3.1639533333333336
3.16228
3.149073333333334
2.9627933333333356
3.0227733333333333
3.05244
3.058673333333335
3.1691333333333365
3.0503933333333326
3.041706666666668
3.0468266666666675
3.03594
3.1530066666666663
3.182386666666668
3.159960000000002
3.181659999999999
3.1557866666666685
3.1393866666666663
3.165873333333333
3.119606666666668
2.9695
3.103073333333333
3.175166666666669
3.164906666666667
3.1398066666666695
3.206146666666669
3.1924266666666683
3.021613333333335
3.1088133333333348
3.18172666666667
3.17544
3.1365
3.1743733333333366
3.1549866666666695
3.1683666666666683
3.0415399999999995
3.0456200000000013
3.166406666666669
3.026393333333337
2.932846666666667
3.107440000000002
3.107426666666667
3.095293333333335
3.1118466666666684
3.1541333333333346
3.056586666666666
3.093973333333336
3.131246666666667
3.1096066666666684
3.1603799999999995
3.1608733333333334
3.117866666666667
3.119386666666668
3.180460000000001
3.1779933333333337
3.054573333333335
3.1821399999999995
3.1838733333333353
3.191073333333335
3.175293333333333
3.163133333333334
3.192066666666671
3.166453333333334
3.1809800000000013
3.175413333333334
3.171946666666668
3.180513333333332
3.1140066666666684
3.159446666666669
3.125506666666667
3.0417933333333327
3.159193333333334
3.1463133333333344
3.174166666666668
3.1378866666666663
3.170513333333336
3.1174866666666663
3.150513333333334
3.1611133333333368
3.0258466666666664
3.150086666666669
3.131766666666668
3.1073333333333357
3.0951799999999974
3.069973333333335
3.1020000000000016
3.065300000000001
3.1059266666666705
2.9134866666666683
2.9698533333333326
3.0467000000000013
3.162566666666667
3.0565333333333355
3.173660000000001
3.1208400000000007
3.1382133333333355
3.1706400000000006
3.1525600000000003
3.1595400000000007
3.121200000000002
3.1011200000000003
3.15292666666667
2.955660000000001
3.1104600000000007
3.1654666666666667
2.8708866666666673
2.904406666666668
3.0889466666666676
3.0890466666666665
3.1705
3.057166666666668
3.1117133333333316
3.16608
3.0334933333333356
3.059600000000001
3.0659800000000006
3.036619999999999
3.0371066666666677
3.1099200000000007
3.002880000000002
3.019393333333337
3.0684733333333334
3.0917000000000026
3.013139999999998
3.138746666666667
3.1403933333333343
3.168953333333333
3.1039066666666684
3.1035400000000006
3.00554
3.1015
3.0786466666666676
3.0175666666666685
2.885873333333335
2.9699600000000004
2.9053600000000017
3.1269933333333317
3.1492266666666664
3.14432
3.1776266666666664
3.1553866666666637
3.14692
3.136546666666668
3.0386133333333323
3.082853333333334
3.0953066666666675
2.9922133333333365
3.1284466666666675
3.1639800000000005
3.175033333333332
3.053086666666668
3.1636466666666685
3.1088866666666686
3.143540000000001
3.118326666666671
3.160806666666667
2.8959795918367335
2.998826666666667
3.097093333333335
2.9348866666666655
3.134286666666666
3.013353333333334
3.000186666666668
3.113366666666667
3.106239999999998
3.1719999999999997
3.122240000000001
3.0700400000000005
3.0309733333333355
3.0558666666666663
2.981493333333334
2.9483800000000047
3.0906600000000037
3.158993333333334
3.106413333333334
3.088920000000001
3.169673333333333
3.11572
3.0510266666666657
3.146873333333336
3.158320000000002
3.1562466666666684
2.8030648148148156
3.1703666666666677
3.038793333333333
3.1824533333333322
3.1798599999999992
3.144926666666667
3.15298
3.1033599999999995
3.1827400000000017
3.174153333333334
3.2164666666666673
3.0240800000000023
3.0866600000000006
3.1547133333333335
3.089373333333334
3.122506666666668
3.184600000000002
3.1571599999999993
3.151153333333332
3.0889199999999994
3.0938999999999997
3.114386666666667
3.0273400000000015
3.0604199999999997
3.144006666666668
2.9190199999999993
2.9784533333333347
2.93692
3.0244133333333343
3.0027466666666656
3.141053333333332
2.9431733333333323
2.8909600000000024
2.858040000000001
2.93392666666667
2.930313333333333
2.980220000000001
2.92316
2.9989399999999993
3.1471666666666653
2.9943333333333326
3.073880000000001
3.0486266666666677
2.9576333333333324
2.9360333333333335
3.1008000000000013
3.1378333333333326
3.070933333333333
3.126573333333334
3.097299999999998
3.0324066666666676
3.1604266666666674
3.084237037037037
2.962866666666665
3.0778200000000004
3.1017133333333335
3.178356902356901
3.1438754578754584
2.9849157509157522
3.022480000000001
3.17064
3.1577733333333327
3.10364
3.1682200000000007
3.0503533333333333
3.1777466666666663
3.0663866666666677
3.098226666666667
3.0547400000000016
3.1699266666666674
3.108266666666667
3.16486
3.0624866666666666
3.141319999999999
3.1653399999999987
3.1555066666666693
3.108260000000002
3.173140000000001
3.121362007168459
3.1761466666666656
3.1874299516908224
3.0084199999999996
3.1714
3.1661733333333313
3.1733266666666657
3.088679999999999
3.0622666666666665
3.1313599999999995
3.008313333333333
3.0737866666666673
3.12108
3.0019399999999994
3.1608533333333337
3.0484799999999983
3.143500000000001
3.0951600000000004
3.130713333333331
3.078153333333333
3.135913333333334
3.1017466666666693
3.132366666666666
3.161933333333335
3.1200266666666674
3.05308
2.882553333333334
2.999386666666668
3.007193333333336
2.8891266666666713
2.990366666666667
3.144140000000001
3.075940000000001
2.980473333333334
2.9822066666666665
3.110706666666667
3.183933333333334
2.893640000000001
2.956719999999999
2.9775533333333333
2.9812000000000007
3.1358999999999977
2.989126666666668
2.9592466666666684
2.9818571428571423
3.086793333333334
3.1425733333333334
3.157946666666666
3.1234420289855063
2.980826666666669
2.949400000000003
3.1639399999999993
3.0643866666666693
2.9985600000000012
3.01422
2.8917600000000006
2.8141666666666687
3.0018466666666668
3.051933333333334
2.941700000000001
3.131613333333332
3.1082466666666666
3.017080000000001
2.994233333333337
2.941346666666667
3.0040866666666677
3.1124599999999987
3.0055199999999997
2.888166666666666
2.933856630824372
3.1021333333333354
3.078593333333333
2.969019999999999
3.0259466666666643
3.0885799999999994
3.0517066666666675
2.855399999999999
3.0881800000000017
3.0689800000000007
2.9804399999999998
2.9572466666666655
3.1273
3.0883133333333346
3.0789000000000004
2.972113333333334
3.133648745519713
3.0955933333333343
3.122266666666667
2.74372
3.1197142857142866
3.1277466666666665
3.0327400000000013
3.0625133333333348
3.13132
2.899040000000001
3.0161533333333335
3.054828070175439
3.0454866666666676
2.987540000000001
3.1283466666666686
3.1697133333333327
3.0846800000000005
3.09804
3.1378529411764697
3.060940000000001
3.060986666666667
2.9683599999999997
3.0162666666666684
2.9957466666666694
2.9754666666666667
2.9432400000000007
3.1110066666666665
3.0738533333333327
3.054886666666667
3.0564400000000007
2.89488
2.9645933333333336
3.0587199999999997
3.1534000000000004
3.081873333333333
2.8130600000000006
3.1384599999999994
3.0992200000000008
3.0579666666666667
2.94476
2.992673333333335
3.071805555555557
3.0476066666666664
3.1314466666666663
3.0310666666666664
2.920326666666668
3.138873333333336
3.04348666666667
3.061886666666668
3.0775533333333325
3.0225933333333335
3.0768266666666646
2.972873333333334
2.891726666666666
2.962126666666668
3.100493333333334
3.150986666666667
3.112833333333334
3.092886666666666
3.202866666666667
3.1823299663299665
3.0585800000000005
3.1345533333333337
3.0309933333333343
3.0260133333333328
2.9391533333333344
2.99722
3.1598
2.9236333333333353
3.083613333333335
2.9543399999999997
3.023093333333334
3.174053333333335
3.043663299663301
3.1431666666666653
3.0631340206185556
3.039813333333333
3.070806666666667
3.0511282051282054
3.1864285714285714
3.18314
3.0670600000000015
3.1621799999999998
3.0164466666666665
3.1244015151515145
3.022100000000001
3.0890466666666656
2.890813333333333
2.7712244897959177
3.1614933333333344
3.2079866666666668
3.1190933333333315
3.18784
3.1793666666666645
3.102866666666667
2.99618
3.203893333333336
3.0733866666666656
3.010606666666667
2.7272666666666656
2.9565733333333357
3.030020000000001
3.0091266666666683
3.176113333333332
3.161120000000001
3.0748666666666664
2.9955402298850546
1.7585747126436784
3.1255599999999992
2.91834
2.8086866666666683
2.968113333333333
2.781273333333335
2.9805
3.0591600000000017
3.0989466666666705
2.921553333333335
3.1376933333333326
3.0558249158249167
2.9899513888888882
3.047980000000001
3.1565117845117854
3.1400846560846563
3.157653333333334
3.158658914728681
3.159866666666667
3.173866666666669
3.1674266666666666
3.1643733333333346
3.1632600000000024
3.1561400000000015
2.994193333333335
3.1173872053872063
3.140313333333334
3.0776066666666684
3.1877799999999996
3.17492
3.165013333333336
3.1333933333333324
3.1556
3.1838800000000003
3.1021333333333336
3.134166666666667
3.1917466666666687
3.0874000000000006
3.1237800000000004
3.1840000000000006
3.1412
3.099680000000002
3.0389200000000023
3.016873333333334
3.1663999999999994
3.0974066666666675
3.182506666666668
3.0799399999999997
3.1023533333333337
3.1733799999999985
3.169873333333332
3.0964266666666678
3.0873866666666676
3.0924866666666673
2.922306666666667
3.1814666666666667
3.1767466666666677
3.1530400000000003
3.0840866666666686
2.985686666666666
3.0113666666666665
3.1739933333333346
3.1291533333333343
3.0979200000000002
3.0995466666666665
3.0463199999999984
3.1967733333333337
3.0343866666666672
3.1656199999999988
3.2009333333333334
3.111660000000001
3.004053333333334
3.1768705882352934
2.8734933333333315
2.9339
2.912366666666668
2.8254133333333313
2.922166666666669
2.9204400000000006
2.837126666666665
2.82136
2.8223733333333314
2.803793333333332
2.7901200000000004
2.7839
2.838433333333333
2.850313333333334
2.919126666666666
2.8035999999999968
3.004386666666666
2.9300400000000026
3.0578933333333334
2.885366666666666
2.855146666666667
2.8779133333333347
2.8319333333333314
2.899153333333336
2.84448
2.779946666666668
2.8605466666666683
2.9489266666666696
2.997073333333334
2.9538133333333345
2.9661733333333316
2.7697933333333338
2.9587599999999976
2.9868066666666677
3.0535933333333345
2.9689933333333336
2.878679999999999
2.8973400000000002
2.805059999999999
2.841219999999998
3.01228
3.1001800000000013
2.8980266666666665
2.90124
2.954933333333334
2.9636466666666648
2.755353333333332
2.6602133333333318
2.6445925925925935
2.9403066666666677
2.867886666666665
3.076520000000002
2.8844666666666683
2.8349733333333353
2.9493799999999992
2.5793108614232203
2.8382333333333336
2.566653333333333
3.104580000000001
3.0031466666666677
2.9824466666666662
3.1841333333333357
3.0704666666666673
2.9560000000000017
3.1596666666666664
3.031560000000001
3.055447811447816
3.0068933333333354
3.0006666666666666
2.9811066666666686
3.0102333333333364
3.0828733333333345
2.8508600000000017
3.0096800000000012
2.8420466666666657
2.880540000000002
3.017346666666667
2.6942799999999987
2.8619199999999996
2.887080000000001
2.7979466666666672
2.8810600000000006
2.7888399999999995
3.1538466666666705
2.8953266666666675
2.7300799999999983
2.985066666666667
2.8612533333333348
2.9687533333333334
2.717626666666666
3.1672066666666683
3.184833333333334
3.1570466666666657
2.8590266666666673
3.0955000000000013
3.1647000000000007
3.0915733333333337
3.1607849462365585
2.937646666666667
3.0770200000000005
3.1869266666666687
3.165820000000001
3.0930333333333353
3.1210066666666667
2.9854266666666676
3.1489600000000006
3.1055733333333335
3.0481985815602854
3.1331799999999994
3.1609733333333323
3.179766666666666
3.0130066666666675
3.1367599999999998
3.171606666666668
3.1349000000000014
3.088526666666667
3.1375533333333347
3.108166666666668
3.045440000000001
3.1499533333333356
3.1069000000000027
3.140533333333335
3.082646666666668
3.184586666666667
3.1530200000000015
3.138746666666667
3.069926666666669
2.7529133333333324
2.948566666666668
2.8731827956989244
2.926246666666667
2.7544266666666677
3.0868399999999996
2.8763066666666663
3.026446666666668
2.9534466666666686
3.071046666666665
2.861300000000002
2.8698866666666687
2.9278266666666695
2.8967666666666685
2.8952000000000027
3.124226666666667
3.0350574712643668
3.0410466666666673
3.159386666666667
3.077733333333334
2.9800133333333334
2.99622
2.987999999999998
3.0940866666666675
2.9228066666666677
3.1573484848484843
2.971793333333334
3.103606666666668
3.161281481481479
3.238303030303031
3.1312400000000027
2.895204545454544
2.911992424242425
2.9143895131086146
2.8908297872340407
3.121959595959597
3.1153400000000007
3.1347533333333355
3.0146600000000037
2.882080000000002
2.9154866666666686
2.685106666666668
2.7498333333333336
2.9736400000000014
2.8407866666666677
3.0171400000000004
2.883419999999999
2.8303400000000023
2.99856
3.0807066666666674
3.078913333333335
2.7272666666666696
3.092340000000001
2.845846666666667
2.6145199999999993
3.059326666666669
2.771133333333333
2.9252666666666673
2.861366666666666
2.702053333333337
2.7243333333333357
2.741400000000001
3.0107400000000006
2.8509933333333355
3.0614933333333347
2.767339999999999
2.8338400000000004
2.9355733333333336
2.798433333333334
2.8017066666666666
2.9320933333333357
2.9918000000000013
3.0983333333333336
3.1083933333333325
2.9728600000000034
2.8986933333333336
3.0889466666666654
2.84934
2.7188066666666684
3.0208333333333326
3.132606666666669
2.9875333333333334
3.0468399999999987
3.127006666666667
3.0730866666666685
3.0491999999999995
2.8746933333333358
2.8385466666666685
3.036933333333335
3.035086666666669
3.126999999999999
2.954213333333334
2.7285333333333317
2.9234666666666653
2.8927333333333354
3.0317533333333353
2.8622399999999986
2.807706666666667
3.0831133333333334
3.020339999999999
2.898906666666667
3.084206666666667
3.0035333333333334
2.898240000000001
2.853466666666666
2.92942
2.9269466666666677
3.11738
2.7421333333333338
2.927933333333333
3.0436266666666683
2.885426666666667
2.8246733333333354
2.9281400000000004
2.9042400000000015
2.8096066666666673
2.8816000000000015
2.94306
2.900420000000002
2.8053599999999985
2.775306666666667
3.115806666666667
2.9243399999999995
2.9489
3.0826733333333327
3.1145600000000013
3.0501333333333336
3.0882800000000015
2.8948866666666673
2.9488199999999996
2.87326
3.0384733333333354
3.0802199999999997
3.1093200000000003
3.077866666666667
2.8488533333333343
3.0475466666666664
2.8572466666666667
2.722173333333334
2.8683466666666697
2.9162333333333343
2.8645666666666676
2.871120000000001
3.0516199999999998
3.1117733333333346
3.0671666666666675
2.942493333333336
2.8709333333333347
2.9185266666666663
3.0766333333333336
3.06344
2.8521400000000012
2.9444600000000007
2.885306666666669
2.9600933333333352
2.8590733333333356
3.0923800000000004
2.959666666666667
2.803473333333335
2.828013333333335
2.829766666666668
2.723560000000001
2.748926666666668
2.8937800000000022
2.834160000000001
2.972726666666668
2.9690066666666683
2.939126666666667
2.8705600000000002
2.9195400000000005
2.8552266666666686
2.7874
2.864320000000001
2.94596
3.149233333333333
2.9991199999999982
2.9683066666666678
3.0273933333333347
2.8411399999999998
3.091566666666667
2.707320000000002
2.738206666666669
2.9241133333333353
2.876133333333334
2.9072066666666676
2.8886133333333346
2.831446666666669
2.8546266666666678
2.84978
3.1650200000000006
3.029606666666668
3.0607333333333337
3.0553133333333333
3.0069866666666654
3.058926666666667
3.034686666666667
2.8283666666666702
2.993846666666667
3.0944199999999995
3.0904266666666675
2.7129533333333335
2.876953333333334
2.8975866666666654
2.839380000000001
2.974900000000003
2.837186666666667
2.779946666666666
2.857659999999999
2.9209066666666685
2.860166666666668
2.8442666666666674
2.7513333333333354
2.882666666666667
2.872340000000003
3.164786666666666
3.017820000000001
3.123086666666667
2.963093333333333
3.0674933333333336
2.976286666666668
3.154486666666666
2.9361292517006823
2.9306666666666676
2.9821439393939384
2.967232974910395
3.0597319587628866
3.089
2.79088
2.920306666666668
3.027673333333332
2.9940933333333346
2.7988066666666698
3.08204666666667
3.0951666666666675
3.0194466666666675
2.7006933333333354
3.0694266666666685
3.039879999999998
2.8722333333333334
2.801806666666667
2.8483933333333344
3.0073800000000017
2.9157533333333365
3.152266666666668
2.8456066666666686
2.929806666666667
3.0375533333333338
3.098833333333335
2.67006
2.8693133333333343
3.036193333333335
3.115606666666668
2.967053333333333
2.9399800000000003
2.956826666666668
3.0361000000000007
3.1529133333333363
3.107046666666667
3.0602066666666667
3.0309133333333333
2.967629629629631
2.706433333333333
2.7868466666666665
2.8614266666666683
2.944606666666669
3.150173333333334
2.973486666666668
3.1330266666666673
3.0259866666666664
3.093066666666667
3.1550666666666665
3.0900399999999997
2.8615533333333354
2.7495400000000014
2.725346666666667
2.7426799999999996
2.9673466666666677
2.7208200000000016
2.9931066666666677
3.0578266666666667
2.7838466666666672
3.0800466666666697
3.084880000000002
3.0521866666666684
3.128660000000001
3.1412333333333335
3.0939533333333338
2.8420866666666664
3.01576
2.878573333333335
2.933206666666667
2.911240000000002
3.1570800000000014
3.1654933333333357
3.1847800000000013
3.1146666666666682
3.128686666666665
3.1408866666666686
3.131653333333334
3.1544266666666694
3.1739866666666683
3.069466666666666
3.086120000000003
3.011533333333334
2.890620000000002
2.799186666666669
2.878626666666668
3.034366666666667
2.9052933333333364
2.8464533333333346
2.722660000000001
2.9799666666666673
2.675860000000002
2.795820000000002
3.090333333333336
2.8980533333333365
2.9178600000000023
2.81486666666667
2.849500000000002
2.8756933333333365
3.1417933333333368
2.8889066666666694
2.77270666666667
2.8315400000000017
2.9503266666666685
3.1196533333333343
3.1442333333333337
3.09348
3.154140000000001
3.114406666666668
2.9926000000000026
3.0262800000000016
2.941866666666668
2.6962533333333347
2.833740000000002
2.9492600000000015
2.8483466666666697
2.9662666666666695
2.9321466666666676
2.787800000000004
2.7293999999999996
3.0354333333333328
2.5852133333333343
2.7742971014492754
2.7964133333333354
2.8580526315789485
2.8277845117845124
3.0575
2.8564600000000024
2.8982866666666673
2.848146666666669
3.165486666666667
2.8542400000000008
3.11132
2.8774600000000015
2.9329266666666682
2.994260000000003
2.8272333333333353
3.155986666666667
2.80508
2.8977533333333367
2.8019800000000004
2.8578400000000013
3.1359533333333327
3.1082133333333366
2.890153333333335
2.8393666666666673
2.9060200000000034
2.864740000000004
2.835460000000001
2.794513333333334
3.06630666666667
2.9253733333333356
2.819533333333336
3.0222666666666655
3.0454866666666676
3.176499999999999
2.887853333333335
3.0457400000000003
2.67866
3.0618866666666698
2.854513333333335
2.832293333333335
3.1791933333333344
3.1380933333333325
2.9266866666666687
2.858840000000001
2.862786666666667
3.020433333333335
2.903106666666667
2.8171466666666665
2.874453333333337
2.786233333333335
2.816526666666669
2.907540000000001
2.7954600000000016
2.6026866666666666
2.9505466666666678
3.0589305555555573
3.150311111111113
2.772533333333334
2.848653333333334
3.1724466666666684
2.837186666666667
3.0598733333333348
2.856300000000002
2.8615416666666675
2.88520666666667
2.826080000000001
2.8928066666666687
2.843686666666668
2.9427066666666684
3.0273333333333365
2.942770833333336
2.8959800000000007
3.073613333333336
3.0691533333333307
3.0797266666666694
2.755726666666669
2.911540000000001
2.911720000000002
2.8458066666666686
3.0081200000000026
3.065306666666668
3.126733333333334
2.908953333333336
3.115359999999998
3.0106133333333345
3.1284399999999994
3.0128000000000013
2.8750533333333355
2.7574478114478125
2.979773333333335
3.036600000000001
2.9219066666666684
2.876593333333334
3.0014933333333333
2.9513400000000014
3.082740000000001
2.8574133333333362
2.8647600000000017
2.774813333333334
2.7738249158249184
2.9758733333333334
2.862260000000002
2.855286666666669
2.941033333333335
3.085253333333333
3.0289200000000007
3.1037133333333338
2.8850466666666676
3.068526666666667
3.1705
3.012086666666666
2.839706666666669
2.987266666666669
2.9753133333333346
3.020339999999999
3.131413333333334
2.9378200000000008
3.164413333333333
3.172326666666667
3.1535400000000005
3.140646666666667
3.1108866666666675
3.1742733333333337
3.1576066666666662
3.141466666666669
2.9114000000000027
3.084313333333336
2.885953333333335
2.8753666666666673
2.7173466666666686
3.1559333333333344
3.0583666666666676
3.043120000000002
3.1583399999999995
3.069386666666667
3.0846866666666672
2.9457400000000025
3.195326666666667
2.9921666666666678
3.014806666666667
3.1585400000000017
2.9798933333333353
3.154893333333334
2.9401733333333344
3.109179999999999
3.1203799999999995
2.994693333333335
3.103620000000001
3.0853266666666666
2.8780533333333356
3.160093333333334
3.178666666666666
3.004073333333335
2.9632600000000013
3.1715066666666685
3.129906666666666
2.9841666666666686
3.163266666666668
3.0022733333333336
2.9516666666666684
3.120473333333333
3.1854533333333355
3.141453333333333
3.0371133333333336
3.195533333333336
3.1330600000000026
2.9045466666666675
2.8404800000000017
3.150758865248227
3.1912666666666674
3.0406000000000017
2.612580000000002
2.6491533333333326
2.8961200000000025
3.0698266666666667
3.05758
3.0772133333333334
3.043533333333333
3.0355466666666673
2.9331466666666683
3.190453333333336
2.9165666666666694
3.03522
3.0587933333333335
2.956713333333335
3.0178466666666672
3.1496933333333335
3.1525199999999995
3.1688666666666676
3.1555600000000017
3.1395733333333347
3.1083799999999995
2.9990333333333323
2.9896800000000003
3.122466666666666
3.1092533333333336
3.0563866666666666
2.5059047619047616
3.1189066666666667
2.9248733333333337
3.0033266666666663
2.8241133333333335
2.815746666666665
2.9609933333333327
2.643906666666666
2.6142993197278934
2.6951800000000015
2.6559666666666675
2.6704400000000006
2.7413933333333325
2.659217687074831
2.7610533333333303
2.7114199999999986
2.745873333333334
2.688346666666667
2.9441733333333313