866.5081164545655
1326.416906599078
862.3474505034787
1243.069499371654
918.5208963027825
1131.885558512874
1401.3945840556833
877.2402508420181
929.6433567461987
946.2325848862565
802.5388332914454
1232.519843656018
1032.5536622727543
928.7140488579199
758.5906040879426
906.925150943166
909.0912504468721
1019.2690957063409
884.4621318371809
1071.453641603778
1048.4536634291062
685.9613920645317
1423.922190853403
945.0655417912067
1021.0800350253979
699.8019278801668
1041.1425125559115
887.0691459778891
902.1240105272544
590.039838395109
773.4287511340181
764.8835228942506
974.2504901415732
823.0824067949649
758.7067833893933
870.4804759947715
913.8860831226721
975.1734661546178
836.8039280963541
744.5869688412905
951.2177961454504
861.0297100393565
1217.09281964358
672.1700798530626
836.1999291987785
470.9230907189069
655.3780246611171
840.5605514813401
498.0776705310623
1020.7393645642937
705.0927111802818
845.6730394178829
503.92175268532355
753.2368299348449
1203.1863258705919
585.081990076142
750.1609531871977
819.2595481624156
806.8072035535805
556.9214430640983
918.451729315016
488.6637237568627
688.6422768513162
1393.8000115191924
749.26150059092
403.21016540349325
680.4089665978867
772.5363455289629
884.7537986486969
967.896795574069
603.608395966005
609.2002342701668
574.0457788694589
1249.7966076322457
502.2344773924389
958.3323414215033
476.08642822762835
862.3921526677638
717.2139985644591
730.4965631438125
1102.6620859534373
303.74889113326384
481.8324023404569
526.5540082219774
608.4233140358346
1195.8327015907535
645.1419802466495
1149.6511106849173
512.410501397045
810.0715734578285
791.2565843674537
462.91768679329306
561.3945504439148
505.7706982064219
593.0888778207708
484.82348635818147
421.45407215335905
350.4093017924647
441.2177416084773
375.8568584577677
608.4764923569915
792.02429060877
1016.072628568667
329.75222355233143
886.3954985587552
489.7083595876913
266.463729122365
906.2889534518339
408.30954263245127
600.9158107355978
459.3024243501711
570.540008013001
653.7851813855879
556.3710429655215
536.4616868634404
546.9888787675453
752.0730022028947
542.0814493898314
502.6323030799819
709.3983521977431
585.7593503857325
524.6940795385698
554.3062649208567
676.0990394585434
686.0684989306336
447.16741737454294
616.7116594216848
602.7729605733222
458.8367078110007
486.86585099483545
458.37962532764317
917.2042767086791
1101.4827769107094
672.039505205861
633.8650180528042
622.5842612952164
698.4282503804819
996.5262777894604
578.2383219381351
852.563831182073
668.1172279734102
354.49252121862577
755.29257763057
619.7429400652017
986.8304754015634
435.8237367398597
697.5280369437531
651.8383383869318
588.769488334858
1104.4463859602558
1035.0574117049418
736.0888212261772
615.3537028830516
666.492617222286
545.1405528827476
776.069981485481
568.621329989443
555.6590225307427
684.7585606219094
854.4519697740574
646.4456648642284
910.2922913300495
646.7760338407217
492.15304059567916
1135.2303310553043
725.307049198127
832.2201542086641
933.0806008727263
667.0012667581354
559.876797884836
479.87780952940375
730.9843343614671
409.4095508997136
951.2192185329726
742.0874463236278
952.9975354255262
798.9787912825071
640.0726340199686
965.9923239137838
666.5922286679163
510.6060381698231
564.3554368769323
757.2732457264498
855.9008857093767
967.9742317384977
884.391805806937
898.6455334618968
794.3768644341139
1019.5793083322518
585.8231605086706
816.5909320414103
649.2531430694919
686.1228185318299
632.8870030389553
953.9708070280994
718.2840267280532
910.223700173861
688.8622526097075
938.84355330764
889.7068324073716
879.2877022193778
964.9949064155581
852.673111624971
892.5343650589185
818.9434003768525
835.9677143521634
1055.8912035225617
873.4784610272409
699.0282422084601
885.28734482453
872.4024671262414
539.3182808290454
762.808586659453
1187.7917073799947
1003.1130581033394
942.194627989668
740.9385750069927
934.9754667905163
951.0540256913486
850.5350045514652
725.0801964864067
1092.8467212370485
895.9947208588886
828.9864940407375
1113.2827268951523
953.0560661584964
945.9203635825749
992.0895424966533
877.4850755910356
804.5651985566792
576.8393289331881
1077.4202533870655
1023.3355340531137
872.5260086996863
668.8996337758507
1028.175302832108
662.1422745493807
938.3938169118019
712.7094099570186
860.5198021595662
564.8260723959974
735.3356056713579
994.8967836745325
753.0522012276223
768.9777541860167
1246.1867229912857
894.8193599550664
987.9972306548566
479.45880473687134
867.9549108396814
793.7765833519771
853.8932396038404
585.2463078813148
992.7385042356572
554.0466575735094
849.1935526639418
740.3387872982225
644.3288831368824
907.8688463263807
563.9617186685776
1212.1562619530714
599.3079692006381
815.0384782705769
711.6268784133127
1266.9472620177155
645.9500117026156
991.0340879467325
1008.5628794714963
902.6506129146142
830.6154636431814
695.4019345022375
971.3604066814934
1037.36277928725
1299.3341418319249
729.705480519419
931.8042742213647
696.8952478827183
871.285137896696
898.8159982241386
1147.2572735606384
894.8676130364037
872.048398500398
673.2629230527805
875.4400609121764
1004.6521995798638
1039.0628339877503
674.0827210028892
688.4062901728189
995.8648239768554
860.710042105142
868.1817442960172
867.4076877110584
1231.9216855241027
837.5069742190484
1196.09013144656
939.4955669961113
1328.794144376384
573.6335129773238
990.3670013935149
1322.6897101059135
939.5662781019174
885.1462185078141
920.864898276246
762.7907441568196
842.7987405399793
1005.5143375907841
886.4629282781862
1099.3783521417656
958.098155946563
797.2809899641167
1080.9806746944105
838.3865340041301
601.8812201991949
752.9729464750466
838.8427261220378
1126.6420251658253
1149.2139123072727
843.3105156266691
1347.9875137370277
1044.100756731356
743.1829610735045
774.7215129553839
858.1156529269696
1326.252285883167
1058.2634980648193
998.3893730787062
875.2814205543051
901.3823389314389
776.5912339540506
554.4665629194566
856.2943259715399
1235.4650631763332
829.6547057108213
648.7800060744395
809.4170250518267
862.0886469938282
1184.0871552502113
917.7385246265459
901.5938454055466
881.1788120031637
1071.6837909490766
1041.7590675719869
1029.2913386950015
975.3598543548447
773.0241128551048
722.3103132021192
817.6092208975188
906.4517590247656
1248.096549643047
939.2026818587882
996.5970835228158
1037.1943463652956
843.3375725809375
914.1232611261677
1029.6117559540721
951.2151677383489
715.4995752808965
871.3090301996426
759.9037801633234
988.426723974324
1349.7703027984726
827.6847999445207
825.336321166008
946.7593908391236
734.5620695215413
870.1449367023989
948.441763329839
738.9978278678665
1083.7065217480356
1336.888991173222
969.6155609760027
961.9894605306323
798.2557433651331
1067.7550667200862
920.6395313266612
846.6190567845191
1026.2262784980596
902.1283843416601
953.6129542162258
941.4747904276628
1020.9041961203585
779.3346289031024
938.7185015193751
868.1153833806962
812.5443500563775
820.9601186117953
1053.2231029927798
832.62499525875
905.9124150028939
965.3971354166666
1122.7023782667477
958.890366868921
978.5976813952774
777.0904381564374
1392.1439895691299
976.4336293616085
1002.8206859498808
872.0553050962626
784.7452622358963
950.1322043131845
921.7195938497048
1249.3471232459995
898.0373212382219
586.268769421047
1119.7963288580843
1093.2918053589556
808.2565963170972
861.9123888638943
861.7732520802741
684.2287938885056
1127.7228107031688
657.766062631066
1074.887948488498
881.7786706808616
1024.5335990477654
1186.8481335638219
928.5696021903244
1046.6542837965872
833.4627978497474
946.74443779361
1082.9486257567758
881.5367380571884
1024.5941718503843
1019.5728261919634
748.3487052863346
906.8621685453519
606.4620469911443
1255.3861976838684
905.318867576657
936.555962743582
1053.1147865183489
938.6201724213994
837.228245267091
868.3162016962093
1025.9981910242134
774.6338525709115
947.05864463219
1371.9701353815938
918.7540381192762
771.0624563748974
643.6360720118778
1215.876992618581
790.1050771984782
938.1192234351946
918.434145986077
964.1027859052555
1130.4363365968513
792.6393640914544
1230.3573051614371
677.5691928937201
1046.5084496537092
942.8536680533942
739.898600628712
853.8117451588718
869.6568109604385
752.0046627156938
711.2016886839638
1161.6161616161617
1301.7581291774895
729.8030320332156
851.9416190305841
906.203300559445
1142.152836444311
781.8651736101101
1006.8696620820915
1095.6423978136309
937.5343914347231
1372.5527479125042
889.9026976755646
898.1030148140703
842.3872599550987
1171.3774581328987
813.1044615719511
824.5615283506298
916.9718686192408
786.5972585230487
1019.9785023560711
1207.962902908586
835.8043121103377
828.9997739248262
963.0297609937761
1066.9110237504326
962.7684077958742
1058.5439289152453
1009.7314282892149
1008.8694844400144
798.3528414130233
1092.0098625750284
1101.1110530185144
858.5924632117726
753.4378399585509
1033.303400664522
879.3710036392808
797.1466884486937
750.5854042297191
1194.3948785374405
789.9387016259952
733.7321524021794
928.99147138719
954.4255681376613
1171.019630908975
967.5695604945058
1094.8337702951897
1617.2766186024608
860.0589785508647
963.3818335189113
1115.4453612274463
799.3907391260531
972.4937081268068
886.0218450616704
1136.6936687290572
663.7882877418117
827.9793676278756
1082.8691635264743
954.122058754319
767.4389199343145
689.9461007634972
1001.0694707908497
763.1022040478837
1271.320555534962
855.6379975211611
866.7016026560665
754.1880359641117
944.6147018904257
1285.7732889073995
1348.1406393050186
834.8140103161328
738.6489593756802
930.3545786037806
728.1100837429543
988.9128338344859
936.8185967003411
957.2878569466257
899.0965577436676
846.2159780828737
964.9287462270886
806.0160714836464
952.5796890390253
771.4605088953098
782.637872997086
760.7380948948157
1121.5114049691854
753.6965544703094
1058.6718963580404
755.1156281614591
814.9473134314118
1165.6421675698718
790.2947094575734
1137.6386436570344
1005.2749723984226
835.1875150974838
929.1300965073114
742.2033543811427
968.9810281071432
758.815653373104
852.4115756484725
751.5618221888416
1054.908684167608
744.0673029554059
1324.9074519323
844.2418121129934
766.3018650297676
799.1818909358823
855.0174887919285
1200.8687014437085
788.7279980479343
881.6135614735435
1071.3822417661995
1379.4630331088663
1327.7318578071743
818.8676476633128
1062.8489392097688
821.4896902913432
992.1003095842661
1383.1151138117282
738.2554134268293
739.5150320096185
811.9627552663072
1270.178233596813
1048.779899691358
763.8888888888891
911.4368762524336
1034.9680591852332
1345.594600067335
726.5532004917737
866.3806497755962
1073.5407378332952
638.3019518187502
859.0259804262786
745.4380504959576
778.4033958930062
891.1962935548207
1035.8981082984972
996.9414593398689
756.2821378377333
1033.2404232892611
815.0822970279246
753.5028178401905
818.0735426260512
784.6486786265433
666.3438271102779
1131.9211620595472
1214.6099831560157
811.7079373475503
938.0735166449341
1083.6916177322323
921.516002079009
819.1698864486192
742.8527347989192
1051.0733229042028
1065.6950277331887
1347.9592518883576
971.746725901245
936.893622253427
841.7343190327452
1009.0202788465795
1113.9297016515834
1037.4592099063823
787.4972372346932
868.3339034799741
1105.1405234610181
780.0672743055555
806.1012143931883
898.4081204229141
886.5813523508709
953.7442720025906
902.5213739232255
962.0900848765432
978.4847422899974
877.1551831348369
880.4545851496637
987.7775676353891
802.7474005435437
906.8354764847369
760.2902230189005
753.1469886707309
793.4827443229568
818.7620961715585
794.2784430726159
936.9607936562028
993.4063323157843
769.443250365769
1059.0480894567652
965.638764456313
1151.386066440177
769.8668796436782
941.294949553666
1235.4507023067126
1239.1625154535363
909.5741123717085
1204.2631172839506
563.6818663464247
1011.166805791168
1097.5449383703462
752.6430502047757
1037.960806223794
769.6420642005911
814.6147015505568
791.6015393548523
763.8888888888891
973.4738420319112
996.3611607128923
1129.3442860640705
749.2592777217359
884.6108794798752
1069.988109006097
744.4196926800719
1267.992862654321
1137.690737528701
1143.9593948548568
960.2293388792077
788.4327499761736
739.1125851000739
882.2571197785948
881.5604592994305
1031.5020766711132
954.0287846193411
947.1709930315692
1122.196762129702
831.5394240490181
803.4082046268982
897.9705148009134
1156.944384227286
950.7742871379108
1343.347689118742
981.2785367677483
1390.4087297402637
1310.6786712177443
1005.9792136238417
770.9483176795358
744.4926452896393
855.7003387675658
916.9701150092897
740.0177508335959
923.5217079840667
876.2595338908637
1207.2271405533465
895.5531384653258
1190.9948538776773
943.8300646442352
1065.9215457876169
891.7788517917919
1000.718231990653
875.6943974605889
757.5888012354955
813.6158968686462
927.8027253470017
964.9733110049733
886.5685897950879
962.5022465231315
1187.1569716321903
972.7482064016845
800.5305642015342
746.0706019177492
831.3052288742184
930.9816114037397
1348.87029678239
857.6155902367735
1129.2315178672045
1338.3760995594532
1226.0035873325194
933.4051640428621
886.3563712491937
757.5364101080245
851.8512693779376
961.6261697751501
883.7612285028808
938.5153564054148
846.3795656971562
1209.3408910300539
842.7512169788027
949.9526062520275
1004.6454019745139
845.7368691073945
1200.2093126023558
805.4571691674764
978.8642720608867
934.4272521089484
1022.1756637731792
1211.9882939330864
1101.7160143249341
1024.4333395678755
1009.7436632473544
957.7638112638721
1234.6341939797533
1069.2086641361086
977.7281749868516
845.4597082010041
1331.7475343363387
1188.7242846205145
1028.469928580764
918.2744048683984
1192.3790941826503
929.0431095812645
1000.1945230345818
1267.2629952753562
1322.8993737532971
1204.1341682336008
1161.2590107885792
966.7011657020943
730.6826067323619
1006.2451260423568
757.5364101080245
965.4790254482203
1140.243880301584
1097.9730527328445
1316.0941813465809
1206.0657596371882
942.4739599745807
1084.467862840104
1214.9162877312015
976.1731097355047
904.3476352135148
964.4949418169949
1008.574254662918
1232.901005520053
1296.8303372251066
757.5364101080245
1196.5604609190616
1305.2892484083834
1215.173962039871
791.6799853193866
834.911616161616
822.6095006684773
1017.3270183201694
923.5763638353101
1351.2017703434715
870.218005847547
760.9762478217089
955.6759485631447
1147.8744912779398
741.7854735596956
1193.373904355535
973.7483611875058
1159.2388082212442
948.5479797979798
1187.5163948972788
965.006403244414
1326.7284624539702
1005.4428515990029
991.7136360207146
1186.65969257601
839.8731690766849
862.8521212705576
1049.5696166901953
1013.1551523570788
1171.377091531116
1179.0803246230005
921.050527845409
796.6406085964477
822.3890814339392
1074.26887378652
1038.0438726778532
811.0815367953751
939.0991811781873
749.3846219475685
989.5494662218049
1033.7352583101454
923.0807703075575
988.5619972651715
950.5675438606677
932.4686633125492
950.8493918223338
756.83130777621
975.4837262672539
936.8689303566608
922.4516086730927
985.4014833501424
830.734602162132
1076.2242660840855
801.6994492375051
1198.1375402107044
804.4132600559404
816.4777198588926
778.7368273732659
978.2089328266712
869.4389277532363
1216.2824421856703
985.9551329168744
929.3399025484656
1140.7445705041694
991.7243267367113
1174.32090450099
1307.546252818372
777.1784297651099
942.2076319115421
901.8288609298701
982.4732329977434
820.0320306215627
934.9160913885911
791.5023165539695
822.5005328155512
921.3416202662182
963.9562019721644
927.3230300483589
938.5658542542815
1199.1819016612405
902.4185138441181
819.851941022186
925.1640391509799
1021.2976939084443
889.7610439346881
834.8323735359896
1069.0558274011798
834.3097713588248
926.9460200418604
823.2337682369097
747.523639964193
1001.3278481845545
927.3904548628635
917.0357205857284
1116.6960621038727
970.2098736574154
884.2073306340122
893.2249854994644
796.2398627385327
937.6480838776978
1207.3249970204904
946.0891106828759
918.0304265306728
1197.1505726746345
798.1198742879184
1218.5908673511979
949.6570517513264
850.4735867463504
950.1621798997893
801.5084113118783
991.4431297391565
1298.546553147696
1213.6994949494947
1236.3298286856723
917.981748056501
1218.5908673511979
790.1849069204441
1025.8872455372439
725.6582672451792
811.6778148000027
951.3796128335108
960.9110660131256
898.4753960015769
959.8975703545399
811.9515130287868
1029.7872374811193
832.6271837866819
844.3501680668277
955.6354335004968
946.2320498722333
849.8554254566084
806.3346218251827
1055.5521226933417
763.8888888888893
915.003737029111
1070.9338769700369
847.4335295099758
879.3418141152719
1038.717825355482
841.2435026519821
878.8311106019081
963.8675614839793
881.5893903922193
955.7029278512092
1055.3868195039524
930.1472388681362
1094.151748068414
1152.0156548441917
948.1833210670784
962.3938110282469
974.2979252705563
1174.804465367274
914.7202621361788
856.8687904877143
945.3415733222467
947.4707253613793
942.8397038419071
1053.0689847122196
1066.9363879461616
990.2430455402655
1033.041752904892
898.6572036344041
989.5403693326434
967.5677760781053
914.3009998464431
953.4784443512576
968.0383194538798
972.319471242794
896.1508534639238
951.0608755572958
1230.8916062950577
1182.6717737982467
1064.5336128256904
844.9944692555199
913.351631333203
1194.9182804401612
1007.8362636617388
945.0983664587142
912.3325779172656
902.0530495599983
868.1902666007354
937.7583256932033
938.3580255674092
949.2320767874802
988.177944133387
1018.9485085293821
1099.4141837758846
831.0031538984246
810.7584265441405
912.6058990412156
811.8744865257266
960.4859633646469
944.02006729208
929.8408303815764
1377.3678626543208
926.3171803722809
846.5855277362639
967.0157552571555
753.0847624020818
910.3154475780198
773.6383832344031
941.9563020127033
877.2369602945092
700.521182514793
682.7660629160637
776.8914983462035
803.1432200101702
826.5796962161486
803.9739707053941
798.2314187850998
462.90171307857264
762.0802889926575
861.8941182563734
816.5328177118654
789.2012802917188
910.4671410520727
606.7618071187388
852.5245396703035
1158.8550416224236
780.0269959924045
880.9406914938255
974.5049425421315
628.9296721045586
968.4317061519682
807.5093912353537
737.6870020586107
1142.5492311561115
752.895031037152
694.7494131625076
673.6041015531927
608.3332422622025
759.1752095440033
819.8748417619527
755.145985600475
1017.5772356422185
719.078278702847
875.5941167104738
886.8087831148131
823.9862921658197
559.2277357979026
770.5658789425407
605.5886104419246
823.607487755458
885.3506298373017
725.7612420779409
620.982410683573
932.9481956144573
817.8351821423425
815.714527786395
623.8505571605737
632.1240060484449
570.4619846878796
1019.8623122291964
620.2864654755766
859.3107369235978
672.0367229410037
874.3919253215963
774.053550344408
711.8619907908787
661.7488165550027
805.3567184600303
650.4899996183732
457.6053541016643
553.6087931304327
472.507101118138
694.2098552831914
473.1279331500444
852.8056577210185
808.527694702692
807.380332632978
572.3905155877087
847.5783470833143
495.3825684107542
845.2563389073983
640.2898267353349
510.39075416361317
892.4271273837757
835.1519726079632
1010.9052517917925
982.5583056406207
1005.4974279845668
1100.4379061959714
960.941818922173
1056.4319225173058
703.9170231255471
1287.7334090445313
1177.9010515334724
979.797956623616
978.8850998428984
997.1915653583404
772.088807378752
1071.2370337026794
798.4512038425764
622.4666347825273
894.0143316102889
1066.1732476640252
994.0320964561929
810.3569036259197
1259.7022880890793
1097.5561605114456
934.7440647171111
563.4142969634992
935.6738658799542
1110.7036550983223
798.3419173218161
892.9601168309155
1028.1554452483188
838.7865816782969
684.1590414264307
1108.3415640286453
543.6900576053415
870.8477438073163
792.6322968756361
661.9882361710901
556.3222589578535
557.2118756835837
747.0719889845504
587.2063864204314
602.1672808490217
674.3396727021144
722.0823806564516
799.1610517798966
474.61996220063503
497.228550491901
638.3084473771154
679.4376065477941
830.6754116215778
862.3467761308702
955.825822766184
785.5805840039943
828.8120376538869
832.0251575208848
600.5190183772461
908.3963605880489
633.1506540591581
571.1951942025257
651.9608940402372
680.8207125655896
731.603315691324
917.9328199258647
644.4834319705138
433.654205023724
604.4216735019348
610.307161742158
1095.4317585451877
915.5526847798601
709.4955526613002
822.8370935940926
626.220590217807
627.2192501808198
500.2354433282664
817.187984278094
521.7865149318183
700.7952034338108
713.7708817478059
631.4050940156169
705.1451426359936
609.1418964943881
480.58189053576774
643.8526804333306
470.79473764271205
437.84536477351065
600.1570649110491
481.2088358413328
435.82916194623454
852.202635664161
988.1204598696704
939.1734893556245
961.5656483178756
834.3466806788969
635.9791449043436
752.264946452201
760.7975457169086
778.5692543883224
426.4553405930515
973.1780315382658
801.0931443263609
641.155117014595
695.5135187883157
795.7412900339674
647.3066026382206
949.8508218044013
411.5064146514398
677.1988206687316
561.4052354180145
384.1693549918525
520.5519084861608
722.8151372021638
419.3375754440726
673.260925147016
537.0406329470584
538.6304770107441
505.15735316934723
448.14623203622887
1090.8480664349756
929.2081925499414
779.5350862485644
1006.7978319099443
658.0178623254909
778.3733886980584
758.9520705713409
892.4990417453663
845.4723782315119
767.2030966335892
1059.3686829105297
851.0763464313168
687.1791632065946
577.46396412978
1122.982463291942
1069.025497172207
1002.4168476771588
1114.0999085272115
780.2134574250302
647.8782850972412
1188.5402162624919
877.8840407432871
1070.1383173553988
900.9426213004061
998.2636987858028
939.514615617696
780.8437364724165
600.597899747899
620.8292346780928
820.2820456187355
930.9910505469135
761.3915276796585
692.7031065038927
507.73828224440973
315.3472496487549
512.4679931458037
556.5335767160169
600.2496336946128
581.31007484741
737.3077372706957
802.4915082180123
1239.8607554164203
1082.571371342491
1016.3187883427671
1038.8106072281691
1434.1806855871607
780.9010672678288
671.8123603333764
753.6451420040135
531.153923030395
874.3722486202792
784.2181897992635
925.6857096524824
550.4654996270269
752.4883058867518
580.7871630265957
659.124741345675
854.0157980748049
900.7573561611989
1381.2276167369985
823.3039164548454
998.4065930640209
1165.5223174119526
1148.775447431154
734.2938909083201
861.0795003858271
1132.8061664706745
936.9466910172665
1163.1885341055556
687.5860554699865
1010.1108163025501
984.7322938728057
775.619168589934
677.6954514180121
792.2709532248214
751.3333666063353
837.8815967208915
737.33551426251
718.238124537353
740.4261004993782
535.0675475044941
883.1793777157299
811.5778000595933
738.0112733322557
690.1248950369787
1016.4392867826651
630.6036090050604
907.0478830718315
949.7925249024262
554.084099359605
688.8012042346663
710.4506532570344
1447.683294358547
881.9053724525617
1266.213996547671
754.7412188382318
1282.1276904903941
1108.6396612662818
757.1860158177291
529.1373821026938
783.679869264431
696.0422927245339
1017.0232687316602
1119.1265832116223
828.5013564806009
793.7384844219923
990.5378482268271
1104.2902184992809
914.1659222290141
903.1342991166607
697.9441429375679
968.3909768945315
771.3432181246648
1088.4897441350463
683.7444684258035
1075.2946353215914
1029.8198434409262
1601.7620824598155
1564.7682933342264
761.5461334501136
1059.6151089727057
853.0433297585969
993.3325898780696
1077.1595379584078
1059.1805680915074
1133.2286958884636
749.2602613393052
800.1266600111975
818.5284072499813
811.3133248262229
1077.092604395552
1123.2695090743534
831.153559966504
726.5203860623865
973.7102792724331
642.7558915684583
729.1295412114933
732.6403262560461
992.8777607957777
724.4376990441111
946.1853971101588
517.4691078680095
656.6133519480637
543.7855748506298
1094.7248651426146
835.1879935971024
1139.0060221570886
914.7787612371735
724.2383754559545
862.5452330645234
1120.3080810427728
712.4909322518796
1029.7010867036813
1067.4013702717477
1383.2939010559614
769.4151236703001
1312.8754153751358
1066.9597100327921
993.8445421654718
1283.4045353107092
836.8924074059611
806.2159102114648
794.0854495492136
976.9268594654408
582.8725030192635
1074.3851608636362
971.3912167183422
703.1305520996301
1014.1385883522108
959.3387731713274
807.5782151427488
820.608181440552
914.1286250375301
979.8207011802036
1253.1137675011023
1014.8407232683429
970.4640458610387
1016.6464361888515
999.7375038514575
970.5164746908982
1034.8922172115597
825.5885698404753
680.0524079876337
913.6124613447005
746.3990770301028
913.5283301481473
1079.2333500913207
1039.623186581611
927.2861751557152
1035.686000335018
740.7661683715118
1116.9641604534554
1142.3455243658016
933.754791662013
862.8632567788503
899.3558679582032
585.4385682356045
1024.390870538764
1003.9865640609834
929.0666631515575
795.761140206282
835.0868610316162
624.0891990657244
496.01998420464065
946.5937905963842
795.7490295814215
972.5378515862543
757.6861168231413
695.8889185710173
790.4787833592753
613.4247750652153
756.0572146048313
772.8606318535902
708.9222938277699
717.4494056652416
474.94706766332405
681.9921342282923
795.4016843850782
750.8257726064253
752.8655233508169
865.5196506039447
887.6611356889601
789.8761049022164
981.3379655470063
814.3499060837208
976.2210439314672
1082.6712169290543
1106.9720482123041
946.6736103387594
772.4836700648493
636.9298164599763
766.4724321397172
584.8026924691038
1145.858003965371
810.2657496680887
781.9617068347857
656.8481246347321
835.264497782021
828.3531017034778
702.4017845197835
732.6714111175248
942.8040232619255
1044.1583063552323
659.6244422431374
596.2216051551748
1009.5069925949784
788.7834963980295
1010.6499100781715
732.5715934168319
689.579848788443
524.160730243006
873.9618845788233
756.5527110471588
522.4760486533777
842.4182527286202
663.3703410816044
762.3893673123343
716.5183061468869
777.9581577308577
856.5504243478495
1009.6530924520525
1339.4518087568833
1219.071186959233
1346.2289746096017
902.9054110814236
801.677301228568
1157.9967929465308
925.548504767809
1225.4335229026506
765.681582073838
836.9983795037178
1140.3489676166703
1121.7065517964736
947.5740021895461
917.1719575787178
1084.6823829448488
950.3766060765615
1026.8748226874475
706.0825439478335
1029.943959572385
875.3762730329792
869.4872186267498
962.3822178570425
761.0324985713584
883.8952702054108
1460.947145445554
898.3092351196457
509.113572092331
793.5527900017026
1009.2697817480584
589.9740472083718
804.2884563193039
937.5602881736874
1043.8107083678149
583.7238537212787
558.6822217210637
1145.840022703654
845.7548326177889
756.0348492213567
724.0912540932828
660.4437870891792
533.4594040821895
603.6546197899721
521.6171904120325
726.2483796976647
717.5264430111174
614.7754815469373
529.2238271447372
697.6655692254984
804.5324445962287
845.5433354246879
560.7434053834728
768.3470932060887
719.5228875707368
894.6400372632705
721.0942263555579
736.9722859855912
863.1523888058964
752.6302065786505
523.4907300721549
1174.700527001871
748.2770297933253
691.0868801814896
683.6502833191124
834.089855494388
1136.7816674818423
1324.0106047023967
845.5294669878064
1309.7154298157373
780.4989342193544
1107.085168642989
864.8516921336682
943.4722627951497
785.3127741648185
574.8090891512484
917.1636748913793
697.4979502117112
695.3740336402522
618.726495595534
570.1673178077132
766.6510774172226
663.1233199593535
596.9178818022637
628.216960564378
614.4785751098897
593.4075168740046
583.3427082810623
549.5645521012785
567.6514967378237
553.8228407276317
939.2562489768724
512.7299230039763
845.2347077829145
765.8607572840033
797.4947627442474
673.5340134415259
650.0412959591813
610.9043884026856
467.7038207832786
616.0482281567839
677.4120925556039
733.0201683561249
604.572578996275
654.3452405743731
457.35799001114134
866.9361458377692
595.139148831951
595.9872954354296
787.0045715948498
447.38496238540864
739.136367464088
726.5109048856328
577.0341883279717
506.0949107922327
710.7339365789934
649.1894427961596
962.1518719459541
696.294395342746
554.9495141635055
862.442217480756
633.7212236135733
601.3005782215853
580.3817995243958
725.1486475188598
779.7272192356013
773.6768995870956
691.6985908121457
544.2314457148619
835.3676498343169
710.0652376223115
487.347997452217
911.7297930704257
797.773355476359
671.5562846627251
1001.9183684149285
716.1584060158816
753.943928970446
569.1630533340766
486.5753328043857
669.2778199513596
687.7099094104484
712.1163326896773
715.1772480241085
835.1738823391466
786.9129805018296
808.4220666062843
885.2124705693473
1027.5379958785684
1257.2333226177207
958.2173615282421
1048.8879358338202
705.2815479320075
968.8181127935826
918.5098446802094
897.3756089465696
918.2864186548967
678.9832385586783
882.8320501590409
742.2306412553304
802.7301567925733
776.5365098907695
881.9823718481272
723.1584725967596
785.7249919817308
763.5809354557373
1154.360205885335
810.9829531195504
845.0012862346517
695.9411657550118
846.4337607127569
984.6723500137938
882.9659423126855
708.7015168244749
610.180300920222
941.1066859105753
564.8062407013522
781.5188176304932
938.2997829572437
907.6583638464516
771.9636859173229
1159.327672430641
590.7969271192993
684.6237529196602
632.285658457807
633.9359642938024
718.353640167354
535.280884902521
1068.7486043842098
621.6935417089572
816.4630215627484
922.2721929527669
887.4010494115123
871.2761466578789
937.3204272286506
731.6112206409751
745.8375061106567
911.9482616141436
895.7294564601611
833.7613673968743
916.5033198020598
796.2027280885703
666.7626022046637
1005.7183872916127
985.8844287545904
778.4168319353768
723.7782095646467
1012.4906606075009
1111.2151224293593
1029.7623632444866
957.0490888761856
848.9657809213354
879.6468844564782
1077.8628804110897
1212.619673971989
925.7055967823691
897.0601441243479
559.9458767981959
801.2224360763049
1037.7314840892107
857.0195502235957
965.2036266745763
837.0009185209511
1165.6632314759115
733.7424731322226
842.1753936798373
1408.5082219448368
1205.1156585960616
673.3334507796955
710.7335645406541
893.5814947095405
469.010676067465
758.4584549512515
938.839580179069
827.0723364100622
927.3386117509898
682.1600265535286
1226.2875535786538
655.9745007392572
995.8596133548764
776.7802531941296
841.8827329296929
712.8898881668862
1039.8907183800984
682.5867071167808
850.6051554016161
763.1452092401541
835.5602935393581
918.7180872261318
712.4873883415754
1082.3848895470671
1007.6224342182667
911.3284156703521
800.9562738726589
575.4640273388495
850.4381269804348
721.228829120419
702.6775153291304
723.0055733619478
772.6720816258207
941.3853517112807
859.2371490737388
620.4157513008548
817.0651663786795
764.2443252472509
768.9883361513716
794.5791401252358
1015.0441135619507
716.8929955002458
927.8319990710152
901.8038285768324
694.183968078621
636.9838699852133
753.8536194663085
1025.0935774935283
958.1898279615633
796.7038127128659
521.8188182613147
561.7525238372162
728.5380283729963
882.7486743997061
817.3323959665873
952.448220614198
717.7571635805199
847.718415716604
908.0613856762685
1163.298357571723
606.5850465223081
978.292916972605
706.1995353845863
1041.9255402209217
910.3155050270861
773.8460993648509
976.7263272230097
578.9651487076995
561.9927047857561
823.7455817987524
655.3508356804496
626.5864932053854
658.8635077158905
613.1248899008119
505.73974172757244
830.9096887354344
865.3277856840481
1041.2807031469738
673.383073792988
852.4855265621941
1073.9215445458146
877.9787714344731
684.2202823543556
805.054557729187
831.3196614294219
439.0470676416597
671.8707194731784
555.5106290508301
802.8423536202696
812.7470566687292
660.538281824442
645.1228833054973
615.7126627755196
849.2662756858176
896.4845292492091
732.8225389705477
528.4233367772538
960.8548112473337
764.2678475071189
813.6557357535893
549.4187654681383
572.2191687954074
427.14387749561524
908.5514089169561
580.6831436120341
846.9732091173368
783.6221870728167
569.2364205134623
434.8156803933491
497.68991880550124
896.5083116606461
603.3383932336716
531.2236159861286
1073.9328683636356
693.666377858256
734.0928254423776
568.3854409551083
423.2506770848081
917.3227236409108
1024.0357961248299
657.8620228131562
730.5421770461775
644.0089665734132
703.987459898473
874.3547646518051
1069.5272827305614
790.5820830501892
657.628471313429
779.0608962724858
695.0302175623666
690.2161949250946
782.3908833857341
771.7336535525686
1186.8626677712243
675.3601869520008
858.037881306077
622.4121468820573
595.9985619317044
882.5229306235387
809.0513201747758
691.2908128800303
819.2422415052448
628.9169238735813
668.9451622441586
875.1355803083983
668.7078215555777
596.8622422446416
816.9411189668367
705.291236567943
702.0403459685091
637.5571254837655
764.251521441032
377.251660111541
947.3080371566101
859.2902665721094
627.4590466676094
454.99515480669606
878.1681096376918
864.9859808954561
693.1401218373747
776.453523583535
772.1382303122728
512.9623275617049
831.1681707932835
891.9588519718027
872.0744071283874
642.213092938307
735.897272991874
928.9804018370595
883.8386637697167
814.9972568891047
889.7376523451417
861.9747242786289
1153.3061020573077
557.0092905776214
1189.2568683405857
1139.0362829842525
778.7428297838384
787.6739119566533
637.1411221091072
786.3279118917036
525.2501006782816
769.7621933174199
826.2287353666744
507.2809104243479
1040.9400870002987
697.5612943754381
845.0967465310013
863.7774377328882
626.2885566032229
594.7667025523848
852.4935512455162
850.303948724791
563.0743769731458
560.8096557598093
932.1051091352587
758.1080372477317
582.3143132699865
875.6038605522111
681.1042041462978
951.2300597346139
680.7493540932494
947.1994667081408
852.9014134899943
762.8419730421424
946.0616745370227
922.4768509127866
880.358629485742
721.2152263941362
600.0691645415517
673.4116080557493
824.3287359652048
750.0998402088626
718.4295814627939
741.815817212715
623.2889531187221
907.6269703315801
510.91276623003074
572.7148680353083
807.3450862701347
704.8746230223345
657.6673366014978
578.1159954490258
848.6812929933284
757.9194374437466
712.3970810876995
637.2831961385563
656.9782525771631
517.4796407513044
539.4649495724531
584.1284986099778
773.7856252917362
667.3231298378576
727.010523600155
845.195315717572
618.6621791910424
510.1080708523779
954.8843314735655
578.180249894028
632.3464601883366
660.3416326200482
697.144707320963
681.5620371769337
737.5781505400968
674.4295628739948
512.1272625613248
888.5428924023491
821.4360814935238
662.9922774713227
686.2679852452789
590.1561346616428
791.5886358331
510.7119311932168
915.1247417818857
463.04210275761403
636.1427044301932
558.3049672984625
821.9253790769977
495.21950759283027
637.4202318870265
705.8183777803384
551.3911067464244
573.666834684297
454.35838993831345
613.4346676541275
515.6384652646375
556.8300155163365
562.9463494586291
523.5407668610009
836.5710522910928
535.4681123444611
589.4436618396077
830.511588809332
768.5267846710934
574.6923741988268
727.5967490173903
649.1363181420322
539.5528316800666
857.3206899917085
561.93390278914
479.33557744624517
639.5834670005773
777.3329910469565
541.986557911234
548.7542593548061
466.00558189883145
430.2331101806503
429.6190085885963
544.2160511588766
552.1355394984316
726.2198947564834
616.4712143892701
578.7630414670507
457.340690653341
508.18434631090605
453.1772212555457
552.4326984465057
829.3337093706026
816.3379840826174
561.3675740538501
558.5016086384531
587.7746199053192
574.9204878148099
517.7710244383137
652.6604713219739
736.0335016786157
557.6637604436065
648.4768480498869
590.4919869554349
818.5480339992259
801.64460384701
831.1634069066052
969.5553119732367
495.3097072908379
712.7001263771
963.6792609129337
617.2955582437379
369.23616435774824
567.4402073238933
618.3418294677517
867.6848556443209
665.315304270748
538.4478443818754
450.1672355950388
639.9690604043691
655.195694492158
456.64314322913657
461.5809863797849
427.88381217658343
603.333079942956
467.21293735241466
669.8022073592938
545.9325994715595
395.47762690832815
594.227821131632
468.29224621892087
494.57886878258387
553.5490575231182
574.8832880696955
607.0487854436635
639.8559913794792
371.0251828294251
505.687403352457
725.1177157879068
620.2447438733419
467.54073802379384
539.190078009694
589.7490933679247
394.1596568257455
609.6299261226108
745.525713607407
737.4804208311929
567.355481537686
500.1891143545243
611.244144250023
535.3565614136849
754.3185643329522
654.1471841713484
561.0204631804723
381.65687290533856
572.6842215149869
547.315010425231
818.5747547559477
679.9944368865425
750.6480234491805
821.9486920520213
529.9761515870343
637.3765681812702
475.2844678290665
713.6066654605612
705.7940637597006
626.1898255419343
408.63968281108095
768.7287635420388
568.2218458552292
482.9379549444844
589.4685876520392
582.9658478768237
576.3961584351729
715.2577838303563
438.8189759361417
516.640305381053
948.2923295962914
640.471851685631
698.8574277187666
467.2161561221439
439.525850254575
566.9008227384553
486.20277183797845
562.6997844246013
393.7420412607039
544.6562793890981
631.7722843335417
803.7197292448709
621.5702947524672
652.4810626413599
588.8127054363139
606.8127745600076
487.2286704167511
645.2658061915193
684.6146804423164
830.7723166604565
599.3661743630574
580.329430115976
740.3201407975994
552.3123590666734
402.60896041392056
531.4065914438911
862.7295363199427
501.69438702206315
618.114462034131
559.954127154175
661.1947383729657
537.8871897712512
664.4278960783942
636.9479298804853
623.8533870765128
653.3877737927774
530.4161558390674
806.3924906476603
776.1231792060427
808.4762003249457
633.127522487394
593.1837267359043
449.15563618528245
653.1902658925932
597.0226287170094
501.37457027261706
464.96680894727365
505.23510973564333
523.9814745806949
764.0865021213368
443.6298961851316
359.906296673359
653.0837989945879
712.9163885200165
793.9588896829487
700.268058583204
790.0787067162399
697.2510322144077
751.5967326577467
555.9003212174222
609.2473460431006
709.3525749754391
626.8373286558601
519.5977152503547
575.9433072298917
506.5785500394034
613.1613912244339
443.46627961079315
801.4610240008848
476.37434621314736
669.2766938537444
818.7663152796903
505.5311614032012
577.4807424650538
665.1624786310396
498.2743095352414
705.9532403883053
441.4489130619779
689.3053531731749
541.1794111868779
787.0126442660707
451.89088820581725
537.0884037170518
707.3674579473421
570.621018670454
925.2423927838586
803.3194516992104
787.5569987797431
394.83975701252433
701.7238048426642
728.3641785154391
767.355442002095
665.4086127058989
456.26325967066305
759.6837158632289
704.3152002623584
642.8081913518268
599.2228247551208
576.9561157513509
458.69124352182735
602.2657582271992
728.8138639127806
724.6035772671839
543.7476961977114
518.4199035322291
683.8938213432167
756.7094758173736
696.8737063408189
692.4916234967558
529.8568222354353
682.189291194224
501.46646974361573
709.5091932470965
614.2658521316564
1074.258379679688
685.4941360490625
716.2254437662497
744.8757436433607
629.8090040164103
583.6992713497175
726.3844646718311
740.5225891516161
804.2037535397282
711.7183008752794
452.68020853022813
537.7914790635733
899.0451893064059
656.10351822667
463.0783219232381
658.6413020246277
474.3494320936536
533.8422726181161
846.9518038803311
429.6933547448837
447.5445914072102
532.1769358327714
630.316388438208
498.93775908576634
473.9961980215016
438.1833050559805
736.1212647135208
636.0085726060867
575.1942772453264
497.1428452704719
827.0855960434128
536.4820325528939
801.858631366261
565.7189616925662
980.6126799058957
652.4231342347155
617.844471567705
823.7612481742075
855.3212335056356
941.9616865219265
844.5234165514247
921.7073660290098
878.395715619653
1267.1382444709607
704.2701142296143
540.2960782938688
540.3841781468348
627.6114763837111
546.6680583334863
849.1737839114252
700.5926315742463
624.1916320882759
529.2140580874569
748.4958514122144
527.5420388925664
885.1583107478009
849.3595457186015
653.0693583075182
782.7649255389807
952.0790971501496
916.4010283878557
757.7373571254811
880.7466520983388
926.0557326125504
1127.5469490768685
856.7835195032457
803.7803704902166
518.9438663559962
681.5928406528986
474.20176230290616
541.0130020969705
524.0645032195268
773.7320440868817
571.9170359350098
717.8001199680513
612.4910568258916
872.8038840453415
974.7528362546844
662.3705597210042
381.8660305730497
450.83816211376234
828.6006381925922
899.5865840280785
835.2137104822191
634.5689270808685
933.7697522252938
776.5491372211246
905.8671100496699
854.572638834536
1014.16401783613
878.6570678515196
696.6098067974796
719.0677829101361
530.8273218753122
548.9158777702529
734.2788906784975
434.69904664335644
890.1470108318368
537.1142790175765
804.3660267855812
659.629066941288
609.8601006717114
563.2633652629794
710.162888948658
658.4464036014858
805.22902148484
582.0095475307916
395.809923653848
563.8041068519309
523.0639794089969
803.8879068542346
817.3910550106172
531.3904775356353
643.9361927452072
747.6099627271733
528.0642490305951
796.5560423547264
819.8106963306459
963.1327089379498
921.834779409598
753.2658828659551
604.8125819009994
734.9427030647759
811.1378717746838
554.0062613120614
562.4954240839023
884.4137321787312
512.1854884020318
537.5135352102465
910.7377134601716
625.0099948872352
616.3646936826829
453.08278531232577
564.6480525326951
708.5965504177643
646.0347747794707
635.2179835750861
370.5125754567561
452.57533190349295
725.4656327996444
733.5277967409556
627.028668462336
765.5902471755622
807.3123127180089
540.3358724186716
775.7474465784694
703.9097755012828
766.874304715972
595.4046725363647
900.7233847613928
912.3150890509487
533.9072839976783
970.3360550903744
913.5492971075363
646.6064039714164
548.1744242718313
575.1896111489872
701.2777046062242
507.9496699529534
786.9907038496331
1030.2748002994147
691.7533695528747
715.2572456877442
826.2603412693684
825.1129559474302
845.7383547703043
1006.0352233253144
663.8145939035343
506.96269954149926
560.8284443459127
713.190946224889
512.9572670783108
670.2926326074238
582.610374975298
675.010164424419
721.7865615607205
822.4132145629698
876.002529687105
620.5683986566556
748.3728441677576
666.5768236026789
552.0838446982985
527.0626075353872
788.2167136135555
813.465263572704
869.4656059237618
787.3937719284719
684.1789891006798
794.7675802940322
669.8681030489978
676.720274025226
496.8012776573036
726.899391993531
394.2495501209957
774.3187163662215
714.2233787314423
525.0189984634155
569.0935067129298
605.9631654968949
908.6682785686435
924.9029645205081
842.3391745478688
1058.9173977379687
658.9040282778658
526.9032676131623
621.603117662163
1111.1078427690827
606.3504289961431
679.4100710249245
837.7494820340136
996.460774378576
655.7712105493372
516.3700855854363
678.893707471679
672.085772488105
679.5806240036909
732.9942938333762
827.5242509499152
699.7946963970095
608.7937667052292
774.4304941606147
859.4505579916258
828.1052944135299
521.7372443023509
467.74073022793283
552.4782258750757
1076.0797798824847
476.4891630860463
867.6299354233582
982.8331465382048
459.48375460567974
595.3100505132287
728.4132451775196
571.7289336677148
779.5971598430665
611.6396912257512
776.7740965561721
760.3181034305921
681.8015302282001
459.02270494452506
570.4066763837019
505.8203738097356
671.7431633696366
461.6393759743302
582.9225467723664
546.9322497450959
658.2106841768799
685.0814804423625
490.82976849312064
681.4381674550772
799.5695588500217
605.5486145951597
1158.331712818472
671.3479404642799
942.3538810319945
775.6200938489154
723.5350480175822
597.38737848985
589.0871912781242
509.11784896994817
658.6639294419998
650.9136666421795
646.7925930197192
489.89735859263465
653.8171019099701
813.3947912163638
473.9629768053963
499.4770923682009
549.9355018989667
790.750916989567
703.4363824646606
738.4758786868188
650.9131405534818
812.1344475350766
528.4715085354679
797.21887271492
688.483185169681
664.7787205537771
1094.6611613471648
695.1461042168136
719.3646040851263
625.9860175215618
669.1588612867786
583.2295575998636
879.7618779329224
538.4918347064597
1082.4130369472134
735.9523950139801
1167.494079793969
706.2177073394492
579.9492158448369
560.925086740675
1067.8582792218679
1195.7173279326632
736.103500105567
668.947404244688
1111.248043269217
626.775296676611
664.7784849818505
810.2957094145535
1121.5065200635177
546.1355135323739
738.7925988966686
530.2518919777277
652.5830185143506
756.1728085070345
811.8130911951515
1178.6903818014732
496.837551882901
439.43955411745645
623.7761152640733
972.6062170086853
430.6841398275399
584.9395640690067
551.6400543827551
567.6578551615972
718.5809032059054
578.7309552726607
657.324388929965
688.1213058259697
836.6329927617397
709.3149127880882
555.4040034373676
723.3862853029569
872.6711642582286
489.15328311229524
549.2433162461523
519.5064773346372
606.08397633386
782.6983535340402
735.2774450554161
725.7293523925938
508.7368845901498
684.1455967840238
508.77619746098094
709.8134231486168
876.5903290254713
603.620881583758
891.402354801936
999.9455405346447
825.6649032005824
677.6058060458614
644.4125331493059
667.1282910939395
726.5614253829409
653.5110383782635
918.803652359309
938.8042944578111
549.764951477518
540.8299026477049
923.804218677714
600.1084073041723
602.6447099884543
965.357002984892
676.7363102494187
982.7237052863344
649.2279186187549
693.6020207244461
583.6748759287499
696.1639179552659
958.5368027842998
1001.8774254264478
1256.2543149590851
557.7461949021994
1224.9371079398186
961.8464768544551
899.3579430136538
734.4998638313873
760.7934443959793
1062.2003391616197
1056.1271522797138
1020.1945875517899
925.6610574325986
1185.945145790629
423.64150682622676
761.2398534693251
747.4275380387741
993.2183799153923
690.7551986621546
854.3185177557967
920.9657844192183
771.2081109508604
478.77726775223795
809.9999708591332
971.8355445930257
696.0412405233375
928.6208375197533
1039.1344100153335
894.25347372818
654.5668611852338
483.9993298675657
645.457293765354
825.3918884540714
695.3610859006307
784.3403761109381
724.583300198792
622.4062154174071
869.0467581213774
1024.559318608228
1185.1735734841227
738.9550283031681
746.9040471675715
711.0935718120635
1023.7440202124377
734.5146383973739
649.7368621304878
809.0450832090046
501.972324070623
625.2009425335456
736.3764422116691
824.5193247021348
1106.0505334566976
735.3514065964623
1053.6472202941077
630.0729768076112
912.3936501494463
1225.1243099168066
1031.526883726048
943.3244633406813
606.7243351314114
526.3129495663004
570.1335960642189
876.0849780463865
661.545306466176
1182.4581594148158
1001.8607722908913
663.8341247557306
954.8415009912807
672.8754843473915
1069.273575142244
753.6697492411046
797.9294347121769
878.087340064776
895.5443286774507
731.1394339360182
703.0960878901889
506.95122711956293
599.301191201701
738.8665837876341
674.4929539707266
519.0963473271597
479.61181400130044
635.2731743330601
733.7589984839564
722.1254711974879
608.6742380368415
863.8521471482487
541.0052807822922
963.4882665988257
731.4447697017612
898.6920980652216
654.8383435809948
852.3581257223228
1218.2007756924158
938.1389276988028
747.7158692251113
577.5456108033031
648.375084099429
908.0005050476302
599.9509741347944
700.1362826569458
721.0874209804738
779.9972403151392
948.8259572782135
836.1523483485131
783.2552942110523
893.1812179814756
1077.298691323188
761.6653320178489
1203.7642901816582
722.1561503448247
855.3266664814695
581.8414249414625
1041.5303391225593
1085.3269158649064
587.2264055168741
957.0470828480824
955.4829359029941
782.3477774205852
486.16463480356634
1014.864745848986
1065.0166482336454
850.4921702973401
401.5158707952796
636.8403242773162
794.5005612805998
441.20518552771927
961.2547040587266
878.3468596686174
643.9097668607324
889.9758159803204
725.2831412346044
900.8762390788324
617.0830810061417
894.5369217376319
671.8680622970816
839.0036882226344
865.9925283820781
646.8262639669073
565.5751245282951
657.5524192339972
828.1484216904279
863.839517314225
596.9777223690704
941.2974065446128
667.2062754875811
677.2085222849954
914.4310941372438
550.3674077822885
808.3249942587528
809.1197339005915
1084.5355140703277
623.7911925774013
602.9197587383686
1045.8803915148803
782.5557021615526
883.0552047855098
885.8354322932945
706.7863329199444
907.191961983223
676.3809468179522
1055.633893427832
966.7369751568191
709.4825205785481
902.881175558052
694.486126280563
691.8044560547293
850.3207783132266
893.9224465788278
815.6994450475951
957.0809467887724
941.8583650528393
825.1580449959584
943.4135075101118
847.3461104608679
773.8248212473045
873.94129487096
698.1664494375224
699.3012581621127
702.8642109152466
751.7593900673679
1052.9885456666048
770.5322838545957
978.5909056929166
755.3278742161575
879.7508846007521
799.4522612821106
857.6824494590978
629.5673185522227
751.1442432050084
599.3862931551324
674.4891445240845
799.3769790807743
555.0754650644722
1030.0917367092718
773.8198830833521
838.2866153198923
584.3758121303443
1161.3751485869036
1062.4759635747794
888.4024805789554
857.9258843746901
846.1013010323983
976.9531577627295
1014.3854858027945
959.2307482175532
903.8151958213847
642.293549979045
730.9862384410491
661.7656575060569
672.7986657681089
635.4329545891463
942.8800207822991
697.1721697595027
901.7763169720655
714.9758475050894
946.2853467276141
1124.3510302480804
839.8397275997348
1038.879268185086
846.7936756484742
734.1408849989939
681.836721828588
610.1039622500119
807.458948886885
854.6265925081708
791.1396240176094
1011.2507837051694
772.4744212901434
725.9443737899645
669.5528485177925
641.6308707705142
626.473566717444
798.3346130998652
1099.8941518366219
1006.038684605608
629.3774102022381
780.0192395591171
1248.1488353015895
943.6771759243185
846.669431723336
958.3262630809983
824.553866844391
655.5673444840896
849.865538298793
791.5640831212328
1054.1561673016633
740.8361447031422
771.6194961297756
799.5742922152641
759.6573223276441
850.7946686594314
753.5164549616661
611.7435353779452
1009.2775966653506
715.2445685016096
827.721450880363
710.9686997765357
806.4546607379365
912.776065638917
821.4916217042243
942.5480839377407
516.3032237307501
783.3239872858131
641.3416122416639
529.1922426100584
526.8920402868225
499.45761785074995
857.212700935221
857.9774841802788
835.7508006969391
699.6132844997011
892.8290965114271
751.6416888371137
745.661095734475
634.5195363951326
731.2445255418257
641.8127557118994
856.2105913780011
790.1976736867268
641.2105063842733
858.2018545192227
817.5803750605637
676.2290372742729
881.7822461974671
594.4899734845964
807.9793174508749
672.3214348201071
885.1962646498187
806.6107861529655
742.4151497785997
661.6524387964631
909.3769019006772
816.9539432028581
840.965739638565
799.7131052337419
765.7476382022609
757.9836030205639
733.163183157736
619.5972267448993
701.609713533981
699.8618869709926
542.5757259456327
722.6261134931373
562.2660882456612
656.3893210441823
800.3926871503123
707.3620174670331
552.7087153764991
681.697911575346
646.256414701383
668.4220645917234
490.5942854734191
583.756368035023
713.5580447383762
812.3761222042889
659.0678987013482
664.687950997646
1002.0196872411151
578.4792034127101
718.899278821632
869.6226256687067
622.2692298522397
745.1043921274362
781.8685839985046
630.8169873933233
427.43388643168595
640.2600236880828
642.9044543079677
713.6186877717086
749.8651728109098
556.3112525932946
677.8516508029044
627.3606564413955
751.1215475377221
547.0388769123267
660.0892864064854
626.8817463660689
642.7812729314998
698.2787184563314
968.7307098765432
852.654672607399
829.5216033558776
579.2706832595553
765.6627536859088
678.5814776734934
634.1903358106177
606.7330696281593
653.8533173871937
566.895386553164
668.6597949606431
566.7777786655328
726.5265814677923
548.6197560407933
773.3908340576655
675.7771374625246
563.7459103089692
515.2670239954515
699.1743682129819
555.2780876105476
656.6895273829759
958.2394185650769
389.77433868402653
680.3170809209371
577.6965676032269
827.1027580312493
816.0980343991614
793.9417879741242
757.5084124613226
970.7045842463073
697.0419007094491
731.4505468231714
848.9500586069407
633.3365988535812
468.64081569950395
404.3885873039626
636.2988951252213
475.9513087289019
518.334960926841
753.005989411949
759.5417010576867
530.0177807651252
922.8124696707292
661.2755621375046
742.7534242869292
911.4878519705061
770.4924006638852
622.8159876020277
509.01880227571615
778.0235129124015
592.9544788160368
666.4865125049299
533.8887356793872
712.9449213920971
693.6473699345793
669.2096738514891
815.2063897727938
644.4708068324791
546.3509818004308
659.7579073444433
771.222684301361
836.5538630641486
808.3547050140751
751.4210168750998
715.7004640392032
605.273974236504
774.4312487796007
889.9024340482821
755.1743401858125
686.8079186690085
734.0486780260671
873.7085244816135
764.8626410695765
660.5746812964921
718.7430401162574
625.1007008985615
642.8252599122769
563.930104870221
748.2233997553554
738.6095157109698
630.8323128466835
730.3043385400437
854.5795572190972
811.7261288582685
740.2491633207759
634.9017262554335
706.7962388272
793.2681298179699
884.146700804355
574.1209586487155
693.0560644072763
663.2402172932829
647.8205726323084
1114.8806259698006
1188.4183095193555
956.1954818298929
600.8904895070222
595.9898944069712
534.0458625726943
696.3713305619625
790.814713176764
605.6641124963403
823.0641229798175
844.1040033662861
651.669301413339
716.2785565130567
642.2176877552398
866.772710140733
610.8343851960773
717.5216321768208
773.098947166635
589.8598956671523
1080.8491011429546
597.5555844968774
798.3181422833946
546.4325805154052
734.4189791391717
718.720849031905
671.373544188427
854.3326319636948
702.3768049105415
878.1582503201048
719.7261408472805
777.3555088243191
924.0673163220672
937.7043983345858
763.7697654975609
718.0239518703274
761.4150548651284
604.9230136311575
857.1542291324912
858.6564156511189
650.0539260468307
669.1248620727794
642.3823069711669
858.8044128194169
851.5781775875251
680.9363815327376
912.4469418024777
925.6863115518485
804.2226058066631
768.4108574391635
628.5963964178367
625.9981214732372
692.3049783667225
632.9585792857979
704.1664246547492
734.0783176652376
816.706917765784
567.5981991417694
669.6721287012696
618.1636685940109
1085.5901516159702
903.7474713370337
622.661000466403
764.4780085787833
764.7249078024357
693.0613816239503
591.7440740810732
547.253009964495
752.5281444150636
572.6085058382063
542.5621082633371
553.5620206371929
577.2643392414462
644.8183173882911
562.9124233262752
771.0676932964917
631.7659196766797
808.3524872895791
576.9162409216486
473.04479896659956
891.4671834942441
726.2083358929917
811.2351697208311
573.5738690247134
671.1494969080937
760.0229642669643
532.4847782274943
557.3973424172573
701.9898133895917
514.9094256418964
637.4320594186801
612.9823781916998
597.6843527836736
605.6258803419994
716.8619586567355
612.583221236022
582.513978033148
723.6372904651333
789.0482068341138
1027.8602016547375
825.176379110134
672.5319440121774
666.8159134761365
656.3528977069594
646.6185753218869
661.9985974461782
559.1786068166067
606.2122378229061
753.4834937308486
731.3964670327438
718.3141819769813
558.9072484966283
709.4397490643393
924.8913886737341
612.2643154187436
623.570195893576
620.8795384925218
744.7819170701222
527.8506001976482
459.38265182971116
749.6138408504447
630.779501654256
814.8613435426356
593.3011334375659
604.7177032276778
555.3431262110606
582.1982873066951
657.8160435256266
734.9213325317045
532.8580596968816
470.68827121598656
620.5784264842857
690.5320603823376
510.2780833591185
648.3235892417052
755.1761449567116
797.8156582098646
742.6635747968162
939.413272089274
719.0592553818551
605.0388657595208
664.7874960238936
672.9916400050803
612.3677100006255
667.812298116965
665.9991799279743
724.6620989570511
780.3593962374157
1061.5897874311693
1324.869921705895
693.5434057177557
655.3246679043265
957.5950088663088
1043.6425858143073
879.4575620952161
774.4398477875858
767.066978597974
762.5846257088057
775.50295340913
771.066929565612
723.3053212845429
837.3878981877657
792.2964806052167
782.6189531481854
621.3555247783793
814.698164004053
518.8250509097144
579.9336534552766
703.7758843122907
524.1003753577738
655.8905890578145
956.0981688797688
660.0664983159758
782.4622459429747
698.6933226298557
753.9425720734251
635.7151390109176
607.0762870223715
705.2786281932287
861.8214126852317
565.6992780812222
632.8921863484005
710.2299359608329
752.9749106998952
597.0744806701633
651.7286331782105
759.5921333276946
527.4344754357832
513.9249300870183
702.6954959783287
946.7181511597832
925.5716517932884
831.3488581634034
656.4357564632564
717.1919454604134
889.2244065820488
579.5103307818403
601.7568024474955
693.9773034302142
727.9926152521102
602.4468235326785
683.3322355012486
575.402551288643
808.5110590795845
746.5840278692912
609.0895564931875
647.044147709622
750.9721380725396
604.985657098878
790.3556026957295
789.567274863355
542.628811096265
683.3093472675822
741.9317373441476
825.1299220157431
922.4532428442076
597.8960997370945
864.0056649485405
645.9614878002541
703.7902541182472
836.5147499270157
518.3175847117536
594.487161499674
788.9828780884492
653.060187152037
544.8111276353128
1019.9754912686112
1109.743963782401
868.9090569466101
949.8360538381565
518.6588207409378
808.6531872017846
813.230115809958
740.6771193714849
659.998815984906
715.1745111288845
572.8962281447479
810.0236220667335
680.6754633086477
759.6980939113167
595.5354182797242
588.1699102210142
725.2420548518306
751.0594046050325
1020.913225218692
567.185423371686
644.5287330050973
585.8015147545856
597.1654568301856
606.8776402831232
744.40038213182
504.5386932976891
756.6246641055736
688.7181262253152
814.2436682473198
628.1690122359388
755.7499626779841
712.0764399253718
886.6990498581243
839.2742599692102
814.5094277499144
786.9822447883435
675.0192558703153
900.9986157747784
582.4102262974583
738.0860497852058
797.5710121133897
589.6572712141183
825.3624870962186
607.1855090800062
772.9725950690182
644.9414277039309
672.0821038139746
640.755479483595
958.1632763291254
647.0963212397868
952.1396724881344
1037.7910274395474
706.3430605562313
784.4043539763205
855.3961751075161
826.3039876620328
626.3905826594735
804.9516100373861
675.1872497625387
795.2514203479512
790.5375957936803
814.602102492147
612.4773626225802
893.3660900668182
1000.7229311236437
909.2499501678163
785.7740355696033
997.1346777449654
943.5068278478107
696.0492196016295
851.3046900203826
812.8822775867515
754.4572910622769
878.6887029757476
695.5932944873547
835.3356510062722
572.2894350995581
785.1665142645294
903.4007366933703
698.6140989337465
718.9289107885767
655.7734110103148
637.1967984891012
509.97166683764084
921.1225465502239
689.4686766213553
764.860377218742
675.2852739076912
746.716872887935
795.2663954934778
459.3835942835522
794.7908917642093
1158.7612510544548
835.7198602294717
570.3022675670394
847.2659165358945
917.4157323199092
823.0371040419465
698.0057129687185
578.7572587758903
536.3827017842759
549.1426186069428
735.0600447285948
577.7958411244113
563.1512097960823
590.9524598512933
666.5662107755571
618.561218059718
535.6718586392504
595.3537147437005
563.7048884320196
525.8367781955307
475.26794045914625
632.3559612492819
693.2216627813956
623.5548307831276
538.3938410681615
717.1064933159504
766.8201851938737
549.5933225666539
593.8309305220256
726.2591974176804
542.4219505750084
767.9814969997597
377.3995784435428
605.8124374286957
1065.9489287119857
593.741785037469
619.0399498227561
765.8611712773326
841.3094514583255
814.7456070715524
742.3561041771296
773.8146387264229
631.6119209619117
428.77986350116663
593.3426702050443
691.9125039580044
735.8973789492183
528.461690150057
495.5369562649475
711.2992445292656
632.8785566975638
791.1730340005884
1024.08384043602
483.9158329030754
569.2567365340693
540.6572067453872
458.8059433315736
491.40414895105056
572.7895794808725
602.6772934389875
641.7272921587545
618.0693123994313
622.1499539118129
582.1198218257724
645.0394677778019
582.792444741839
600.6748073422608
959.1018669296636
1161.7651340376779
679.0640318886291
703.972606093766
919.6615614590702
772.2106703474095
961.8474458396205
801.4081961603059
1190.8576200842797
1013.8535703953985
1252.616862495478
1120.1428330260119
1018.2424473591518
1090.9520305651301
989.3229192277125
1155.0960065893669
1203.2497988377806
931.7625453427294
1021.7043971098688
946.4937300790258
1009.63181472389
1003.4915959793367
967.0386727482006
822.0578292106676
802.4035259660036
909.157954853638
978.5771049854634
944.76497103072
898.6481477850948
873.7766441325736
1261.9956750485223
1228.904992966495
1441.7508209172186
1119.9145347241113
905.0499819132725
1005.777044358455
894.6714148455882
1119.6140087807385
1268.7954145811302
1191.5383152787772
1050.0535645425434
810.246402541343
837.4118982716576
989.1780693490651
834.5308496494781
749.7549021801584
970.4529340537496
838.5340660651335
979.13848271483
1071.077779761832
899.7277111502963
969.8326148006178
873.9874679813092
791.3370976902593
1112.8167239295806
902.1069348110086
867.7392072888688
889.7448513091631
982.8885581419642
1008.7312649732315
911.1251956760358
897.6395277188454
1061.6919470874805
926.2328584889639
861.1973394584561
1001.6741094375211
990.0550167902938
810.768707984551
895.8835994915379
797.9848820474934
880.3384560733597
683.9836943005525
925.1384277474407
934.3747260276592
799.0644669730082
908.74626760821
813.2993271254691
906.2330591354504
917.7567272516972
929.6162383472529
856.8032888728162
1235.2950429863038
1416.8339284396382
1431.8102852760628
1576.3283026470333
957.4742262919526
811.1858540684228
759.6185368967214
918.5773219009167
1026.034012661482
1012.5796036024254
843.3649166149213
928.2315594311041
902.9567037644
992.9843003950982
1038.6882845159118
917.3946261729578
676.2747064497601
871.486597097184
1126.3064653739514
929.7181450366708
930.2791711183281
1032.991975206053
917.3529789613635
778.7963661673897
988.6810720130123
1117.3135091474328
984.5190597036975
832.0768995954581
972.5880779999803
933.2815654045158
817.0666889962246
842.8772810971145
897.720617840157
982.3319421492466
1088.2506312130856
857.2416334009049
862.9415336379853
868.7267783480501
1177.5961757540335
1080.0450485381582
930.6525368029756
824.6137746431924
1002.628768509804
1088.0172936448096
896.5218116255581
729.3222974156605
855.3004031736122
813.8971188578607
734.3363410382159
795.0721166455014
770.6704708178062
887.8693159603122
1028.8417794056197
858.2340045696861
704.9856544739542
953.7175467627027
1083.2111848854527
911.8246875561741
668.0536325059383
784.9236236470219
707.1131857497395
630.1851236425226
751.2254675269129
799.3795906508989
961.3523088697992
987.6791755890537
528.5170544063782
887.0481493637936
655.7678047341539
796.944361313054
635.11095951261
953.901971403945
719.8088544334747
1039.0803022001235
936.4100838916244
1080.017057313928
766.2429762297826
1224.1808825564347
1079.1051627539998
858.6337800215775
926.1254080860348
851.9305519454289
727.5136314906595
1063.2156844484002
984.5744870552252
736.9523442388645
808.9727688913061
920.0160292341875
977.1026621984637
840.2922465582939
506.57670317467927
973.50499975087
606.0201915510712
869.2371279396297
933.0740201053495
1367.2313411896746
891.7279997420651
714.0214618071103
773.7950511353215
909.0092938390158
873.8221670596462
909.1831173503656
734.568249664729
707.3820353167872
790.2839591752772
582.1454153003043
711.0895835145451
754.4970585305656
912.2056841919607
811.5745495716164
941.5021351591871
667.5221373242344
539.2518129847239
787.8486846216218
1207.3406490880545
1107.2476509746143
1253.7830949702059
768.1456935338164
644.2163845883771
1314.0699357918604
911.8647072335708
924.1396016900709
879.0858060423271
798.6417482399337
834.0300223458895
809.6089480263663
748.735789656787
1126.181263081685
932.6459020477231
1249.3409965860928
1076.3886782322518
886.3898193671008
882.5192609807794
716.6109388646422
852.7291637196453
842.8866635303715
777.7644696579077
848.8639841200506
797.7701177622766
889.4087406964563
832.6076359677962
1090.7185241395248
844.284928896512
814.2572074011132
813.963210566812
768.7436506779967
737.3870780938015
761.0935998289552
804.5474983167446
943.8766931114943
859.0530074536669
949.9695407866485
643.5418404961296
523.0036904246238
962.7378670103176
885.3143348746553
956.4218676447234
616.9652546881655
561.6873570663427
580.9817696006863
792.7940929911196
666.6592070893284
821.8448717560668
827.3051170900353
867.2089193092955
767.7071530576567
969.9194831380233
634.5018426866772
801.7780452949287
766.4708268784888
919.4596985257658
1033.8310036970277
681.4484989432004
820.4482854076668
677.5065921026015
936.009454110855
806.7943407487738
955.3563028494153
654.0783806683459
657.9816965610534
656.0851853050968
644.2423213768393
678.3984131653743
679.6650595621909
844.5150788741397
573.427209723639
858.1074369218283
634.841114681704
870.8185568750656
664.479158514917
724.6179952602287
690.449177691684
792.1456037916556
1118.507909572913
803.4759342976478
791.7961320715775
709.2702811686887
736.0731534028168
1036.0619861281646
728.3219169120947
796.5704458310921
959.1668484609603
720.4894556082442
692.4672165639671
985.1993437993665
839.4221110251711
702.3345311956078
684.3551955183372
1133.1503905622524
730.9257372667154
879.4016325000795
889.8820659795607
869.5063842761783
841.5245704761697
849.5623949343511
819.1322997668567
649.9645753529959
625.508684238945
876.4670262068648
540.3924446654856
648.9658913893148
684.5532628680556
571.5296503123046
596.3533850357186
636.0865163661706
690.9179597224338
758.1754555171736
795.1628167433693
756.3834729616245
817.6625269855099
587.621504868899
654.3981084306752
675.2577623721164
597.3395368471525
788.1070630838902
631.5090770824414
734.6436016742769
994.3298760251147
795.9671877315415
773.0581948846842
1113.5072757896341
855.8602584710785
792.7671741791742
682.3329618972981
644.3559492232624
790.6826533472698
902.9694436577623
855.4033135111309
1079.6001961310042
861.9708440953167
755.2159000129894
662.9304012082795
756.5817179998861
831.0285241593525
726.0813045914747
757.7679446664342
890.9579879852685
648.2867568094207
972.853140402147
568.0167388660767
933.0239537931126
792.7884951926422
856.2803720836287
1068.1034604811769
761.8025111935639
737.8806655967046
1050.7474545987793
894.3136438271337
739.9673060680911
619.9410853871412
542.7155380514159
913.7630082288401
824.6569727636667
723.2400009101231
654.1916627032325
895.9083257579174
670.1260624750339
902.9527947392806
964.2732584126871
732.884398152668
857.9696422123872
1019.9580515852277
700.6446184392256
563.5067743712699
656.733850014616
788.1726379577423
741.6766928156641
644.5455950730477
785.141886250975
710.7468176340079
849.4496537629312
788.2832508328515
627.0732792899224
592.7560873672725
631.0633059815631
585.7231050586564
589.1718527879617
662.9762975437704
614.6859267403177
475.71864500167743
725.2367366687928
642.5726479321625
886.6610192922716
758.0557616967617
848.2143421231575
651.2191879971703
608.9313817044311
748.7874361565705
780.0301336561924
672.9007229586967
860.2185596725886
571.2166753828844
896.9731813976538
962.2096702318125
647.9204650152984
613.0858356214728
767.1799239444964
930.0949258233504
880.9644784084327
780.5238535872373
956.076657894258
756.5157457809513
816.2968013477913
577.4159005857912
733.3598931785576
663.6945291605269
758.535779040697
558.3440528814004
758.7556107841742
603.7884706072972
782.2028743178442
880.8113248568146
821.1199994955404
933.7407312913306
921.0798828841108
821.3514343227057
703.8031838509447
854.5147283101122
1199.1213257353475
613.9852391404555
750.9813388330584
827.4367909813191
927.80137598056
715.6391205936316
740.6912435605451
760.4260942543543
914.9382647429052
1025.5255846270318
816.1725559895362
864.1329983611596
863.7584470651004
824.9914807573796
862.824723181564
759.5857027978562
874.773750890774
715.5872594492222
878.2480942387774
554.0221681805765
680.4811752139461
774.0380441585879
589.4082702060809
604.7407950721209
990.8699609344707
797.0417233138586
760.3921624470505
866.1864444421057
976.7295057741395
1138.2323705613978
933.2568601192864
823.567621580098
847.171514361136
835.0241296812275
795.682432286837
855.351365873726
961.7390368692587
717.622139822333
948.462982908531
833.8550796698404
825.8460812777694
890.7895140198334
822.741228381651
830.9571894519127
873.6586785038838
1128.022362752209
970.6576066772318
945.4705797538854
756.7346985121726
512.7598773961871
794.8796762172046
686.8060600435273
736.9683943414749
760.2502462636686
504.21249188175176
556.3965277032845
963.3709377673352
905.9085656335566
779.298963297328
863.6422259935983
570.1196073391707
671.1902727390792
938.3590866797089
1008.4818144470682
999.1981008236626
1131.3373287125307
885.4425920009352
882.9334488926266
1059.5323574754036
1014.4258836470436
764.2633985674394
975.5356386493454
697.4265564483503
859.9057879272713
835.4981966063343
798.6526530540395
729.3458414430047
694.2281853633685
824.7605999651506
745.3651726866566
857.1205054375063
803.8090448470072
715.7898752651777
764.3946253696037
911.3386798078856
848.2930827965439
802.8754421135735
895.012541008351
1077.5743614111145
627.2433630222785
725.5777908079094
733.9077355748227
665.5141554351464
859.9830718349081
662.5437030124677
609.4233384004261
1011.7474766852635
835.081186153276
916.89163400771
760.5334108063033
960.9732740795702
908.5331647914592
682.9990301417682
942.783414934686
827.4646077390197
759.0503505170738
840.2341011482794
830.6778844180693
801.6346156770755
775.5704517872614
570.3843702789153
742.0412170493942
593.7848252636768
620.5029330202302
854.8563628071635
656.5194046632406
643.9357174887232
797.2466404705324
669.5323548588623
696.6795347073711
639.4200258072791
763.4087553309319
716.3572606327826
730.0601543913341
682.9923459267694
760.7340605426599
817.3432068101682
803.4358316897415
348.39699323649916
611.4340307339424
793.126472301207
694.3265156473764
967.1652395643456
754.3947505974006
795.4107174476306
709.662192551165
923.7431694519786
754.1783694383597
685.0642876845208
761.7563039067592
770.2822986853052
731.6924459249143
640.111254650571
744.8087551224512
819.6433216954051
792.6241946582724
934.9367569460918
644.5124708182286
671.4817425989664
933.2477803362714
702.4764873361077
798.8554449504713
714.7614705056377
641.2509280015381
743.5334861736568
782.0332513160635
666.7896904235103
660.3932093910432
660.5455248286993
850.6206039488678
829.1396579907749
662.0748294764597
713.6194009943088
919.7039780244528
720.3777760029192
643.4366676252075
757.1475610715192
598.7191698453275
696.8530133259419
973.9417025230099
928.876961692641
556.1631926898566
738.1665532437264
748.5615786401268
906.416395162748
930.8413132429372
734.1507968206815
798.0814857722326
687.9270504156483
740.8400742264354
662.8253943078778
814.256449053125
764.8124080398267
806.641045809847
776.9937582415574
915.6341280673684
700.1856418436117
610.0234209027844
722.6816585116034
915.3854035454598
740.5996479318997
738.0677170101048
748.1867423645175
817.7112703340784
575.1173350730643
708.9726655791214
1135.4269233900593
981.6593891919732
792.313000473251
564.3093612842196
689.5977043440121
747.6613048073709
749.7961524195424
757.7480874043293
755.3991624721448
801.8013290505342
684.727263145668
890.235736582464
686.5350131831484
574.5783175253379
823.631597307754
1002.3681441773541
712.4803316465133
758.016037610943
654.8947229059601
772.1051700951393
919.1823798777415
695.9770613899392
623.8892150801723
766.4987589943912
1049.3315825979628
650.4080233842425
922.0909577203166
812.9327461303216
1174.9361477026357
1070.138320983931
1051.7266346152492
933.6294898342852
887.0888316155821
1048.5652187280002
967.1020470632553
768.07059563875
1039.9187144213795
574.9767473063865
961.955979139828
701.9994655183019
803.771446089968
871.0770235459289
677.0417255332395
783.4653913918816
1020.0511637055552
824.8664627233674
665.877987585276
770.1567562850336
715.1976330228639
640.1681644896125
850.4405517000396
887.1834621528719
931.0140852642511
912.1963401134049
693.8755456507115
575.8960513808822
759.5450017135671
670.1706871654918
913.5150564907863
621.6106630712865
769.6962401636729
853.5434226487674
707.0005362176965
566.9336322741354
777.2961585604647
792.5356857137075
500.5431637715761
518.85110314675
537.2254127614686
566.9507676352072
331.834698049345
429.5439495747698
627.0669104875566
574.1053659214616
516.1906746679673
840.6044492034417
698.5284060309069
782.993251774974
1260.3810266896862
1085.1626079149187
1053.890632824491
615.9402576410602
1116.0196380104646
1269.6537448251415
1209.8415022625422
524.3381808376677
658.4063244725172
869.0200159710536
597.1208533498649
653.4593398521075
659.0658234422212
828.3780165164744
449.73536444332507
841.1537276929876
488.2872256640074
645.4197876485174
614.3040291173428
642.4495588385709
654.3214373503046
789.9306232390327
685.545919051856
814.78102331442
683.1787946751101
891.9151481636151
835.4271041689409
484.6503721827368
797.3901270125162
688.1094564332998
586.8043520341744
868.8402692013406
1031.2339001571838
1024.6866480473034
768.6583169796727
608.0250116476103
1018.0179914824804
709.8709711665882
666.3848264809002
806.7284808585035
702.8681908261598
687.0975831236286
643.4491204958591
945.7496649098538
661.5671619903177
850.9827963168508
737.2433132272049
638.7026063022812
730.2646188925406
736.7041334228837
858.8319396564924
605.9852158328075
587.5277311877477
687.3485014712478
904.8439613526821
1050.910216125053
711.0066012537233
832.7231091216377
550.8397122167918
492.80053635212334
653.5471873336037
838.6848242191944
1124.4583668106432
764.7700252562681
649.8389586828706
725.9594623895163
756.2496524863523
641.2801650767449
661.7106732706528
822.2608071153128
694.4762839157523
767.2153144778226
840.0091504007465
696.8121474778713
794.2151280929293
862.0200270395561
797.0904522763544
872.1392215295714
740.0996825762627
582.7635487471845
794.0257746260455
577.9637913946968
744.0771276874716
440.54231717450284
633.2624152078815
477.09231052612176
873.4588066125724
621.9682623054086
644.3593509749476
523.8634161750572
417.6890560484044
492.0419979406536
553.0387702266739
887.6083816508363
625.4296085216338
827.0496516933931
678.9067648611871
844.7967730736167
494.10930056343574
684.6790075379645
600.3072024397464
766.6373941535265
422.31089343238835
556.0486373960102
580.3153717042359
520.2360479603558
851.1349807352648
608.8925451464653
682.6740386205917
719.002764028181
775.7019393742474
823.4858964261483
596.4365972302774
758.4730701362449
986.0048351758065
864.7802528938377
1018.4995603054526
670.7272383782494
567.6785614068198
825.3650986877966
808.9098170230992
530.4582920270851
751.284224782416
653.3823718336406
490.52887095817965
768.9882556109951
524.6778657249162
823.5104286308698
577.4066931190879
767.5286828973453
812.826114228857
1000.5614569903596
1012.937003635417
1078.821907338766
914.8018625494275
1033.9350059471071
911.5996741988396
760.0002485927395
825.9559362125366
670.1501761000264
876.5331413002999
463.5659072279755
792.131393384584
813.950981056826
930.8736421867238
901.9154463252061
714.1972800549535
989.0552800036257
874.9731892675445
875.9911651857536
757.5148815192514
844.5097705457547
878.7195933073541
948.3939448250516
980.8089425266203
680.4399790671968
1071.3161524297163
944.3857615665424
729.0405802669364
815.2407268112543
860.807189204147
963.454569085096
1131.0045363297663
849.0157829990475
1074.985360282954
973.4507605163348
784.8078301585186
898.7039110709297
880.8070201183964
665.4733120487543
769.2457491290343
870.8387033195851
919.2770391706758
806.2920091048524
666.3687701332439
635.9838104336234
610.4657197436345
881.3761378774616
854.2788208554515
648.1196163335404
852.8050039154691
972.4421696271102
826.7563753289684
1069.8251750981426
890.06126617554
957.3358987388957
1029.579915770221
1097.6586956078352
782.6054529237393
967.1636445098179
1168.3897813816131
1040.2489562394546
668.7606178616949
923.2672121448903
964.7074689874818
993.0362705270423
638.8213869539151
707.1276493560728
541.4432273964659
1284.3821169468445
716.2205234702732
975.4800198796421
804.3082850318383
911.5027181743104
713.5080095656978
814.9913354814471
822.5083511967337
1043.261979960216
524.6924358557737
772.1490244802313
1088.7538860424058
724.4018158684871
618.8134303775868
984.0134810065107
937.9009145745707
744.9554382583545
701.0625515918728
737.2556487197706
758.0764959044844
729.0807271482837
928.9067811416367
532.6993246882054
714.7645474814972
643.1421979218907
633.2110704380669
804.7892885794536
674.3279289444645
671.8360917715
847.1894923840491
1208.0236014040158
1277.873463472076
666.6857124445124
694.5263538193149
1046.8874512937743
908.4975307554129
1118.4261450521642
944.7068781381237
572.3567921010864
627.0298733156047
758.0559296981395
1014.5202506946306
737.5233119000786
708.5115284505215
976.090915413065
835.986453232755
753.8512905283739
985.123485685605
948.3142289503818
1082.396157679355
809.82485978373
1022.3369065692536
848.727070843733
974.684998507184
935.2676022836869
933.864643878211
768.8464645601653
895.8225476501669
1024.6683563633858
804.824904316251
913.2936388017057
904.6560075442038
835.6252056187367
852.2107138024272
938.9649342648771
1085.2032872943862
659.3105895584293
942.294662243363
924.1874738120946
788.9170553461648
789.9658031440828
904.3155323146169
1049.6274089068233
1142.3599205595785
909.7657009989481
619.0994474802436
846.430538507398
872.2678886021255
773.6263126533148
893.4313644202794
817.8296841776108
824.7619385820564
789.8879465649311
1000.714950319119
1095.814191979467
1111.8098883010036
563.9819306948467
773.6320068211021
1078.4175085506952
965.152045761913
948.2552785456651
1089.4097222222224
1009.7036515387359
891.5748657110067
855.8012639107192
1116.3227966087122
1111.2775886021511
830.4386680355346
663.1940571370914
1098.0390130147389
845.2169129780551
1036.440441237997
826.2541839549117
564.597735305944
741.109085044619
693.7404719075439
735.0912962416782
814.2279309546144
822.115191935695
589.3127773430632
779.8359564917054
601.366203057448
703.64805924675
993.3180742808609
473.04926936687394
851.9951465327595
437.13083811857456
1127.2173237400207
956.6959762790026
891.3391285777494
538.4737263416024
682.6813420408909
793.5499276237734
430.4273422994443
728.1308764824779
709.986213112877
930.855083502573
774.4348309855081
1076.1451334822789
747.8997248028658
881.031198032408
586.4860558686751
590.5020252587882
662.6374417848416
475.05828147116307
938.8024910418136
1043.5269220953776
467.4417060155644
487.7806962830237
1090.243608344004
558.6942438039066
627.9551732270407
846.4067153403297
555.4040033990894
728.6464657622379
955.6821141120423
592.6194223754652
853.5230619745674
868.3864517817715
626.1673597593483
794.9177536726571
554.4118616934088
688.7473031420687
986.3942221206385
697.4392799598692
546.3011249515575
813.9224674419119
1111.4318347658557
1150.23538626493
650.0058097842503
641.6970995371972
772.3426632289217
602.25274398756
905.6512372866197
802.787594482215
735.2472826031889
840.6049120775729
755.1198575421205
453.6098749918487
1004.5714698793257
764.9304873422285
726.9735888180103
393.9635610007538
492.10448565652405
804.7547772569969
1035.1877249269332
437.37472496879417
527.1766086455586
476.7296581523396
572.2706304073171
785.7772249860417
672.934124306933
524.4525181617138
546.5354467696098
844.2029940410775
501.95575172435
616.7896738753279
657.5022723770102
891.7202125048819
813.5368253828573
682.7174268177109
901.5072466221453
957.5022022514769
740.9686015099759
690.5501282983447
678.9194500568007
629.7821024713302
717.511468839623
941.0055895304836
1068.564814333388
718.8650484617452
559.774944757885
846.26276883312
1004.4211861186214
995.0278601079787
1032.4942667863304
715.6837927161786
677.9319942817773
777.1563809179461
716.4196095530261
686.6777503762988
749.1179993263742
423.16322993704506
657.6171583289429
402.39899203938563
734.3484771322883
556.1068096687188
706.3082067205041
677.5970090084459
1281.4877918345603
1053.24672459501
1009.7625600899814
617.5206734893385
597.2105326366978
678.2524104828452
937.1213078120114
642.8110520333247
1026.9966425496384
704.8083821153169
593.1453200657824
579.1605465923504
993.8074382988788
614.2017384756629
743.3641777740098
713.4552436245575
848.2762595866511
784.2689732172907
946.649552938294
845.8779961059414
549.1300160749851
542.6117929672065
470.66128821633305
1094.90591170718
995.7973076796624
900.4624728574569
1026.824143025976
1135.8543440957194
1187.2917469685917
858.0580094530286
737.3178600763305
1405.396206333375
1435.1666722909742
1356.0210053580274
1391.2729828255322
1010.5006831683339
784.7424264026245
732.6465417220448
651.7695329310841
705.3055998937211
705.7993030449484
694.6335300473338
702.7447699306813
745.3856753245745
613.6791975120819
689.968441148753
437.3493861373401
520.8579853575446
803.8704976282311
625.6131479817974
702.8657205261102
419.6310131741643
665.1743689744893
546.864153517391
820.3836205188691
657.6996279007543
452.19972116984223
612.1553292815828
493.392913003028
425.83362433228825
400.4408194787725
473.1987675491573
565.8766752203557
547.2987640728688
830.472157233393
515.6860418287068
449.41020345094836
403.3010958812409
583.8426383004403
635.0653241650817
596.7499028726135
672.7951748010702
712.8077797111342
752.1530155153695
1019.0577233720786
543.4967119306812
602.2258027812029
695.6664544458936
720.2812858609901
682.9103039639102
886.2783523762428
566.9532287753952
593.1112269196415
844.3161991347055
623.3188516342652
696.3076507128281
462.98276144512624
549.1101077129614
520.4656116584257
564.3455136718867
850.8252527944627
493.2886303374475
592.9207791194491
405.4778659505118
527.1795303275495
967.7829594319943
525.2527957718819
499.3833184193461
743.2014057026535
510.78339221376865
522.2721287638527
662.6380766334835
605.5781155861193
828.6502798777695
1249.736350579991
730.5042394276028
808.9407246803013
822.1379922112983
486.5475639217489
463.38354815767883
934.6222564880849
486.50216541577396
668.8083624744644
826.4806357961883
641.6135369020107
505.3821285265107
909.5156807295675
542.2373304851011
697.1587265498798
553.0608814954215
591.2659926818374
697.7910578295736
628.5771777702511
632.3711967359876
487.04224771594346
557.9315739230192
804.7785276801707
653.5736864860298
877.7315162275545
720.3909818921247
522.0368200112305
626.0620975884914
636.473789083269
649.6926036102307
548.925136275828
810.6902312581169
652.7370606239573
455.78684564747624
365.3405309200532
583.9058548490929
699.0158060551312
572.7504654444278
519.8750031739597
453.7423769498905
871.4171796614164
634.673312408097
499.98326066149093
405.13408903751844
740.2847446933747
779.7742576720522
476.3516731830987
473.13805609168116
593.480177505831
498.82882092215226
582.6165563732077
576.083103974981
581.9161667291474
455.83936240886715
453.4646422100264
488.96296447200024
545.6629535288827
631.9270573063228
631.4036947165972
560.3560972789977
468.1116941070558
546.3497772606755
516.4568806672648
478.60676171367703
596.996815961976
606.1615993342185
467.3407385778151
412.6934239710811
819.8301867252576
749.7638122035238
629.239428387799
609.7415403612258
419.2289363311249
665.04128765975
649.224148717928
510.01567391680874
755.9298249490838
752.1751215420572
1094.34889441831
972.8159593781551
673.0146354053412
779.7179948849493
422.98230885608115
647.9164054065742
871.6700337927091
681.3904217823629
541.7333991855866
569.495784427213
800.1180574843247
708.6439199871874
522.8469422538781
670.4289506333863
601.4299319539783
593.1820678855805
778.4771198198374
698.4245237732479
545.7417798065056
450.8806631053078
552.9224971380115
545.8217120154027
770.4201294411795
610.8964339682516
639.1338409968691
517.2940744295357
900.6401716147872
910.9201789101484
631.2584561535177
546.3945151420168
737.4094371390884
1089.5182466142635
783.8342053953833
792.453450094125
728.446279736032
627.0043078492545
532.5101300710279
433.16226454523377
659.1662720232683
906.8736040431592
1162.6238537034565
882.1492970348573
1016.2062095507916
959.7321540354166
805.4750085595788
491.4160007613778
631.0193185252036
616.473796668781
777.4632059799918
749.8551104165645
755.1224632789077
791.3964160180527
471.8813336526716
607.6821308098625
750.8519986922137
738.7713172841823
512.2711416338515
561.6736172012571
984.2700403802031
580.8521769483347
674.5388411298569
705.3619548368232
664.726300916664
922.8967443847014
647.5458664610254
733.3599508640473
474.5670066341734
667.786680160069
505.2769548719837
909.9360292886213
519.2775263594359
635.6891159717201
538.8469806247034
580.9525972210289
553.5009429931148
622.8843527459619
664.1739380689006
644.1186779670292
617.2587272120631
774.3907401946168
758.3501844198523
593.4231486910221
725.4077682123519
619.9128962531125
498.84653201372095
628.7991809824945
756.0124017933537
832.2176371968335
662.0149527735999
476.05903580206285
1124.386560201642
736.0184414626897
642.8931203503513
1050.7400992727125
635.8241283747622
651.7956387753914
740.6861197005293
725.5237134111925
738.388720786185
716.5883703060537
565.9593306901031
558.5372527885329
578.1920051888718
552.9423824978439
700.6334532650744
656.4055506481697
426.41804749224303
589.2003625227231
659.0179357221251
940.8830298412645
675.1919115527802
867.5727292365
650.3851954255376
861.0546537062836
631.7695994939254
850.038132934766
588.4020982385974
668.1731453850883
704.8372484364023
641.3399042103927
661.454966325231
560.0804435945996
494.4440388029209
762.7378441203472
1094.1845653287958
705.9321683027669
1138.114779947399
1024.0182441254306
835.980874287759
603.1205018105621
583.7514031660658
997.3385550827601
722.929516538885
743.6631009508524
549.2379097030918
1124.3498294046963
1032.9596952730392
475.0260979529878
729.2181291829547
595.443999480571
647.6512691716837
801.525661818543
673.2058918857915
522.7644082269757
729.735313167915
552.4317492081574
676.4048174673926
738.4240426209311
522.634614695478
788.0034638567862
667.9316701929129
850.9456413786853
916.703141985137
642.3848539609816
535.0721107744546
445.43517597647536
582.5335148981534
546.0656970358978
597.8965653695083
431.32316816408024
991.5147542756754
838.4953214716656
844.9733667628799
746.0112242829422
946.8659705386825
835.1436123868028
1287.357607620338
722.6104864329867
460.41899877977795
893.5556600635153
1035.3041011873288
501.0494333164698
1143.1677421133033
1143.5093868716922
465.6091702933131
670.9058652199103
647.2581660789698
1004.1732034573575
795.2190288643607
891.4372026809889
429.8891480442331
604.8277437415758
755.2865348342101
729.2299632767812
722.4050010897037
565.9190408652554
660.3811291507379
1005.0438189484056
1120.9148073682456
569.3078693426468
431.4814586625746
1078.6922474090684
463.7562159480685
540.6247625312068
646.2847510580401
797.4156170584928
535.2966410416064
718.7065614304016
540.2946935529872
481.5621310197873
625.9118224099819
742.6418680562507
594.2225700933968
613.7464459501267
638.4439126431372
536.0347791307883
628.1089971405777
509.1308222585905
823.0514015796551
785.8201021852625
488.66376581706436
798.4604290032161
669.4358968894625
729.5133582857528
819.4386508425642
426.01616413187054
781.9665437068217
878.696621237416
1104.7765858303485
718.6038468314283
647.1465544416249
660.2907564399112
637.2390301938512
738.0807075036055
575.574235152343
1016.6529652068435
1041.5493807006399
925.7339916241535
1164.5373317676542
655.515628877587
840.4928483824839
687.0381313087825
652.2524645277521
496.60749620419307
583.4757628744153
503.06763703809133
829.1498974911548
517.8531004307387
632.9618699027831
919.6576388602624
597.0513320153075
683.9378420358053
629.2513384550738
1100.4825963252947
633.77621595549
805.4879252442305
508.0671707770257
528.2252138397747
1134.6830501967377
1176.3546294731225
761.4208118990974
559.0094736964189
614.5238596021475
577.5693986730403
572.8708556626227
619.6603184909064
698.5466477795267
642.9164899857832
842.4736014057944
860.5165334547015
1336.2572001001754
479.55940617607206
1050.6003667150408
1016.8328023921114
441.85057490253786
533.9067542815864
465.12299187867274
606.0702296716153
752.0322236945368
572.4763087362717
681.659243974945
594.0617338957887
777.0792316039018
641.9005198714584
509.65457048016896
577.2811759340425
615.211395223299
630.0959593717337
648.8038933984816
820.4231651904335
761.5582302608327
716.8903485193582
823.8385612767478
910.8544005167473
929.9217120608679
998.6622352130192
690.5004879696722
595.4066035713125
822.6351860317301
653.7045969401864
842.3321370233493
760.7098471915343
786.895813235607
512.4362186843423
729.2080642133382
484.9780902048581
518.25248413146
449.25910553224185
678.9689654621685
533.0121675536657
616.6546226681085
658.3680902784589
636.7680688122172
755.503807593388
473.5205700710258
483.70191216091854
507.4828349273309
410.5813350314914
773.5552633906473
756.999719329158
553.1128356269313
836.7294311545121
842.0071939805565
568.7433296982331
674.3034925216933
697.3942092308656
530.072890224977
544.1488233641172
532.6778532301106
639.3085623433253
458.4686057714103
721.3025480340916
860.5065890477382
582.9061911265943
636.4309514917201
1019.7573244089646
596.7885769572897
560.6382611947614
1211.6910299428762
1027.0472216806572
784.3860903790868
728.3138383520908
914.4440067402703
1006.4527817737853
778.1159491035361
555.5425888353119
460.99558475348005
788.8774894220284
796.1715335298323
885.6015544750563
411.71449893109616
909.1612298776216
674.6479783824171
585.381356923229
626.7813859134379
464.33624907878146
649.2287156117271
601.5926112575447
641.8180873303609
805.258208456658
658.3684573890143
875.7646266315709
756.5104875386791
466.13684740613235
467.43405114419807
471.80183024838306
469.5400550610873
409.52387181782996
718.1134395646571
503.17923351471
486.5912407036085
362.0405451403604
371.085493093819
528.8128200054082
448.9398914954333
727.9324454211622
866.0375351476282
892.6243349340351
837.6835097944107
906.0148265570747
921.0649907883429
976.235132788183
558.5593489552906
554.9214367234423
738.8566974479568
865.9509300254716
551.7852891093727