6146273
5542902
5894005
6524395
5894362
6281190
5840211
5785481
6488527
6290640
5929827
6434445
6010890
5660114
6659171
6515615
6235748
6010713
6182391
6488442
7127604
7325909
6092406
6308511
6524481
6227641
7577909
6227509
5984263
6452273
6173540
6109690
7262601
7379817
6002422
6146479
6425540
6650572
6587965
6209014
6704538
6452331
6839366
7082588
6722467
6488541
6380062
6488791
6515336
6263421
5902873
5299481
6749516
6443905
6497454
6389039
6659526
6785475
6281232
5822085
6704747
6893097
6443621
6677588
6047324
6470016
6271862
6271864
6263475
5839855
6398589
6524660
6461055
6398217
5181742
6964916
6353647
6029099
6776596
6155348
5939006
6029234
6560047
7073345
6785403
6776305
5686997
6731760
6389662
6668377
6947624
6785411
6290174
6956858
5921425
6398361
6200282
6641495
6623287
6560525
6731598
6101336
6344235
6838769
6461448
5867287
7694628
6542032
5614824
5714082
6740599
5777070
6659208
7010689
6417056
6353320
5696012
6416632
6758359
5876325
6236065
6506046
6704759
6082692
6766995
6749911
6569564
7082375
6353112
7316580
7028382
6875790
6226429
6587011
6488162
6506355
6371270
5344622
6127960
6371022
5398484
7226260
6740419
6487891
7217856
6497328
6461632
6694656
5821909
6263343
6334656
6470018
6155477
6118690
6524430
6488550
6433982
7056176
6740639
7154837
7271707
6425274
7046026
6443055
6056327
6533112
6812283
6695830
6740390
6758278
6028886
7172555
5894209
5641404
6767511
6191359
6992705
6569501
6578467
6371565
6587049
6101335
6857634
5830691
6290397
6641193
5335615
6857696
6119173
5975351
6272142
7297856
6434259
7451661
6308438
5930153
6920384
6038119
6371101
6677160
7280318
7181609
6425245
6956130
6929552
6776521
7082266
6587115
6551428
5695741
6902665
6875105
6127918
6875549
6569760
6830437
6578626
6353448
6389322
6821559
6884564
6515282
6875113
7136704
6560350
6200411
7172193
5993161
6722879
6425349
7280696
6181974
6758348
6208958
7091364
6659713
6064814
6622890
7262718
7226400
6983723
6380225
6632311
7433502
6605445
7199742
7163835
6137425
6209113
7082428
6695496
6497549
6362148
6434434
7001019
6722296
6677656
7217260
7181878
6884825
7299082
6731290
7217408
6623012
6542579
6929669
6731173
7163624
6794815
7361483
7442300
6425089
6451707
6308127
6677078
6434263
7703667
6732049
7154318
7307600
7235580
6605142
6685932
7271634
7001418
6820839
6668517
7370660
6290373
5902518
6343955
6866741
6425066
6956520
6452119
7037735
6551348
6344445
7361951
6290032
6713238
6397829
6812535
6614872
6281330
6623146
5857784
6821196
6488611
7351813
6866793
7172255
7334561
6560322
7361349
6758387
7478463
6524493
5597239
7460447
6767507
6920367
7036952
6668049
5731888
6488528
6443088
6551092
6524198
6299311
6785451
6073864
6938351
7991382
6200225
7100212
6830451
6659463
7091871
7136616
6794618
6866060
7127340
7460715
6938898
6497145
6533248
7271538
6632271
6524195
7343353
6920584
6542130
7649229
7037508
6263074
7208490
6902610
6902138
6010420
6713584
7325018
6569607
7532339
6784875
6164155
6416036
6218403
7118541
6443633
7388228
6352993
6794511
7460296
6893495
7082312
6911484
6911454
7387965
7370636
6461294
6650439
7640700
7568330
7289607
7234899
7811534
6965163
7099881
7217648
7028429
7784233
7451178
6911606
7820573
7082545
7352870
7297969
6848245
7190415
7685657
7073482
7064241
6200421
7226512
6253651
7495982
6722184
6290185
6974537
6794254
6920582
7685433
6623337
7595542
7109165
7037221
7046283
6902332
6632016
7199597
6515512
6956942
7370841
6749507
6632202
6956811
7208294
6794520
7073004
6892898
6704642
6866344
7487268
6902006
7082500
7630789
7235414
7325634
7109183
7370470
7397388
6902486
6398264
7451495
7045856
7460046
7118386
7208321
6938148
7055724
6722621
6478888
7028300
7460474
7235240
6866185
7136145
7478703
7343524
6992306
6604979
6533217
7163431
7082313
7109063
6605094
7010178
6002012
6893821
7154309
7397711
7460522
7316086
7838430
7487558
7550139
7118167
7046272
6928817
6722402
6821565
6757977
6506511
7028334
7181370
7415379
6667816
6659288
6785638
7316168
7226133
6613891
7613275
8108726
7154411
6937881
6902599
7055365
7207931
7100480
7568333
6902087
6353001
7127055
7460669
7144745
6838652
6704096
7802097
7658387
7307692
7055233
7496374
6965744
6659420
7235797
7406174
7577697
7658821
7136627
7370829
7531983
6938364
7046189
7973910
6965319
6983461
7001678
6163865
6488118
6776359
7352283
7091268
7865347
7109490
7829522
7388683
7154540
6929305
6641163
6469898
6632547
7631524
7424313
7145136
6641336
7082661
6559778
6848358
7100241
6650190
7091615
7892385
7055410
7811697
7154760
7055296
7181792
7316619
7208519
7847122
6704483
6821622
7595910
7019504
7919374
7829400
7325654
6911562
7055688
6740643
7064094
6938765
7244265
6533045
7172247
6884553
7190470
7082071
7226120
7253196
7010484
7865487
7622211
6668087
6974546
8063460
7514136
6028978
7181475
7298386
7055459
7829635
7379123
7649855
6947552
6559738
7910152
6910388
6830230
7505322
7099726
8171591
6929209
7289638
7109940
6920061
7163138
6596212
7487133
6695208
7144870
7459839
7622500
7280301
7316146
7415479
7415191
7199709
7388085
7640802
8135564
7244246
6830609
7226441
7451201
8072479
7127202
6865970
6731139
6406601
7739658
7739348
7973821
7388373
7460746
7486989
7586684
7262103
7973757
6785434
7316282
7892387
7910214
6884013
7946431
7010219
7298763
6569373
6956368
7343084
6793971
7631510
6947148
7658372
7595799
7055002
7055681
7874453
7469592
7153927
8018493
7739318
8000480
7866053
7730449
7298599
7127215
8009506
7046360
7190197
7586242
7685391
7820488
7568219
7504892
7523224
7244103
6874774
7577770
7748526
7469172
8063045
6937897
7406158
7973325
7730428
7929070
7514710
7739319
7559387
7820274
7946304
7766527
7523543
7405940
6767257
7703377
7774949
7415130
7082195
7550039
8054402
7460226
7613151
7199247
6920412
7649315
7793267
7199112
8063348
7811135
8179965
7631403
7630849
8090536
7433313
7721422
7901373
8000304
7595657
7630927
8000327
8144242
7649763
7758031
7406638
7955380
7163239
7244454
7531997
8099680
7820354
7208620
7748238
8027575
6938294
7406255
6326595
7307440
8135786
7568109
7766651
8072408
7541403
7919199
7730553
7640565
7891859
8207771
7793617
8450436
7523621
8081358
7001839
7505333
8441338
7460285
7145398
7307486
7433059
8270539
7432888
7415632
7640717
7145473
7648918
7874776
7613108
7505006
7100079
7235472
7298189
6974260
8315355
7568266
6722707
7253410
6875426
7163861
7514709
7010388
7739276
7424478
8018617
8135311
7190310
7190369
7388628
8108578
7874257
7676580
7703574
7010185
7865506
7576923
7433882
7667288
7802628
7406632
7784430
7883515
7792822
7910488
7757174
7307406
8045432
7955606
7955435
7631666
7351815
7937310
7586332
7955086
7631698
7379380
8225279
8288200
7838305
8171256
7829411
7649376
7244683
8252393
8054284
8234145
7262134
7676136
7721417
8288058
7802102
8405296
7478522
7549967
8135335
6875103
8270415
8045522
7397424
7433720
8342760
7622544
8297494
7640527
8225225
7748441
7982138
7631532
7874658
8054446
7802127
8063246
8270289
8207068
7181645
7361087
7632342
6884053
7406676
7901409
8189451
7649661
7109224
8306548
7856664
8027528
7783850
7991280
8044999
8279123
7838773
7334556
8045524
7811619
7568339
7595244
7378972
7461300
8188886
7675991
7558827
8396464
7649569
7549642
7514519
7451500
7613223
7658651
8819585
7829459
7802440
7972989
7703155
7658329
8181020
8018129
8000249
7118344
7676275
7955166
8576213
8036535
8072729
7766459
7901202
7856620
8027654
7901721
7820363
8215956
8046280
7847684
8026942
6973910
7406408
8018343
7172067
7415247
8090384
8000474
7946466
8216183
7253577
7748144
8603382
7658105
7586520
8090600
7721342
7325526
8351091
8351468
7406717
8531816
7973430
7856553
8126695
7082107
7406189
8360756
7586028
8090189
7586148
8090758
8666380
7837980
8342631
8180507
7712474
7334412
8180188
8100042
7757187
8000120
7685077
8072661
8450416
7558797
7550089
7722367
7586536
7811763
8261128
8630139
7892738
8235022
7694521
7865426
7694559
7955690
8828606
7793353
7622614
8144310
8279171
7946185
7775800
7298278
7847254
8225880
7532696
8171323
7821143
8423780
8081326
7631266
7820689
7946412
8044878
7802659
8675222
8000257
8036074
7802892
8036434
8207335
8503928
8108094
7738861
8386889
8414521
8675228
8504307
8306700
7945747
8765487
8377946
8135529
7487164
7450966
7064433
7622199
8152895
8144736
8171784
7802150
7928418
7964340
8351292
7181445
8315424
7424275
8117723
8224836
8198341
8054675
8126607
7702791
8036216
7379478
8126553
7729801
8234396
8018572
8135173
7873973
7830082
7964898
7640250
7730805
8720481
8648230
7748823
7604142
7703737
7649139
7973227
7811308
8729334
8045600
8450407
7622653
8306491
7694787
8090399
8386867
7613248
8126423
8144361
8756400
8135298
8243754
7631771
8666523
8612592
8225355
7631782
8189191
8054915
7955468
7955830
8279701
8216198
8162073
7946290
7711914
8756085
8018532
7622903
7154286
8000471
8333723
8792146
8018322
8576072
7748284
8252044
8018203
8783352
7613321
8405527
8423105
7406015
8594204
8468305
8369094
8558471
7919171
8234610
7991404
8396357
8234479
8486072
8000918
9169924
8126625
7855932
7919456
7819768
8495211
8045671
7983053
8693483
8513173
7866105
7964975
8027485
8693444
8216711
8170924
8090395
8486246
7748966
7981989
8954129
8468108
8279731
7955121
8809937
7910022
8333328
7802127
8757051
8432005
8891376
7829027
8504447
8603358
8639435
8234065
8099439
8558426
7649108
7370345
8342253
8450500
8135600
7892142
8468896
8701782
7865392
7963906
7802073
8261257
8009304
8513623
7909431
8135322
8505079
7784615
8638973
7811624
7973519
8531297
8648056
8072470
8540355
7757061
8792134
8387693
8783457
8369898
8135643
8378499
8585102
7693742
8378340
8792670
8288546
8639124
8413930
8692989
8180057
8216370
8126179
8720090
8342108
8477314
8684577
8594544
8819104
8306306
7496323
8279479
8117151
8594157
8090584
7442474
7847665
8053619
8486269
8333037
8161971
8593900
7920172
8485972
8351225
8162199
8045273
8468646
7568575
8171638
8396200
8126275
8801528
8252339
8351262
8054504
7820351
8135201
8567390
7658710
8135461
8504465
7865109
8387272
8171703
6902177
8747156
8458776
7694639
8702011
8621042
8351098
7721949
8423150
8225727
7821139
8108763
8441001
8513047
8315472
7883336
8144836
6055615
8306304
8261123
8181503
7820372
8882312
8584920
8297284
8594285
8755913
8324503
8044799
8738011
8099446
8288573
8684417
8216233
8252325
8207335
8567407
8198475
8009383
8810073
7739726
8054391
8854870
8234579
8549317
8396460
8332966
8693209
8315721
8801405
8765542
9080126
8360217
8621160
8683808
8747125
7514260
8225035
7640409
8719993
8333647
8378251
8351027
8468244
8369164
8053672
8846194
8378038
7811401
8810117
8297946
8449944
8900465
8792119
9089348
8522650
8144485
8504269
8495427
8963056
8450135
9304842
8125815
8693390
9124900
9088951
8549403
8107861
8306225
8513083
8162064
7008860
8117389
8612056
8576425
8720644
8027695
9268981
8279151
8765452
8801131
7631416
8684126
8693179
7883198
8342525
8405602
8342645
8224779
8126047
8945513
8377856
8630495
8225954
8728739
8180490
8846864
8018341
8279313
8342124
9079969
8243041
8630368
8395987
8387372
8477434
8387248
8153461
8864332
8351886
8459421
8117409
9170232
8990275
8810302
8593827
7990290
8531607
8729274
9035317
8242977
9250944
8900312
8639358
8342461
8413523
8746911
8621105
8072808
8360897
8765044
8999231
8180589
8847076
8657581
8414734
8459536
8171160
8387164
9422298
9035287
8810536
8747207
8405465
8918371
7901200
7459550
8990103
8666788
8711399
8648041
8405421
8558118
8180753
8864495
8072074
8603092
8801178
8621282
9197296
8495578
8073173
8685237
8476926
8585359
8738048
8909775
8657869
8513565
8513199
8873580
8747352
9197008
8458982
9143271
8711160
8261694
8872740
9044428
8890950
9134430
8369827
8720139
9035125
7866115
8693397
8747272
8531058
8936167
8306335
8099716
8765118
8783404
8485686
8549493
8711561
8980953
8900238
8521617
8495692
8044201
8657657
8621278
9098027
7936851
8882972
7062939
9358877
6919468
8747033
9215075
8325254
8676102
8162586
5902585
8342454
6693106
9322875
8621261
8845824
7962776
8513344
8900082
9053055
7810935
8720534
7837751
8891428
8116889
8495025
8468503
6674918
7981642
9044503
7847358
9152103
8504227
8693184
7631039
8774425
8602964
7612092
7260864
8854935
6612549
5990824
9061986
5981490
9107066
8566873
7693138
8711726
7693691
5919592
9053055
8863957
8593699
8756672
4820806
8585727
6990307
6620414
7639674
8414963
7657692
7883212
9043813
8593684
8773868
8585189
7260761
8854260
8720112
8035785
6757111
8738277
8161738
7269756
8414310
8315271
8621143
6855326
9134034
9151888
8269695
7062449
6765540
8665624
5693385
9223415
8566695
8188279
8557651
8269555
6404349
8800425
7449602
7792711
9098304
8863373
9044150
9034633
9268704
8800845
5981321
8755789
8422769
8845863
6135078
8936240
6386911
8962962
7485771
7153616
7747444
6071642
8710819
7557817
9170423
8693549
8909095
9142636
9205829
6783642
9358569
6765441
5783455
9016944
8458390
5018002
5864377
5324161
5972506
6278717
9178940
7611681
9287064
6234194
6585211
6351054
6316580
4695267
7818982
5783170
5909410
6999240
4442209
9143242
5891561
8755812
5776117
8548611
8756104
6692833
8485817
8287467
8854819
8477233
6801783
7656893
5982269
9611036
9241533
8854549
6089328
8665868
9151634
9232883
6693018
9197567
6683684
7575968
8277820
7152348
8278070
7603591
8585986
5900877
8701753
9251301
8980836
5379226
7927981
5386937
8828179
6270286
8485623
5981142
8684057
9044804
8549622
7710961
8088917
8233366
9053029
5901028
8170965
7567058
7611052
9070331
8233475
6395278
9260069
7900450
6603153
9277852
6575929
9466966
7007761
9242162
8143065
7278316
8683362
6710656
8287519
6620721
7476583
8891258
9376639
7089377
5206942
6026425
8187790
8512085
9178805
5602643
8953364
9484913
9277606
9052446
9358700
9214947
6981428
5873297
8286935
9151853
8485055
9224597
8845740
5773524
7512337
5693131
9385934
9377105
8944532
5692669
5396075
6782612
9853607
9250350
9646769
8748210
4595993
8351658
7927244
9376955
7062086
7099153
5395812
8124473
8863388
8088849
7062153
9277684
6377360
7656399
7665277
9547914
8872523
8413592
9169902
8070667
9287104
9646756
8449147
9475965
7719347
9466856
9493852
5207127
6305500
8701369
9583722
8575291
7412893
6791939
9088574
8260277
8764409
9664661
9368088
5404572
6485504
7917220
7673909
7224108
7701855
9457792
9196819
8872516
5224540
9673950
6972849
8296186
9457809
7980484
8413005
8548323
6701795
9673740
8305176
8196819
8944641
9394679
6935858
9376697
9277077
8782327
8422173
7188188
5413488
9187695
8980739
9367721
5918058
9457872
7097962
9206731
9035209
8169921
8358909
8404158
8502555
8547791
7916972
5206136
9673820
9349595
9682803
7467121
8476112
9215555
8728410
8530939
9296351
9413838
7998688
9394848
8665138
7484713
9367913
9466911
7413940
9385930
7620380
8682990
9079616
8493624
7700921
9160763
9484814
7819622
8270222
8691996
8619646
5539498
9097045
8701204
7908600
8313772
9088280
8675546
9575029
6710389
7863698
9484663
9178729
8953468
8593168
6080446
5152642
6827393
9385901
6206298
9592826
8989854
7332455
5728450
4954217
9700828
4944952
8917521
9583938
6296192
6935742
8592752
9278613
4694359
6431392
9502857
8881583
5323909
9592738
7908302
9673485
9493720
9493998
9709655
9790898
4927281
8412701
7331794
7773099
8800294
6422075
8304848
6728486
6719780
7692457
9205408
8106869
5917938
8808582
9007402
9295635
7422087
9493776
9790749
8890267
5350125
7809250
9385294
5944606
9610964
7152063
8313559
8989305
5233159
9214228
8224396
4845764
9682748
9213986
8602011
9105992
4836816
5530105
9583685
7214501
8323350
9368813
8791884
8016201
8007275
5827888
9105999
9574782
9403129
6827627
9313418
9889654
8980079
5251200
9412381
9700720
9700511
9412034
9700721
9646819
9584136
5864529
5044226
8710380
5233078
9015723
8007528
9898654
9557063
4953632
9277653
9907373
9421906
8115494
9007039
6917441
8772973
9781727
9691572
8313580
8520415
6331840
7998430
9088208
5629191
9403331
6827461
9610688
9394278
8719071
9709622
8421332
9097190
8800061
9799757
8223359
6440096
9691764
9412550
8259787
6107442
9719293
7693377
6322976
7124937
7917153
8520412
5035002
7628946
8025090
7619801
4855036
9907569
9700605
9205206
7619773
9898421
4845556
9412044
9304299
9709771
9808491
8520552
4854724
8421608
8421648
9313336
8808990
9907618
9808492
9907511
8619617
9907438
5737417
7817848
7728048
7331724
7926015
9808363
9808480
4755648
9907692
9907579
9412258
7826968
9907403
8817718
7430516
8223178
9313204
8322524
8718688
6836364
8709545
5151940
6439880
8619460
9412032
8421660
6539152
6043644
8223176
8421500
8718544
8124118
9709232
7034300
8619331
7925960
9808544
8916856
7331712
9709624
7728042
9213896
9114815
9907419
8916832
6737264
8619472
6836064
7034160
9411964
9907377
8520352
8223215
8520537
6935516
9214196
8817608
9214016
8322532
9114812
9114670
9709303
7727855
9907564
8619474
7727826
6439711
6628859
8322276
6836320
9511365
8223395
9907546
8124088
5539058
8718524
9907628
7529588
8322256
8322351
8223187
7628672
8916905
9907305
9412073
7133356
9907630
9114812
6836060
9610212
8223209
9313234
9907713
4755840
7331528
7034588
4755840
6836436
4954000
7331804
9115104
8124020
9313176
9907474
9610213
8421338
9907361
7430606
8520412
8124115
9907414
5250836
9907572
9015792
6736976
5250840
9213816
5647368
8718544
9907447
5845445
8421593
7133623
9709497
6935427
7331552
9898420
7826942
9213908
9907394
8322339
6340775
9808240
8124340
8709641
4854584
7331423
6241718
4755504
7925863
8916612
7034396
7926258
9412098
9412264
9907579
9907646
6836094
9016052
9907661
9412352
6935234
8124044
9907409
9312964
9898473
7628979
9907664
7926148
9511488
9213853
9610350
9016036
5845343
6439923
9709430
8916958
9511201
4854577
6142514
8754784
8322086
9412040
8817607
6538869
8916867
8817604
9114740
7331765
7133560
8520245
9312949
9808612
9907620
9709354
6836128
9610376
7430601
9114959
9709463
9907507
9907510
8917016
7232440
5746384
8619535
6836128
5845448
6341056
8817711
9907613
8718499
9114671
7826944
9907571
9907588
9412264
6637880
9422193
5350300
9907612
9907509
9709277
9412146
5250890
4656431
9907685
8124311
9015993
7232660
9907549
6539200
8025320
8322308
8322464
8322503
9610496
8124414
9907589
9511333
9907598
9907363
9313083
9907577
9907667
9907594
9907398
7727823
4854908
9214064
9907547
9313184
7034158
9312983
9907409
9907439
9763959
2433024
9079911
8322190
9907519
7025178
9610169
9907466
9808293
5142777
8520242
9214216
8817626
7925813
9312816
9907426
9907562
8817520
8916984
9114842
7331374
6241640
6142608
8619462
7430428
7133296
4854577
6241586
8421220
8916864
8619439
6539148
9304620
7125162
9907731
8916565
9312852
9511224
9511085
9907438
7926174
9304200
9907668
9412271
9907394
9907602
8718384
9412071
9907564
9907571
5944430
8520296
9907640
6737307
8025024
7727784
6232674
9907371
8827587
9907470
9511132
9312923
4854577
8718377
9907441
9907478
9312973
7727904
6935257
4656431
9709360
4944669
9511247
8024912
6935182
8817599
9808548
9412162
9312839
6142562
9313115
9214104
6737027
8025012
9213860
9511065
9214007
9213753
9907524
9214104
8124109
9213961
8817520
9214111
7925846
5647188
9907610
9313078
7430553
9214111
9412264
9115038
9412187
9015865
6241644
9015951
9610285
9213784
8916527
7529522
7529521
8817516
9214055
9312952
7529632
9015827
8718440
9412006
8025015
9016055
9213824
9511243
7133328
6142574
9015951
8817676
6439725
8916726
8817539
7826840
8817784
4755504
9412229
8916529
9213811
9412003
9808450
7628708
9015822
8916640
9114838
9511149
9511337
8421457
8520334
9808465
8520238
9610343
8916693
4953650
7331483
9015722
7628812
7628780
8421244
8322245
9411890
8916864
7925930
8916588
6637948
9511105
7529570
9213851
9213871
8619505
8223022
9313062
7826900
8718535
9412076
6935271
8520416
8817572
7133279
6241616
9412163
7727664
9412144
9015872
9610363
9313069
9214104
9610215
7826907
7826838
6043495
9808505
8718519
7034246
9015703
9213785
9313113
7034161
8817618
8322384
8123951
8322111
9511229
7926036
9709413
8916579
8916787
8619424
8916539
9808346
9511228
8718525
9511213
9114775
8421287
9412153
9015602
8817519
8718487
7628704
8817721
5845315
8421267
7430651
8025037
9115031
8619424
9412003
9015944
7133331
6241641
8916789
8907765
9313128
8718474
6926175
5449036
8817676
9015694
7520588
6142568
8718668
7232404
8817783
8718489
9403154
8421377
8421376
9313088
6737104
8223185
7826872
9511262
8124106
8421240
7529632
8223176
9213842
5944419
8322191
7925959
6538869
6340717
7034249
6935156
8916785
6836100
8124058
8421215
7133331
4755504
8520425
5151808
8511469
6340777
8520450
8916709
7826767
8520451
8223031
6836103
6142638
9114888
9015746
8322285
9312953
6538872
7628671
8817669
7331492
9114791
8322172
7925915
6836097
8619460
9015776
8024983
7034245
7133309
6637954
9412163
8916769
7133331
8718463
8322308
7628728
8619624
9412165
7133282
8718536
8520334
8817620
7925986
4854577
8520415
7529618
7430657
8619527
7133322
8421255
4854577
7727897
7727832
8619624
6241584
7133331
7826895
7133320
8619551
8025005
8718647
6340742
6439795
7430449
7034252
4755504
8421471
9511258
6935182
7133294
8223192
9709389
8718697
6737027
7628591
7727665
6637935
7628593
6241647
8223239
7331464
8124012
6241641
6331733
7925887
8223207
8123976
6935089
6340720
4656431
6043498
6439796
4557358
6836106
8322309
6340707
7619718
5944413
4854577
7232404
4953656
4755504
6538875
4656431
4755504
4845593
5449008
4854577
4854577
4656431
4755504
6737021
5647188
4557358
6538863
4854577
6637945
6935086
4755504
6439727
5052735
4755504
4656431
5250904
4854577
4458285
4755504
6628964
5944416
5250864
4953659
5449045
4557358
4755504
6340738
4755504
5250864
4557358
4953659
5052729
5349957
5349960
5349960
5746255
5449039
5349954
5250884
5548112
5250890
7727809
5746222
5349938
5548112
5548114
5845340
5548112
5746261
5746264
5944376
6241641
6043492
6043492
5647160
6241584
5845340
5944422
5845337
5746264
5548118
6430795
5944427
6439727
6727962
6142568
6043498
5746258
6142568
5548115
5944416
5944382
6439789
6241583
5944366
6439789
6142568
6241627
6538805
6809148
6142571
6737029
6538944
6836016
6737033
7620001
8953309
6637949
6737048
6611032
6836145
6538798
7106317
9223609
8647028
7025269
6836039
8097505
6638031
6340768
6935088
7232454
6908227
6935271
6836177
6728127
8845254
7331557
6935270
6737046
7034344
7232504
6836184
6836198
6737098
6935257
6935264
6935264
7034351
6836184
7133424
6737111
7034287
7034351
7331577
7133424
6935271
7430657
7331584
7232497
7034365
7331577
7232504
9430648
7133431
7430664
7133431
7331591
7331584
9619818
9511816
9665033
9683019
7331591
9656030
8133422
9610912
9629119
9718875
7331591
7628752
9385818
9647065
9665011
7133431
7529737
9673975
7628743
9656029
9638083
9665024
9412857
9638122
7709911
7331598
7529744
9701027
9701043
9421844
9268570
9683025
8241564
9223698
8592998
7709951
9647055
9727968
9683129
9683001
9638082
9628977
9710097
9674198
9710097
9701131
9692077
9701131
9692158
9701138
9701057
9719077
9692053
9710030
9674212
9710022
9647054
9692141
9691988
9683185
9638080
9647054
9683178
9683143
9692165
9692035
9701145
9665078
9674002
9665061
9692043
9692172
9665239
9665246
9683199
9692098
9629107
9656104
9674210
9674219
9530034
9530034
9656223
9629161
9656111
9430961
9611161
9629200
5657251
9241787
9439976
9674193
9629116
9521062
9629154
9521078
9611177
9629154
9638327
9421989
9665246
9647307
9647285
9647243
9629257
9422002
9647300
9322915
9232814
9656175
9232815
9638334
9413015
9413016
9133742
9620192
9322915
9620204
9521100
9232815
9413015
9629249
8746428
9530257
9530168
9521164
9638269
9331944
9665179
9620370
9521123
9322915
9322916
9340908
9629322
9530243
9133743
9629193
9214870
9512155
9034669
8927410
8936384
9034939
9043722
9521244
9323060
9034702
9323155
8944571
9016728
9232967
9323104
9043780
8917654
9142915
9025763
9224075
9025922
8836719
9431155
8845570
9313991
9539203
9431200
9323155
9124771
9142948
9340988
9422205
9431132
8935599
8935598
9242011
9331975
9530218
9431201
9214871
9413016
9223867
9313945
9530281
9223891
9440123
8755400
9133971
9224036
9043808
8935801
9521301
9332056
9422157
8746635
9025699
8818582
8935599
8638384
9043644
9241965
8737454
9025788
9142891
8836531
9043644
9323155
9223845
9332121
9521092
9620277
9629361
9629265
9665232
9332105
9422012
9422221
9430986
9647253
9332114
9674250
9665250
9647153
9521150
9665281
9142731
9674044
9638173
9710181
9718993
9665073
9674044
9718930
9512120
9647321
9647238
9656077
9656272
9620173
9521092
9745909
9674134
9853777
9683065
9817781
9043261
9772885
9772940
9844753
9790837
9790787
9683090
9835842
9799829
9755081
9746031
9539051
9790785
9835829
9790773
9647114
9709980
9835717
8817829
9709997
9718953
9683096
9674042
9638220
9647196
9656181
9692037
9709988
9754940
9746057
9727933
9656245
9431026
9638182
9754906
9745921
9647165
9629177
9674081
9719072
9701134
9629293
9683204
9665167
9754957
9683040
9683056
9665110
9692152
9440160
9647321
9422152
9124853
9701104
9413241
9647237
9232832
9232919
8827659
9314023
9016735
9214948
9629215
8935687
9124804
9422060
9638276
9530117
8755442
9431055
9331937
9179510
9638089
9530225
9674093
9719000
9422228
9440076
9656188
9710023
9692021
9727977
9745952
9719113
9674205
9656125
9727941
9745904
9241837
9746064
9133808
9701048
9727984
9710188
9539101
9719009
9647196
9737073
9745941
9773013
9745945
9754940
9692037
9745916
9710038
9763988
9727965
9781977
9692228
9736951
9764068
9773048
8106355
9755002
9764059
9710005
9763869
9745973
9799832
9763885
9826751
9115042
9808787
9799788
9745923
9781868
9790816
8421555
9754911
9781853
9799796
9745925
9781829
9790840
9781829
9799856
9763908
9799836
9736958
9772880
9754923
9772840
9808935
9781834
9736961
9763907
9790883
9754916
9772888
9727949
9736950
9709966
9790986
9790891
9799940
9745901
9808767
9754873
9710008
9736963
9781820
9754899
9790959
9736921
9781835
9763844
9790804
9781863
9745935
9772831
9745884
9736946
9790831
9781907
9745899
9745891
9763891
9754875
9745924
9763987
9718928
9763867
9781812
9790819
9799837
9790807
9826762
9790878
9808807
9826793
7827096
9754902
9745996
9745951
9772936
9781877
9781866
8412564
9763899
9763895
9781991
9808922
9826877
9710003
9718943
9781824
9799832
9763898
9772861
9808803
9610811
9781950
9781863
9710051
9799934
9772856
9763858
9736927
9727995
9790938
9754869
9763913
9754933
9817823
9763857
9799807
9781860
9817765
9817927
9772873
9745912
9808827
9782000
9763926
9790875
9772883
8520628
9790901
9790814
9772853
9781946
9754901
8025249
9772973
9773027
9746008
7827099
9754896
9782028
9754950
9746022
9772924
9763945
9790957
9754884
9781827
9772896
9799921
9781951
9772849
9799907
9772935
9763944
9764038
9745961
9781986
9755023
9763890
9764044
9754888
9781798
9584205
9656058
9763973
9781995
9719173
9746011
9746084
9746014
9727971
9719072
9728003
9727938
9754948
9763880
9781840
9772895
9790807
9799824
9781846
9736907
9763953
9772961
9754925
9745897
9701222
9763919
9763948
9763919
9763887
9728164
9710075
9727957
9719102
9737063
9755012
9638234
9736978
9736968
9755013
9736930
9763937
9763854
9781863
9764017
9719075
9745914
9763953
9728039
9737127
9665230
9575376
9728018
9746110
9745987
9763959
9755032
9728133
9683072
9755025
9754999
9763895
9745948
9727966
9728137
9728053
9772992
9727995
9791012
9817816
9817853
9808823
9799901
8520623
9781887
9763952
8124319
8421554
8223422
9808829
9808905
9647118
9799890
9790915
8394665
9764004
9746105
7728060
9737025
9745911
9709996
9745986
7827146
9763895
7529890
6935070
9718966
9683230
9719138
9674277
9665335
9539310
9683156
9674256
9629438
9638390
9413239
9071041
9034876
8935799
8737711
8638603
8926877
9215054
8935877
8836784
9125044
8926894
9368327
8836766
8836673
8737719
9025944
8521612
8449455
8728695
8728740
8224339
8818873
8836798
8836719
9115997
9016986
9125037
9215130
9134024
9620437
9215137
9629403
9647197
9521208
9314176
9116042
9134000
9142976
9116057
9133992
8845600
9422247
9647372
9629424
9638362
9638261
9431211
9224117
9025957
9134038
9224145
9638376
9332129
9656274
9656243
9034979
8935836
9620413
9332142
9332136
9512379
9323171
9647380
9629403
9656206
9647411
9620416
8935864
9539260
9530351
9530365
9422284
9665203
9629424
9656293
9629259
9629405
9530234
9521375
9647403
9665256
9674228
9656236
9674203
9638269
9638286
9629286
9539291
9638283
9233062
9647246
9683259
9674282
9683259
9575442
9665316
9665236
9701145
9683200
9683222
9665354
9674241
9710131
9692197
9692211
9683239
9602337
9692130
9683266
9665327
9710090
9692223
9719083
9710046
9710143
9133986
9665225
9674245
9737088
9728145
9719122
9737077
9683270
9701187
9647370
9647251
9674164
9638276
9638370
9692150
9683261
9737041
9746083
9719112
9799884
9781929
9790919
9826836
9737184
9844808
9826784
9719153
9790934
9701204
9835787
9781970
9853779
9907566
9907585
9907653
9880729
9907639
9907555
9907581
9907592
9907677
9907568
9709537
9907691
9907647
9907670
9907568
9907562
9907665
9907615
8322336
9907631
9907725
8124355
9619576
9907748
9511271
9907522
9898665
9898587
9907626
9907535
9907469
9907449
9907470
9907604
9907642
9114904
9907533
9907628
8718564
9907518
9907610
9907434
9853723
9907493
9844754
9907543
9907542
9907598
9907566
9781809
9898625
9907594
9880688
9907624
9907595
9880656
9862675
9907583
9871691
9808802
9817732
9763937
9763977
9826791
9799878
9880623
9835699
9701069
9817831
9907575
9907599
8376484
9907533
9835749
9728106
9728093
9638414
9728059
9710015
9701074
9683238
9728075
9764003
9817812
9746005
9844757
9772989
9907531
9907541
9889641
9862677
9826783
9889558
9853708
9862666
9799779
9781867
9808798
9790906
9880595
9844712
9844731
9862658
9826772
9737064
9790772
9808792
9799795
9790789
9772897
9799824
9781907
9772853
9781927
9799837
9853613
9826727
9889622
9898552
9871627
9871543
9844710
9808814
9835851
9817748
9880579
9763817
9835710
9790867
9844679
9853600
9844587
9808825
9853676
9844741
9790888
9826781
9808813
9799899
9799795
9889577
9880555
9646495
9781858
9817742
9817691
9826675
9853698
9844695
9889538
9871609
9871673
9835819
9889517
9880600
9790870
9781893
9781933
9692035
9763934
9781947
9808763
9799883
9737114
9754926
9808842
8935085
9817715
9817700
9763872
9790882
9844678
9799796
9871661
9844664
9790879
9790914
9592669
9763900
9817779
9835680
9808824
9799810
9790928
9746002
9674084
9781834
8728789
9629500
9799837
9728040
9781911
9781875
9799778
9746010
9737068
9736986
9691788
9710061
9710108
9728034
9745996
9754928
9781896
9781919
9763931
9772932
9764005
9737004
9547812
9772944
8620510
9656308
9719046
9736934
9754960
9736967
9790888
9799700
9808857
9808815
9727821
6737002
9871559
9817789
9790896
9799805
9835660
9790882
9799759
6340709
9781861
9701092
9692160
9727982
8026256
9728080
7638876
9701182
9764061
9728051
9826681
9719049
9728085
9763867
9844714
9853603
9817656
7034237
6737021
9574353
5845297
9844719
9808910
9421520
9826877
9223387
9799871
9737047
9781879
9457743
9746085
9485134
9737081
9665266
9755024
9772999
9782000
9799916
9835790
9151258
9781965
9737108
9764028
9719166
9412993
9638108
9349733
9710200
9710126
9638306
9665347
9683324
9637944
9593170
9763983
9755097
9665263
9728066
9611470
7729041
9674147
9656372
9043996
9647286
9701236
9647344
9332200
8332397
7945072
7557763
9629395
9701214
9656388
9701052
9764017
9746119
9655980
9457796
9737005
9638307
9304397
9754906
9736954
9088771
9737156
8566460
8746686
9692266
9719192
9719182
9710109
9755132
9322866
9269028
9638323
9683211
9737019
9736982
9754925
8881227
8475924
9692163
9772993
9745953
9718989
9737156
9719119
8395256
9638119
9683215
9665338
9710012
9746060
9719088
9719049
9754979
9773002
9737004
9755148
9710226
9781742
9737013
9808722
9773054
9656243
9719204
9728122
9781875
9709958
9692262
9710161
9701167
9638052
9719185
9728039
9764062
9710058
9692207
9746106
9728037
9746114
9737093
9763829
9719037
9728064
9763992
9745960
9754859
9710109
9737105
9710058
9710066
9692244
9737000
9728018
9763918
9728196
9745871
9701037
9728058
9719065
9719105
9728092
9737078
9719227
9097679
9754889
9701118
9772802
9719045
9692248
9737081
9719056
9043589
9737184
9728104
9772959
9745980
9710126
9692264
9557423
9746104
9746055
9745989
9755038
9772904
8196854
9782060
9773014
9790929
9791064
9773136
9773087
9790939
9781984
9790921
9764056
9746052
9790948
9755176
9593235
9790893
9764016
9763949
9728179
9665246
9736985
9790918
9728120
9737056
9718996
8845300
9701249
9701150
9728179
9746013
9754867
9719149
9701213
9656129
9737080
9737055
9754987
9719228
9719221
9736999
9772878
9710147
9719104
9169432
9052180
8313830
9665078
8917460
9566286
9592677
9755104
9737072
9782024
9737112
8845039
9763993
9781889
9548000
9692102
9817783
9764043
9727987
8520935
9745978
9700945
9655938
6836236
9844678
9763919
9835753
9817756
9746104
9853668
9808766
9763922
9763917
9728151
9692007
9728004
9701101
9701096
9683168
9781794
9808825
9674128
9710105
9692028
9656319
9710086
9728003
9674145
9647169
9665071
9566138
9665281
9719194
9710116
9674220
9683195
9656270
9683204
9674327
9656199
9674182
9710142
9692076
9692200
9692162
9701178
9692328
9674302
9737093
9665331
9755153
9719171
9701132
9692163
9692179
9593373
9656275
9710129
9692206
9620521
9665328
9665311
9692245
9674306
9656341
9674292
9692251
9701192
9629436
9629322
9737123
9737133
9683200
9692158
9647333
9656353
8909091
9656201
9620348
9701232
9647301
9656299
9692210
9665293
9692283
9548422
9683251
9584393
9638396
5477329
9521337
9665199
9692140
9719113
9737020
9808974
9746143
9665310
9602372
9611335
9764055
9764037
9737116
9764037
9728144
9701050
9566408
9728192
9737185
9746095
9746089
9710185
9728160
9728109
9817858
9755061
9844779
9764067
9880667
9673577
9710139
9764022
9907657
9907619
9070265
9907590
9781984
9772962
9737001
9763931
9835696
9737068
9737159
9746025
9737113
9719244
9692264
9728233
9817865
9764023
9719150
9746037
9692228
9764018
9755085
9746150
9728202
9719226
9710258
9710202
9907546
9790918
9746137
9800001
9629096
9710209
8322440
9746096
8817733
9907562
9907591
9772789
9907702
9115032
9799938
9763956
9907572
9889583
9835811
9898556
9764028
9799890
9772890
9746134
9790958
9728142
6756193
9817862
9701233
9665348
9394650
6279016
9439874
9826761
9809000
9817861
9746152
9709503
8817871
9907612
9907644
9862732
9709517
9808622
9907687
9907649
9907606
9015982
9880731
9826768
9889672
9015978
9817845
9853756
9862751
9844907
9880779
9502392
9907672
9871853
9799966
9871756
9835929
9502424
9862821
9889758
9898727
9259384
9835797
9781983
9844826
9746038
9781896
8692176
9755067
9764045
9728124
9781909
9782028
9746013
9575378
9772992
9799928
9232412
9835825
9799868
8899245
9737008
9718851
9772944
9880655
9826756
9700460
5404308
9826806
9862723
9853797
9745978
9907542
9898584
9880699
9817824
9799905
9853851
9871797
9466503
9871744
9764003
9692260
3585665
5153036
9907690
9610439
9907603
9907635
9907665
9907676
9709511
9907693
9907706
9907717
9907651
9907729
9907696
9907729
9907665
9907689
9907693
9907648
9907722
9907740
9907659
9907707
9907678
9907709
9907649
9907710
9907657
9907699
9907641
9907706
9907668
9907689
9907708
9907701
9907679
9907701
9907664
9907682
9907644
9907688
9907695
9880705
9907698
9907697
9907608
9907636
9907591
9907655
9907648
9907595
9907664
9907624
8025296
9907614
9907689
9907612
9907658
9907667
9898608
9907667
9907627
9907686
9907707
9907637
9907625
9907576
9907636
9907611
9907616
9907667
9907709
9898668
9907703
9907692
9907648
9907692
9826692
9907650
9907677
9907632
9907698
9898677
9898691
9907603
9907583
9808747
9907534
9826689
9907621
9907601
9781680
8880924
9907613
9907638
9907636
9907646
9907634
9907664
9907648
9907731
9907630
9907576
9907615
9898666
9907584
9907626
9907631
9907616
9907698
9907645
9619956
9907605
9907615
9907563
9907618
9898570
9907545
9898598
9889659
9907575
9907663
9907605
9907512
9907646
9907664
9907600
9907633
9898650
9907563
9907605
9907565
9907578
9907563
9709515
9907629
9907567
9880657
9907593
9880645
9907599
9907630
9907613
9862624
9907643
9817710
9862581
9907547
9790730
9799782
8133794
9907620
9907621
9907560
9907512
9907529
9907551
9907528
9907513
9907588
9907520
9907558
8025218
9907560
8817813
9907545
9907617
9907540
9610289
9907487
9907629
9907560
9907558
9907540
9907554
9907592
8619662
9907618
9907646
9907537
9907545
9907565
9907525
9907601
9907567
9907590
9907643
9907600
9907635
9907574
9907676
9907578
9898624
9907603
9907519
9907563
9907567
9907546
9907550
9907573
9907589
9907588
9907532
9907563
9907571
9907618
9907558
9907626
9907567
9907617
9907602
9907585
9907564
9907552
9907606
9907601
9907554
5548280
5251040
9907578
9907547
9907574
9907513
9907580
9907527
9907516
9907560
9907574
9907611
9907564
9907623
9907555
9907547
9907564
9907570
9907604
9907602
9907560
9898571
9907569
9907598
9907551
9907535
9907545
9907609
9907566
9907647
9907673
9907638
9907632
9907568
9907518
9907602
9907616
9907598
9907577
9907619
9907659
9907609
9907648
9907602
9907603
9907621
9907594
9907652
9907613
9907605
9907681
9907631
9907715
9907624
9907611
9907611
9907672
9907618
9907643
9907579
9907618
9907623
9907590
9907614
9907580
9907563
9907603
9907615
9907674
9898622
9907563
9907639
9907638
9907627
9907661
9907628
9907589
9907569
9907596
9907598
9907585
9907650
9907609
9907569
9907641
9907624
9907618
9907607
9907636
9907662
9907629
9907610
4953800
9907672
9907604
9907665
9907662
9907646
9907611
9907579
9907680
9907598
9907627
9907656
9907620
9907597
9907547
9907627
9907556
9907589
9907615
9907616
9907602
9898592
9907620
9907638
9907607
9907566
9907592
9907593
9907609
9907607
9907633
9907631
9907636
9907597
9907581
9907601
9907621
9907609
9907628
9907672
9907606
9907612
9907575
6340808
9907577
9907627
9907630
9907566
9907592
9898657
9907572
9907598
9907628
9907596
9907615
9907587
9907648
9907603
9907623
9907634
9907583
9907644
9907604
9907607
9907590
9907602
9907650
9907598
9907654
9907650
9907664
9907659
9907696
9898697
9907652
9907636
9907662
9907676
9907678
9907654
9907634
9907668
9907676
9907665
9907664
9907678
9907679
9907678
9907683
9907668
9898730
9907685
9907699
9907699
9907689
9907700
9907681
9907709
9907699
9907685
9898725
9907710
9907701
9907691
9907717
9907713
9907726
9907723
9907709
9898729
9907724
9907725
9907706
9907706
9907724
9907721
9907705
9907743
9907740
9907709
9907740
9907731
9907710
9907730
9610516
9907756
9907735
9907721
9511450
9907726
9907748
9907729
9907710
9907730
9907743
9907725
9907739
9907728
9907722
9907771
9907714
9313303
9907763
9709571
9511473
9412397
9709634
9511484
9907747
9412408
9412408
9412400
9610561
7827200
9511471
8619768
8817907
8124361
8817789
8718834
8917000
8808905
8817928
9016088
8916989
8817900
8421600
8619764
9016088
9610560
9610512
9709640
9016088
8421612
8619760
9016032
8520688
7728052
7818137
7430812
8718844
8223444
8520684
9214240
8322500
8124368
8520688
8619760
9313240
9412370
9214248
9313328
9214205
8817924
8817924
8718848
9115112
9511400
8619764
9115160
8520684
9412305
9412287
8718720
8322464
8124320
8520600
8916920
8619764
9016056
8520672
8817852
8619768
9313244
8619760
9016080
8917000
8520680
8619760
8322520
8619720
8520644
8322524
8718848
8322532
8520680
8124344
8916864
8223440
8025260
8817776
8223316
7529884
7430812
8421484
8025240
7827124
8421604
8124368
8322520
7926212
8124360
8421604
7628964
8421556
7827132
8124364
8322516
8124372
8025288
8322524
8124332
8124364
7926204
7628960
7926212
8421608
8520680
8025280
8322480
7728048
8214441
8223440
8322520
8322528
7926212
8223448
7926204
8322524
7827128
7926200
7827128
8025280
7827120
7430804
7728040
8718788
8223440
8025280
7529888
8223444
7529888
7926208
8322516
8223444
7926200
8916934
8322524
8322528
9115080
8520680
8421608
8619768
8421608
8520676
8223440
9115007
9709472
7926204
7827128
8817819
7628964
7926204
8124325
7926183
7926204
9907582
9907609
9214111
9907596
9808538
9907599
9412253
8718771
8223444
8718799
8520680
8322528
8223444
8718799
8322520
8322524
8520680
8520684
9709473
9511358
8916945
9907577
9709518
8520680
8718823
8619760
8619764
9907627
9907627
9511365
8718840
8718836
8619768
8421608
9511376
9511386
8718820
9313237
9907628
8520684
8817928
8917008
8817928
8917004
9709552
8520688
8520684
8917000
8817924
8718848
9115160
8917004
9313292
8917004
8917004
8917000
8917004
8718831
8817924
8917004
8917000
9313252
9016080
8817932
8817928
9115112
9115140
8817928
9016088
9412296
9313316
9115160
8917008
9016080
9115164
9313284
9313316
8817928
8917008
9115164
9511480
9610529
9214228
9313316
9907640
8917012
9016071
9907646
9016076
9610504
9511418
9007097
9115128
8917008
9214244
9214240
9115168
9412357
9007057
9097182
9115164
9412396
9205257
9511396
9295350
9412376
9511452
9304325
9295342
9511416
9304326
9907700
9313324
9394408
9412365
9295350
9313276
9511436
9295350
9601573
9313328
9907719
9907713
9673680
9412392
9592582
9610522
9583581
9502453
9511480
9403417
9313290
9574597
9808608
9646715
9907585
9907711
9907695
9907700
9808668
9808682
9907714
9907727
9907668
9907731
9871825
9673680
9862831
9763765
9772716
9907707
9907712
9844867
9844812
9826788
9745873
9817771
9907735
9907723
9862833
9826901
9799760
9907734
9907737
9907705
9853725
9907647
9907671
9907704
9907699
9907704
9907693
9907679
9907623
9907652
9907642
9826752
9907641
9907644
9907661
9907646
9907699
9889732
9907676
9907660
9898752
9907709
9907628
9907622
9907636
9907598
9907658
9907644
9907666
9907592
9907598
9907638
9907601
9898593
9907610
9907660
9907619
9907637
9907639
9907634
9907628
9907618
9907622
9907543
9772777
9907649
9907584
9907598
9862626
9907583
9907573
9907616
9907633
9907558
9907613
9907608
9907552
9907549
9907586
9907602
9907588
9907599
9907592
9907603
9907614
9907624
9907627
9907595
9907599
9907556
9907584
9907603
9907623
9907602
9907606
9907608
9907602
9907611
9907593
9907606
9907608
9907591
9907599
9907606
9907613
9907624
9907624
9907601
9907582
9907620
9907598
9853612
9853696
9907644
9907603
9907629
9907605
9907628
9907562
9907567
9907599
9907558
9907587
9907652
9907597
9907605
9907592
8520462
9907612
9907602
9907677
9907602
9907616
9871745
9907657
9907601
9880724
9907629
9907618
9871709
9907630
9907563
9907578
9907576
9907595
9808829
9907610
9907640
9907619
9907561
9907595
9880672
9907617
9907606
9907541
9907562
9907560
9907612
9907601
9907576
9817788
9718842
9898682
9907549
9907530
9907527
9907567
9907630
9907566
9907593
9907585
7826970
9907611
9907582
9907550
9907590
9907519
9898450
9736702
9700753
9799652
9772709
9907497
7034248
9907505
9889645
9781854
9871690
9754958
9871682
9889630
9898526
9898531
9719021
9889638
9745903
9727877
9718994
9844674
9880585
9871623
9880599
9880644
9889607
9907560
9898610
9511988
9817819
9853769
9898634
9817700
9826718
9817811
9853721
9826793
9907602
9853677
9862727
9880638
9799800
9889623
9844714
9817772
9754901
9862715
9683053
9754979
9727983
9817781
9016653
9683066
9701052
9745892
9728000
9853711
9826771
9835770
9511987
9781836
9736902
8115938
9620034
9844777
9817815
9853696
9853719
9790841
9835766
9871697
9799805
9808820
9772904
9817787
9844727
9629048
9817750
9781862
9880644
9808799
9772923
9421976
9880637
9691974
9709975
9718984
9835788
9835729
9862678
9808798
9880648
9844712
9799817
9772880
9862669
9799820
9844714
9853724
9862703
9835777
9853695
9853698
9826755
9844741
9772905
9853723
9790797
9808828
9826749
9313865
9799840
9746006
9736992
9844753
9853653
9853692
9817752
8332124
9718990
9124756
9674005
9817752
9701006
9412945
9799779
9763866
9790787
9853657
9826731
9772885
9817767
9781854
9844713
9781879
9763895
9781843
9817715
9808763
9826751
9826749
9754886
9763900
9808819
9728024
9781839
9638122
9817766
9826749
9817756
9790825
9826732
9817755
9826749
9763866
9817777
9700977
9808728
9817713
9835696
9835785
9826722
9799821
9817774
9692012
9835783
9808774
9826710
9817729
9808850
9727968
9647081
9826818
9799831
9817776
9790841
9808813
9772840
9772875
9736905
9799815
9790867
9808779
9826759
9835713
9835731
9790796
9799767
9772808
9790772
9772785
9817803
9808777
9808785
9772798
9790788
9763852
9799815
9673927
9682930
9682956
9763853
9799814
9754863
9826822
9835774
9835736
9727875
9745826
9656088
9781831
9682968
9520968
9781809
9826794
9835819
9754952
9745888
9817788
9691966
9718929
9736939
9727890
9673950
9781843
9728016
9772837
9763853
9628996
9754842
9313784
9638005
9673950
9691887
9521020
9619985
9682936
9124590
9124599
8917493
9754802
9709869
9781768
9826702
9808727
9817742
9835711
9772751
9799726
9844697
9781725
9862633
9889635
9835672
9781783
9799758
9673903
9763764
9754738
9682871
9655913
9313771
9664900
9835733
9718848
9628978
9745866
9808726
9745796
9682920
9862649
9799739
9790737
9862709
9817732
9727828
9763782
9835644
9871658
9871689
9844645
9898625
9889589
9844655
9826743
9907604
9907571
9835652
9682891
9394858
9763798
9763800
9844671
9871654
9700903
9799739
9754776
9907636
9907601
9853642
9808737
9799765
9754828
9808739
9826701
9808709
9691894
9835739
9898637
9880641
9898613
9826736
9700887
9862644
9880691
9907605
9862669
9907629
9862716
9826753
9808764
9799816
9817817
9844730
9826738
9853743
9862728
9799785
9862702
9826745
9817779
9727924
9898693
9898646
9907688
9754834
9862708
9817738
9862671
9871658
9907688
9889646
9862717
9799791
9889691
9907626
9898658
9826724
9835767
9781800
9853760
9790803
9763852
9844740
9763866
9898653
9907670
9871676
9889681
9871712
9835732
9853750
9862695
9853696
9853721
9844722
9853692
9835703
9835718
9808765
9862694
9826786
9898726
9853713
9853685
9808750
9826732
9763881
9853735
9790828
9898684
9907676
9853741
9853794
9799837
9826821
9781824
9853770
9907675
9889697
9853742
9781848
9889731
9853783
9853771
9763851
9826794
9907719
9898650
6241922
9835796
9808689
4747261
9727711
9907514
9907459
9853496
9907449
9907433
9907439
9907485
9907485
9907548
9907446
9907454
9907508
9907452
9871537
9907459
9907508
9907460
9898520
9907530
9907493
9907510
9907473
9907535
9907613
9907606
9907561
9907519
9907547
9907517
9907532
9907538
9907584
9907559
9907569
9907547
9907493
9907476
9907482
9907508
9907616
9907549
9907539
9907497
9898587
9907621
9907614
9907644
9907627
9889517
9907528
9907537
9907616
9907626
9907729
9907684
9907591
9907619
9907516
9907476
9907496
9871538
9907488
9898521
9907567
9907638
9907609
9907644
9907680
9907655
9907618
9907590
9907584
9907663
9907702
9907678
9907659
9907583
9907645
9880693
9889631
9907507
9898536
9907695
9907689
9907684
9907617
9907659
9907727
9907744
9907710
9889562
9907587
9898659
9907638
9907700
9889647
9907740
9907610
9907572
9907614
9907611
9907704
9907629
9907658
9907603
9907648
9907612
9907740
9808677
9907683
9907638
9907666
9907697
9889701
9889602
9907651
9907631
9907609
9907591
9907624
9907580
9907670
9907669
9907676
9907635
9907670
7529938
9907637
9907714
9907548
9844617
9889619
9898533
9907664
9907654
9907583
9907559
9898646
9907537
9907619
9907640
9907614
9907623
9907662
9898657
9907595
9907648
9907651
9907651
9907621
9907658
9907615
9907571
9907660
9907640
9907643
9907650
9907641
9907622
9907548
9907626
9907608
9907535
9907571
9907665
9907638
9898639
9907600
9907625
9907496
9907640
9907604
9862668
9907653
9907643
9907608
9907651
9907657
9907605
9907597
9907591
9907581
9907592
9907652
9907567
9907679
9907661
9907588
9907641
9907564
9907684
9907634
9907645
9907679
9907535
9907571
9907537
9907619
9907615
9907590
9907591
9907654
9907518
9907629
9907650
9907692
9907751
9907688
9907598
9907613
9907556
9907644
9907633
9907613
9907720
9907668
9907702
9907647
9907548
9907720
9907567
9907559
9907552
9907587
9907535
9907629
9907671
9907596
9907608
9907577
9907634
9907626
9907661
9907655
9907655
9907560
9907710
9907617
9907512
9907537
9907517
9907587
9898455
9907554
9907552
9907563
9898614
9907727
9907612
9907559
9907591
9907584
9898589
9907580
9907584
9907661
9907623
9907528
9907482
9907587
9907573
9907503
9907552
9907576
9907561
9907587
9907597
9907561
9907608
9907574
9907604
9907512
9907664
9907638
9907567
9907561
9907557
9907573
9907529
9907617
9907491
9907565
9907611
9907590
9907575
9907541
9907512
9907553
9907513
9907521
9907528
9907594
9907593
9907522
9907412
9907624
9907533
9907592
9898602
9907547
9907574
9907515
9907601
9907485
9907465
9907602
9907554
9907513
9907563
9808437
9907569
9907527
9808515
9709459
9610300
9808507
9907567
9808503
9610297
9709389
9214049
9808505
9412240
9907497
9907609
9907512
9907472
9709371
9907589
9907594
9907594
9907593
9907613
9907494
9709310
9907593
9907655
9907571
9907491
9907517
9907490
9907559
9907523
9907454
9907464
9907525
9907456
9907564
9907571
9907551
9808353
9907511
9907529
9898578
9907578
9907568
9709389
9808436
9313136
9313149
9412133
9511257
9610341
9304052
9610317
9709391
9709328
9709403
9610427
9907519
9907532
9907554
9907494
9907510
9907464
9610324
9907637
9907505
9907527
9907630
9610342
9709462
9412168
9808392
9808441
9313113
9907539
9709380
9709367
9610203
9808507
9511130
9907455
9709286
9610270
8817822
9015829
9412156
9709451
9412212
9313154
9709344
9313052
9511316
9808508
9907560
9808348
9709327
9610287
9610200
9907490
9907588
9213903
9312985
8817719
9015767
8916734
8916776
9214102
9213913
9808383
9907552
9709347
9313144
9511139
8916692
9511228
9214029
9214108
9214005
8520556
9214031
8916847
9015817
8520562
8520516
8223280
8322375
7529832
8223280
7926074
9700983
9754937
9781637
9772762
9790718
9799672
9701014
9674074
9674022
9727941
9718893
9692032
9700991
9781736
9781815
9763858
9781734
9772743
9763817
9727702
9772771
9817663
9817657
9781614
9790612
9826529
9799576
9799574
9799576
9862526
9835685
9871516
9844495
9862512
9871518
9862516
9871524
9880500
9880596
9844496
9889558
9871521
9880522
9898529
9853485
9853482
9844499
9853488
9844579
9853587
9808564
9853482
9853564
9853486
9817552
9808567
9871589
9889551
9853495
9880564
9880658
9907573
9889546
9844490
9853472
9844491
9844484
9835518
9844489
9835503
9853472
9862471
9844509
9862462
9871520
9880498
9853486
9871540
9844537
9862542
9871571
9862495
9862544
9871519
9844600
9862561
9853514
9862573
9835498
9862540
9853501
9862561
9889529
9853465
9862506
9862562
9871457
9835501
9835496
9862574
9862546
9862541
9871437
9853503
9844470
9835511
9817520
9817515
9844540
9835526
9844471
9835491
9826503
9853550
9763603
9754614
9745623
9682797
9115437
9214534
9736632
9637774
9664735
9655774
9628785
9682800
9709674
9727676
9808530
9853488
9817513
9799530
9808522
9817592
9826551
9799532
9772574
9781565
9799541
9835589
9817600
9808519
9826499
9844467
9844466
9844484
9844508
9871429
9844468
6538815
9826562
9862517
9853453
9871465
9844659
9835557
9889497
9835488
9871426
9898437
9907431
9880539
9871538
9862559
9862536
9844522
9844481
9835577
9835554
9853552
9835560
9844614
9844567
9862508
9844641
9853577
9817542
9808641
9808533
9826594
9826556
9808626
9790569
9799550
9709464
9772619
9781688
9817686
9799678
9781572
9781668
9799644
9781607
9799592
9763678
9781609
9799569
9781696
9799625
9790598
9799591
9817611
9799625
9781574
9808618
9781663
9772679
9781606
9781629
9781616
9826577
9817590
9817620
9826634
9808633
9844591
9817622
9826685
9790638
9826573
9817580
9817541
9844553
9844579
9826567
9808617
9808616
9799598
9799590
9817576
9799604
9763659
9790613
9799656
9808574
9799573
9781627
9781632
9781715
9754734
9772656
9763628
9781608
9763650
9772672
9799554
9772628
9781685
9790639
9763635
9790620
9763670
9790720
9790608
9781602
9772600
9799619
9781600
9799605
9772674
9781681
9763609
9781634
9772598
9772624
9763608
9790605
9799575
9772634
9772603
9808618
9754674
9745705
9763636
9745652
9772599
9736654
9790609
9772630
9745679
9772747
9745692
9754677
9781622
9727667
9763680
9754759
9754652
9754646
9736654
9763650
9772762
9763673
9763789
9745842
9754753
9763714
9781627
9745719
9754656
9736739
9799631
9781596
9808571
9808584
9799625
9808573
9781621
9781632
9781583
9808567
9790681
9790609
9799638
9799625
9790677
9781619
9754627
9763662
9772597
9763613
9763614
9808583
9790577
9808607
9799663
9763623
9781613
9799609
9790625
9754633
9781586
9799639
9754634
9799584
9799663
9781593
9772622
9772597
9781630
9745646
9781600
9754620
9763669
9736647
9754688
9763663
9736731
9763649
9772647
9745666
9772627
9736726
9736764
9745804
9736745
9736824
9727762
9736708
9745700
9754766
9709976
9727818
9736765
9718902
9754740
9781759
9736705
9763696
9754688
9763635
9781669
9754693
9772659
9754822
9754797
9763709
9781654
9790659
9790650
9790670
9763717
9781640
9763660
9772632
9763625
9781647
9763605
9763676
9754655
9763698
9790668
9772725
9781703
9763721
9763658
9790742
9763673
9763668
9763649
9763672
9772720
9763696
9772689
9754755
9754695
9745708
9745722
9736694
9727831
9736697
9736741
9745672
9709698
9736818
9718792
9718704
9718777
9718722
9718673
9718695
9709783
9700914
9664886
9682864
9718739
9709811
9691781
9718809
9700806
9754775
9763757
9673949
9691773
9718751
9727763
9709850
9736747
9718765
9745720
9682939
9736734
9736740
9700833
9745818
9745792
9754761
9745819
9745840
9691973
9638092
9727751
9736736
9736841
9736857
9674011
9682981
9700930
9665023
9682957
9647075
9772731
9781678
9790719
9790674
9772684
9763730
9709882
9718839
9736804
9754679
9754714
9763680
9736717
9736705
9700698
9718678
9745723
9718736
9727740
9727778
9718898
9727721
9718809
9736732
9727816
9727806
9736770
9727721
9745748
9727741
9727759
9736737
9718676
9736684
9736676
9700704
9736671
9763677
9754745
9763728
9745666
9754642
9736648
9736684
9754630
9745646
9763755
9745734
9745688
9745650
9736670
9727673
9727674
9754678
9736699
9745638
9736650
9763635
9763631
9754694
9736690
9736656
9727686
9736660
9772650
9745647
9727779
9745648
9745660
9745702
9745741
9763725
9718679
9754622
9745690
9736823
9754718
9754712
9754660
9718692
9736683
9727657
9727669
9736656
9736681
9718680
9736647
9763720
9763665
9736670
9736657
9727784
9736686
9754646
9727705
9745635
9745679
9736677
9736683
9754711
9727703
9700733
9736679
9736744
9727694
9718693
9718809
9727682
9718708
9736720
9727699
9709721
9520737
9664753
9700742
9709705
9727709
9736682
9700702
9736689
9727714
9700745
9646777
8827206
9673790
9727783
9727726
9745660
9745743
9754691
9727879
9745750
9727689
9709870
9727756
9727772
9745778
9700833
9691855
9709888
9709842
9629019
9664829
9700715
9682867
9700722
9682883
9736734
9727790
9700774
9700707
9691733
9700705
9718703
9691790
9700704
9709714
9754682
9736650
9745635
9727732
9745647
9727741
9727664
9727700
9736661
9754625
9754622
9745644
9745693
9727669
9736726
9718686
9745641
9772730
9754721
9727707
9736651
9772672
9781690
9745777
9736691
9754671
9763604
9763714
9754709
9781610
9763615
9772701
9781626
9772676
9763689
9772682
9781683
9772666
9772666
9781653
9772678
9763649
9763680
9736727
9745697
9745690
9754684
9754669
9745684
9745682
9754666
9781679
9763686
9745689
9772639
9763703
9763644
9754668
9781657
9790690
9772609
9781635
9772671
9736702
9736709
9763673
9736698
9745702
9736706
9745697
9736724
9781646
9781661
9736694
9745687
9727730
9736676
9736722
9745689
9763650
9754659
9754658
9745689
9700763
9709749
9718734
9709739
9754616
9790630
9790668
9790645
9799601
9781638
9781653
9763655
9763661
9745710
9763669
9781720
9754687
9754685
9790693
9763668
9682786
9673741
9682774
9709736
9691772
9691765
9709724
9736644
9736709
9718749
9682843
9709739
9691772
9700782
9772685
9691756
9691780
9682795
9691836
9700774
9214586
9682799
9673790
9709786
9691765
9700749
9700789
9745707
9691795
9664799
9601902
9691755
9718695
9655838
9709768
9628833
9682766
9673806
9664818
9673795
9214586
9025357
9502809
9628867
9493828
9655781
9664792
9745654
9682738
9673795
9754675
9682754
9700695
9772587
9772644
9790622
9727680
9718722
9799580
9826596
9673781
9664919
9709715
9763662
9736705
9673781
9673758
9691760
9781625
9628867
9313659
9691730
9313672
9781575
9817611
9718722
9682769
9628934
9511812
9790589
9403755
9412695
9691737
9727712
9682772
9655781
9682756
9745672
9709698
9763677
9502806
9682780
9412694
9808568
9745624
9709676
9772615
9682752
9691759
9700712
9817561
9817551
9817542
9808610
9646402
9817578
9835656
9790605
9781660
9835604
9799605
9781622
9817547
6538815
9790632
9736642
6637899
5746262
9781687
9430321
9700720
9727670
9727764
9736786
9700717
9691803
9151204
5250904
5250918
5052737
9736690
9754697
9727711
9709690
9691731
9700721
9718692
5151824
7331460
9412483
9646844
4854598
9700820
9646824
9673889
9349612
7647348
7836504
9673788
7629368
9691765
9709766
9646856
9709755
9664824
9682815
9745801
9709843
9700811
9673825
9754771
9790755
9709826
9754782
9736828
9709807
9727786
9745774
9799798
9691799
9727758
9781766
9691792
9754820
9682843
9727806
9808747
9763866
9781804
9718797
9709832
9727802
9691843
9772834
9754866
9700831
9718820
9808770
9763817
9682805
9655854
9745758
9709830
9682830
9745789
9772792
9745944
9682832
9637870
9682805
9727735
9826811
9790789
9808750
9772790
9790752
9709771
9673820
9754769
9718780
9727735
9754790
9808673
9790712
9826756
9826731
9781739
9781750
9853724
9844845
9790813
9736755
9727720
9745746
9817701
9790728
9799752
9781752
9808767
9799748
9727744
9835748
9871712
9763711
9799703
9763860
9799748
9835731
9826703
9844736
9745761
9817730
9727709
9772618
9889623
9853650
9808600
9907531
9808743
9871601
9853626
9835656
9817601
9817589
9844562
9853618
9862673
9871652
9862589
9835628
9880619
9907644
9862645
9907532
9880594
9853626
9880567
9844683
9880663
9889694
9808536
9907696
9898652
9898628
9907611
9862685
9898669
9214164
9601460
9673524
9871641
9907650
9844755
9772628
9808791
9808663
9826632
9799776
9826627
9862687
9709572
9844702
9808616
9511400
9673608
9214096
9547559
9538448
9844686
9466309
9736698
9817771
9853770
9826712
9898693
9853702
9862653
9898667
9844634
9835633
9313192
9781596
9862629
9691438
9808583
9808611
9817778
9817718
9754665
9781618
9763640
9736703
9772683
9826673
9790713
9781702
9772723
9826705
9736735
9781742
9835700
9799796
9817682
9691814
9745762
9790797
9763812
9520825
9700758
9799712
9772889
9790801
9745986
9781954
9754927
9754960
9727870
9745841
9772756
9799820
9772843
9826870
9799907
9808830
9853803
9817906
9754981
9844787
9835872
9817794
9817802
9799824
9817774
9781870
9817890
9817848
9799869
9799907
9808927
9799857
9853787
9889730
4656760
9799873
9682765
9691764
9655822
9718789
9682782
9691772
9619888
9205607
8124754
9691773
8818304
9664821
9628885
9646844
9628894
8728246
9637876
9700826
9628898
9511851
9223619
9637884
9304721
9628900
8422025
9610924
9196670
9619919
9502880
9205645
9412766
8818342
9611019
9601940
9691778
9772863
9646932
9718739
9673869
9214629
9619962
9304733
9511867
9610936
7728495
8629169
9025467
5845436
9511879
9637894
9331694
9601952
9619989
9655928
9214650
8899475
3567393
9718769
9646892
9646893
9619929
9637897
9682831
9700776
9718753
9682804
9772731
9763659
9736716
9736711
9745712
9736729
9736716
9790681
9691793
9691801
9727723
9844530
9817575
9781646
9790617
9808592
9853516
9871484
9808580
9862500
9808391
9213909
9213901
9610199
9312988
9015757
8421321
9610201
9808341
9808352
9412053
9610187
9114838
9610196
9511127
9114831
9610336
9015843
8421315
8916699
9844536
9772414
9213960
9808592
9628423
9808599
9682826
9700778
9781632
9772641
9781628
9754674
9808588
9790627
9745704
9718734
9745702
9790629
9790626
9745705
9772643
9772644
9529336
9763666
9358146
9826604
9799595
9736721
9727731
9682802
9709761
9682807
9628907
9709759
9736724
8421448
9736864
9655900
9610934
9628890
9619911
9610927
9682799
9709762
9709749
9754689
9484422
9664833
9700774
9754680
9709767
9709762
9691802
9754686
9691796
9736716
9673835
9700786
9754705
9682815
9736724
9718753
9349420
9754692
9682818
9655849
9682810
9727729
9700768
9691791
9673819
9691787
9709759
9718754
9646866
9700804
9700789
9664838
9682821
9421778
9502883
9682807
9682806
9655862
9673830
9709794
8178257
9592820
9674034
9664971
8394989
9610950
9115632
9620041
9223625
9313781
9322775
9412857
9628914
8728292
9322720
9655888
9647062
9683037
9682844
9691848
9601962
9412945
9619933
9637898
9610937
9637866
9655841
9214632
9611088
9214637
9647093
9611133
9223648
8818493
8719389
9331743
8917561
9223792
9620124
9611137
9638090
9214813
9016653
8908446
9025496
8917505
9115729
9214801
9016637
8638251
8332006
9115705
9421856
9025620
9196815
9656028
9629057
9322802
9638043
9628980
9637907
9421964
9629107
9601938
8926383
8908425
9529809
8935376
9124530
9646874
9620077
9611059
9637865
9628889
9655829
9664821
9682813
9655816
9673792
9673796
9709737
9646844
9754738
9709771
9709770
9718723
9664801
9655835
9718719
9673797
9700767
9763791
9736717
9745710
9763771
9691759
9664812
9682786
9691792
9682778
9646847
9610922
9673804
9673797
9718752
9763739
9781760
9745717
9700755
9673802
9727745
9772763
9691772
9781787
9664809
9682782
9664813
9664817
9691771
9700749
9745818
9754773
9736773
9700741
9736736
9682780
9682785
9628889
9655835
9700780
9682793
9736716
9682780
9691767
9664812
9664812
9646843
9619904
9691768
9682796
9709759
9736687
9718717
9700751
9673799
9682785
9691763
9700751
9700751
9718743
9745714
9691769
9691759
9673795
9682773
9682774
9718729
9664806
9655829
9628877
9673795
9628867
9637856
9655822
9637855
9655823
9520810
9655826
9628873
9664813
9709729
9691760
9709728
9691762
9673800
9691771
9673802
9718719
9727698
9727692
9754645
9727694
9700753
9709731
9709729
9682777
9682786
9691768
9655831
9655833
9646852
9655827
9673799
9691765
9691765
9691767
9655829
9646845
9646849
9673805
9682785
9682781
9664816
9529801
9511833
9655827
9655830
9682769
9745662
9727699
9673797
9664817
9682781
9745675
9745664
9700753
9700752
9718715
9691766
9736683
9673793
9763671
9718772
9673797
9700751
9718717
9700753
9673801
9682786
9646845
9700755
9709734
9736683
9736684
9718723
9682791
9727706
9691771
9700755
9700761
9718713
9736686
9709734
9655823
9709741
9682783
9718713
9718726
9700762
9709749
9682786
9682788
9700755
9736692
9736692
9718729
9691777
9682787
9682789
9682784
9700758
9664813
9655829
9682789
9673795
9673803
9700751
9691764
9637858
9655831
9637863
9664818
9637857
9691766
9664818
9682781
9691769
9682787
9691770
9700755
9682785
9691770
9700753
9709737
9673789
9709727
9727694
9727700
9709729
9700746
9682778
9691766
9700745
9700754
9682775
9727703
9727701
9709733
9718720
9691764
9682778
9682787
9700756
9700764
9709739
9709737
9718725
9718721
9718719
9700749
9718715
9727703
9736684
9718709
9718702
9745654
9745652
9745660
9745658
9727690
9745660
9736680
9754645
9736670
9736671
9763625
9727692
9727696
9727693
9736668
9772608
5349924
9754638
9647065
9656000
9691872
9682812
9664902
9709807
9682945
9223676
9106600
9628988
9620030
8638198
9493955
9628942
9520847
9610980
9637995
9646926
9601931
9628924
9647012
9628977
9638006
9638046
9646940
9664812
9646840
9520818
9313692
9637864
9592941
9016488
9601934
9655835
9673802
9655831
9655827
9655829
9691762
9682778
9637861
9646840
9664804
9511861
9638038
9610906
9601951
9619892
9619887
9682772
9691756
9664809
9655980
9412816
9412804
9016476
9313684
9628957
9223601
9610982
9295783
8917399
9313688
9619887
9619891
9611045
9628890
9646918
9637854
9620012
9223594
9637857
9646925
9629011
9593095
9620020
9655820
9637970
9610907
9638014
9115543
9610916
9602046
9637906
9637918
9646925
9628874
9637896
9520822
9637855
9637887
9628879
9304818
9493871
9619896
9322680
9115661
9214622
9124552
9520824
9511841
9412757
9610901
9611009
9493975
9322700
9412753
9619884
9313822
9214714
9124536
8818441
8818329
8908416
9007606
9025453
9124564
9097719
9394915
9394805
9025458
9619892
9610905
9412885
8332112
9106742
8431030
9115550
8917530
8737268
9106562
9421868
9511840
9304710
9394803
9124533
9520822
9421752
8926395
9502852
9511837
9619888
9628875
9628864
9628877
9619890
9313695
9602038
9412761
9421744
9646925
9637859
9610913
8908533
8926390
9124527
9313861
9511838
9124704
9520928
9502852
8908463
9025457
9502855
9403781
9313690
9322677
9610904
9619890
8611362
8818497
9412762
8917407
9412761
9421753
9610949
9601922
9223605
9403781
9223600
9322735
9412761
9602013
8926537
9601927
9223696
9403786
9214669
8926484
9403922
9394943
9214625
8935367
8827464
9196742
8827380
9403789
9115681
9610938
9511904
9412893
9520816
9304700
9304698
9115569
9511842
9205826
9412759
9421874
9205640
9322668
9601925
9331713
9205631
9619890
9403837
9610899
9619950
9304897
9494002
8719245
9493858
9619918
9637907
9628870
9655900
9655918
9655881
9421881
8926582
9304922
9637926
9619898
9610895
9655904
9601909
9520944
9628937
9620014
9115755
9619949
9628899
9637927
9628899
9619895
9512025
8827512
9628979
9628938
9520916
9619951
9421750
9511833
9637931
9313813
9619978
9016673
9313702
9232599
9412764
9412796
9313684
9412766
9232610
9628900
9511835
9520842
9601925
9637941
9619885
9619890
9646872
9619891
9628875
9628875
9637856
9646849
9637857
9637862
9655899
9655861
9628873
9628876
9646848
9628878
9646837
9655865
9655834
9628877
9628881
9628879
9655831
9646843
9646840
9646841
9655829
9646842
9673796
9682820
9664810
9655823
9664816
9664818
9673882
9673805
9646850
9664819
9637864
9655832
9655831
9655838
9646844
9655830
9646844
9637861
9637866
9637861
9664817
9646847
9646847
9637865
9646845
9655831
9673810
9646847
9637856
9646844
9646843
9664816
9646844
9646847
9673808
9655835
9655834
9637865
9655836
9646853
9646847
9655832
9673804
9637863
9628877
9655829
9637870
9646860
9655837
9637878
9646856
9646855
9655842
9655843
9628882
9637870
9673810
9646862
9628899
9646861
9619915
9637870
9646859
9664879
9655851
9628898
9628904
9646877
9628907
8926376
8998491
8422013
8827296
8917385
9628886
9664844
9655856
9682825
9664839
9646873
9664851
9637890
9619903
9619905
9637876
9637870
9619897
9664830
9619898
9637872
9646852
9628877
9637862
9646847
9646852
9664836
9646850
9682802
9673814
9664823
9673818
9682805
9682801
9664824
9673808
9664824
9673814
9682800
9673811
9664824
9673810
9664823
9664822
9673807
9682798
9682800
9700836
9700783
9682807
9664831
9700775
9682804
9682806
9673816
9673815
9691785
9691784
9709757
9682795
9700767
9682796
9700794
9700773
9700776
9700768
9682801
9709754
9745734
9718748
9718747
9700766
9691786
9709755
9691779
9718741
9727736
9709757
9718754
9718750
9619676
9727745
9727738
9727736
9709759
9709753
9727728
9727747
9736718
9736718
9727727
9736716
9745746
9754691
9664672
9736714
9646630
9736718
9736715
9745704
9745704
9745706
9745704
9655622
9745704
9754687
9646632
9754692
9574514
9385351
9565529
9466456
9745705
9754693
9754696
9763680
9376360
9565530
9673586
9664606
9655620
9556543
9745707
9763677
9565528
9745708
9547557
9655616
9565593
9736724
9466481
9655624
9565550
9520609
9727738
9736723
9718750
9736722
9736718
9736723
9727731
9718744
9727731
9718743
9718744
9718744
9709760
9700771
9709756
9700766
9700769
9700769
9700768
9691782
9700788
9691782
9691783
9682798
9691782
9700789
9682803
9673807
9673812
9682794
9682795
9664821
9646852
9673831
9673829
9664821
9655840
9655835
9664821
9664819
9673816
9655833
9664824
9646848
9664829
9655850
9673807
9655834
9655834
9655845
9646847
9655837
9655839
9637864
9646869
9646851
9646851
9646850
9637861
9655849
9637864
9637891
9628877
9637865
9628877
9646852
9628879
9646920
9637864
9628876
9619890
9646878
9628878
9637900
9655867
9628877
9646894
9637879
9628884
9619895
9628878
9619897
9628877
9637865
9637891
9628877
9637872
9646899
9637915
9637879
9628889
9646901
9628893
9628878
9646872
9637878
9637869
9637865
9646878
9628878
9646867
9628882
9655902
9637864
9637863
9646869
9628878
9637865
9637892
9646879
9646891
9637877
9646879
9655890
9646865
9655874
9646872
9664868
9655880
9664869
9637866
9655882
9664870
9664875
9664890
9673947
9655859
9646853
9655875
9664853
9673853
9664897
9673854
9673884
9655863
9673997
9673840
9673900
9655844
9682870
9673846
9637865
9655851
9682847
9673824
9673838
9673860
9673860
9664861
9673832
9655863
9655878
9664874
9673885
9664882
9655929
9673875
9664874
9682879
9673884
9673876
9655911
9655891
9673892
9673876
9655871
9664886
9682883
9691943
9682875
9682885
9664885
9673888
9673872
9682902
9682867
9655884
9691872
9682900
9673898
9682869
9682876
9682901
9691885
9700875
9682873
9691904
9691869
9682876
9691888
9682893
9682877
9691863
9682920
9700857
9691881
9691869
9682866
9682874
9691868
9691861
9682855
9691850
9691842
9664861
9682835
9691850
9700864
9700829
9700829
9709825
9700821
9709823
9718787
9709824
9727840
9718853
9718819
9709824
9709848
9709850
9709909
9700884
9718843
9709855
9727822
9718857
9709840
9718834
9727845
9718841
9700884
9709850
9709856
9718864
9718818
9727810
9727820
9718823
9691800
9718857
9718833
9727836
9736822
9736823
9727799
9727835
9727828
9745809
9736876
9727811
9709916
9718847
9727826
9718856
9727824
9709861
9727827
9727842
9727816
9745801
9718848
9709868
9736829
9745781
9736794
9727823
9745782
9745778
9736845
9745786
9736810
9745817
9736830
9745804
9745777
9754796
9754799
9745793
9754807
9754807
9736816
9745801
9754764
9736780
9745778
9736833
9745801
9745777
9736821
9754788
9745739
9727803
9745761
9745741
9745800
9745785
9745809
9727818
9745785
9745792
9736783
9745769
9745738
9736724
9736803
9727770
9745769
9736736
9736775
9745770
9727792
9736821
9745766
9754787
9745785
9763767
9763751
9745785
9754779
9754772
9745785
9772753
9754752
9754796
9754804
9754803
9763747
9763775
9754799
9781740
9754783
9754798
9772746
9781749
9772754
9772746
9772766
9781760
9772757
9754818
9781733
9763767
9772730
9781714
9781715
9790704
9763815
9781761
9781761
9772754
9754787
9754757
9772782
9772758
9781753
9772763
9763780
9763755
9763787
9763766
9754801
9763755
9736827
9745779
9745778
9754785
9754754
9754809
9754774
9754777
9772779
9754793
9772739
9754809
9754790
9781743
9754834
9772783
9754809
9772764
9754806
9754801
9763761
9745780
9754798
9754783
9763777
9745796
9754790
9754794
9754799
9745784
9745837
9763874
9772785
9673790
9745921
9772801
9673803
9763858
9745847
9745812
9745804
9736841
9736826
9736825
9745788
9745804
9736817
9745829
9745821
9718781
9745769
9736799
9736842
9736837
9763752
9763770
9754773
9754792
9718825
9718845
9718777
9727823
9727804
9754792
9745741
9718808
9736834
9727796
9718809
9709775
9709782
9736792
9709795
9727821
9754770
9745794
9736791
9727793
9709836
9718814
9736753
9745772
9736794
9718796
9709796
9727805
9727802
9745764
9718803
9691814
9718787
9727819
9718796
9718913
9682857
9700865
9682902
9700843
9700843
9718792
9691824
9691840
9682861
9700811
9718818
9718831
9727799
9718801
9700865
9709851
9700846
9718808
9745759
9709838
9700874
9709833
9718812
9727812
9718806
9700835
9718814
9745748
9745759
9754740
9745748
9754750
9754751
9763798
9763742
9763700
9745756
9763706
9754742
9754754
9754750
9763735
9754730
9781739
9772725
9772708
9772706
9781712
9790695
9790695
9799662
9799685
9808673
9808692
9772733
9790687
9808669
9808689
9817668
9835630
9808677
9826666
9835634
9844637
9817667
9808657
9844598
9844640
9394195
9511218
9691408
9817730
9844614
9826643
9763748
9781702
9835626
9835637
9844616
9691416
9853612
9709379
9817706
9844650
9790710
9808676
9781716
9799697
9817680
9808693
9817686
9835662
9808680
9826678
9790742
9808684
9817670
9817671
9817680
9817697
9817672
9826674
9817715
9790749
9736813
9754771
9763757
9790715
9799702
9790710
9781747
9772775
9799721
9781765
9772768
9772760
9781719
9799677
9754805
9772772
9772782
9790726
9781767
9781764
9736850
9790706
9772771
9799710
9790745
9799741
9808736
9808728
9799740
9781759
9736832
9781727
9781720
9790724
9799701
9781748
9790752
9763765
9790723
9790735
9781728
9772749
9763765
9790731
9736803
9790722
9808697
9790748
9781757
9790742
9754813
9781739
9790739
9772783
9781770
9790749
9781739
9790750
9808705
9790753
9754799
9736850
9727842
9790719
9763769
9763769
9754828
9754794
9772751
9781736
9718861
9718846
9691878
9754730
9745837
9745760
9763766
9736824
9718833
9754795
9727848
9754779
9790707
9781708
9727786
9790683
9745756
9763758
9754779
9763769
9763742
9772717
9754743
9781690
9781688
9781712
9754731
9772717
9754783
9790727
9772737
9772761
9781697
9790675
9772697
9772721
9799682
9772714
9781716
9745745
9745803
9745761
9763750
9736813
9763725
9763749
9763785
9763758
9727855
9772764
9718843
9781713
9772694
9745784
9772752
9754800
9772718
9781696
9781686
9781696
9763723
9763714
9763722
9772728
9763725
9763734
9754755
9781692
9772709
9763758
9745760
9781696
9754743
9781696
9763731
9772741
9781704
9790719
9772729
9790694
9754755
9709873
9736763
9763752
9754727
9745740
9772709
9772709
9763738
9772709
9754783
9781703
9754770
9781696
9781736
9754755
9781721
9736815
9772752
9781720
9754763
9745740
9754742
9745755
9763714
9772725
9781716
9772709
9754719
9799686
9763738
9781703
9781696
9745748
9763722
9763722
9772726
9727776
9736790
9736789
9754735
9754735
9745748
9790683
9736781
9727782
9763730
9754759
9763700
9763730
9727806
9754748
9763735
9745780
9718822
9745757
9745755
9700861
9745756
9763729
9763722
9781700
9763730
9745748
9763738
9745748
9727778
9736761
9754768
9754760
9664956
9727818
9736822
9736806
9718842
9745788
9718733
9718756
9745714
9736723
9682808
9745739
9745735
9709797
9727761
9709797
9727764
9718771
9727764
9745731
9727779
9700810
9745742
9691830
9718776
9745745
9754729
9691808
9718772
9718781
9709805
9700813
9718784
9736758
9709794
9709805
9754729
9709782
9718781
9727768
9718785
9709794
9736763
9736757
9736763
9691821
9700818
9754726
9736760
9745762
9709799
9736752
9709802
9718786
9727779
9718789
9754734
9736760
9772708
9763714
9727772
9718771
9718774
9718774
9718782
9745740
9727761
9718790
9700803
9736756
9709803
9709798
9745740
9700818
9745740
9691813
7728482
7539328
9790764
9754729
9781697
9808658
9817643
9826618
9790656
9826625
9835620
9835623
9817643
9817639
9826631
9808648
9808645
9835609
9826622
9844593
9826614
9799653
9817653
9826623
9835610
9826628
9817634
9826615
9817631
9835613
9817642
9844600
9826633
9826615
9808652
9808622
9853588
9817625
9808630
9871558
9826618
9835594
9889538
9862563
9673395
9853568
9871546
9862547
9835598
9844600
9844577
9835606
9844591
9871567
9880544
9880533
9853568
9862564
9853572
9853574
9844586
9853588
9862561
9862579
9844601
9844581
9853580
9871539
9853562
9871561
9898515
9889525
9880538
9871558
9862579
9871548
9862571
9880553
9880542
9871551
9889527
9862575
9862545
9853584
9844594
9853571
9853574
9898546
9862553
9871543
9853570
9880549
9871567
9889541
9907481
9907477
9898497
9889515
9898520
9907488
9898505
9889504
9898513
9907501
9898527
9862558
9907491
9889511
9880527
9889521
9898520
9898517
9907507
9898537
9889536
9907497
9880537
9898510
9907525
9889502
9889511
9907499
9898520
9862569
9880543
9853579
9907491
9907511
9889526
9907490
9889529
9871552
9853589
9880554
9898510
9853582
9853586
9853586
9871553
9853589
9871548
9889523
9898524
9880529
9889519
9880532
9880550
9889527
9880551
9880536
9862577
9862574
9871554
9853587
9862566
9862547
9862572
9898514
9871549
9880555
9898510
9880531
9907497
9907489
9907501
9898503
9898506
9907480
9907504
9898496
9889527
9907486
9898517
9871549
9889517
9880527
9907487
9907479
9880533
9889521
9898494
9898514
9898507
9907495
9907509
9898514
9907479
9907501
9907491
9907496
9907506
9898511
9889528
9907506
9907505
9907497
9907502
9907506
9907504
9907519
9907505
9907509
9907509
9907513
9907499
9907517
9907514
9880562
9907517
9907516
9907528
9907503
9907495
9907507
9907489
9907503
9907506
9907495
9907499
9907491
9907506
9907500
9907514
9907499
9907507
9907504
9907514
9907493
9907500
9907507
9907492
9907504
9907500
9907518
9898509
9907508
9907504
9907500
9907493
9907510
9907503
9907500
9907510
9907508
9907503
9907510
9907500
9907497
9907508
9907507
9907504
9907511
9907496
9907493
9907500
9907497
9907515
9907496
9898528
9871561
9907496
9889532
9907495
9907500
9907501
9871562
9907494
9907501
9907482
9907500
9907515
9907497
9907504
9907493
9907486
9907501
9907497
9907497
9907493
9907500
9907493
9907500
9907490
9907490
9907481
9907497
9907500
9907485
9898510
9907497
9907523
9898513
9907511
9907507
9898506
9907509
9898513
9907501
9907501
9907495
9898521
9907501
9907513
9898528
9907487
9907509
9907494
9907512
9907508
9907521
9907497
9907501
9907506
9907512
9889529
9907526
9898528
9889544
9907500
9871583
9907505
9907494
9907506
9898528
9907512
9907508
9907512
9907504
9907526
9907508
9907505
9907509
9907491
9907501
9907519
9898545
9907508
9907516
9907516
9907513
9898527
9907516
9907526
9907509
9907504
9907494
9907512
9907509
9898528
9907504
9907512
9907501
9907516
9907501
9907507
9907517
9907512
9907512
9907524
9907506
9907509
9907513
9907509
9907519
9907513
9907502
9907504
9907502
9907502
9907502
9907505
9898521
9907506
9907505
9907517
9907505
9907519
9907494
9907501
9907509
9907505
9907521
9907512
9907490
9907519
9907505
9907509
9907513
9907516
9907499
9907523
9907495
9907513
9907492
9907508
9907504
9907516
9853615
9907525
9907498
9907498
9907512
9907509
9907509
9682694
9907519
9907538
9907532
9907527
9907527
9907510
9907521
9907495
9907498
9907505
9907502
9907506
9907505
9907513
9907508
9907505
9907484
9907506
9907502
9394449
9907517
9907554
9907536
9907536
9907533
9907529
9862629
9907510
9907536
9907530
9907515
9907518
9907519
9907523
9502512
9907536
9907505
9907512
9700664
9907516
9475543
9475535
9907511
9907505
9907519
9907497
9907489
9907500
9907508
9907501
9907490
9907497
9907498
9907505
9907502
9907498
9907513
9907502
9907516
9907507
9907488
9907490
9907518
9907521
9907506
9907511
9907497
9907507
9907523
9907508
9907500
9907501
9907508
9907494
9907490
9907487
9907497
9907497
9907512
9907510
9898516
9907514
9907511
9907500
9907504
9907515
9907512
9907518
9907493
9907529
9907502
9907514
9907501
9907505
9907504
9907512
9907522
9907511
9907508
9907508
9907502
9907487
9907488
9385442
9088214
9079235
8836108
8827101
8908207
9520856
9412598
9223433
9043247
9358461
9070216
9385430
9457529
9889499
9880520
9907476
9907468
9907473
9907468
9907480
9907476
9907473
9907484
9907483
9907475
9907483
9808421
9907465
9709330
9907472
9907469
9907484
9907481
9907469
9907494
9808396
9907480
9907482
9907493
9808409
9808415
9907483
9808406
9907483
9907485
9907493
9907497
9907497
9709365
9412136
9709368
9709368
9907507
9907490
9907478
9880545
9412113
9610299
9412118
9511190
9610273
9772480
9493215
9853572
9853580
9844593
9835595
9844589
9826632
9826618
9844609
9835621
9853581
9844616
9808647
9817630
9799654
9808643
9817635
9763719
9781707
9817661
9799676
9799677
9799663
9799678
9826595
9799640
9799636
9799646
9754703
9745739
9763719
9772698
9772706
9790651
9808603
9799652
9790651
9772691
9781661
9727773
9781655
9745741
9763718
9790649
9799626
9772687
9790652
9790656
9808616
9763723
9754695
9781667
9808613
9790638
9790636
9781641
9772663
9763694
9745708
9772669
9781633
9763673
9754698
9781644
9763689
9790622
9781651
9781640
9808592
9745706
9763672
9763660
9763671
9826558
9772676
9799624
9790623
9790640
9799638
9790620
9781638
9790637
9808614
9826575
9835530
9799605
9808602
9826560
9844545
9826558
9799618
9826563
9826563
9844551
9844550
9862524
9844542
9799601
9799621
9808611
9817597
9772663
9835549
9835570
9844533
9844527
9862520
9826545
9844559
9862531
9862509
9871499
9871493
9853525
9808586
9835504
9799617
9835538
9772400
9871495
9871473
9871501
9862507
9862505
9835532
9853495
9853499
9835543
9835559
9853544
9862492
9871482
9871515
7232366
9835517
9772664
9763680
9781671
9817577
9763711
9673902
9673878
9673834
9115334
9727718
9664832
9682807
9718745
9655860
9664832
9655859
9718736
9673866
9709749
9736686
9718766
9754682
9646856
9700754
9763662
9736692
9709739
9745698
9727726
9763663
9727731
9736715
9673817
9673836
9700802
9646847
9682775
9700747
9700750
9718759
9673817
9313745
9601966
9124560
9115557
9619964
9655889
9646867
9709765
9727723
9682816
9718797
9628995
9709783
9673825
9700808
9610977
9421770
9646883
9682789
9682899
9727750
9655866
9682803
9700810
9709830
9664845
9691844
9736772
9763742
9736773
9772728
9736760
9700861
9736765
9673817
9700825
9682901
9709817
9673836
9691811
9673791
9727739
9745750
9673843
9691844
9727711
9700876
9709787
9736733
9709757
9682907
9700786
9754684
9754689
9682929
9727752
9727787
9745732
9772707
9700859
9727719
9718708
9754722
9754705
9682829
9611021
9682803
9754674
9763783
9754693
9781716
9754682
9745701
9691892
9736772
9709806
9682761
9691750
9727763
9709734
9691818
9754708
9754716
9718761
9736730
9709718
9709809
9736673
9799694
9772666
9700916
9736730
9745783
9718726
9727776
9754733
9718749
9736727
9727796
9754782
9727852
9763718
9763817
9772717
9700923
9682771
9718724
9763731
9790674
9727800
9665039
9700935
9628983
9646871
9709850
9727844
9718716
9754730
9772732
9718985
9763821
9754790
9781684
9772684
9772690
9772747
9799698
9799618
9790678
9808708
9763783
9790638
9781751
9763755
9763844
9709974
9763775
9799687
9790784
9799764
9754870
9790668
9763684
9781783
9709966
9736846
9691972
9763759
9727816
9727936
9763722
9790649
9772699
9790680
9772690
9754824
9772751
9745838
9790666
9808656
9781783
9826645
9781831
9817709
9781767
9808676
9754754
9781744
9763836
9781669
9772784
9808658
9790797
9808715
9736967
9772802
9772723
9799676
9763852
9736807
9763707
9709755
9736684
9781690
9683053
9781701
9745670
9772775
9808672
9745941
9781674
9799695
9790709
9790715
9754885
9772814
9790715
9763908
9826707
9817708
9799762
9817723
9790841
9817683
9808681
9808673
9808688
9817735
9790857
9817712
9727968
9736843
9799675
9772803
9772827
9754685
9763708
9772665
9790713
9790719
9745670
9799645
9781654
9781762
9781674
9772812
9763641
9799736
9772787
9763697
9736713
9754754
9754701
9709752
9799698
9763698
9781762