7244783
5759292
6407576
5984349
6362491
5939384
6145975
6181824
6588089
5633219
5849104
7325787
6209781
6785519
6605767
6667944
6200452
6407757
6065035
6497457
7110072
6704609
5624258
5803954
5453080
5849583
6298767
6785376
6803363
5668878
4876190
7118631
5893807
6001759
6316999
6605636
7181896
5722841
5597170
6848870
6947389
5750294
5542912
6191378
6290586
6011162
6794350
5921332
6236698
6091923
5840578
7253762
6641137
5462021
6497157
6209508
5984211
5651431
6218372
6497382
6956355
7019693
6506364
6812687
6929628
6362244
6308048
6038064
6920305
5984031
6470435
7244151
6200547
6352969
7118789
5912301
6218016
6758266
6083064
6730796
5795033
6847981
6668763
5938841
6921113
5912388
6442798
5984340
6713882
6209749
6776549
6056099
6677198
7037476
6407267
6686315
5876040
6406916
6956503
6722815
6974812
7460998
6515442
6533354
6560828
6488045
5984205
6803636
6074333
6875226
6461080
6578238
6389320
6416007
6524048
6668607
7109821
6560158
6136970
7019905
6182295
6515099
6326405
6416250
5776698
6173458
6281345
6461088
5695728
6677297
6749733
6317237
7002161
5623864
6245141
6894328
6794644
6344007
6398253
6830562
6632314
6011139
6290462
7019687
6344466
6443083
6686705
6281208
7298460
6298656
6677756
6200051
6938609
6605002
6749415
5425775
6505969
6263696
7028127
6452493
6389675
6299459
6398007
6839323
6244434
6173557
6938628
6335134
6776268
6515191
6074150
7064898
6740516
6551396
6956386
6902368
6596437
6758499
6632752
7676959
6956318
6371468
6280968
6623446
6271806
6496912
6551567
6632455
6461352
7270894
6910993
6190993
5830949
6209123
7118526
6677323
6623413
6669002
6749654
6785831
7091025
6434060
6992435
6236181
6083239
6604941
6920552
5992822
7253810
6443408
6803262
6190881
6911315
6857874
6937829
6362077
7073405
6415939
6983584
7172960
6434538
7640587
6839726
6506411
6344316
6884287
6794499
6695541
6776565
6407146
6218235
6551556
6757981
7136567
6650446
6685963
6371559
7010402
7118315
6595977
6461474
6479460
6939024
6496907
5956625
7010492
7055574
6065473
7100383
7001472
6542594
6533296
6704697
7073928
6488365
6776559
7100589
6200345
6226948
6974541
6722187
7586327
6551394
6902268
6695313
7352783
6587285
6902705
6164014
7272146
6749010
6965959
6308154
5695113
6443191
7010142
6956452
6101247
6326328
6262897
6505422
5515695
6407739
5839941
7217398
6533595
6200186
6685962
6281353
6497418
6731713
6326618
6740369
6974985
7091497
5894239
7136335
6794203
6326504
6748730
7144806
6362125
7685751
6893109
7073341
7281094
6497024
5957158
6623271
6974622
6866665
6416117
7433160
6245560
6803300
7217662
6479058
5353342
6506660
7226894
7064341
6902544
6505843
7001455
6668267
7001694
6857636
6956477
6065075
7091552
7226686
7028646
6587089
7145322
7541805
7505594
6703822
6479588
6488300
6623174
6722423
6487954
6380250
6425734
6677250
7586475
7081975
6596559
6317206
5839703
7136465
6569206
7577119
5848946
7082729
5920926
6875010
6614103
7082061
6920221
6524319
6821383
6208888
5650400
6875686
6713029
6668043
7487303
6811789
6965231
6343802
6217998
6668266
7091372
7010198
6775803
6677010
6758382
6758681
7379809
6929637
7280263
6776279
6938588
6740783
7073904
7649929
7019347
6596028
6182317
6524482
6686413
6947947
6101374
6794019
6992415
7613578
7217511
7100329
6902965
6218028
7793139
7451661
7775294
7685381
6883968
5957067
6002478
7622299
7289373
6829803
6713212
6596100
7226512
6883667
7190391
7028893
6533369
7091379
6506412
7100437
6767450
7334229
7658285
7514737
7279888
7415923
6920407
6803908
6722308
6596500
6938673
6929357
7415584
7163814
7370393
7081930
6956764
6631898
7342751
7595581
6821461
7352610
7487649
7370388
7153671
7163713
7270990
6317336
7028544
7325355
7145408
7091238
7190756
6677452
6920187
7451278
7271127
7181835
6983276
6677723
6371294
7244812
6713422
7433337
7100174
6776230
7118154
6955609
7559787
6695445
7577174
7730551
6740232
6821462
7271238
7073566
6965375
6424292
7208175
7325818
7361114
7109116
7271513
6668127
7739281
6452161
7469434
6767047
7154099
6740385
7028169
7019350
7523361
7415700
6794603
6623272
7487484
7199464
7136367
7127609
6938606
7217544
7648891
6902209
7280094
7352869
6974206
7118281
7379350
6695109
6929762
5614734
7172580
7208421
7199587
6424947
7316474
6803022
6254261
6767401
7127583
6542145
6911200
7802832
6739910
6830430
6929543
7181392
7172399
7343980
7667651
7676547
7721771
6605095
7343186
7064677
6317048
7577524
7631911
7604974
6920127
7181327
6487676
7217457
7415349
6533331
7046139
6830163
7487519
7415384
7118380
6875041
7919264
6686190
7604390
7514519
6956305
6632198
6344042
7541793
7343777
7892515
7135976
7091290
6911381
6947357
6875352
7883704
7010206
7172186
7910267
7424133
7298139
7253647
7604826
7532683
6542359
7757834
7037489
7658542
6569224
7541490
7172138
8072775
7181308
6857063
7982448
7280249
7505188
7550309
7406761
7145231
7361341
7468898
7388306
6920438
6992158
7334981
6731530
6442904
7325386
7397858
7397457
7739343
7028186
7334444
7055026
7694493
7532236
7739811
7379692
7694390
7261836
8297570
8090325
7433975
6938318
7334342
6947265
7739274
7235374
7883199
6821558
7775659
7640760
6946840
7667280
7577620
7226444
7541278
8072209
7442118
7487329
6848178
7640602
7514645
7396942
7712500
7073207
7109357
7469410
7316823
7783944
7739211
6758412
7883370
8090523
7027992
7424052
7676273
7208117
8126773
7631379
7028590
7775556
8027262
7585741
7631835
7558909
6686419
7028140
7532434
7000889
7595295
7361231
7316355
7919610
7648879
7199214
7379268
7244184
7172167
7542120
7280321
7478634
7847305
7253777
7937802
7820314
7712165
6767451
7991513
7433559
7568069
7847651
8180511
8018023
7532502
7046433
7523960
7054626
7667700
6865702
7838218
7784532
6830647
6947652
7883119
7523402
6407038
7865550
7883314
7577328
6875186
7136113
6947494
7622095
7001577
7343704
7307609
7559326
6740363
7037480
7631352
7658687
7577523
7397404
7442437
7901514
6956394
7721275
7568334
7712516
7055680
7658607
7235268
7694500
7487447
7874337
7739742
7928733
7325177
7226482
8414003
7514540
7613376
7929024
8297312
7865581
7478618
7622209
7892856
6848166
7280539
7415591
7352045
8081782
7622510
7271472
7108878
6830802
8000284
7595218
7829151
8018704
7181433
7235004
8027350
8216595
7208502
7748665
8072091
7334672
7721386
7964657
8072231
8063095
7217816
7873933
8099420
7181072
8189384
8279374
7118556
6893049
7658164
7811268
7640351
7910514
7424388
7838217
7730258
8126804
7613327
7487434
7271511
8171254
7865460
7559329
7298529
7667597
7766077
7297528
7577385
7775606
8054152
7901040
7955600
7937135
7919717
7550447
7109083
7531667
7721317
7621927
8117471
7524016
7721821
7505115
7901156
7513952
7244318
7046565
7037155
7892542
8378263
7667372
7703607
7595635
7739071
7189550
7703643
7901247
7586699
7477948
7784533
8090851
7721285
7775171
7829981
7919302
7613437
7685718
7757783
8090404
7991688
7379661
7603920
8036431
8027325
7244548
7856305
8252275
7595187
8144453
6902291
7208062
8044950
8521750
7379565
8306071
8054320
7766772
7000734
8135683
7748795
7874380
8063283
7955225
8153451
7110126
7676803
7460343
8405757
7793660
7711991
7820599
8378622
8108376
7586465
7712480
8018795
7928468
7325162
8135420
7991453
6398363
7838388
7982223
7054887
7397246
8081356
7370327
7712125
7946140
7441975
8135653
8136030
7658387
7199381
7757105
8153344
6758441
8486326
7352435
7847513
7523448
7478726
7532091
7586623
7596297
7838423
7856005
7694254
8162306
8459343
8369285
7667371
7856368
7775440
8432558
7757266
7406199
7406558
7451646
8054761
7964934
8018095
7172228
7739499
8180891
8099397
7712159
7721534
8270311
8126382
7667555
7775240
8261251
8071748
8189190
8036639
8099124
7730188
7919600
8162780
8387113
8027184
7496716
8153272
7909824
8261188
8027454
7613177
8306363
7792593
8045759
7396792
7712660
8423527
7127459
7549951
8099278
7991452
8234746
7244354
7811352
8117597
7748064
8036333
7685648
8027456
7640313
8513510
8261463
7297928
8000731
8054358
7721596
8036663
7793405
8090695
8126840
6875506
8018218
8090323
8081234
8252224
8576288
8036557
7163081
8207278
7775594
7820527
7964653
8396618
8216223
8126383
7667579
8468205
7360984
7631457
7811021
7640073
8189200
8297729
7559196
7891959
8324966
8495462
8153788
6937596
8026799
8135212
8009215
7703001
8693183
8207384
7739322
8099232
7846709
8216799
7937114
7811615
8306559
7433178
8323839
7163094
8018751
8063722
8315556
7649480
8189942
8018329
7469364
7748860
8333313
7892420
7991394
8441164
8144221
7532621
8018348
8145255
7721039
8180332
8504179
7595304
7945887
7757206
7937572
7694317
7847078
8216765
7406577
8432202
7938187
7685490
8171647
6335171
7820111
8765006
8504591
9026422
7325217
8486546
7891983
7649591
7991582
8099438
8207470
8414683
8558677
8054879
8198488
8180487
7982155
8324105
7847277
7892511
8198646
8045350
8657245
8873165
8549308
7586480
7658386
7586660
7865164
8000378
8279828
7775344
8503766
8198924
8108306
8117748
8423451
8648164
7964313
7883267
7721053
7892335
7901169
8369958
8351976
8108184
7630792
8459031
7757056
7658149
8512870
8145072
8225008
8801061
7703109
8234647
8333242
8279058
8522177
7973538
7919666
7918697
8630625
8027158
8324438
8063603
7973292
8549132
8432288
8873060
7973960
7514293
7936904
8396335
8576387
8801661
8225308
8189194
8017977
7721192
7802304
8360577
8476884
7892812
8216892
8297342
8171285
8135659
8135681
7928343
8180508
8242639
8630553
8495196
8441228
8198521
8441469
8441789
7999994
8117282
7416283
7910140
8045315
7910538
8549403
8792316
7802406
8486411
7828776
8080946
8351169
8603394
8495109
7973408
8477548
9134450
7703419
7802134
7874600
8468706
8495344
8477372
8459236
8684553
7630938
8234146
9116126
7694398
8432419
7577300
8459270
9170413
8477259
8144843
8540351
8369214
8225099
8791783
8459795
8278903
8927178
7946831
8432341
8351881
8054263
7595088
8189598
8783436
8504362
8981307
7820288
8351272
8279671
8180405
8539960
8378442
8396748
8594709
8432764
8251969
8702180
8315364
8035872
8800846
7694605
8324842
8018197
8153155
8225377
8603186
9215269
8387903
8765593
7632108
8503926
8522035
8090655
8369689
8063426
7991496
8135097
8378052
8189645
8153307
7973549
8207281
8424403
8405854
7919462
8009152
7127401
8864673
8801681
8225832
8810379
8027615
8540737
8297778
8207079
8746606
8099769
7991392
8837729
7856577
8118180
8009614
8468813
7973679
7964554
8567686
7541290
8522532
8522104
9115662
7829856
8504583
7973309
9044487
8926930
8459590
8063041
8945325
8144938
8674929
8603484
8270465
8450662
6397587
8477518
8657303
8801358
8369529
8009552
8099358
7577336
8486155
8738714
7866030
8216350
8045139
9223824
8504049
8585593
8036499
8234911
8333576
8315517
7982475
8612197
8297383
8558678
8693498
9025927
9026177
8926920
8414404
8621273
8368625
9044116
8873135
8990193
8180789
8630440
8846166
8900262
7928681
8576090
8954240
8702374
8441226
8594626
8558476
8666111
8531190
8738048
7928682
8891144
8540186
8503890
8423143
8576326
8477168
8261186
8900237
8324978
8260998
8568255
8765442
8217096
8765084
8756266
8603255
8099154
8630364
8756040
8468291
8342935
8189564
8117650
8333455
8981103
8801620
8486545
7973259
8810125
8261180
9044043
8387198
8765266
8135622
8603351
8306219
8648176
8252261
8828348
8504185
8810234
8774473
8702416
8792208
8405169
8414339
8945476
8648146
8540336
8927259
9080022
8441100
8450494
8585445
8432509
8639423
8602798
8630217
7856176
8540227
8566993
9125098
8233825
8522324
9071290
8675447
9035458
8369268
8062917
8513033
8882602
8108118
8657485
8738262
8846792
9107140
8963019
8936115
8585485
8495379
9413258
8891123
8243014
8900275
8864391
8755927
8738433
7739878
8675287
8782972
8755842
8755970
9053254
8216641
8621400
8639122
8728953
8585553
8189358
9188433
8396038
8747226
8549732
8674950
8225193
8918536
8351661
8477278
9026463
9188499
8774130
9044250
8432477
9007975
7459279
8181010
8297339
8459414
8855150
8504418
8567649
8324351
8756092
8882308
8711463
9179043
8585012
9125086
8657430
9242042
9277917
8972682
8810293
8441089
9457814
8251869
8782910
8152171
9358655
8981329
8459829
8900554
8666214
8216315
8387316
8729099
8675093
7333103
8864433
9143215
9214944
8828532
8918238
8818548
8981273
9142957
8792283
8891485
8703104
9143109
8693383
9115898
9026345
8864355
8962949
8450281
9205882
8846397
8783441
8738519
8864565
8765509
8595697
8585207
9080392
8990178
9260010
8855187
8783026
8495151
8458768
8225308
9034783
8342337
8261878
8566943
8882423
9269429
8558094
8342487
9008683
8927517
8602929
8963056
9187870
8810746
8692856
9125817
9197051
8846032
8810589
9178879
8972019
9044571
9125497
8557292
8513772
8198336
9296213
8900288
9475957
8414666
9062084
8693524
9287044
8855281
8433297
8747167
8171655
8819233
9052922
8873176
8819148
8936107
8873018
8963186
8864141
9151805
8855359
8900379
8720648
8324634
8864201
9115973
8639941
8477585
9035373
8567044
8990393
9143444
9187925
8792311
9188410
9457966
9521059
9034668
8998432
8900106
9124828
8423027
9323175
9278239
9169906
8396063
9115871
8647944
9070654
9170080
9170332
9260305
8873436
9080560
8532015
9151378
9016874
9044037
8764797
8703268
9008162
8801004
8810252
6504964
8324568
8675295
9125856
8999197
7685459
8837702
8971805
9017482
8864839
8063776
8503996
9026659
9368073
9340601
8476562
8045590
9071464
9026341
9439648
8918134
9287197
7576725
9008050
8981416
8341408
9224942
9349555
8801119
8395476
7315196
8630061
8892170
9034907
8990350
9124868
9223687
8378774
9052490
6883729
8972065
7676303
9448718
8189156
9341219
9340781
8081295
6918260
9529902
8972022
8710773
6666944
8080104
9197479
9188496
8143192
8872103
9340615
8675495
8070393
9430811
6368577
9197622
8070931
8503381
6359491
7946440
9449366
6279240
5701703
6082727
5468353
9160975
5585753
8945790
8881004
8512814
4424692
7512607
7090008
6792058
7692318
8963145
7872653
5683653
9323707
6783311
6675792
8178725
9457698
6846469
9125267
8017856
9215073
9556857
7333683
5972472
9359569
7044377
7476178
5683978
8548011
5809880
8791288
8215889
8584794
7666456
8386839
8675597
6901596
9035635
5126130
5640258
5603008
7297648
9259908
6007952
9277843
9475612
7881712
8791411
8890522
8170856
6350728
7280147
8250951
9494748
7179973
8333204
5983291
8775259
7026719
8108100
9152890
4190392
8206134
5873566
8872595
7287483
8070824
8503147
5774134
8602397
8908133
7206742
5612431
8215080
9295303
7836863
5603016
5630101
7205732
9430959
9502654
6107776
6503837
8783275
5125197
5422275
8305111
8890694
5503751
4944895
5503452
6998939
7800569
8692343
9286264
5918119
5964328
4380294
5504581
7656501
9682618
5503795
7008101
6197084
9475708
8584079
8954304
9116129
6143526
5629530
8097539
9466746
5350554
9448726
9007626
7899440
8621121
5404703
5504502
4945706
9394749
8142747
8286764
6791663
8313676
8448786
6026096
8873256
5585918
5964218
9304700
7872488
5035105
7584225
5044382
6602263
5143200
8125132
7989685
8088861
5809661
8097657
9088491
7359184
9637609
5116282
4647412
7601925
8873012
8710120
5719722
5900230
6314184
6503863
9143770
7594427
7197373
9790481
9196370
8718737
9196430
5918016
9376598
9195895
5332018
5926651
8989448
5720059
6413413
9115393
5926978
9295243
9484429
8286745
8989325
8296188
9178444
8891593
6477622
9457691
6989900
9006989
9178224
8088432
7908489
5224128
9889467
6998956
9781694
8998230
5152043
7728262
8998152
9385802
9385769
6521297
9484726
4836785
5728584
7818199
9682541
8682766
7115550
6215209
9682664
7214606
7628869
7007772
9691500
9376616
4647571
6007588
9475503
8709652
6728102
9583336
9799617
6791758
8304897
9583611
9502537
5827738
5143205
8403573
7799894
8602055
8988673
8808908
8502574
9799542
9673439
6818433
9205075
8700693
8907908
9907616
9880600
8403422
9313247
7017054
7412987
8088519
7115707
9700640
8502542
9304241
9700668
6521049
9700522
9502382
9412353
7520720
9700374
9682562
8709532
9502237
9313065
6314062
9313141
7412768
8908109
5341397
5044324
8620126
8313357
9601313
6539185
8007125
8502716
8817813
4953698
9601609
8124275
6827205
6421790
6637908
4836874
9493259
6827105
9601248
9511160
7917009
8124100
5539221
6719084
9412359
8718720
4935833
8619660
9204909
8421277
8916689
9907601
5548573
5944368
9313303
9898537
9286274
9907613
9411936
9304105
8610500
4656529
7916909
9638458
8619563
9106089
6430856
9907525
6142772
4755609
8124037
9799621
6836064
9808446
9907616
7710305
6458266
9709249
9907448
7727731
9312850
8718680
9907595
9808529
9015912
9665271
6396302
9737051
9015732
9907624
9907419
6439886
9312956
6179274
7080987
7981454
5944420
9412144
4656384
5548104
8421432
9214088
9826905
7727856
8223168
6043452
9907622
7034312
8817580
6305220
6538920
9871562
7836802
9907444
9907536
9114912
8322324
5151784
9709337
8916602
8223014
5448996
9493166
4458240
7251457
9494348
9709254
8520256
9638590
8322352
8817576
5548104
6872435
9907426
7692260
8152295
5477016
6637845
8916728
5548112
9214016
9808432
9629751
9015728
4557312
8322169
7331766
9412040
9907603
7331474
9907594
9907509
6142983
4656384
8880774
9340811
8882281
7792633
8089537
9907508
6288420
6530747
9710270
7331510
8520416
5720824
5603814
8251279
7783486
7891499
8585041
8223123
7926032
9115088
8206493
8340512
8520326
8322282
9808263
4458240
9664617
8024936
6467059
6296335
5052677
8467971
7638944
7801236
8619676
9114876
9368203
9584696
6125975
9907641
4458240
5151768
4656384
9808444
9907449
7314753
9638638
9701200
7603242
9719123
8791106
9907428
9114839
8322096
9629718
9349324
6836060
7981454
9862678
9746038
5306510
9287557
8817636
9584800
9772880
9862761
9889476
6241573
5557474
9547756
7925917
6538770
6494432
9412073
9610229
7430626
9674268
8304171
7783470
4910270
9709302
9907460
5917910
9907600
5557474
6736917
9312997
9114769
9312815
9907414
9412034
6935175
9115040
9907440
9907713
9115054
9114671
8421383
9322374
8990389
8223025
8223013
9114672
9602480
9511307
6340624
9746181
8008431
9187895
9907480
9907433
9114671
8817548
9610262
9610085
9737035
9412029
9213859
9213847
9114671
8223013
8619311
9313010
8322215
9709414
9015627
9213911
9682367
9312847
7034913
8916595
9907353
8916527
9610160
9313025
9312896
9114782
9412009
8916682
8817458
9907420
9412073
9312989
9907446
9312817
8916666
9312817
9114789
4755504
8817464
9015600
9213887
9114845
9808341
8619310
8520395
9312994
9114724
9213811
8916527
8817491
8520395
8817456
8916581
7430448
8718547
4557358
8817503
4656431
8916699
9015710
8619457
8718384
8421243
9015760
9114740
7727787
9114742
9312818
8916732
8025137
9213914
9691357
8916526
9015745
9312945
9114720
9213924
9213930
9213870
4656431
9015601
8916527
9511145
9412163
9015736
9114765
9213909
9312817
8322288
9114819
9213924
8916529
8916696
7628708
9015668
9015944
7628628
8619313
9114818
9312948
8124091
5647167
8223080
7331374
7529519
5944413
5449007
4656431
4557358
8916699
9015687
7925942
4755504
8322097
8718387
9312945
6340723
7925920
7826857
6637948
7430537
7529520
8322237
7529602
9412116
8718532
4854577
4755504
8916702
8916696
8916699
9114851
9213924
5548118
7628591
7430556
9213766
9114787
9015644
7529520
8322164
6538799
4854577
8619432
8025012
8421211
8124085
8322243
8916699
8025009
9312965
9511296
8916871
9312994
8619468
8619468
8025021
9015692
9015775
8817580
8817623
9015775
8124088
8619471
8718495
8421316
9015772
8619474
9313000
8421313
7826860
8718443
7826734
4656431
4656431
8520260
6340720
7727787
7232401
4755504
8817659
7529632
6737030
8916795
8520389
8718506
8817474
8421311
8619564
8619380
8718431
4854577
4755504
8916799
7034249
8520315
8718541
8619546
8898768
7925936
7826948
9583404
9772994
4117316
7296604
8718443
9214079
9015769
7232468
8520240
8916690
8322117
7133233
9214111
8421337
4656431
8619611
8025018
7529567
9015903
9114748
8916767
6935167
8520395
8421313
4755504
8421286
6935176
8916699
9313068
7628711
4953653
8718384
8520392
9015828
8124224
4854577
7826736
5052732
7430559
8223304
4755504
4656431
4755504
5349963
5052758
4656431
8718591
7232422
7826863
4854577
6043443
4854577
6935101
7331572
7529520
4656431
9313089
7034337
7826991
6935124
8025012
5548137
8025018
9114737
8817791
8025145
8718589
4755507
5845295
4755504
4854584
4854577
4755504
7826912
4656431
7727822
6736943
7133315
6241670
8322391
6637951
9213999
4656431
4656431
7331477
5250884
6043558
4755504
4656431
4755504
4854577
7430621
4854577
8124123
4755504
4557358
4755504
4656431
5944410
4656431
4458285
5052744
4755504
8223167
8619617
4953653
4755504
4656431
4854577
6935248
4755504
4755504
4827685
7727787
4944686
7826960
5124904
6043492
6935176
8322313
7727841
5115940
5206049
5386267
6538875
5548151
6538869
6638024
6836100
5656600
6439796
6439799
8223164
7628824
6746866
7529632
6205776
7493710
7826905
7727781
6737024
8619638
7232421
9763987
7529635
8322316
7331486
6737902
9214351
7331577
6142571
7925936
7260628
9701224
9214805
6908275
9188430
8692969
9080306
7801282
6737040
9368601
7891405
9674329
7612106
7990497
7603136
9584659
9377540
9584610
9674370
9629512
9584728
8891133
9638464
9611554
9620530
9566734
9485705
8296692
9620515
9485586
9278473
9629500
9602620
9566737
7693260
8882184
9593632
9638458
9602741
8963423
9665484
8287734
9611563
9629545
7972563
9080324
9620536
9629518
9602608
8584953
8287731
9620536
9611566
9593632
9611575
9620539
9377555
9467670
9287449
9593647
9485598
9593635
9062408
9566755
9602703
9287455
8197631
9170526
8179772
9179415
9602645
8774156
9476640
9269572
8197640
8972326
8098533
9071378
9575716
9278488
9278494
9386534
9485611
9287458
9476643
8990230
9080345
8585098
8882190
8107528
8485892
8675083
7909329
8675054
8188658
9566752
9575719
9611575
9476640
9377564
9278494
9485610
9260557
9269527
9071367
9269524
8386853
8494989
9602614
9575716
9584680
9584704
8476927
9188385
9485610
9593650
9566712
9377576
9575716
9557788
6720494
9575719
6000076
4423836
9620551
9602620
9611643
9620544
9638482
9629515
9647446
9593609
9557726
9602612
9593647
9602614
9602617
9593650
9602614
9611632
9629518
9629515
9584725
9620545
9674351
9620490
9710211
9638443
9647570
9611581
9683358
9692314
9710326
9692387
4432800
9665418
9755086
9115521
9808930
9737191
9817903
9799939
9791003
8664983
9835829
9844831
9844831
9898677
9907615
9889671
9880703
9880711
9898629
9862735
9880691
9817910
9790972
9835855
8358793
9880715
9862788
9898654
9889711
9853803
9880757
9898667
9844834
9844829
9844815
9844837
9826888
9871777
9826899
9844865
9817929
9826884
9826889
9853811
9493452
9907675
8277641
9853800
9853892
9907641
9907714
9907658
9907580
9880711
9889685
9889658
9862784
9898652
9907600
9907642
9907598
9907623
9709555
7827103
9907586
9880688
9907570
8214438
9898654
8916893
9880726
9889703
9880748
9889690
9907606
9907612
9907663
9808588
9907597
9907651
7926176
9907616
9907562
8817822
9889662
9880744
9907683
8007335
9871694
9853867
9835844
9880740
9835868
9871700
9844818
9826841
9835815
9862746
9097154
9817939
9791006
9817923
9844799
9817897
9826861
9808898
9764061
9853850
8250749
9475483
9799947
8232821
9773029
9188472
9593767
9737239
9575794
9826880
9817881
9826868
9817891
9773066
9826854
8971169
9844836
9808946
9844825
9817868
9790976
9817873
9817882
9817924
9835792
9898714
9853863
8367757
9835911
9782006
9746183
9287495
9781974
9790969
9835814
9790957
9817822
9773042
9808882
9269627
9826899
8962664
8728186
9683470
9377815
9755214
9817931
9755096
9791045
9799996
9781993
9737336
8737143
9638564
7585289
9755165
9808961
9800000
9746130
9799990
9853884
9808955
9773101
9790998
9817908
9826900
9809014
9007484
9808948
9853835
9844812
9791004
9835861
9746144
9746133
9746099
9728203
9755118
9782016
9773010
9746109
9817870
5548235
9637760
9556622
9791041
8926325
8944274
9133463
9142413
9394805
9322645
9025412
9304703
9782094
9295732
9764218
9710393
9755262
9718944
9502849
9196666
9385855
9205630
8647041
8926360
8890497
9223572
8836244
9773104
9800015
9115514
9223549
9575030
9710360
9719364
9367913
9746284
9584001
9620739
9746206
9728229
9710400
9718930
9601908
9665132
9692472
9746185
9728238
9710345
9620595
8693082
9719355
9566066
9566066
9656616
9817996
5504669
9548138
9782147
9178738
9007477
9737204
9548131
9656175
9629660
9701360
9539650
9665508
9070694
9773141
9106564
8908404
9277811
9458036
9187702
9160810
9187709
8908418
9764233
9458032
9557102
9548131
9728298
9728356
9539188
6999781
9557109
9467007
9557109
9665460
9755243
9178738
9746231
9728266
9755119
9710237
9440101
9079665
9755166
9737221
9466986
9557095
9475957
9737334
8971621
9052780
9710296
9692387
9728303
9728297
9746239
9746213
9458029
9458029
9737292
9070708
9250926
9268847
9728238
9746248
9097600
9187702
9719285
9106557
9746291
9728192
9710325
9602405
9620603
9692319
9710281
9737232
8881519
9268840
9773201
9070694
9151846
9656172
9268840
9385848
9728263
9484921
9737178
9746212
9764140
9746221
9710422
9755236
9755099
9764186
9782070
9584010
9025412
9277811
9286768
9575035
9566066
9097579
9764206
9746156
9737146
9773164
9773120
9800048
9773122
9764087
9791058
9764132
9809026
9728221
9826976
9773116
9034383
9331616
9421717
9817988
9115514
9799978
9791055
9142420
9538702
8755071
8872086
8971159
8574860
9844891
9142406
8962188
9664690
9862760
9844803
9313059
9907607
9907555
9907641
9907618
9907622
9907599
9907615
9907645
9907629
9907597
9907634
9907615
9826832
9638539
9799990
9907635
9898665
9907632
9709407
9907627
9412178
9808495
9907647
9907614
9907554
9907606
9709418
9808471
9907600
9826823
9907605
9907611
9403213
8718611
9313105
9907526
9015849
8025106
9313107
9015878
9709406
9907533
9907626
9907565
9907634
9907615
9907553
9907643
9907539
9907556
9907593
9907563
9907555
9907570
9907558
9907539
9907526
9907566
9871738
9889654
9880679
9871738
9880729
9871680
9862732
9853765
9853732
9880622
9880598
9898537
9889600
9844739
9862692
9880626
9907546
9907545
9709301
9808379
9610225
9907598
9907581
9880582
9880612
9898565
9898542
9907517
9898558
9871667
9880620
9880621
9817850
6117101
9638512
9889608
9844775
9880611
9871588
9728148
9781996
9907504
9907522
9889600
9889582
9889615
9853746
9889620
9880659
9889622
9907546
9880611
9862712
9907557
9880657
9907539
9808399
9907481
9853698
9880661
9907452
9907516
9907511
9862702
9898561
9871649
9898500
9889552
9853710
9844724
9602662
9898515
9907484
9898529
9898558
9700280
9889517
6538872
9844650
9880664
9880602
9656449
9880658
9871665
9835799
9853774
9772981
9853738
9862730
9898558
9907546
9880626
9880600
9880610
9889538
9862711
9898524
9898521
9790473
9880687
9853763
9305452
9574844
9871635
9853668
9701219
9835697
9710244
9692308
9665404
8468027
9880654
9907525
9907470
9907497
9313006
9907512
9889519
9898544
9898551
9737132
9835656
9898407
9844775
9835720
9889546
9790863
9484275
9844785
9889567
9808889
9737145
9772974
9880555
8693074
8593996
9862728
9898602
9015803
9907549
9907468
9907498
9907418
9907459
9907530
9898491
9880598
9907498
9907520
9907527
9907561
9907572
9907458
9907535
9907577
9907564
9907587
9907551
9862705
9907496
9907541
9907574
9907571
9907564
9907564
9907527
9880705
9907567
9907593
9907610
9907561
9907514
9907577
9907510
9907630
9907613
9907736
9898647
7962536
9898601
9808959
9907624
9782070
8124391
9907541
9907508
9907538
9907449
9277619
9701240
9871598
9475761
8710073
9755038
9880607
9755004
9826808
9871669
9907608
9907543
9907489
9889624
9719176
8854901
9701250
9683329
9746066
9701243
9719187
9817850
8746404
8980875
9304983
9665408
9719167
9871666
9763980
9826801
9322911
9781933
9610284
9565929
9647451
9817851
9692288
9701251
9665387
9683315
9755059
9808871
9746036
9898566
9898575
9907563
9862664
9907568
9907633
9907604
9907585
9907551
9907503
9907581
9907569
9907542
9907534
9907525
9907528
9871691
9763992
8971900
9719225
9772990
8917185
8619495
9754649
9907526
9835731
9277629
9259694
9151651
8359073
8269485
9889630
8061388
9656562
7954306
8711011
9880654
9808936
9791035
9674403
9647556
6737277
6836440
9773263
9647573
8845005
9610325
9898450
9105896
8917180
9178083
9772509
9115332
8916714
9898473
9907394
8322279
9907425
9853632
8988892
9304045
9367322
9204975
9457371
9880513
9772509
9178077
9394154
9808369
9114863
9907435
9412036
7232329
9313000
9610225
6439744
9862570
9701223
9656449
9692308
9728151
9835727
9790898
9728155
8817638
9700337
9610228
9412082
7232404
9601261
5944419
6926209
9511152
9907410
9015785
9898489
8718544
9898422
9907431
5746270
9907412
9610228
9015787
9880511
9015736
9213936
9529549
9755041
4656431
9015784
9808426
9412082
9196002
9412079
9412056
9727695
9296019
9539450
9421984
9620590
9133257
9439440
9826764
9745629
9790426
9466341
9583333
9466332
8691673
9610228
4953650
9692296
9692302
9412082
9403118
4953659
9196005
9674380
8628928
9448876
9826832
9844759
9772518
9466320
9889544
9502188
9889525
9583339
9015797
9538516
9574369
9277150
9844814
9826762
9844736
9826787
9502219
9133263
9061076
9772599
8898789
9889588
9790991
9511158
9106362
9808926
9015784
8592600
8808674
9394151
9511158
9187041
9610231
9304051
9592303
9087971
9114863
9430482
9223369
8953039
9232333
9718734
8799713
9061076
9565402
9835802
9223366
9034181
8601567
9241300
8745929
9169110
8754896
9169119
9313481
8818110
9340370
9007295
8818110
8889825
9006832
8475605
8466638
8592606
9007289
9016262
8908222
8646859
9592775
8772827
8619495
8421352
8916723
8862933
9430479
8962009
8745929
8475602
9358770
9088437
8818116
9376698
8520425
8664784
8601573
8583639
8845002
8970970
8736968
9601739
8547780
8385490
8313312
8475605
9115338
8376526
8160461
9763543
8421355
8403424
9034190
8979934
9061085
8655823
9421518
8574672
8845005
8547783
8664781
8484566
8611000
9007301
9196477
9421515
9277622
8862930
8655820
8745932
8277453
8556747
8664787
8781791
8853969
9475765
8763860
8926150
8457680
8529861
8565717
8268486
8286420
8376535
9115335
8538816
8899258
8763860
8178380
8097238
8664787
8935117
9268655
9223375
9485198
9358764
8574672
8475599
8655817
8574675
8385493
8583639
8953045
8998331
8845008
8682712
8205272
8484569
8763860
8574675
8574675
8637892
8574675
8583645
8691682
8745932
8745929
9169588
8728007
8277456
8538822
8953508
9079476
9070512
9178552
8710076
9638067
9647488
8845008
8745932
8673754
8655823
8466644
8628931
9655986
9331869
8818116
9457837
9367728
9629091
9683335
9620581
9710233
9656437
9647476
9710233
9710236
9638506
9665407
9656440
9656440
9629554
9665404
9674319
9665404
9683332
9683338
9683332
9692305
9647473
9647464
9701263
9692302
9683332
9665398
9674371
9683332
9674368
9683341
9656440
9674362
9629533
9638500
9629533
9629530
9629533
9620572
9629527
9647473
9629542
9656437
9665372
9629539
9638503
9656431
9674368
9638506
9638506
9674367
9647454
9647455
9629543
9647467
9602644
9638446
9692252
9638506
9647476
9656425
9647464
9656437
9674365
9656443
9656406
9665407
9674374
9674374
9665404
9674368
9647467
9674407
7133394
9665398
9701228
9647476
9692339
9710293
9683377
9665404
9674368
9683338
9683337
9683332
9674368
9629502
9656440
9665410
9719278
9674374
9665395
9647461
9611573
9647470
8972332
9629539
9656457
9692255
9629530
9638497
9665395
9629524
9629504
9377588
9602635
9602602
9674313
9674367
9683300
9611605
9620523
9638496
9611550
9674371
9683341
9683300
9710297
9674374
9593235
9692287
9692261
9683341
9683344
9692310
9701244
9692278
9710212
9683341
9674365
9683343
9674362
9683338
9683343
9710215
9665350
9692272
9674377
9737204
9719249
7529731
9728224
9701302
9683399
9647501
9710275
9593701
9377615
9692342
9683347
9683345
9710269
9692334
9692331
9674418
9692364
9674336
9665354
9692267
9611573
9665387
9647450
9656411
9674313
9611584
9638498
9656434
9647426
9575722
9593661
9638494
9665400
9647495
8693070
9647493
9647486
9656479
9647490
9665458
9647494
9620622
9629476
9629466
9620551
9611585
9602620
9647461
9638444
9629524
9629521
9647428
9638494
9629536
9611572
9593630
9638485
9638503
9611587
9638491
9629520
9620522
9485620
9665374
9665341
9656416
9647434
9665383
9674332
9647461
9656394
9683332
9665388
9665345
9656389
9638500
9638506
9656428
9638497
9656446
9638506
9593670
9674328
7034330
9674393
9674374
9656458
9638511
9638539
9647494
9629528
9584706
8774192
8891202
6945153
9089379
7530213
9665450
8891243
9611622
9665425
9107300
7098897
9674387
9656394
9656438
9674350
9674414
9656454
9683363
9656384
9674302
9701245
9701301
9683379
9692305
9683289
9692321
9683332
9683316
9674354
9710244
9674312
9692310
9683344
7529754
9674365
9692278
9674340
6935244
9683306
7232461
9674374
9692299
9665385
9638518
9575795
9665362
9683372
9656470
9656417
9593635
7990585
7107896
7999540
9701241
9656377
9683325
9638471
9665387
9656406
9656395
9647426
6990838
8684080
9665384
9683344
9647432
9656403
9674280
9665366
9665371
9638452
9629536
9656381
9647387
9665440
9647488
9611608
9629484
9665347
9638450
9647403
9638453
9647487
9647474
9656467
9647445
9656394
9638455
9647486
9629475
9647390
9620504
9620500
9638452
9638494
9629450
9647401
9620503
9629530
9638486
9638450
9638431
9638513
9620496
9584639
9638436
9602612
9647408
9638499
8567041
7693299
9170435
9629551
9647485
9629481
9638456
9629480
9647410
9647418
9638563
9647422
9647388
9665311
9665319
9620564
9647418
9665416
9665322
9629528
9638537
9620534
9647505
9647510
9647449
9665466
9647420
9665459
9674414
9656386
9656393
9665283
9665354
9386515
9638439
9575712
9638475
7197933
7396137
6909784
8675174
9611581
9647401
9665365
9638442
9656365
9692381
9620558
9674333
9656476
8548261
9269124
9665322
9638480
9629543
9620591
9629501
7396117
9620545
9611607
9611632
9656394
9647390
9620546
9674338
5944520
9656399
9665474
9647406
9683394
9647368
9647369
9638409
9656344
9647403
9674397
9683207
9656472
9647374
9647351
9647361
9656460
9656464
9647372
9647423
9647369
9647390
9647383
9656365
9638453
9647344
9665450
9665304
9656320
9683425
9692377
9665443
9665277
9665260
9647321
9458139
9187864
9647494
9692256
9674317
9665294
9665303
9656300
9674245
9674437
9674341
9638514
9656341
9665326
9647367
9665432
9674416
9638390
9647374
9656347
9665280
9674399
9665308
9674281
9629478
9647391
9647391
9683397
9647383
9665286
9611515
9611643
9638411
9638400
9656339
9647379
9269525
9476617
9665430
9278432
9647462
9647377
9656378
9638434
9638402
9638375
9647499
9647377
9629569
9647364
9647402
9638424
9656338
9647392
9629488
9638423
9611579
9647482
9638442
9638454
9629547
9638423
9620544
9674396
9647516
9611580
9629464
9620536
9647414
9692351
9647399
9665340
6836125
9638429
9656432
9674395
9647362
9647390
9638417
9665328
9647426
9638434
9629489
9629492
9656380
9638396
9611554
9638452
9647497
9629483
9647409
9638426
9638428
9665422
9647391
9647476
9665412
9647392
9647414
9656442
9647388
9656345
9647383
9647395
9656353
9638425
9647364
9647389
9647391
9647379
9647430
9629469
9629476
9638445
9629542
9629501
9647495
9638424
9629468
9620511
9638431
9638431
9611540
9629472
9629419
9638481
9629529
9647419
9629477
9638423
9647404
9620519
9620531
9647406
9638516
9611550
9638408
9629487
9611569
9638435
9602608
9629465
9638417
9620513
9629456
9629475
9647412
9611555
9629491
9647406
9647495
9620525
9620523
9629470
9620535
9620515
9638440
9638430
9638427
9629443
9638428
9638400
9629457
9656466
9620502
9611596
9620496
9629476
9638386
9638531
9629477
9638428
9638430
9638453
9629476
9629482
9629477
9638432
9629453
9665429
9674404
9629480
9638426
9629474
9683402
9638419
9629449
9674432
9620438
9656451
9656469
9629466
9620510
9647433
9665451
9629534
9620514
9656447
9656465
9629479
9629461
9620494
9656437
9620562
9629468
9629462
9638489
9629462
9629473
9629476
9638426
9620572
9629424
9620502
9620541
9638475
9647489
9638408
9629479
9647450
9620514
9620457
9611534
9620558
9611582
9629462
9611568
9656465
9638419
9629540
9611551
9602623
9656474
9638476
9611551
9620515
9629449
9620521
9620513
9629452
9647500
9602623
9665457
9656470
9620513
9620498
9620486
9575660
9674361
9629466
9638486
9629455
9638528
9665419
9647442
9629462
9665441
9629463
9629463
9620524
9647510
9629445
9638410
9656477
9584594
9611545
9602608
9620508
9611554
9611594
9629476
9620487
9611537
9611555
9656490
9575669
9278424
9647503
9620509
9629455
9629466
9611593
9647486
9620532
9656461
9638447
9647494
9638427
9629469
9620486
9629450
9638434
9629469
9638420
9629492
9656413
9629439
9665445
9638442
9629478
9629551
9629507
9611560
9386503
9386585
9566716
9611545
9629464
9620519
9629487
9611537
9629506
9647494
9575680
9611566
9584726
9179362
9485564
9656481
9593587
9638554
9575677
9602650
9593598
9575669
9647443
9629531
9620487
9647515
9494568
9602665
9575755
9566770
9458662
9584750
9575784
9467623
8683991
9071442
8783046
9602689
9287405
9611582
8855246
8783082
8494869
8305668
8990246
8494809
9575766
9629567
9593620
9584663
9287428
9467698
9287420
8783088
8602842
8873178
8584956
7702239
7990506
8485877
8963323
8170721
8089567
8179682
8485880
7990479
8197616
8783105
8575971
3153815
9602617
9584677
9620545
9611584
9620554
9620560
9620539
9611581
9629512
9611556
9620515
9629537
9638513
9674353
9620524
9647398
9719217
9611543
9611593
9638450
9602584
9638476
9638458
9674378
9629471
9647386
9611548
9638445
9629481
9674352
9629466
9665403
9629496
9638460
9656441
9638440
9638475
9620534
9647465
9611573
9629514
9629473
9638505
9611549
9656465
9674406
9620532
9665407
9638443
9638434
9656450
9620504
9620503
9647396
9620496
9629460
9638424
9683391
9629488
9638429
9665431
9629449
9629449
9638420
9602545
9629446
9665426
9674412
9638413
9620506
9638430
9611530
9620509
9611545
9620506
9620491
9674394
9665359
9656448
9611537
9611544
9620507
9656454
9629520
9629465
9638484
9647469
9620494
9620490
9620503
9620485
9611508
9665423
9629445
9620480
9656427
9665407
9647468
9638506
9602576
9602591
9629543
9629535
9620512
9629458
9629498
9620529
9638512
9665410
9629474
9620519
9629508
9647462
9611567
9620508
9620532
9620523
9629482
9665376
9629481
9629464
9665392
9620495
9656417
9683363
9674390
9629487
9620517
9620508
9602605
9629513
9602627
9611574
9602573
9638510
9611576
9611547
9629493
9629519
9629454
9629468
9611539
9629464
9620515
9629505
9665414
9620498
9629466
9620488
9629471
9620499
9620498
9638438
9620504
9620520
9620513
9674365
9629468
9674393
9611552
9629457
9656410
9620493
9656420
9665405
9620498
9611524
9647383
9611532
9665378
9629458
9629460
9656422
9629460
9638431
9656347
9638419
9620490
9629454
9611532
9638400
9683347
9629450
9629457
9647450
9629481
9602554
9629461
9611531
9620494
9611532
9620493
9611532
9629442
9620493
9611525
9665420
9665405
9602563
9620498
9629456
9665387
9602573
9620501
9620501
9656459
9611527
9602574
9638440
9674375
9602576
9413393
9359588
9386498
8620785
7107311
7800834
7422464
7035127
8647680
9386489
9278449
9575680
7890946
7521546
7053067
7053067
9179379
9179361
7035136
9287421
9278437
9467640
9179385
9287416
9278455
9287422
9287422
8638723
8602854
8972257
7323391
7602688
9170415
9071336
9575696
9620511
9575665
9080271
9188348
9179381
9476647
6962951
9287395
9611567
9476628
9566706
8972261
9278458
9386526
9575686
9602644
9575688
9179369
9593607
9611620
9611610
9575680
9602643
9467627
9179379
9593623
9359589
9584659
9566728
9638520
9377519
8990209
9584681
9278449
9296404
9593626
9485586
9566728
9593641
9611571
9476601
9638473
9647458
9638472
9620533
9656398
9503066
9710203
9710194
9665356
9719136
9773017
9728146
9772972
9755020
9710200
9692245
9719170
9719164
9719167
8962406
9746085
9728146
9710203
9682875
9349386
9737109
9808899
9710197
9719170
9701242
7260186
9674317
9430885
9629494
9566274
9683311
9746074
9674314
9719164
6494482
9674332
9719170
9692287
9692254
9683311
9719176
9674326
9710203
9728149
9746063
9692266
9719167
9701233
9755032
9737095
9674335
9719164
9728134
9764014
9683299
9683308
9674329
9710188
9710185
9710209
9710203
9710206
9728149
9701248
9656410
9763996
9719175
9664947
8728001
9664947
9701251
9755044
9701251
9376692
9746077
9692278
9719170
9665362
9719182
9683321
9665374
9683296
9647428
9665380
9683323
9692275
9665392
9638479
9665368
9683317
9692272
9665374
9638446
9647440
9638464
9647452
9674356
9656401
9656398
9656404
9683305
9647436
9683317
9719188
9656413
9683329
9656419
9710197
9737119
9719191
9692293
9647446
9683326
9683304
9701263
9512090
9421610
9755075
9430948
9701263
9746073
9133729
9565903
9602196
9692302
9719188
9584271
9683323
9719186
8827540
9521100
9674374
9692299
9656406
9674362
9782034
9692308
9683317
9665410
9692293
9683341
9692314
9656422
9674341
9656416
9692296
9665389
9692308
9674359
9692269
9701234
9665348
9710219
9710224
9656431
9593235
9692311
9232802
9692293
8665256
9683344
9503135
9701255
9692268
9665383
9647470
9395089
9665391
9647479
9638509
9656440
9683308
9692259
9710200
9710224
9701239
9602193
8719506
9692285
9701230
9665380
9665398
9674380
9395092
9296018
9656427
9710210
8638363
9674380
9386125
9359233
9665419
9602208
9656418
9647439
9656440
9088902
9088909
9674373
9674368
9656448
9079939
9647528
9674426
8620440
9205926
9187974
9674389
9521523
9620566
9449345
9548418
9350272
9548412
9539451
9260166
8602505
8782720
8872832
8971911
9647467
9620569
9638488
9638500
9629557
9638503
9656410
9305446
8791689
9665399
9665400
9070984
9413485
9134201
8863865
9007810
9233268
9665401
9647464
9674350
9656428
9647446
9629521
9647426
9656404
9638491
9611593
9647450
9647437
9647422
9647446
9647458
9638487
9638491
9692326
9665386
9629536
9665392
9674348
9656425
9656419
9647452
9611602
9647549
9629547
9647461
9674325
9629524
9674347
9656407
9647455
9638485
9665377
9665383
9656415
9656398
9683336
9638462
9656425
9629506
9611599
9692269
9638451
9665399
9656423
9602635
9611605
9638521
9638506
9656422
9674347
9647458
9647461
9674344
9656437
9638488
9656428
9638497
9683347
9629524
9656416
9647431
9665369
9647482
9251199
9683334
9674344
9674356
9692272
9683296
9638494
9638491
9674350
9674389
9683290
9656422
9647446
9665361
9656426
9629530
9647458
9620570
9521523
9656425
9620591
9665367
9701239
9647441
9638508
9674340
9656403
9629514
9629535
9665359
9647446
9656399
9656451
9701262
9692263
9647433
9638476
9665356
9674335
9692298
9692298
9701205
9719151
9719183
9674332
9710212
9719152
9674322
9683308
9683297
9656377
9710212
9692232
9683278
9674332
9701216
9728186
9674331
9683277
9728100
9656388
9674336
9656379
9620582
9638508
9683335
9710265
9683321
9620579
9683318
9683297
9665387
9304903
9602658
9629545
9692279
9692254
9629515
9224314
9674328
9665414
9692249
9611607
9476286
9647485
9638489
9638501
9638483
9656410
8476543
9530517
9134204
9638521
9620592
9674380
8971908
9665409
9719148
9701219
9674348
9620588
9458326
9692265
9674329
8980869
9710189
9692284
8863872
8936045
9638499
9593684
9161082
9620578
9629529
8764791
9053039
9251190
8728949
9413484
9611616
9530485
9638520
9656404
9637971
9538894
9430863
9683271
9701204
9683326
9710173
9701213
9746028
9205373
9719119
9710169
9683315
8718955
9286505
9214387
9611081
9719175
9457757
9430861
9268576
9665401
9683315
9647461
9728097
9719136
9719149
9448827
8908150
9268578
9692225
9710182
9367694
9701193
9511994
9674309
9701217
9332337
9458297
9719141
9719106
9602121
9710170
9665335
9692215
9674297
9242231
8773760
9251187
8980860
9692281
8899753
9269124
9665383
9719168
9719163
9763971
9701283
9647483
9575340
9088900
9710205
9737082
9071009
9430886
9683375
9710192
9656420
8881813
9341304
9269142
9674333
9674318
9584327
9746041
8755259
9070487
9467278
9710196
9710174
9214905
8593546
9656423
9683281
9728146
8890805
9674312
9638572
9692253
8980909
9269126
8818629
8791695
9062006
9692289
9458314
8800659
9449341
8503427
8872316
9395021
9701226
9683304
8602525
9674370
9647481
8890756
9566384
9547886
9665410
9710242
9737160
9368188
9395087
9683321
9494067
8503313
9205872
8971827
8998704
9395026
8728373
9530365
8863746
9070851
8908599
9070899
8584473
9178935
9674319
8575514
9692239
9665349
8953884
8971822
9395459
9422360
9035014
9206261
9233169
9575683
6612454
6504417
9665407
9674374
9656434
9674375
9647461
9665404
9638494
9620566
9647479
9593662
8972323
9620578
9656428
9602620
7585295
9602629
9620579
9620572
6836092
7900445
7702290
6439793
9026059
6801642
6439793
8935947
9584722
7034264
9124702
9476673
8107555
9071396
7197955
7197955
6225120
7107840
6439796
9440300
9620530
6908275
6439793
7089900
7495192
6900736
7378182
8972323
7387155
7287204
9367734
5746381
9161514
6612481
7107858
6810630
9781921
9575704
9647429
9674343
9674335
9683311
9683284
9638436
9665353
9710182
9665374
9683302
9701207
9728149
9737059
9710172
9737053
9656382
9665362
9692232
9737095
9719164
9746035
9646952
9728114
9737083
9547862
9664895
9763978
9692275
9674347
9674330
9701204
9728097
9737060
9728088
9637968
9737054
9746015
9358684
9142599
8899159
9754982
9673839
9728091
9746024
9277565
8403785
9349717
9025595
8926513
9710163
9439831
9232722
9529943
9331780
9683297
9719153
9683283
9322822
8854348
9583749
9755004
9655931
9629042
9358705
9259607
9331807
9439863
9340759
9052502
9772952
9061466
9755003
9692272
9683284
9719166
9719164
9169509
9719147
9728113
9160553
9187442
9574774
9637978
9250638
9547896
9728105
9719128
9692241
9728091
9763957
9737070
9710156
9754985
9061465
8980330
9737047
9728089
9737072
9737072
9755011
9683274
9719146
9701183
9692240
9710188
9719146
9746008
9728114
9728103
9763953
9781896
9719124
9755004
9719125
9674304
9719149
9728115
9683262
9710164
9737046
9781897
9781886
9728112
9737060
9719109
9728080
9728071
9701176
9710157
9781872
9763946
9746000
9754990
9754997
9737055
9746007
9728062
9728074
9692218
9754981
9737033
9763977
9701186
9692213
9710155
9728076
9710157
9719105
9683257
9763941
9692240
9674303
9719114
9665331
9674291
9674291
9692214
9665331
9683253
9665330
9665332
9665328
9665319
9692224
9665326
9701175
9674295
9701184
9692210
9683261
9674302
9674284
9665333
9656351
9665312
9665325
9656346
9665317
9692193
9665324
9692216
9674293
9656370
9683254
9683236
9665312
9656354
9647381
9638444
9665312
9647385
9674280
9656356
9665311
9683256
9710144
9683239
9674287
9674286
9692200
9701175
9629470
9674270
9683217
9683233
9656360
9692200
9674283
9692235
9674295
9665307
9665335
9674275
9692220
9692212
9665310
9683253
9701175
9674297
9638463
9656355
9701175
9674284
9683232
9674298
9665312
9674281
9638448
9692225
9710161
9692240
9692206
9665323
9683246
9683249
9683265
9656379
9710131
9674289
9719121
9692236
9701196
9683252
9728080
9719115
9701185
9701180
9719127
9701197
9674273
9719096
9719082
9701162
9692202
9683251
9665326
9674308
9710133
9674296
9674296
9674290
9701185
9683266
9692237
9674321
9683277
9683262
9701180
9719086
9701178
9701166
9710148
9701195
9710137
9674299
9728062
9719088
9710163
9710162
9692223
9701189
9701203
9728052
9701167
9719095
9710138
9728102
9692221
9719119
9728072
9701181
9710164
9728066
9737035
9719098
9746010
9728072
9710142
9728080
9728071
9710132
9728071
9737029
9737034
9710153
9737060
9754954
9746000
9754997
9746009
9746003
9772896
9754963
9763916
9763915
9737031
9746000
9754960
9772914
9763916
9737000
9664804
9763908
9754952
9772887
9763901
9772911
9728071
9772852
9475617
9737023
9728036
9754944
9682737
9574715
9754983
9790781
9763895
9700658
9745951
9737002
9710109
9556753
9710149
9772850
9790769
9799747
9304352
9772866
9737052
9790772
9817657
9737039
9728113
9728108
9701206
9719098
9781822
9592605
9799729
9421874
9610571
9412414
9746007
9637975
9719135
9763927
9710140
9592647
9538385
9737015
9385500
9520431
9322290
9385511
9214240
9331267
9493553
9196315
9466655
9259549
9629000
9754963
9512002
9737011
9754958
9646902
9692208
9710141
9673793
9610547
9620018
9682741
9790767
9817677
9556774
9719099
9728079
9737053
9737036
9728097
9493563
9592622
9610534
9746005
9628503
9728085
9727564
9754987
9763922
9728081
9664832
9799732
9835599
9754936
9799733
9826639
9737013
9295400
9682725
9790770
9583178
9808717
9790768
9763910
9808707
9772884
9808708
9195818
9763896
9835587
9763914
9737032
9124136
9241123
9628980
9664829
9691735
9745985
9574741
9565763
9250615
9484635
9466684
9538873
9737020
9430339
9772882
9583700
9781845
9556807
9250618
9511976
9772890
9737019
9358650
9637968
9457742
9241648
9358672
9430840
9349699
9331756
9457709
9439788
9214261
9475622
9070397
9637965
9754954
9376573
9547830
9682761
8619787
9232166
9565760
9250080
9241140
9097235
9277486
9169439
9619529
9051942
9520429
9448749
9745973
9042979
9457703
9277462
9547800
9772855
8826884
9331232
8980233
9331240
9034008
9637948
9430844
9719098
9421885
9728077
9637965
8916629
9683241
9674290
9710158
9620021
9728038
9701172
9772914
9602102
9772907
9692210
9646475
9078923
9754958
9692220
9493606
9367639
9647397
9304859
9304879
9619555
9367638
9710137
8592502
8889728
9115207
9214759
8881657
9133611
9106731
8620290
8250897
7737121
7133253
8268367
8277773
7925861
9584152
9745960
9745965
9745964
9411977
9096791
9466223
8349480
9015666
9502527
9367593
9710114
9817671
9312867
8916573
9213787
9520442
9826640
9006680
9520441
9674220
9313333
9673804
7656439
9448722
8970810
9205287
9142100
7268608
8007453
9674191
9683242
9638421
9763911
9745963
9772884
9835610
9754902
9710069
9763881
9584615
9665330
9629452
9710127
9745989
9638405
9656339
9647359
9674259
9710098
9611488
9728036
9736993
9602516
9736986
9781767
9745945
9683222
9728024
9674237
9611484
9656319
9620482
9638399
9736986
9683206
9692168
9710104
9629426
9683243
9674259
9692166
9647344
9799767
9772846
9772862
9683211
9692178
9737021
9593585
9620454
9638412
9701176
9656329
9674281
9790795
9674279
9728059
9737004
9638395
9620458
9620468
9719122
9710135
9656338
9754932
9853527
9683204
9728033
9665307
9665294
9683253
9656337
9772853
9674246
9745969
9674267
9719093
9692212
9701217
9674282
9674275
9665326
9701189
9692204
9701187
9683237
9674268
9701180
9898381
9692226
9710159
9710142
9710166
9790844
9683244
9728051
9701173
9674279
9620475
9683236
9692215
9665295
9683236
9683220
9692205
9692200
9710146
9701171
9692210
9683253
9674274
9710147
9674289
9719089
9701191
9719081
9790802
9719097
9629429
9656357
9701158
9701144
9701152
9647359
9728063
9701155
9701207
9629430
9674253
9701152
9737003
9674261
9674256
9656337
9656345
9701180
9665303
9647368
9656332
9620494
9665269
9656345
9674283
9638395
9674273
9629435
9710111
9683242
9692207
9674279
9683257
9638395
9710140
9656335
9674284
9692222
9683236
9710139
9701147
9584608
9665328
9683245
9638396
9629430
9692210
9683253
9683241
9656330
9629435
9638405
9683214
9665300
9656342
9683220
9656351
9665326
9692213
9656383
9656348
9656362
9665321
9692220
9656375
9683280
9674326
9656360
9656333
9638398
9629486
9620522
9701199
9611541
9674316
9629470
9620502
9620570
9656367
9629462
9620518
9575665
9611541
9602563
9593578
9593574
9593610
9656343
9611535
9377526
9620503
9638434
9656352
9638407
9638424
9575676
9611541
9638439
9638417
6612449
8422152
9817726
9898439
9790827
9665321
9719077
9674282
9674300
9683236
9629453
9638409
9799784
9737019
9710143
9665303
9754944
9737013
9835636
9692202
9710117
9817690
9728108
9683250
9719104
9674301
9683251
9728050
9683223
9862555
9746009
9665305
9665339
9745969
9665288
9701160
9656344
9719079
9692204
9665311
9719098
9701230
9647364
9692200
9719077
9647378
9665312
9719094
9656337
9692218
9665335
9763903
9674282
9737052
9674287
9674329
9808750
9781865
9683218
9638458
9620504
9772902
9790849
9710175
9790833
9710123
9719141
9844610
9674310
9647395
9737051
9701161
9728082
9683238
9808753
9728062
9692175
9728071
9638404
9781863
9692190
9710171
9683258
9656361
9674292
9665301
9808774
9692212
9710169
9656354
9683225
9638403
9754967
9692204
9728088
9754984
9719124
9710161
9728099
9719120
9754974
9781860
6233092
9701194
9647426
9692232
9719149
9674291
9701204
9737095
9647427
9808785
9772944
9701225
9701212
9674318
9692241
9683284
9665307
9692254
9701203
9692249
9674298
9701191
9701184
9665343
9647387
9665342
9674321
9665335
9746050
9638455
9692261
9728093
9737077
9683295
9674307
9817765
9656384
9647445
9602586
9620534
9674321
9629485
9692269
9701243
9629532
9584669
9701211
9638447
8764679
9620510
9638474
9674338
9656389
9701202
9862537
9683271
9575666
9602578
9647406
9817728
9781836
9898430
9683263
9674290
9674299
9674312
9674313
9647431
9907383
9835631
9701209
9746056
9683314
9656416
9710206
9898422
9844607
9889488
9692273
9710183
9602591
9629535
9638506
9665362
9880500
9665404
9647472
9701197
9719135
9620559
9728092
9898384
9862568
9826709
9853592
9647438
9647458
9889457
9710138
9755017
9871521
9871481
9728034
9871486
9656400
9889488
9665372
9853590
9889467
9746022
9638472
9844621
9674329
9674341
9647462
9647445
9701240
9889475
9862567
9710220
9665404
9701253
9763993
9674354
9898438
9710192
9728105
9898447
9737118
9665397
9638482
9656384
9701207
9656441
9674348
9665369
9889484
9683346
9665403
9790909
9647474
9871535
9907418
9907423
9719173
9772969
9674357
9907411
9781931
9674370
9692272
9772982
9737099
9880515
9790891
9647442
9710193
9907388
9683322
9647457
9799824
9862541
9907377
9844628
9871496
9790883
9746055
9799837
9683278
9683299
9817777
9719145
9790844
9746035
9737087
9781873
9907379
9781912
9790858
9808780
9799807
9907352
9871506
9683299
9907381
9790818
9907373
9763982
9907362
9665377
9907370
9799819
9763955
9781880
9907369
9907373
9907373
9754997
9665367
9647420
9719135
8917546
9781858
9647404
9701162
9871507
9853576
9665358
9457712
9737028
9701221
8683537
9331751
9763945
9692231
8674535
9015670
9683296
8755234
9674310
9853584
9683288
9710136
9701192
9710178
9683282
9683267
9719114
9683285
9728114
9665373
9817742
9557801
9467135
9701198
9728073
9727604
9692264
9692246
9692265
9710161
9737045
9790825
9665306
9701203
9719114
9737062
9737057
9728072
9790830
9701194
9683273
9665339
9728098
9674320
9665355
9692243
9674313
9737056
9647430
9683270
8647191
9160959
9754973
9701200
9692258
9746000
9620527
9728093
9601179
9620534
9665353
8899591
9701192
9647434
9674316
9647417
9701172
9746014
9232248
9638464
4854575
9656396
9710181
9656391
7034243
9656380
9593605
9665372
9647429
9683289
9701178
9701230
9754983
9692261
9656398
9692232
9817734
9295959
7016772
9674312
9692239
9808801
9790810
9763973
9907392
9907338
9430871
9728140
9692244
9656378
9746008
9692263
9656402
9701217
9754956
9755008
9808742
9808274
9719159
9674324
9665393
9728131
9727989
9853575
9692270
9692275
9763959
9683315
9710179
9871520
9701212
9728113
9907379
9656397
9907402
9728107
9907356
9889475
9755030
9674381
9728150
9755001
9880520
9656419
9665339
9674337
9853606
9889482
9692279
9754997
9755028
9683310
9907441
9898423
9692277
9692280
9719162
9853620
9665383
9674336
9880504
9719167
9862571
9683315
9781918
9871526
9674355
9799839
9683332
9656433
9907399
9674332
9683327
9692288
9511139
9692264
9737125
9746048
9898451
9592248
9763993
9808797
9764011
9907428
9826761
9799876
9907425
9871524
9719184
9719196
9665391
9728116
9871488
9710200
9683329
9683291
9674337
9710182
9692272
9683319
9674353
9665390
9683323
9683322
9674357
9683319
9683306
9683325
9692271
9683314
9647460
9656412
9674344
9701221
9647451
9656428
9656370
9674353
9683312
9656399
9304931
9647418
9115746
9683332
9665393
9656406
9656434
9683322
9647416
9656438
9683301
9665390
9772946
9701253
9683343
9701262
9647475
9665378
9683344
9665383
9683301
9674340
9674377
9683315
9674371
9737083
9674323
9710184
9781895
9656401
9674337
9656418
9638505
9692231
9665372
9638477
9674351
9674336
9647481
9665390
9620555
9862531
9638473
9665376
9629523
9656411
9665376
9665367
9629540
9674362
9781827
9710177
9889416
9620560
9674359
9656409
9835543
9674340
9674312
9638501
9665357
9656406
9710182
9719113
9647421
8917574
9638455
9629555
9638458
9737099
9647474
9701228
9907341
9728121
9737111
9728114
8421308
9665352
9737095
9826677
9610127
9907337
9610102
9907312
9826653
9844595
9808743
9898373
9898370
9683210
9898363
9871516
9781817
9799794
9835621
9835640
9853579
9683312
9683283
9656409
9647457
9656417
9683307
9781851
9665346
9665362
9683287
9638507
9674344
9656431
9719133
9754980
9683274
9665378
9665400
9665362
9665356
9692289
9701239
9665377
9647427
9647408
9647438
9647459
9629524
9620576
9647461
9629554
9665376
9611605
9719147
9629513
9638476
9647433
9638469
9656387
9692245
9629488
9611608
9772930
9692239
9790878
9772883
9656421
9746015
9647436
9620529
9620525
9620535
9629547
9754999
9763897
9656402
9683316
9754971
9656407
9665397
9683253
9620532
9665399
9683293
9683279
9620554
9701169
9781841
9674319
9602626
9638478
9763953
9611593
9665328
9602620
9647431
9629493
9647419
9692232
9647439
9269567
9835665
6405345
8322156
8313186
8421244
9880457
9656332
8619356
7529640
9898436
9907358
9862560
7953239
9871485
7088471
6737022
6637958
7133334
7268689
8376431
6980445
6998386
9898442
9871523
9898446
7628680
8718457
8079183
9889489
8223159
9790824
9844619
8808577
8583512
9808757
9177974
9889485
8223151
7925918
7592827
9871551
9781423
9844661
9871547
9799801
9808773
9629515
9312942
9880533
9889496
7529638
9907452
9737073
9826699
9737034
9430390
9719102
9889494
9835679
9889488
9754990
9889512
9781859
9754996
9611601
9781902
9880517
9692315
9844689
9871592
9799830
9880570
9728105
9835692
9683308
9817804
9844684
9754981
9710184
9781901
8439619
9826751
9674324
9728122
9710172
9665392
9719141
9755026
9799872
9835708
9790885
9772945
9790908
9790912
9692279
9790892
9683329
9763982
9808833
9790929
8169312
9737106
9755011
9683306
9764021
9808842
9755048
9773017
9728134
9755047
9835788
9701287
9620566
9674342
9799877
9826792
9853727
9647455
9764042
9817811
9817886
9773031
9826845
9817890
9817915
9746230
9791046
9808954
9791024
9710319
9835838
9799998
9737251
9701347
9728257
9701381
9808962
9817959
9736821
9628787
9710374
9701402
9728292
9710367
9692447
9808959
9791048
9746295
9782114
9674466
9701383
9773133
9737331
9701441
8466812
9773154
9683036
9664686
9746282
9728315
9791076
9835910
9853834
9764197
9764239
9466481
9529705
8809333
9646723
9719361
9755184
9683466
9853829
9782103
9250428
9737255
9800011
9683454
9853757
9764114
9826876
9665543
9629615
9701391
9629614
9674437
9853768
9853763
9620618
9683412
9602691
9629621
9629599
9638548
9647520
9638587
9593728
9665463
9647548
9638579
9656511
9665471
9683455
9674454
9611678
9629605
9629609
9665475
9629597
9710315
9683436
9620617
9611662
9602708
9620636
9638561
9656496
9665485
9602703
9674448
9638573
9620612
9611657
9629585
9602692
9629590
9620638
9620628
9656491
9629608
9611675
9593733
9629579
9647530
9638555
9737199
9593733
9620639
9611693
9656517
9620653
9611665
9692347
9728209
9656480
9755135
9611658
9575772
9629600
9593705
9602691
9764110
9719255
9665475
9629605
9665483
9656503
9647555
9638552
9701334
9638562
9584748
9674417
9602702
9692424
9638574
9611648
9593733
9728227
9602689
9683435
9656509
9683438
9638579
9647516
9629585
9602671
9593727
9647548
9665481
9674447
9647532
9710340
9656502
9656534
9611687
9611678
9593727
9620644
9593747
9593745
9611680
9656510
9611669
9602708
9683412
9620646
9611683
9665466
9620633
9674465
9602707
9602681
9647564
9782136
9593743
9593730
9629626
9620655
9665473
9638559
9602700
9665471
9602670
9602664
9638587
9647556
9611680
9656519
9647549
9611653
9629614
9674470
9764135
9665488
9764189
9638576
9611658
9620632
9638571
9638572
9638573
9647553
9602676
9656513
9647540
9638562
9593697
9638561
9656522
9656514
9620635
9638616
9647568
9620635
9737212
9620647
5575792
9647468
9656478
9611630
9638515
9656463
9629539
9638495
9683329
9467688
9764012
9629536
9629517
9665394
9611591
9611585
9593634
9638487
9620534
9593639
9611582
9602626
9620565
7764527
9817882
9665400
9656423
9638484
9611583
9620547
9611593
9629530
9620543
9629514
9620536
9620545
9602601
9611578
9611584
9620551
9611585
9629558
9647545
9719303
9629523
9620563
9620572
9611584
9620552
9611587
9620540
9629516
9611584
9593661
9638473
9629536
9638533
9620553
9629514
9629503
9620536
9611579
9593632
9602593
9602607
9692250
9629492
9611549
9602591
9611561
9584652
9638467
9593619
9602578
9575697
9629483
9602595
9602594
9629503
9674376
9728196
9826825
9683339
9799912
9871629
9871641
9907535
9871640
9853719
9871668
9764037
9620529
6115651
9817874
9880649
9907581
9835841
9907580
9584690
9638501
9674372
9755123
9683372
9593662
9853804
9719230
9611610
9737174
9844797
9683370
9719231
9871707
9889680
9656428
9665380
9593650
9080341
9611561
9584676
9611613
9611567
9907554
9584669
9593639
9602618
9647457
9611588
9575717
9602614
9647494
9638611
9593700
9620627
9611597
9620565
9638547
9620564
9620588
9611593
8783138
9602664
9584698
9611599
9575731
9629576
9692329
9907577
9683393
9674443
9620608
9611662
9638527
9629541
9665424
9835815
9647495
9907598
9782072
9755176
9629571
9367906
9728180
9701251
9638490
6386773
6476882
6458940
9701327
6296664
9782074
6558020
9665405
9692301
9907568
9683341
9593691
9467705
9602645
9656446
9575737
8386876
8990287
9674329
9701258
9629517
9584726
9844832
9611580
9611619
9898619
9898544
9737139
9898557
9746115
9907546
9853710
9871721
9728200
9782014
9826865
9880641
9817859
9638489
9880668
9880554
9871617
9826800
9853698
9871627
9889564
9889573
9907613
9889569
9880596
9871632
9898562
9880626
9880626
9880630
9880614
9889665
9871671
9583553
6908573
9835919
5827738
9484458
9592500
9907653
9764143
9844817
9835829
9647494
9817923
9880627
9683351
9907579
9898566
9880662
9799963
9871675
9889586
9790866
9844669
9835717
9871641
9835761
9871621
9880604
9773020
9871635
9907519
9755082
9853686
9871615
9889563
9746136
9737109
9799901
9898585
9907568
9880605
9889596
9889599
9907551
9728083
9817811
9889592
9871652
9898572
9782019
9907542
9907576
9907610
9907594
9907527
9889592
9907618
9907540
9907602
9808954
9889579
9871664
9880636
9880633
9907545
9907537
9826808
9907561
9871660
9907583
9907580
9898559
9898590
9880609
9880589
9880637
9880635
9889637
9898602
9889619
9889596
9880631
9898590
9889568
9907545
9871680
9853773
9889646
9898632
9907591
9889605
9907561
9853760
9898628
9511346
9907626
9907607
9907629
9907624
9907607
9907553
9907611
9907507
9898632
9907597
9898566
9781978
9907573
9826813
9907548
9710228
9746103
9907577
9907578
9907619
5828177
9907668
6098504
9907585
9907546
6476882
9907592
9907620
9907566
9907593
9907607
9773001
6287693
6296664
6458940
6538897
9907599
9907606
9907599
9907604
6458940
9907598
9907626
9907607
9907638
6549049
6837318
6639158
6828347
9907654
9907676
9907647
8421570
9214166
6142892
9511377
6043820
7017536
6891543
7026507
7026507
9709516
7107645
7278892
6909485
7098674
7188783
7188783
7468081
7657270
9782108
9737287
9719337
7450139
9719341
7648299
7828517
9773188
7459110
9665535
9674538
9683505
9278677
9593839
9683517
9611789
9638686
9611769
8693164
8774298
8386824
8575981
8179709
9161212
9170614
8882317
9080497
6043645
8882353
9629687
9620728
9889614
9791013
8313337
8718629
9312949
8223228
8421396
8520383
9907485
9709323
9728193
9313057
9907497
9737185
9755269
6737336
9737332
9719385
9737223
9647536
9790967
9304552
9737178
9656447
9710303
9620681
9611701
9710258
9781948
9826811
8718578
9736660
9907423
8817632
9844680
9907448
8916704
9773026
9710280
9737133
9593710
9611625
9674326
9692317
9638555
9629576
9656495
9808870
9710259
9187450
9683266
6520914
7133336
9674355
9638544
9808827
9674321
9664942
8169392
8124503
9638425
9602591
9638431
9683283
9386456
9593621
9593580
9683328
9656433
9620461
9602529
9638457
9575645
9584669
9602619
9638520
9620452
7574844
9656328
9593590
9476632
9368580
9593678
9377575
9386539
9593600
9656384
9485590
9368524
9566681
9485577
9287402
9467603
8981197
9584625
9647355
9629454
9647385
9566704
9602543
9566687
9674287
9584635
9476633
9476629
9188335
9188316
9386455
9602552
9629459
9602526
9485532
9593584
9593573
9584624
9584609
9638431
9620481
9602591
9602594
9602582
9611567
9593627
9611582
9476643
9584677
9557734
9638430
9593628
9620542
9629531
9620549
9647507
9638465
9665392
9647453
9665372
9638501
9602622
9575673
9368572
9584699
9584674
9575699
9476597
9593638
9575725
9557786
9602653
9602675
9584670
9485651
9476686
9584709
9629573
9611654
9611636
9602682
9611675
9620649
9629571
9476642
9476683
9566755
9602667
9620624
9620635
9629605
9611609
9629556
9593709
9584685
9575770
9188359
9593682
9584703
9611643
9584696
9647504
9611582
9638526
9656493
9629560
9593672
9611604
9593651
9602644
9179404
9593692
9575720
9584711
9485600
9566814
9611688
9161496
9377607
9566757
9575700
9584706
9566733
9575716
9629545
9368594
9647541
9665458
9620557
9584685
9602594
9620542
9602642
9584680
9611605
9593631
9584704
9629524
9629536
9395517
9584693
9584702
9584697
9368576
9476626
9620633
9629651
9611634
9620599
9620544
9656516
9647533
9656524
9611657
9656529
9620646
9593694
9620607
9620636
9611602
9584680
9476617
9611664
9296420
9620629
9386594
9602683
9593639
9584695
9638564
9584728
9278494
9485651
9179400
9638593
9620634
9485659
9611604
9368632
9377563
9188404
9602664
9386552
9638583
9611638
9620626
9584668
9584769
9656513
9593666
9080334
9386552
9656507
9620644
9611659
9629565
9647508
9638553
9593682
9656521
9593719
9611653
9584706
9647500
9638581
9620576
9620603
9629598
9584719
9566756
9269485
9188342
9611648
9638516
9602647
9584704
9287405
9584625
9620555
9386516
9188330
9089279
9188345
9269482
9080311
9476601
9377522
9476625
9620581
9080297
9467661
9602665
9467641
9179378
9476609
9188345
9593639
9368554
9368569
9377528
9476648
9566722
9602673
9170423
9080312
9467641
9575675
9089272
9476603
9080311
8990202
9476627
9377537
9179379
9368556
9593651
9467631
9593639
9575686
9593637
9593609
9485574
9557746
9647487
9584677
9575685
9377534
9575704
9593659
9080310
8783085
9170409
8963296
8981235
8981231
8882149
9080300
8701937
8990192
8981239
9368559
9449704
9476590
9575668
9458673
9188341
8954345
9368571
9467648
9377531
9179381
9188347
9071349
9260527
8981231
9377521
9467634
9377528
9377523
9188356
9080304
9377518
9170410
9467630
9071341
9170416
8981241
9269500
9566719
9575668
9359582
9269490
9575668
9566705
9476611
8990219
9278459
9377532
9377542
9170419
9620520
9278466
9593612
9593609
9287432
9467662
9485572
9593645
9071348
9458672
9476605
9566732
9611581
9467637
9278458
9476609
9395456
9467686
9575712
9377507
9593627
9575720
9602642
9602646
9602663
9593651
9602633
9584682
9575717
9575715
9575728
9638522
9629557
9593675
9593652
9611591
9620556
9620565
9593668
9584691
9611584
9638523
9638534
9665426
9620580
9602632
9593654
9611594
9620565
9611598
9620548
9629524
9602625
9638489
9620535
9620543
9638500
9629539
9602617
9620572
9638502
9638495
9629518
9620545
9629524
9647451
9647465
9629530
9656434
9638495
9629519
9647452
9638496
9629511
9638492
9638491
9629510
9638478
9656432
9638480
9647452
9647397
9629497
9629487
9638473
9647464
9647444
9638476
9656422
9638479
9656420
9629506
9602596
9593603
9620542
9647444
9629507
9629480
9629475
9611543
9629490
9629479
9638464
9629493
9656425
9620532
9629497
9638463
9638472
9629499
9638448
9647431
9620533
9629495
9638476
9647448
9638472
9629497
9638464
9638468
9647431
9638462
9638480
9656408
9647440
9647431
9647450
9647439
9647446
9638478
9638474
9629500
9647442
9629514
9620535
9620535
9638475
9647453
9611561
9647431
9638476
9665394
9629512
9638483
9656426
9656415
9647443
9665381
9638478
9647441
9647434
9647447
9602563
9647442
9638459
9638468
9611541
9629475
9638459
9629499
9602566
9656405
9638466
9665369
9665377
9638462
9674325
9683296
9710184
9674329
9710196
9719166
9692269
9701247
9665377
9656416
9656397
9638469
9665373
9683282
9710195
9692244
9710195
9683297
9692241
9710195
9737090
9710192
9710173
9719152
9755019
9772947
9763979
9781922
9799852
9746041
9746043
9763990
9737087
9790863
9755026
9746055
9763964
9746039
9781907
9772920
9808792
9808815
9808796
9205345
9763983
9826760
8826979
9835724
8637796
9808814
9808825
9538457
9430421
9674324
9754988
7854132
8349943
9674280
9097708
9557223
8899559
9683190
9647405
9665309
9781928
9674271
9674354
9674366
9656416
9674346
9701254
9674370
9656438
9674365
9665395
9665380
9665377
9665380
9692266
9701254
9647459
9656415
9674347
9647433
9656401
8872671
9629441
9683308
9701231
9683300
9692275
9674352
9656430
9674356
9710210
8683488
9061851
8872671
9242070
8782562
9647436
9683338
9665402
9656419
9665380
9431252
8872670
9683300
9683305
9674344
9656431
9656419
9674351
9674354
9692272
9242071
9665357
9692298
9683315
9674355
9656427
9638492
9647466
9647469
9683320
8016874
8016875
9647451
9665394
9647460
9647458
9638491
9638483
9638480
9665383
8296166
9629504
9629508
9620515
9620531
9647449
9629514
9620539
9629509
9638462
9602544
9620503
9620509
9629467
9629486
9629491
9629491
9620526
9620514
9629475
9611532
9620485
9620505
9620505
9611526
9611563
9638462
9602558
9611540
9620512
9611514
9602567
9602552
9611524
9620491
9602560
9638452
9629483
9602566
9629478
9593592
9611527
9602560
9611540
9629474
9602559
9629466
9638441
9629486
9638452
9611527
9602553
9611522
9647407
9611522
9629453
9647427
9620509
9611524
9602553
9611518
9611524
9611526
9629450
9620482
9620491
9611523
9611528
9611525
9638413
9611529
9611529
9620488
9620489
9602563
9611523
9638425
9611525
9602562
9620486
9611525
9620483
9611518
9620496
9629449
9611526
9611535
9620492
9620484
9638437
9629449
9611514
9629447
9647393
9629445
9629447
9629452
9620489
9620487
9620487
9629445
9629452
9620484
9629450
9647407
9611522
9629445
9611521
9629471
9638436
9611520
9638410
9629441
9620489
9629451
9629449
9620485
9620481
9611521
9620486
9629449
9602558
9620477
9620485
9629462
9638422
9620490
9620489
9602553
9611522
9620482
9611513
9602554
9629444
9602558
9602553
9620485
9602553
9602553
9620481
9593584
9620476
9602553
9629445
9620488
9602553
9611521
9602564
9611527
9611521
9602556
9602553
9602557
9611520
9602555
9602569
9602560
9611523
9602564
9611524
9602559
9584620
9602560
9593600
9611527
9602559
9593592
9602560
9602555
9611523
9602555
9602558
9593598
9602563
9602558
9602558
9611525
9593606
9602558
9593599
9593594
9611522
9593594
9602561
9602559
9611525
9602567
9602556
9602560
9593593
9602555
9593588
9593592
9611524
9602559
9593592
9593592
9602551
9593591
9602551
9602550
9593589
9611516
9602551
9602559
9602556
9602545
9602552
9611516
9602555
9593588
9611518
9611515
9611514
9602551
9593583
9593581
9593581
9593588
9602549
9593583
9593585
9593586
9584615
9593575
9593585
9593583
9593576
9602556
9593580
9593583
9593571
9584618
9593579
9593567
9611526
9602548
9602541
9620500
9593579
9584621
9602560
9602550
9602556
9593582
9593563
9602558
9620500
9620500
9593573
9602544
9602551
9602537
9602540
9611520
9584615
9611527
9620492
3334033
7503122
9593576
8746723
9620498
9602532
9593566
9593564
9593568
9602530
9602530
9593572
9602537
9584607
8881716
9593578
9611507
9629480
9647419
9620494
9602534
9629477
9611501
9593565
9593565
9611494
9602532
9602530
9611498
9602532
9602537
9620485
9602531
9611494
9593561
9602528
9602525
9593560
9602526
9593559
9593562
9602523
9584595
9584599
9593556
9602521
9602519
9593555
9602519
9602521
9593552
9602518
9602519
9602518
9620480
9602525
9602533
9602522
9602523
9602515
9611471
9611470
9593559
9602530
9602523
9611498
9611487
9602529
9620457
9602512
9602512
9602520
9602530
9620457
9620448
9611482
9611489
9602521
9602525
9611489
9611479
9611478
9611495
9629449
9593558
9611495
9611485
9611488
9611491
9611516
9611498
9611493
9611491
9602523
9602535
9602527
9602532
9611490
9611495
9611488
9611491
9602530
9638420
9638429
9611495
9602527
9620461
9611496
9611495
9611492
9611491
9602528
9611494
9629456
9647403
9611494
9620476
9620458
9611497
9611497
9611498
9620463
9647413
9665370
9620480
9620480
9638419
9638435
9620470
9638430
9611500
9683332
9674347
9674347
9656389
9674362
9692305
9692304
9692306
9674356
9674346
9692300
9701286
9701294
9701314
9701283
9683322
9719250
9719234
9719237
9719249
9719237
9719249
9710256
9719259
9737196
9728225
9737199
9719230
9719271
9728206
9737185
9737215
9719242
9728251
9728231
9719250
9737196
9737186
9728230
9728222
9737214
9710276
9755158
9728218
9746178
9737194
9746166
9719256
9737194
9728222
9719232
9728214
9737182
9728233
9728236
9719249
9728221
9719248
9674344
9737199
9737208
9719239
9746172
9746174
9737211
9737219
9746186
9737211
9746179
9728239
9719241
9746186
9746164
9710274
9728239
9728221
9737199
9755160
9737191
9746185
9737203
9728228
9737210
9728236
9728228
9719278
9764146
9746168
9728216
9746174
9737213
9719283
9755167
9764151
9746189
9737215
9737206
9737205
9728235
9746175
9728234
9728225
9728224
9728220
9755146
9710276
9710260
9719253
9737207
9737196
9737196
9746182
9728246
9737207
9764135
9746176
9737199
9728216
9746170
9746192
9746177
9710284
9755160
9746174
9746193
9719248
9746194
9719229
9737218
9728241
9728231
9728201
9728230
9728217
9737214
9728214
9728235
9719226
9719245
9737203
9719253
9710281
9710267
9701290
9719238
9710270
9719259
9755161
9710266
9710278
9737220
9737185
9737211
9728211
9701289
9719253
9737200
9719221
9692306
9719238
9728232
9728225
9746184
9719261
9719257
9719265
9737211
9719261
9737196
9719241
9710294
9719253
9719255
9683323
9692351
9710296
9719250
9728244
9710268
9737219
9674296
9683275
9665306
9674296
9394979
9710239
9683246
9683234
9764136
9692260
9728213
9692306
9647365
9692347
9674394
9304858
9710278
9746201
9710328
9710282
9692301
9719223
9710233
9656310
9719199
8349982
9674276
9728206
9719241
9737187
9412994
9728197
9692298
9701247
9737192
9701291
9737184
9728232
9719264
9737199
9728220
9656319
9142643
9647355
9692328
9638376
9746166
9683344
9656312
9683291
9683337
9674321
9692305
9674351
9674343
9701291
9719227
9719233
9692313
9683350
9674377
9665388
9665388
9674388
9647434
9719258
9728217
9710223
9638447
9719216
9710259
9701273
9719177
9368105
9683353
9728228
9692320
9665276
9710258
9746162
9701314
9656405
9692300
9665351
9656367
9692351
9638464
9665377
9674307
9692301
9629458
9683383
9458140
9638454
9629491
9647430
9674323
8881691
9629489
9656433
9656418
9638450
9629463
9647483
9665438
9665407
9683307
9656377
9647423
9079832
9620517
9656285
9620505
9638349
9683358
9674275
9638384
9656315
9665406
9656281
9674295
9647398
9674295
9701197
9692202
9656337
9719237
9638342
9701329
9683351
9692238
9683306
9710286
9476074
9395003
9710284
9701186
9674279
9683324
9737198
9674335
9737190
9692303
9656402
9683337
9719256
9755185
9719273
9629462
9710303
9674365
9656435
9719272
9692304
9701275
9746206
9782101
9728241
9728201
9665333
9683317
9728277
9683351
9710265
9746215
9710296
9746211
9728282
9692345
9701302
9692306
9710304
9755178
9701335
9674403
9719282
9746208
9701275
9683318
9755141
9656316
9746222
9755157
9737238
9746181
9773122
9755182
9737198
9737241
9710323
9728266
9755183
9755163
9755178
9755174
9746211
9719274
9755186
9755178
9719247
9737202
9755189
9755185
9746210
9755177
9746191
9746213
9755166
9710287
9719273
9719262
9728244
9728255
9728251
9710275
9755184
9728240
9737219
9719272
9728236
9719284
9764152
9764137
9737226
9755188
9737226
9737211
9737219
9701307
9746205
9728229
9746198
9737226
9746190
9737218
9764140
9746190
9737222
9737215
9737219
9746194
9764137
9728240
9746198
9737215
9755147
9737219
9746186
9737199
9746189
9746190
9737215
9755184
9737222
9737210
9755184
9719268
9728243
9728243
9737196
9728232
9755165
9737218
9746189
9746197
9746190
9728224
9737214
9728239
9737215
9737207
9764103
9728243
9746179
9755154
9755143
9746186
9737207
9746179
9746179
9737195
9755146
9764121
9737214
9746193
9737214
9728254
9755153
9755134
9746182
9737203
9746167
9719282
9782060
9746181
9746186
9737214
9773066
9773055
9773092
9764110
9746204
9746193
9764102
9755149
9746189
9737213
9746204
9746181
9791034
9737214
9764147
9746185
9782056
9764106
9737221
9710296
9737225
9755175
9746208
9791023
9764131
9791057
9755175
9746192
9782044
9773095
9755170
9746207
9737239
9764158
9755193
9746210
9737227
9755163
9764160
9746210
9764168
9755186
9755167
9746196
9737224
9737224
9737228
9737213
9755167
9764143
9737224
9773099
9737214
9764143
9755189
9755187
9746200
9737217
9764139
9764135
9728245
9773121
9764168
9737232
9746214
9764168
9728271
9764150
9755193
9755190
9746203
9764153
9737235
9755186
9728294
9746211
9737235
9764172
9764158
9746222
9755201
9746207
9782145
9755171
9782134
9809018
9782115
9773155
9773158
9782119
9782134
9773151
9773151
9791146
9782153
9791124
9791165
9800136
9800129
9782149
9782182
9782152
9800136
9791139
9773223
9728383
9737355
9773232
9773226
9800129
9782204
9791172
9755295
9746320
9728391
9746322
9728379
9800099
9755291
9764188
9737361
9728388
9773217
9809055
4953800
9791082
9791102
9701245
9674297
9683281
9701248
9701259
9692264
9692269
9683273
9755133
9737182
9755141
9764110
9737165
9746177
9728183
9683284
9701262
9665381
9746143
9755131
9746153
9755139
9773107
9746167
9755139
9746146
9710240
9710258
9773096
9737190
9719230
9728200
9638429
9692295
9737165
9665360
9710274
9647415
9665370
9683328
9665379
9656417
9665396
9674357
9647399
9647399
9674352
9647425
9638439
9629471
9656420
9674338
9638428
9701295
9647435
9665378
9629468
9638436
9629485
9638457
9620487
9629462
9620497
9629493
9665392
9629466
9620503
9620506
9620507
9638431
9620519
9638437
9620501
9629475
9629469
9665372
9638444
9620489
9647436
9620497
9629464
9629483
9638446
9629464
9647400
9647428
9647414
9620515
9629470
9665381
9647435
9629481
9638445
9620517
9620508
9638441
9629474
9674347
9665380
9647425
9656417
9674354
9611547
9674358
9674362
9647412
9656417
9647440
9611535
9647445
9638468
9665384
9620544
9620519
9629485
9611543
9629487
9647432
9665380
9665373
9665381
9656405
9665387
9665377
9683322
9674365
9674351
9674356
9620530
9638445
9656400
9629488
9665365
9629472
9611537
9638447
9647424
9656396
9647442
9683323
9647430
9647426
9647428
9683324
9620535
9656407
9647434
9665379
9674349
9647423
9674344
9674353
9656397
9665370
9656405
9665369
9665375
9611540
9656403
9683341
9620508
9638460
9683338
9710276
9647438
9647430
9683339
9611543
9647440
9665381
9647419
9665384
9638454
9665384
9692295
9683337
9647430
9656399
9692323
9665374
9710256
9701282
9683345
9701277
9665396
9674351
9656396
9683345
9692321
9701278
9683333
9683344
9719225
9710265
9701276
9701316
9683326
9692310
9674356
9692294
9737181
9701278
9710255
9710256
9692298
9683336
9719223
9710260
9710285
9728217
9728229
9719241
9728214
9728213
9728234
9755144
9719245
9710286
9737198
9773095
9737203
9728208
9773093
9728244
9728220
9719253
9737199
9728211
9737220
9755158
9737217
9728228
9737228
9710281
9728226
9755162
9746176
9755143
9737200
9746179
9746155
9755146
9755145
9737228
9764117
9755152
9773096
9755145
9782072
9728218
9764124
9764130
9746186
9746186
9764119
9782077
9782094
9773109
9773109
9764136
9764133
9764150
9746203
9755177
9782073
9755164
9755157
9728255
9746176
9764131
9737219
9746184
9782077
9746183
9719273
9764118
9782086
9791065
9800050
9746226
9809011
9800037
9773128
9782116
9773102
9809030
9791059
9800040
9773101
9773109
9773111
9782082
9782072
9782085
9782086
9755185
9773105
9782106
9773110
9773111
9809011
9782076
9782101
9791081
9791059
9791064
9782072
9791051
9782090
9817982
9782098
9773090
9782085
9791050
9791063
9800024
9773139
9791085
9782094
9791089
9764176
9791083
9809056
9791076
9782114
9791079
9782109
9737222
9764166
9755191
9791102
9773119
9782125
9764193
9800062
9773136
9791063
9764157
9764116
9737237
9773123
9782088
9791084
9755185
9782090
9782087
9773118
9755171
9791072
9773144
9773119
9746187
9791103
9782104
9764152
9773118
9773123
9719292
9764125
9755165
9764135
9764128
9773139
9764151
9764157
9773098
9746222
9791081
9782116
9782104
9755221
9773160
9791075
9791099
9773130
9791085
9791118
9791095
9791100
9782090
9520822
9800062
9791096
9809045
9809045
9809075
9791053
9782089
9791081
9782105
9800104
9791079
9791098
9791098
9782127
9782087
9800079
9782101
9800086
9791099
9782115
9791106
9782129
9800080
9791094
9800079
9800058
9809015
9800082
9800067
9809052
9809073
9800066
9791068
9809061
9809060
9817993
9818037
9809020
9791051
9800059
9241533
9818015
9791055
9718962
9809055
9809053
9809057
9800086
9809077
9710005
9809070
9809076
9709993
9835951
9818039
9809042
9755241
9764171
9791105
9610935
9809055
9800079
9809037
9809057
9818029
9809052
9736898
9718976
9791045
9818015
9142460
9764152
9809049
9800084
9818041
9773169
9710313
9773179
9728269
9737248
9764165
9719310
9737239
9719294
9791093
9800058
9791068
9809065
9728253
9755206
9718968
9791073
9800045
9800053
9520821
9818014
9764109
9818027
9826983
9710302
9746217
9728211
9782082
9683390
9710274
9692325
9701302
9737197
9683363
9647455
9692324
9737206
9638481
9692323
9692325
9719295
9809060
9791103
9782116
9809050
9701333
9674371
9638471
9719267
9656417
9683400
9791114
9674406
9737252
9746223
9701333
9701362
9710290
9800034
9773116
9773138
9737245
9728218
9746138
9746226
9791094
9719158
9728197
9764097
9746197
9701308
9719243
9719163
9719159
9728131
9728115
9772943
9719159
9728166
9728131
9701227
9665396
9728137
9710243
9701209
9728124
9728178
9746068
9683319
9692270
9728132
9746153
9764133
9773078
9773124
9764142
9755144
9737179
9728166
9728184
9692360
9692351
9773093
9764093
9728116
9737136
9773037
9755094
9755116
9737167
9773050
9692350
9782049
9719307
9701350
9782063
9773100
9764027
9764061
9782063
9764193
9773176
9781990
9764031
9755074
9737182
9773051
9701339
9664940
9746088
9674365
9764103
9773035
9737123
9773063
9710310
9764065
9773030
9773079
9791030
9764199
9772993
9773127
9764120
9719190
9773022
9772979
9665419
9656438
9755114
9737131
9692358
9791056
9746097
9710307
9719287
9746118
9674412
9665415
9764037
9665401
9674359
9773048
9710287
9710331
9782013
9692381
9773077
9755148
9773063
9773020
9781977
9773013
9674403
9674423
9683400
9746291
9656459
9781956
9737179
9773048
9782085
9728319
9781948
9781956
9773048
9737185
9791011
9773076
9791052