6074371
5678054
6470870
6002198
7037549
6443371
6254955
5776984
6290676
6938874
6119357
5974964
6317238
6326201
6290263
5353322
6524650
6119457
6308630
6182329
6209499
6731371
6019864
6506508
6182153
5587975
6551343
6227148
6425272
5209688
7118788
6425181
6893643
5911643
6911361
6920750
6191307
6749403
6695960
6542797
5948514
6858035
6047389
6065551
6047211
6641157
6236276
7253271
6740058
6777106
5623661
6578295
6623184
6425610
5912234
6290525
6101202
6650506
7100591
6470825
6227258
6695211
7082874
6497224
5686973
6713198
5489109
6047605
6758767
6344491
6470953
6695215
5299649
6020123
5678138
5875843
6695338
6632095
6371253
6623233
5443562
7172599
6605165
6191202
5795242
6992417
5569621
5966422
6686526
5920945
6605575
6119364
6659705
6605337
6614180
6479364
6542574
6407611
5722847
5749882
6109760
6308748
5993049
6299743
6758629
6092495
5740861
7091535
6488557
7037419
6938410
6425251
6119321
6479411
6677527
5993387
7109712
6164450
6101364
5813098
6839143
6317255
6731546
7235472
7253703
6632756
6380429
6740586
7001273
6677472
6470378
6605146
6290333
6263627
6821271
6524699
6722931
5668887
6947605
6515174
6371420
6848697
6425225
6650741
7172672
6830682
6479383
6416494
6893174
6434149
5812852
5912250
6109608
6641547
6938508
6218277
6722038
5641908
6416716
6605395
6317387
6713296
6731753
6640870
6614766
7190972
6668110
6794706
7037575
6731509
6533131
7055463
6443439
5894299
7253544
6263476
6749515
6479556
6434698
7109736
5956987
6731153
6749934
6965269
6362151
6137476
6991849
6488409
6560929
6110108
6497385
6803084
6083502
6695851
5785968
6587424
6758673
6956610
6316969
6254212
6127986
6857665
6857816
6947280
6343982
6578706
7073625
6191124
6704601
6767615
6280944
6622822
6866379
5849151
6389615
6217718
7388579
7037560
6353237
5461604
6596308
7352454
6938349
6830440
6821815
7109622
6767611
5677919
6947768
6631909
6946870
5884850
6596361
6758469
6893297
6011266
7406383
6713212
6677535
6731228
7847639
6839680
6380071
6903091
5551596
6731349
7190536
6776128
5885047
6380148
7136365
6947632
6272284
5930725
6803639
7190563
7217496
6245131
6415881
6686208
7253864
5704484
6074130
6776236
6974695
6839726
6875341
6686430
6866173
7343534
6767542
6874805
7100222
6866804
6325860
6533767
6686614
6587225
6784999
7298195
6569799
7541821
6506554
6785330
7028693
6163413
7209013
6605609
7046607
6317374
6992815
6613929
6461236
6506482
6469752
6713158
7109235
6244984
7199553
7172709
7244270
6713360
6452186
6272204
7730667
6812245
6884225
6218046
6659460
7118874
8468603
7262085
6461608
6263465
6407425
7064251
6046814
6452621
7451258
7217155
6820737
6551459
6659194
6884662
7118718
6191242
6776201
7054971
7316828
7010398
6703798
6497233
7064782
7343344
6353302
7550387
6875625
5677705
6416438
6470525
6344242
5983442
7370832
7073522
7235548
7037434
7837862
6281659
7451789
7226308
6677303
7469001
6425102
6569343
6866561
7046140
7253272
7316908
6299385
6443194
7010568
6281491
7271591
6461263
6614084
7136606
6560563
7532634
7685929
6290226
7127372
7163745
6910934
6884135
6488374
7054908
7126987
7514503
6686216
6641672
7667288
7100264
6443051
7109093
7649355
7406478
6614531
7352539
6785538
6641181
7172517
7163552
6425068
7028335
7226252
6839191
6748895
7298157
6794470
7100618
7235424
6577877
6614486
6920430
7217227
7577592
7037439
6145562
6803756
7631157
6884630
7145201
7235255
6938173
7379767
6919914
6604989
6199716
6803445
7406321
7199215
7001732
7325259
6812342
7217765
6703783
7145798
6289809
6317075
7018890
7892031
6416235
7388496
6973810
7631013
6956048
7361359
6488129
6650023
6479423
6848375
7172702
7352215
6425373
6766936
7604579
7190248
7379163
7046306
7343611
6208327
7298678
6146225
7181665
6929123
7901442
7531851
6416354
7424244
6938462
6830224
7415733
6551105
6578596
7469038
7640812
6947382
7019628
7262236
7487462
7334624
7198839
6910553
7829367
7190637
6695296
7091871
7397272
6839045
6947984
7073388
7297939
6740501
7361062
6857079
6658910
7217294
6794331
7379723
7505682
6757734
7910588
7712483
6947046
7622476
6649567
7928929
6533002
7081214
7172076
6983785
6406537
6308140
7010512
6479247
7352045
7811152
7343182
6929141
7505029
7055306
6353098
7568424
7154444
7208607
7298137
7604535
7451548
7271510
6920235
7658648
6686243
7108893
7199282
7226499
7108373
7397638
6722276
6776790
6470118
7406456
7829726
7289127
7442392
7414984
7388077
7109127
7415572
7703688
6812700
7370369
7838164
7370647
7532574
7514347
7334120
7082567
7208738
6677398
6569395
7325376
6551022
7559557
6524069
7604535
7253607
8117818
7514115
7055534
6425477
7811107
8351483
7461029
6614116
7478750
7568456
7181759
7802157
7325442
7109615
7208686
7523633
7244452
7829175
7487178
7100230
7180895
7270900
6920612
7550526
7613781
7757313
7379013
7397392
7676284
7747840
6767117
7469408
6974256
7073620
7055437
7388736
6974143
6352946
7487693
7487528
7019965
7640621
8036413
6587221
7667251
7784515
7217758
7109698
7505558
7244380
6092004
8071936
7532308
8081738
8054246
7630902
6938110
7262561
7136114
7189929
6983112
7757762
7136309
6515138
7433203
7226446
7757204
7541458
6982523
7469107
7649559
7631760
7370615
7820759
7856671
7712224
7604295
7046386
7586124
6802605
8018744
7217646
7604703
7658355
7703179
6785500
7541116
7289679
7487058
7306997
6748953
8090390
7154067
7145403
6839102
7442082
7604569
7982375
7478136
6668478
7559560
7542071
8135181
7559471
7388274
7037311
7217089
6362302
7073303
7442596
7928290
7280073
7342984
7460320
7037218
7540953
7343501
7928372
7460422
6847843
7019216
7343438
7828859
7667391
7073087
7388188
7991617
7397295
7424810
7523296
7613324
7477773
7145195
6856930
6893599
8035978
8252327
8279741
7235340
6713709
8171837
7271528
7262906
8297212
7541681
8360454
6983441
8009466
7523149
7711666
7046367
6632245
7307190
7370716
7631289
7631692
7000838
7162977
8054769
7406419
8063392
7262708
6921018
7361204
6866101
7478009
7577674
7892630
7136284
7649321
7145684
7829227
7316575
7163439
7307675
7649433
7649789
6370790
7190448
7991990
7414727
7397314
8144341
7352062
7937313
7920274
8117403
7711976
7604213
7253043
7667655
7549939
7190600
7676765
8181124
8009384
7261797
7721390
7981760
7667164
7748379
8126358
7918880
8288740
8216121
7919188
7550235
8089838
7478819
7802358
7469292
7352265
7702995
7631327
7856155
7523718
7451783
7919296
7532407
7838563
7649484
7730719
7658226
6884562
7640536
7865654
7784168
7262454
7721991
7001223
7568279
7478614
7856443
7460646
7550068
8531236
7973862
7550187
7820196
7334548
7100664
7640044
7910505
8026990
8486229
7000597
7379962
7946139
7244132
7865120
7388527
7190344
7955602
7496914
7279958
7631797
8162636
7784572
7667262
7712059
7397298
8019188
7541870
7883303
7379827
7712718
8171126
7415087
7595574
8197721
8072553
7604652
7811512
8360340
7793932
8072018
8090209
7667728
8360410
7379177
8666313
8198469
7775683
7442714
6911397
7100491
7937405
8342586
8144699
7316433
7532102
7783891
7541143
7605135
7559776
8045572
8270144
7594932
8459448
8054364
8009478
7729643
6920136
7073243
8450239
8090471
7811330
8351681
7370227
7694682
7991610
8360637
7973673
7658052
7226646
7703644
7685473
7856134
7136570
8189108
8225779
7216958
8531364
7307205
8135730
7649539
7883273
8414712
7523689
7730867
7334771
7991218
7802563
8207206
8225203
7721271
8251995
7289762
7658045
8180664
7649019
7208163
8010305
7649730
7865496
7406370
8162235
8414608
7441794
8432430
7397093
7937685
7811441
7253338
7172225
7874689
7711995
8396867
8216422
7874320
8188825
8153501
7739262
7883566
8594658
7757099
7757303
8333617
7810565
7739229
7325047
8072455
7811353
7892189
7487846
7946469
7982580
7387985
7442702
8369086
8369380
8252057
7676466
8927553
7774820
7982770
7874335
7262427
7172585
8072235
7109335
7595599
7541739
8513131
7874126
8045417
8190172
7658404
7343392
7622303
8342959
7585781
8369553
7504830
7928185
8125819
7640516
8324491
8090204
7937799
7784216
7405808
7811427
8144801
7631096
7361125
7649393
8072646
8207389
7820413
7964176
8062873
8180021
8360872
8135418
8351162
7676345
8000476
7919126
7360753
6758037
8468245
8351209
7901443
8027771
8044901
7856187
8037015
7433571
7784016
8332845
7846678
8009781
8081510
8090447
8504153
7999620
7604411
8432410
8216066
8018373
8486183
8027717
8432466
8008750
7487211
7478873
8693674
7667166
8477272
8585635
8666144
8189374
8333559
7613667
8585218
7622248
7901170
8378876
7784150
7856420
7649236
7802430
7847290
8018402
8576031
8000509
8441521
7946550
8324013
8333201
8080796
7956145
7694628
8063457
7361663
8234511
7928584
7784263
7793504
8099491
8108782
8414919
8171477
8261531
7973148
8063447
7802768
8387095
7892169
7865450
8305662
7856271
8522353
7712096
8720337
8216601
7964508
7964188
7936697
8288789
7973300
8360359
8676032
7802581
8603439
8387206
8341785
7991638
7838647
7874067
8009185
7937920
7838216
7982365
7550530
8171308
7235595
8126000
7739616
8378540
8657424
7892302
7964051
8746977
7532804
7802618
7883465
7892426
8234455
8513228
8386931
8117178
8206857
8072645
8162296
8441287
7784639
8333310
8234119
8648278
8198906
8657384
8045406
8171924
8261440
8216220
7811298
7774925
8549197
8476928
8000393
8116823
8342451
7938223
7432812
8747227
8414172
7721146
8774635
7855896
8071907
8100180
7937140
8252922
8252424
8270256
8468534
8315199
8188889
8018294
7577377
8378278
7856566
7649869
7901832
7451145
7811615
8125860
7658053
7505598
8009842
8270734
8091119
8054303
8171712
8648572
8684173
8945439
8153612
8431985
8054137
8396372
7829106
7703247
8189018
8189500
8845879
8135074
8198245
8800991
8243043
8000613
8270373
8783220
7838569
8531049
8332854
8684406
8260807
8845752
8170520
8512947
7712645
8045357
8270431
8945462
8657536
8414266
7991742
8396164
8504412
8405144
8144916
8945073
8082189
8468410
8270134
8603326
7946499
8685170
8171550
8522237
8306940
8252897
8162228
8729225
8306914
8810806
7955634
7937088
8720283
7820432
8512995
8396168
7793028
8485680
8225066
8828478
7990969
8908963
8377917
9035114
8891401
8585245
8026971
8567222
8863904
8675133
8342075
8657026
8765518
8558508
8099602
8495267
8360085
8198625
8396613
8225097
8315684
8810206
7226171
8775074
8099660
8486520
8486524
8027900
7893128
7649258
8405241
8585252
8999196
7389047
8198995
8495608
8243429
8387189
8270526
8693534
5938452
8278924
8585092
8837308
8657607
8585785
8873818
8612423
8720385
8818732
8387471
8018118
8045377
8720199
7559348
8702706
7946422
7711923
8261256
8081708
7739107
8117352
8765445
8801743
8621526
8062974
7658551
8648423
9080254
8243326
8854968
8738259
8351647
8837725
8099313
8585403
8306754
8478024
8297541
8297084
8701996
9242127
8531924
8765110
8720535
8468132
8396505
8504492
8368867
8666041
8648001
8540221
8342410
7865170
8522087
8125690
8126122
8234801
8566914
9017364
8037023
8603608
8037493
8171620
9161042
8684084
8503890
8594177
8945301
8531433
8108301
8548930
8548734
8486549
8225414
8449882
8522523
8693512
8342367
8521976
8423076
8944676
8324109
8657768
8675421
8261279
8639761
8541198
8377987
7928712
8900071
8315102
8693023
8819363
8693414
9143169
8207690
8846281
8999299
8909036
8521944
8638836
8252019
8288020
8738113
8918379
8621090
8567471
8333266
8720506
8396357
8305940
8855074
8827646
8684173
8684492
8144580
9053712
8396947
8037365
8333788
8711296
9026094
8495500
8891458
9079874
7640348
8504059
8765523
8603312
8360018
8099449
8387355
8800929
8558258
9097741
8296985
9277894
8693592
8486427
8990178
8990190
8143910
8855273
9008149
8953898
9052973
9215147
8647894
8585912
8648070
8405188
8125784
8252136
8198656
8783041
8189529
8126489
8639403
9359151
8504226
8621274
8369467
8441694
8612160
8881996
8243018
8342110
8720626
8882359
8405036
8433015
8675083
8396188
9439906
8593509
9260684
9260140
8935697
9197564
8639122
8909267
8719996
9061905
8899940
9143308
9124931
8594654
8649164
8603313
9017337
8927192
9179114
8324679
8459124
8512873
8549339
9268849
8441144
8665998
8422906
8541037
8828937
8585101
8900303
9044422
9197692
8558189
9439755
8009293
8999334
8648051
8666147
8576448
8936191
8810139
8710914
8927354
8837857
9268628
8638932
8963289
8450366
8944622
9008463
8684156
8936060
8899999
9205520
8747043
8612456
8657548
8774124
9512144
8908933
8927387
8270396
9251148
8873190
8719812
9061740
9034900
8801503
8764289
9125151
8981375
8666381
8864825
7352289
8477268
8648130
8945189
7792812
8809582
8702076
7962579
8881990
8513687
8530478
8846713
8549953
9061619
7702158
8998842
8576797
9268815
8268950
9241818
8288247
9232770
8549336
8765293
9089014
8989844
8701988
9179096
8845158
9287372
8035536
7359161
8296810
8648629
8216099
8783492
9125082
8558236
6918203
8333233
7153205
8603208
6819524
8667063
9205960
6152725
8820008
6640187
9169890
7683167
9341664
9287429
9232867
5532175
8170249
8090109
8801197
8575401
8954032
9017016
6783173
9170067
8755958
8846269
9061710
8944296
7296435
4415197
8495079
7819229
9331880
9079846
6062442
8178658
9232833
8278810
9044364
8764586
8548837
8773915
7467595
8531200
7090409
5288587
9017119
8376928
7774183
8665605
5729369
7369411
9448899
9160982
8260224
5585078
8260325
6990826
6999732
6756247
8782838
5505069
8251230
8674832
8827998
6458671
8179263
8989345
8539905
8556946
6656634
4388696
7135059
9296076
9241777
6837598
7063365
9358785
5305925
9142857
8756124
8044130
9088802
8854317
5512606
7954671
6856677
5782981
7620892
8584945
7386783
5611858
8648656
6945549
9034451
8079903
6386864
5711001
6764804
8728326
7873023
6080815
5423311
6287920
9170647
8558129
5414188
5990570
7765353
8117586
8747438
6172369
5602819
9367516
8800549
7801504
7080594
5512641
9556857
7458727
9070818
8467079
5503601
6675870
5395586
8962787
5612032
9259948
8260219
5701945
6756009
8540449
8962069
9214801
5035489
5900125
7161595
6188455
5774315
6999422
5900541
7873121
8791255
5719936
6459501
8144061
7963287
9062459
4577908
7035273
5314110
6593527
8476265
6125149
6494920
5405382
4243289
9304880
5630450
8963085
9475641
9178429
8575318
5855463
7187737
5305894
9187782
7144096
9152493
9097969
7044111
7007784
6297775
5945959
9097630
9151779
6485120
7584698
8584241
5864148
7782198
7035178
8583936
6512359
6278530
7476566
8845444
9178621
9376758
7854600
5666071
5521938
9016554
8187861
8854825
7494840
5783127
8683030
7890475
7521268
8971310
7395531
8205886
5612480
6116415
7890512
6927135
8007526
9691574
8854152
9691463
6530889
9385711
7594191
8160988
9349954
3928424
8387420
6215188
8989452
9403785
8944312
9673641
9475586
5323862
7989708
7683094
7989291
7674241
9655912
9295822
7395437
6476769
8872408
9853955
7377817
9565881
7809900
7989628
7215123
8385560
7026066
9295556
6025771
8863380
8404174
8368085
6296326
6917451
9169289
8448859
9187401
9295537
9574758
5341203
6422390
8269006
7007708
9196346
8971221
6485675
8602066
6593541
9358928
8494026
6206254
8881069
6999029
8376598
8691837
9664835
5827737
9601482
9466718
9196399
8016594
9475975
9304643
9367778
9286392
5422717
5134551
8701019
9466862
9394815
5332321
9880737
8962418
9367668
5918064
9457960
9583751
8989331
5711389
8484719
8791253
9286997
6792014
8088427
5233733
8304779
9070626
9574583
8565897
9629009
5512771
8493804
9682908
8359036
5602832
6107449
5908923
6395260
7899742
8692090
5512756
9097486
6125375
8692347
8305016
9475747
9502328
7386052
9287058
5485541
7908441
6926663
9016058
5909344
9277852
8747930
7919073
9161539
6404455
8899234
8899097
7917736
9376596
9700658
6377372
9106301
5602495
8674227
6512139
5530578
9340961
9529840
6827954
5423099
7323088
9088202
9295621
8377259
5125468
7485264
7305196
8657359
7306361
7611409
9781672
6098240
6377577
7170189
8080031
9565781
7539887
9251500
9700525
9664719
8503518
7746504
9178853
5927144
7692509
4837146
7386092
6125104
8295741
5539825
7728302
5215193
6701723
8700973
6404526
8601835
5584776
8269059
9565760
8503165
5224279
5701800
7692389
6125499
7782593
8907937
8241562
8115901
3901714
8423742
9286489
8097573
7737948
7512217
6836553
8953336
9592573
6315106
7016771
7404672
8178862
8216125
9304641
8791671
9565631
9394903
7954727
8629996
6332603
9178443
8575198
7899342
6404619
9088161
9466989
6062613
7900041
8268554
7575048
8783169
9521327
5341590
7548470
9664815
5440470
9475715
6223652
6818390
7304891
5593781
9367692
6728579
7709869
9610563
9268635
9204934
7971875
8953365
9682794
8404475
8160648
6206403
8953213
5431649
9583644
7106734
5611716
5413757
7584153
9052623
9484540
8782345
9196765
9268422
5728735
7106881
9682711
9070216
5521705
6133822
9097260
5323942
9556699
9502769
8602979
7540277
8115624
9538507
5746761
6989898
5809778
9017266
7846158
6179764
8918666
8026564
7205894
7728421
7593426
5692673
5332410
6287422
9367949
9565731
9402978
6287261
8286405
5413570
9673693
5323169
9493728
9655686
4487658
6134488
5134352
5341354
9286578
8484904
7701017
9313255
8673980
6323362
8700888
5530987
8808911
9394673
8268706
9493181
9394507
8890662
7016541
4854849
5314426
8214799
6413154
8412679
5638621
9376958
7908345
8701485
5323205
9592681
9502618
7602166
5413711
9583488
8764305
7917238
5251434
7503537
6917297
6881454
9664668
9367510
4927197
9484501
9673494
8205370
6602456
5413477
7809121
9520997
9583797
9547598
5044315
8403796
7205548
8601930
9205305
6205995
9583566
9484714
9385663
9196505
7602018
7800419
8871924
9250823
9178316
6917190
8277475
9196272
5341394
9295628
5575669
7998669
5521243
8106733
9592711
9295440
6728523
9601522
9061494
7602448
5413887
8052619
9385837
9781640
9394597
9403904
9556868
5134255
6701145
9457755
9880612
8583690
5008576
9277872
9260087
8404011
9178937
9475771
9682590
7097994
5611414
6503882
9376857
5233023
9475732
9781796
9511633
8016314
9277889
9161051
7809577
9772787
9187703
9277792
9736865
7115962
6422627
9682861
9583707
5629607
9547987
8692190
9169538
9277527
8998012
9466844
8809550
9403646
4935832
9646925
9376809
9601747
9601853
9097738
6395474
7017021
8863733
8115447
9367716
9161187
9385973
6999421
9439852
9691798
9673924
9476053
9286652
9106612
6413306
9250584
5711362
5413792
7719202
9574825
9673938
5512729
9601813
6683517
9484966
9574854
7989573
8665054
6485659
9304827
9088107
9484705
9601859
8674409
9439890
7890665
5845945
9385910
9484631
7503232
9178435
9088457
8683545
8187808
8872251
5414513
5206582
5809924
8016429
8223898
9457951
9592838
8701049
9484737
9106670
9475959
8106501
6620571
9583844
9808696
9763842
8899192
8070883
8800360
9493842
6998964
7196652
9097405
9376975
9457775
7503253
6314523
9583848
9565895
9007705
9358963
9286849
9565881
6395395
7692376
8106782
7206563
9475802
9466812
6809543
8593314
7188179
9367595
9493728
6098345
5224768
5332466
5512821
7602385
4927565
6387347
6620657
5314915
7467215
7800426
9592537
5837045
6593664
9178946
7999194
8386405
6314219
5224458
9574866
9205879
7719845
9403822
9178624
8494019
8277947
5702183
9277981
8601781
6620468
9574841
9295836
8520962
7314154
5999220
7503590
9745835
8908381
9493768
9457948
9079455
8404699
8953466
6765129
9160654
9098064
7512394
9628978
6098160
9367955
9673809
7224206
7791509
9088660
7809842
9187481
9494025
8097944
9286715
9169593
8899343
9097307
9466736
9484831
7620166
7818276
6107168
9187547
6485632
8773643
5395657
6611572
8575171
8115593
6332228
8782341
6134271
9097538
7719111
8485196
8872481
8989705
8476072
8602303
9007572
8295810
9556885
9178374
8791405
7080097
6800991
8016696
5134272
6323264
8188202
8800379
9367837
7485280
7287703
5332933
5512822
6314420
9088578
8782810
8881411
5206995
6909041
6530808
8007973
5044473
7602257
8377037
7305194
7791487
7701363
8809148
6296814
7296400
7206424
7701500
8674409
5441144
8386341
6638655
7899797
8764620
7106873
8079524
6269442
5134712
7305051
7719419
5242661
4936277
8494266
6809807
9502671
6215321
8899563
6107146
6611468
7602271
5440603
6665549
5314797
6413939
7088997
5594090
7116014
7584679
5215997
8341730
7602476
8404146
5638654
6224222
5999402
5990526
7503352
8511752
8115690
8512040
7224429
5836776
5224665
9079369
7800446
8890312
8269066
7692418
5729368
7692224
6612245
6035051
9584003
9386677
4811818
6233850
8674453
7377391
6918277
7098161
9593211
6801223
7494574
8350013
7161567
6593945
6585915
7855673
7899508
6683814
6998797
8133803
8080777
7972947
8845810
7620860
8855663
8450482
4910779
9431748
8774783
8558787
8729535
8585541
8855883
8081078
8639764
8864767
8360515
8486504
8171698
8351255
8342067
7757473
8549272
8792597
8765686
8432304
7873920
7360701
8477601
8468875
7946742
8386936
6495804
8477555
8612411
8269996
7621938
8189105
9053705
7901324
8360384
8063089
8837841
5379382
7145162
8648759
8279293
8369601
8450730
8270101
8657244
8639810
7991400
8999952
8369664
8459557
8675378
8342568
8099266
8540797
8540567
8873610
8171191
8261031
8378792
8648571
7864957
7874315
8937121
8459403
8666780
8756850
8936677
8675555
8712233
8234437
8261982
7955290
5892493
8558647
7693463
5361066
7783998
9053954
7459638
7810885
8369528
9206991
9278965
8946013
8675557
8351803
8684707
8864645
9225012
8675747
8585313
8864735
8981746
8180312
8639572
8999948
8774507
8296721
8305748
8116767
9197569
8431583
8404498
8440606
8278494
8917969
8468313
8297524
8188269
8575757
8296417
8206421
8287759
9305569
8494600
8918366
9026343
8602587
8467847
9107736
9189170
8495378
8459922
8873904
8522596
9000327
9314566
7999315
9359553
8647738
8359885
9242747
8396129
8350803
8107614
8224534
8450001
8017522
7900341
8476729
7864340
8089237
8278714
8377551
8233438
9035097
9143915
9494481
8170817
9206484
9062168
8892113
9332793
8811194
8990546
9026668
9116678
9062778
9305483
8810588
8990664
9305664
9296725
9350519
9116713
9395672
8963400
8981745
9008646
9125732
9161883
9287758
8855240
8468000
8963873
9017576
9107638
9134676
8747439
8918676
9026748
9107574
9278768
8693744
8495750
9350470
8783401
9215323
9116606
9152519
9098815
9278815
8531340
9386564
9350545
9116239
9332015
9197436
9269064
9511972
9008249
9062026
9143268
9143036
9610920
9323066
9161099
9367820
9520827
9367974
9448853
9422037
9287010
9368041
9368058
9233224
9340915
9242091
9484974
9106954
9628821
9133886
9484936
9430910
9736806
9286960
9475910
9376921
9205990
9566056
9367997
9331992
9304945
8493822
8783005
9206328
9350002
9431144
9277765
9440126
9251021
9430898
9422074
9449169
8305370
7701963
9413003
9440044
9115838
9322783
9421945
9484724
9277881
9484545
8872740
9529941
9466957
9592913
9790578
9628941
9179513
9440039
9314256
9206155
9171004
9250985
9349848
9637941
9511628
9368021
9071114
9475920
9601697
9259823
9286532
8070558
9583809
9421817
9142961
9341474
8936284
9241745
9457883
9197030
9350072
9547805
8935028
9385718
9655643
9691643
9178901
9367791
9214759
9403997
9457876
8711269
8828202
9296057
9376964
9358913
9295905
9430840
9142929
9251081
9124905
7611823
9251108
9314134
9044560
9026754
9205818
7819978
7496029
9358602
9350482
9349976
8882472
9349665
9385842
9241732
9539237
8747028
8143737
9467449
8162047
8278887
7946236
7900845
8774400
9179359
9566077
9431167
9565953
9503001
9323175
9503054
9485279
9287075
9223951
9350573
9287799
8189443
9422651
9296166
9260137
8800796
9412947
9196976
9376874
9125150
9061995
9107049
9377778
8999589
9296816
9341387
6243144
6513087
9062230
9548012
9206097
9565773
9673520
9394841
9187415
9484587
9457806
9673791
9475813
9565703
9781618
9394446
8980319
9295843
9547830
9305075
9412784
9431088
9412886
9215544
8891961
8747894
9494791
9323691
9269628
9071718
9395635
9188625
9601821
9341520
9170453
9503321
9251279
9754793
9368278
8469002
7865192
7981668
7657875
6099222
7693669
8828821
9538998
9799675
9115399
9673725
9097569
8205714
7584314
9070649
9592986
9682923
9188061
9008028
8800516
6431649
7845863
8593756
9439937
9286889
9511995
9439955
9511829
9664832
7881337
7313844
9700667
9440015
9511915
9349877
9413001
9574893
9484882
9269040
7502899
8449078
9484654
9655692
9673708
9466821
9529951
9449004
9404092
9583724
9250970
9583689
9466492
9664761
9313859
9169509
9295453
9466914
9593019
9457807
9160914
9601742
9493739
9403886
9385659
9295479
9466839
9529939
9088618
9601845
8981080
9403856
9610863
9484913
9223974
9565844
9808769
9475651
9205828
9457936
7710091
8187717
8196659
9286938
8070825
8268727
8971118
9115222
7783873
5505013
8899688
9151820
8755599
8710979
9583932
9574899
8881762
9296074
7782954
7782954
9394896
9574855
8781920
9295902
8565980
9503001
9314065
9412938
9286938
9655741
9088750
9259784
8791272
9241641
9403976
9583966
8737384
9133576
9601868
9394815
9089059
9457949
9070711
9610788
9385478
9286875
8998376
9097251
9277816
8782027
9079514
9296014
9557331
9458441
9161430
9422484
9404353
9458475
9187422
9538993
9251257
9214929
9260082
9098138
9125552
9215447
9593047
9440475
9260397
9404391
9539252
9530197
9485297
9116452
9701239
9584351
9566337
9593291
9368488
9503264
9359425
9485078
9214876
9305423
7819354
8990182
9611048
9656164
9557157
9098476
9503324
9332314
9494350
9503251
9575081
9638123
9359311
9152226
9188271
9386410
9278361
9224582
9476388
9251464
9584235
9332240
9395373
9476341
9035356
9566341
9359425
6649492
7954899
9467206
9341415
8558525
9071702
9215493
8864697
9062517
9548354
9323529
8909870
9413439
9188660
8441621
8774679
9440455
9440394
8945666
8945569
8945732
9431227
9656068
9314314
9260348
9134279
9422228
9431258
9215298
9449172
9341292
9116252
9251058
9494292
9485149
9494297
9746111
9566371
9278126
9503003
9638142
9449135
9458104
9458148
9638278
9269541
9449220
9368209
9467277
9530138
9439754
9125199
9449153
9485122
9656097
9476176
9485242
9593232
9116428
9529938
9206062
9593041
8990121
9367859
9323106
9044161
9700995
9647153
9367652
9718849
9260008
9098114
9808983
9557189
9386258
9512103
9169819
9259991
8927135
9457933
9440004
9359034
9250856
9197205
9548253
9403876
9206365
9269148
9331625
9620065
9601980
9440534
9205688
9602071
9341324
9368327
9476085
9664880
9565974
9448975
9233066
9467159
8999718
9385726
9178948
4595233
7549275
9638030
9205679
9565836
9097930
9376745
9277999
9286857
9475898
9601805
9772902
9196448
9341009
9655844
9772951
9511731
9304880
8990216
9781762
9286505
9484859
9575141
9593237
9422197
9367802
9458089
9377091
9134293
9592797
9547915
9125463
9358968
9440169
9485278
9350167
9188309
9512007
9286931
9376814
9088501
9385883
9422071
9305092
9305237
9530058
9673906
9583989
9170235
9529878
9556944
9170076
9386049
9430922
9178874
9638069
9296069
9368369
9566316
7306268
9143027
9242239
9242299
9529981
9269058
9467323
9080357
9458260
9395233
9440169
9017313
9341053
9467035
9754869
9358870
9430947
9386121
9539014
9413158
9575271
9080260
9296118
9494427
9206357
9737016
9422103
9440049
9457996
9449098
9430992
9322803
9466997
9485147
9412930
9511875
9610792
9593225
9521113
9502930
9710090
9350035
9206222
9475859
9376949
9754796
9844834
9493907
9359050
9673974
9260037
9484959
9529974
9296039
9485245
9521164
9386326
9808950
9350312
8954470
8908813
9269376
9323312
9611026
9179261
9494412
9746318
9692115
9251041
9782102
9431035
9242350
9431311
9503141
9494055
9422079
9242117
9521049
9476104
9349909
9502914
9656053
8855341
9539128
9224051
9611134
9269154
9395182
9485081
9161178
9395007
9584126
9251030
9502820
9565838
9385964
9799646
9547946
9565921
9520947
9512055
9368011
9376745
9197252
9368182
9403906
9593205
9233266
9853747
9520977
9674008
9377009
9503113
9439942
9241982
9332061
9043868
9583947
9349960
9412871
9493914
9601901
9449187
9583762
9583721
9484764
9448974
9025916
9340937
9359132
9619937
9440192
9665022
9557278
9404007
9467012
9494107
9710027
9368159
9314131
9521361
9529876
9647108
9422116
9403693
9358853
9484940
9313502
9395096
9619925
9601913
9493828
9475988
9394979
9395207
9575093
9431296
9692043
9223892
9701309
9548177
9233302
9386160
9656158
9467227
9575196
9539386
9494190
9494187
9359205
9602337
9485315
9017550
9512232
9287287
9008552
9458206
9251437
9494105
9512290
9539176
9296336
9062151
9242135
9368103
9647197
9287501
9647321
9548288
9773063
9458352
9350353
9242198
9152344
9269288
9359326
9071217
9305217
9746089
9377195
9368412
9485047
9314241
8674871
9485244
9593191
9260348
9161350
9440252
9395229
9449096
9494031
9143182
8981104
9575170
9467131
9647105
9476325
9386091
9323356
9332145
9557177
9656058
9188183
9287191
9431064
9323054
9575150
9719049
9538984
9494090
7567301
8242702
9386124
9305146
9179157
9332396
9314135
9485150
9700694
9260284
9377139
7477834
6514035
8720460
9583805
9251145
9034856
9224173
9467265
9377180
9089292
9394997
9512031
9079909
9673780
9502953
9728068
9512131
9494164
9439898
9547996
9682618
9196668
9682720
9673804
9260406
9115901
9305309
9412780
9350306
9287280
9251118
9233156
9673937
9314504
9494218
9485181
9386234
9584155
9395404
9079987
9251414
9359412
9782083
9395089
9422017
9691915
9503058
9260315
9575004
9781724
9790788
9377316
9682671
9637944
9251271
9376891
9691730
9421895
9556856
9601993
9583846
9556882
9394968
9556885
9376821
9556884
9259757
9610931
9754739
9511874
9574741
9538706
9395083
9772661
9583648
9574775
8106514
9692048
9377034
9538864
9466861
9619932
9593102
8782311
9376970
9673780
9619838
9485030
9763859
9655956
9583870
9790677
9673849
9088898
9106499
9493765
9493854
9790713
9592914
8620247
9493824
9853865
9349976
9682827
9385923
9682940
9673847
9017108
9493900
9601623
9376971
9818066
9691844
9224145
9565956
9566118
9295880
9403803
9664864
9530125
8971807
9853765
7917314
9691875
8917341
9862785
9295858
9376921
9368093
9151849
9673843
9574711
9682886
9574875
9413227
9332226
9646938
9088803
9520913
9242239
9359092
9476305
9458080
9350184
9206296
9530138
9161108
9566275
9260148
9565939
9412874
9728077
9772931
9646810
9611033
9152436
9260112
9665178
9674074
9044315
9530114
9440366
9466813
9763805
9295762
9574771
9673769
9286854
9493690
9449317
9386107
9377439
9098135
8963198
9350303
9386130
9341170
9610822
9359123
9746081
9475840
9556902
8692183
9799655
9493790
9592748
9277572
9197684
9098412
9781698
9763825
9286908
9295796
9673731
9071827
9431306
9350347
9844734
8972647
9673739
9341047
9431135
9080853
9394641
9242870
9349981
9646980
9467121
9062855
9403915
9395460
8819609
9359154
9008582
9107690
7882477
6865285
7927491
9611123
8864772
9628943
9485590
8414771
9763967
9691682
9385777
9466996
9062575
9277789
9358941
9313998
9358872
9205813
8737433
9700719
9467179
9557141
9412811
9493597
9268436
9781817
9385894
9682791
9394430
9475868
9277748
9592833
9583805
9646920
9682715
9691695
9646852
9376784
9439902
9484935
8971802
9673652
9493621
9655778
9196650
9781800
9403380
9466874
9808604
9268793
9476218
9557271
9700989
7287869
7216327
9611085
7926628
9655776
8683073
9296203
9241928
9350040
9376687
9125084
9475951
8881739
9592881
9853730
9556843
9781675
8872647
9475760
9763809
9341088
9538812
9682778
9322925
9530104
8998884
9241912
9323032
9565723
9215055
8792068
9439635
9574756
9637830
9196985
9143088
9251109
9592762
9484833
9007434
9341091
9691729
9862746
9475725
9520905
9673912
9574793
7917232
9394909
9493749
9754731
9673863
9305023
9430784
9259728
9395106
9340957
9502978
8999120
9071338
9547940
9512142
9592896
8755279
9017007
9196782
9538678
9529750
9709811
9547790
8800580
9493678
9466914
9871779
9574798
9215047
9494167
9547768
9305008
9619995
9349883
9268748
9565792
9629063
9286996
9592909
9583972
9502960
9637818
9233215
9710010
9359072
9385998
9556887
9331754
9413063
7810117
9494016
9538812
9088521
9421956
9556952
8377019
8989429
9682776
9349917
9574802
9268751
9727946
9070937
9476089
9079922
9547785
9187348
9439937
7620397
9781850
9205974
9700789
9718791
9394704
9350130
9583951
8872870
9457982
9484533
9385897
9592828
8971413
9394825
9385952
9673760
9376811
9422051
9484795
9664823
8899409
9682852
9269035
9466939
9629016
9466776
9313471
9673892
7377244
9449079
9358704
9313871
9565903
9745891
9673873
9583762
9295884
9205705
9610838
9295731
9467033
9178861
9790810
9565920
9376696
9484852
9655836
9142981
9566029
9286976
9485043
9187426
9467050
9232945
9601921
9493841
8773265
9385978
9385873
9682878
9017058
9476051
9394987
9323125
9628891
9520960
9664797
9592982
9602053
9466920
9710025
9448847
9655855
9071145
9565954
9646862
9341018
9556931
9421991
9610908
9727933
9197182
9781956
9412900
9233002
9547920
9637918
9484971
9538816
9224086
9079957
9422060
9619929
9169918
9655947
9727893
9170003
9565812
9727809
9340715
9313975
9709921
9359045
9259893
9709953
9421999
9151775
9719014
9601976
9413035
9044022
9421699
9233160
9673897
9367737
9304609
9466933
9646907
9673900
9295820
9034758
9160595
9215097
9305096
9547752
9673747
9539025
9439852
8458141
8359348
9781802
9143212
8747317
8179874
7837844
7775063
9224207
9682875
9502922
9385954
9664839
9458026
9763769
9349589
9224043
9790799
9277898
9439781
9268911
9583725
9664941
9422209
9592715
8018314
8900649
9476088
9205550
9655950
9691820
9106284
8791244
9547842
9493746
9592691
8836155
9691833
9475822
9458002
9286502
9763864
9682810
9691522
9601745
9169832
9430818
9385371
9070830
9088509
9754791
9430966
9286584
9332015
9241509
9475698
9601872
9367985
9106254
9079293
9097523
9772824
9763984
9457951
9475880
9277281
9385893
9664848
8800334
9430906
9889753
9530025
8989905
8998284
9556869
9583825
8665286
9170015
9295569
9574868
9493860
9377120
9376887
9188220
9772913
9700866
9214681
9556913
9781818
9079282
9601916
9188188
9395032
9196948
9269013
9493919
9673919
9673832
9449452
9286979
9286930
9574883
9664770
9286717
8484804
9547954
9538732
9691883
9484815
9601896
9277788
9566037
9574921
9583758
9493862
9233036
8782050
8899251
9403654
9574895
9079507
9485035
9673849
8917449
9412810
9295639
9673803
9385780
9574917
9646961
9466896
9080060
9502768
9457883
9673812
9727868
9187730
9520988
9484825
9574839
8810038
9304753
9772769
9592805
9574777
9502913
9314124
9664902
9547949
9574677
9673938
9340927
9583651
9475750
9448847
9475961
9583913
9169988
9476001
9277780
9592922
9367925
9655829
9673863
9152175
9826970
9638334
9674228
9710006
9286958
9385967
9574866
9611130
9232948
9359136
9682901
9242082
9206240
9466913
9376795
9286880
9574855
9484823
9475807
9269068
9691720
9385849
9700840
9628983
9530042
9449046
9512193
9449259
9493957
9196826
9592700
9259964
9170313
9458076
9467140
9512611
9512026
9188083
9457774
9250894
9413136
9440294
9548094
9314394
9412874
9368267
9242244
9404344
9403918
9512574
9188215
9251269
9431261
9484907
9628921
9350319
9458246
9485127
7262051
9457926
9385854
9493708
9440388
9385682
9305332
9439801
9215246
9079886
9133604
9359103
9512075
9403841
9466932
9485159
9278025
9701031
9637998
9476194
9574947
9223766
9601795
9539077
9080230
9647214
9224154
9457806
9592737
9898693
9746065
9457992
9386203
9898678
9430947
9745971
9278227
9170560
8666318
9197436
9376902
9682761
9386210
9286901
9403607
9196924
9592884
9457968
9502989
9520988
9385832
9341338
9340995
9466911
9467005
9295664
9305177
9790827
9656032
9484643
9871787
9196751
9341015
9484566
9304656
9268924
9377139
9682790
9268905
9394842
9574952
9584365
9404440
9566331
9691790
9647059
9503370
8972209
9196492
9305630
9278476
8990533
9440414
9656353
7558286
8990666
9287218
9413177
9431023
9521125
9629003
9278171
9593146
9197546
6837856
9404147
9610983
9647092
9358845
9080008
9385839
9088482
9269091
9368000
9376739
9493895
9664930
9673884
9223907
9781897
9278051
8998869
9475915
9746048
9592744
9719060
9575020
9574857
9583876
9565863
9286899
9404280
9530036
9475850
9655955
9403986
9601849
9188192
9547920
9565840
9637990
9682893
9026175
9664863
9493801
9790902
9646929
9268528
9772844
9556988
9260016
9683106
9107216
9790872
9583827
9746004
9385909
9503135
9404181
9763962
9664919
9665000
9592830
9700855
9565968
9368329
9602158
9700825
9557340
9493802
9403842
9386117
9737021
9395101
9268895
9359019
9457927
9052611
9386021
9484983
9341021
9682805
9314189
9089089
9655910
9682941
9592905
9556777
9502865
9548026
9457902
9178950
9502866
9484944
9574804
9565822
9377041
9359107
9484832
9763841
9700782
9682958
9475876
9592848
9448791
9592821
9394738
9493777
9601778
9061867
9394802
9376777
9377056
9385951
9493825
9583718
9557115
9475847
9502701
9727957
9493811
9170113
8701863
9466664
9673874
9502616
9673715
9403592
9889745
9169717
9592774
8792192
9295812
9422170
9385861
9305077
9547935
9368014
9467173
9413114
9530153
9592925
9187978
9449138
9602111
9592706
9655989
9862900
9592868
9178910
9601711
9502739
9484914
9701047
9296078
9502792
9305185
9296337
9538921
8682858
9223852
9611051
9359131
9484910
9431002
9664751
9440227
9736998
9565981
9269056
9467000
9295959
9485064
9683008
9017412
9629127
9376845
9349778
9485004
9791083
9466925
7116762
8782086
9269157
9530155
9395085
9467256
9430895
9341090
9691716
9889784
9557052
9629107
9386289
9268998
9511872
9268959
9475882
9349961
9772911
9763746
9160848
9530064
9844885
9485017
9772865
8567236
9187800
9061921
8998299
9682882
9430887
9682766
9601766
9790750
9719084
9394959
9296068
9206256
9629076
9655948
9583974
9395091
9386276
9440404
9826913
9772762
9620354
9493943
9350158
9745938
9404185
9296095
9772771
9565983
9655994
9512061
9188251
9475784
9592861
9385776
9772899
9367976
9359420
9484949
9439907
9556988
9799827
9790804
9205892
9700725
9251211
9205912
9755021
9682842
9574967
9287058
9556727
9673952
9565960
9530073
9494135
9449151
9583877
9332191
9601852
9070908
9466864
9592945
9565958
9700784
9781808
9484901
9484868
9493950
9781814
9278042
9700771
9673790
9224009
9547989
9305266
9404024
9530087
9287036
9556759
9331943
9233090
9547985
9718926
9116228
9574984
9475919
9116192
9629004
9421978
9827016
9475903
9844848
9484702
9700800
9160748
9574812
9691865
9503197
9142916
9358887
9583842
9187791
9844953
9637897
9574947
9413230
9583865
9583964
9772919
9439977
9196895
9592829
9664987
9493791
9799954
9611099
9314146
9547946
9592889
9529814
9475955
9484989
9664863
9422120
9556845
9313957
9277999
9565924
9196482
9583960
9358996
9565876
9682711
9214935
9349883
9691656
9538891
9593105
9394972
9610946
9530024
9377043
9574733
8683745
9628984
9413058
9422159
9682974
9089000
9565896
9233061
9457909
9323202
9458009
9790791
9187816
9538976
9745885
9493725
9511656
9493979
9502714
9763765
9359027
9224062
9655841
9601718
9349870
9350080
9530040
9682831
9547960
9358982
9457928
9259989
9880840
9520947
9664924
9475874
9502933
9574942
9592999
9493852
9394825
9350091
9548057
9583841
9251132
9556987
9763837
9565905
9574799
9629061
9655953
9467049
9241660
9556962
9484951
9647225
9700884
9673799
9053104
9404148
9673857
9790775
8990077
9700721
9467022
9745930
9556858
9610880
9754800
9259716
9484914
9476211
9332112
9475920
8980515
9556768
9628945
9539084
9664841
9619982
9611096
9341110
8998959
9592810
9169762
9583877
9503194
9727952
9277823
9620096
9493864
9871668
9314091
9340942
9592685
9574935
9340984
9844930
9350009
9709604
9394837
9655924
9493845
9484793
9593112
9278201
9736959
9439783
9412757
9061692
9431185
9790778
9700822
9241872
9565775
9620043
9646882
9286797
8963112
9664808
9700795
9367831
9511957
9583748
9439887
9556709
9602044
9223955
9431133
9233018
9557162
9431318
9377064
9566256
9556864
9278007
9367897
9637896
9565778
9278063
9052575
9745872
9286618
9673840
9241850
9287007
9395019
9305016
9574959
9682881
9620003
9601706
9556928
9466878
9529874
9539097
9485186
9260839
9242510
9610934
9350672
9278537
9044726
9359730
8494751
6981598
9592516
9871696
9395157
9260176
9584293
9511923
9386325
9359151
9592829
9422057
9430972
9637780
9547948
9547933
9592924
9269215
9574641
9367715
9161391
9457962
9431256
9475845
9295823
9521048
9773035
9655846
9547891
9295824
9449294
9538908
9556582
9521022
9556924
9673772
9647112
9683130
9278023
9242032
9206162
9314087
9350058
9476013
9295945
9520879
9278389
9602273
9457961
9547979
9565750
9278031
9475928
9493622
9422054
9278241
9565760
9350238
9061803
9646918
9557002
9610890
9340900
9736755
9187734
8963211
9655908
9556958
9062352
9197331
9512113
9394833
9079148
9871773
9547865
9484898
9412863
9350198
9565867
9574890
9098231
9359176
9377954
9476411
9215487
9673791
9178865
9566129
9547863
9314032
9475771
9305232
9251339
9170061
9592718
9395083
9017654
9502994
9169644
9592900
9098172
9700679
9592605
9637810
9763807
9592803
9125445
9233384
9314006
9673919
9403835
9214494
9502881
9252052
9143846
9422513
9107110
9566084
9133831
8665165
9260551
8693387
9647048
9178763
9106819
9484922
9161213
9664928
9844839
9853911
9457938
9556974
8701185
9691850
9691829
9493790
9322918
9547923
9683083
9763879
9511615
9664747
9079832
9349881
9574845
9251626
9574947
8187970
8178442
9178334
8610917
6234081
9763830
9475899
9286646
9547910
9548039
9763845
9790791
9358999
9377017
9511680
9385695
9376826
9205407
9565956
9484998
9466888
8584108
9305080
9592852
9682652
9637838
9466866
9601736
9637816
9377039
9466920
9061652
9574894
9493713
9268879
9610708
8061593
9538766
9583901
8683139
9754764
9439798
9323032
8981041
9466983
9664871
9314256
9637953
9727992
9224174
8845525
9484699
9368060
9736991
9394952
9367588
9422035
9097378
9574867
9466959
9466914
9601839
9278011
9574807
9394941
9592771
9592861
9475985
9511876
9349985
9539004
8683473
9592897
9646886
9305007
9484925
9196985
9628982
9394853
8998515
9259788
9565821
9097957
9646949
9673885
9466877
9574902
9386160
9295775
9403888
9583553
9682873
9664879
9269010
9385952
9052997
9484764
8368567
9394812
9385851
9655926
9610863
9349904
9286521
9512054
8989693
9106524
9763936
9395207
9566011
9349975
9565813
9493763
9556789
9772858
9493969
9071032
9502862
9781803
9484997
8575312
9313588
9763883
9736921
8999406
9331804
9178764
9673855
9592817
9673883
9691829
9475966
9205905
8980841
9323260
9466901
9583902
9403964
9286943
9790792
9097810
9286769
9295971
9493846
9673992
9592686
9503185
9583861
9475879
9493802
9682676
9403761
9377064
9655874
9772801
9386580
9403725
9385873
9448943
9763879
9476452
9062092
9314025
9673825
9512143
9098003
9502798
8883210
9295947
9610770
9502806
9601867
9745922
9583934
9502938
9232857
9295821
9376799
9557098
9070683
9376941
9376916
9574765
9493874
9601776
9304843
9476164
9493840
9368120
9367931
9377056
9286783
9511793
9682839
9133667
9484864
9169630
9241912
9421739
9376754
9592842
9241994
9287511
9565774
9475872
9376864
9484849
9592986
9151990
9332183
9367973
9566470
9403927
9565974
9448927
9574771
9493931
9368145
9790742
9655860
9476010
9781836
9799771
9314165
9655985
9593069
9277917
9502911
9367965
9664821
9286770
9196703
9790788
9493900
9673791
9304723
9493993
9565942
9493941
9565821
8800542
9457962
9431048
9457843
9259877
9503262
9367865
9484758
9664901
9359083
9368387
9421968
9457960
9511935
9880835
9673910
9422143
9431180
9700729
9260230
9503469
9413101
9494116
9503283
9565974
9206056
9278157
9242249
9682747
9269232
9637953
9484980
9457969
9799843
9448926
9467139
9457920
9323049
9745772
9691889
9368736
9511998
9395077
9458116
6927238
9538962
9790736
9709826
9484919
9601884
9313873
9772670
9556892
9196856
9682893
9521185
9394929
8990370
9376947
8962836
9358893
9665010
8980599
9161208
9682857
9503126
9557372
9664905
8476360
9485016
9341340
9664992
9142943
9502865
9475938
9592875
9691793
9781807
9682882
9476058
9592891
9278059
9007515
9403993
9493673
9502941
9691777
9493847
9250902
8261637
9079324
9187784
9404013
8989529
8107003
9061971
9781888
9377119
9673893
9358971
9799779
9493913
9566015
9431135
9512148
8512430
9359019
8692420
9583805
9583915
9493641
8989634
9349928
9475815
9781827
9781768
9556883
9341177
9682781
9682828
9664864
9602368
9179024
9376719
9152011
9467151
9107534
9458410
9341393
9521428
9539515
9368780
9305590
9206606
8557955
9242452
9431619
8963420
9035536
9485262
9116449
9125300
9017661
9296504
9233966
9404620
9143031
9386653
9260780
9647355
9575611
9530395
8000150
8864284
9494211
9278859
9242759
9161755
9449484
9296560
9440633
9485624
9341407
9107564
9467530
9377359
9404233
9431825
9296662
9053366
9503129
9251465
9368363
9323918
9359701
9512281
9431745
9323270
9548328
8773333
9548180
9584276
9323215
9062628
9449502
9485617
9224435
9242487
9134281
9359431
9296650
9305675
9287716
9548013
9377409
9565909
9260183
9251126
9701172
9404152
9197337
8701298
9043923
9214688
9521538
8864489
9332035
9359438
9638046
9260831
9413248
9431209
9233854
9179286
9710546
9476767
9719086
9377636
9215610
9476630
9296716
9629124
9215646
9242525
9260812
9152761
9647414
9350517
9422506
8764167
9296109
9701174
9565950
9880794
9484897
9664927
9628789
9214967
9296708
9206163
9359019
9673919
9440061
9565978
9556990
9097947
9250955
9421929
9457882
9386129
9484977
9467307
9224631
9503270
9647360
9494144
9350459
9521190
9548024
9458256
9611122
8873763
9683099
9547970
9592781
9493805
9493677
9799650
9124851
9323233
9503575
9673869
9502885
9556873
9556740
9601676
9718918
9251279
9466951
9556968
9602333
9620314
9287243
9377403
9125151
9296274
9332204
9620155
9178956
9125087
9017105
9314075
9260172
9512239
9341038
9269127
9188250
9287459
9583801
9484957
9458135
9314044
9071214
9692057
9152141
9691987
9160848
9439720
9575125
9368135
9422280
9359326
9682960
9710009
9305121
9502833
9664722
9170029
9206340
9386382
9080111
9088966
9377317
9377292
9448848
9574903
9556858
9404218
9314059
9179448
9871805
9350341
9548221
9431233
9655896
9160898
9206216
9116077
9097969
9232921
9538954
9556866
9395018
9152097
9538820
9557181
9332430
8783266
9683075
9683083
9385819
9565980
9520887
9449177
9458172
9385956
9151559
9727841
9862847
9385938
9547665
9512047
9268979
9331764
9547927
9493640
9287061
9565810
9476099
8855671
9287166
9602003
9790673
9287159
9386475
9458228
9404104
9466786
9583772
9467394
9394995
9323398
9727815
9727720
9268966
9314083
9025938
9286797
9718988
9601888
9521028
9305424
9592995
8999123
9782036
9277985
9511835
9790864
9592937
9665269
9592939
9476002
9655767
9178757
9431034
9466995
9431314
9593003
9583768
9503020
9475729
9665065
9349972
9646862
9376612
9484975
9349905
9754726
9538881
9583785
9349809
9403716
9619786
9440054
9700914
9790698
9565822
9673808
9440078
9628963
9673863
9584084
9457592
9466800
9017205
9350234
9259851
9691704
9565985
9583852
9628925
9556793
9052782
9538906
9638128
9116111
9394803
9665228
9233097
9196636
9250907
8611302
9008224
9691898
8962926
9485032
9592932
9566011
9377123
9493825
9376799
9494151
9188548
9314310
9457955
9547851
9332537
9143622
9449389
8819131
9826878
9295797
9098387
9386473
9134651
9449186
9080330
9187985
9637859
9251744
9431365
9629051
8701262
8251236
8683030
9169467
9583846
9691704
9664884
9547885
9539292
9458216
9575191
9700908
9394840
9790658
9260221
9440475
9377478
9449493
9170546
9512294
9431541
9314799
9269851
9206658
9422327
9494724
9475975
9466928
9691684
9170395
9494819
9305446
9206302
9278477
9197684
9098729
9107110
9215502
9027001
8783391
6901078
9295962
9646878
9224551
9206507
9611145
9286810
9296027
9205800
8854363
9115955
9647185
9529910
7899300
9449162
9512027
9295954
9421722
7818850
9673902
9403765
7782980
9493662
9691781
9538926
9646803
9656338
9754860
9070882
8675325
9763949
9440059
9322552
9170575
9413216
9655878
9655795
8592846
9449023
9385970
9557028
9385558
9484904
9592812
9421851
9601961
9592741
9691716
9619874
9610813
9485385
9458331
9664834
8701180
9314368
9395087
9484711
9538940
9349905
9142982
9350217
9466756
9242178
9484977
9475872
9287072
9385405
9646991
8115577
9322886
9376953
9484640
9799744
9592729
9475767
9601830
9691882
9061963
9457986
8981947
9449317
9277687
9682734
7981036
9583932
9421861
9655788
9484760
9539039
9583886
9268821
9691813
9781795
9476055
8530253
7710283
9583772
9007151
9412972
9448875
9467037
9853726
9376836
9394988
9457930
9619986
9746039
9566026
9295808
9565944
8403824
9457923
9250960
9628862
9763783
9539089
9394784
9691892
9088828
9430923
9521041
9664933
9493847
9025868
9637963
9278243
9287119
9512101
9691795
9556885
9701088
9719023
9466841
9188399
9358883
9494017
9763897
9646896
9116145
9017302
9574873
9745890
9593142
9269031
9187296
9548179
9475643
9314048
9439887
9664991
9197089
9359224
9530126
9638022
9548153
9754860
9133701
9386323
9422214
9538719
9791045
9701052
9521070
9458012
9224015
9269340
9259899
9431133
9403579
9737180
9143089
9224282
9430914
9143252
9296270
9538991
9538900
9224122
9349904
9449177
9250921
9430984
9511965
9232954
9575015
9538945
9475866
9313953
9448883
9547875
9547966
9638036
9565941
9440308
8484968
9269194
9386107
9512065
9340659
9701109
9466701
9503036
9565849
9125167
9286825
9485216
9359083
9349973
9484852
9134122
9449223
9134488
9781797
9260086
9718993
8584081
9565915
9629078
9539009
9431069
9548151
9521182
9359273
9413025
9440048
9701220
9754773
9422042
9530040
9602000
9161122
9422079
9619944
9835967
9502975
9124816
9475954
9188400
9440182
9385998
9485131
9745966
9682766
9413124
9502952
9458124
9331984
9449116
9385995
8935976
9772983
9484967
9565652
9169454
9349953
9530027
9700750
9548046
9619868
9512018
9763798
9305176
9259683
9079829
9584037
9665016
9466858
9404479
9637826
9386002
9602003
9197003
9638052
9241747
9475716
9673971
9377240
9484675
9593014
9476484
9629032
9745965
9467135
7980599
9547959
9188097
9314140
9107563
9557544
9566228
9502898
9602384
9485095
9008839
9251592
9457875
9377137
9727872
9152761
9449260
9367858
9089834
9323410
9278509
9314537
9072043
9413408
9431310
9116482
9457957
9287172
9386659
9386397
9242046
8621760
9485331
9421970
9431143
9601883
9575284
9611018
9296910
9476015
9467091
9350543
9170385
9080357
9566053
9350304
9485478
9404615
9350230
9323334
9475978
9404580
9512338
9323734
9386171
9611208
8703195
9116602
9305271
9134145
9287896
9188693
9485276
9044519
9062264
9198112
8981868
7063507
9314732
9368507
9512102
9431283
9071004
9323165
9440664
7828730
9314249
9242404
9242585
9413122
9377361
9251268
9359151
9386236
9539197
9377332
9530283
9467360
9331921
9341176
9458642
9188905
8766719
9521182
9638254
9179592
8333353
7611549
8775120
9755264
9395268
9584487
9530341
9161570
9197588
9620414
9422513
9224424
9683203
9395306
8936475
9566335
9359365
9386259
9620283
9656239
9107105
9278484
9278368
9701136
9359354
9611119
9583983
9683119
9278422
9071129
9476294
9278110
9458283
9476342
9593182
9278258
9530329
9494037
9629333
9413227
9467286
9161309
9539333
9197151
9620346
9494270
9674171
9422012
9368161
9241949
9341197
9629067
9494229
9224266
9710052
9305178
9611098
9377214
9485494
9458392
9836013
9673919
9557365
9368335
9620417
9521086
9314592
9422097
9575270
9548315
9530082
9449099
9619971
9629057
9089368
9395239
9295950
9476183
9575242
9539212
9584258
9440258
9683197
9413148
9251483
9386277
9827034
9413258
9503147
9377318
9520949
9538906
9584260
9133998
9359323
9728063
9655889
9710066
9251530
9296312
9332029
9521146
9377300
9817988
9458319
9386554
9809052
9629050
9395194
9422248
9692124
9044747
9683151
9387155
9701159
9710146
9323441
9431432
9485258
9314304
8683263
9161306
9232977
9719059
9386333
9170619
9422218
9350296
9161986
9377441
9306033
8792692
9251826
8730248
8765477
9233820
9107967
9269487
8846508
9584066
9386507
9135082
9584257
9278186
9566397
9494475
8909578
9746265
9062607
9386316
9575489
9287388
8963569
9692377
9449376
9314335
9081064
9431685
9431899
9161398
9467598
8873299
8963499
9152398
9314685
8621288
9476400
9836020
9098826
9044267
9242621
9125211
9063123
9296244
9368281
8757097
9494099
8847647
9287504
9197978
9520965
9575286
9269930
9161701
9458510
9278343
9368079
9341650
9503472
9233287
9395241
9107839
9413386
9359229
9458133
9233590
9170942
9440546
8396285
9503303
9342183
9207331
9089740
9269667
8990862
9692129
9602166
9323514
9458352
9170809
9332596
9467542
9431431
9260713
9593101
9341072
8909137
9494417
9323268
9314779
8990672
9620334
9503369
9323688
9125505
8927517
9036095
8792350
9611669
9089582
9098839
9287512
9476105
9764188
9269385
9098155
9782050
9359340
9143315
9368418
9260726
9584102
9764158
8927568
9503450
9413426
9467367
7666778
9530355
8981280
8999575
9251271
9566352
9332345
9547964
9259957
9314277
9026337
9683073
9053430
9278108
9584234
9323373
9467039
9323346
9332356
9485308
9404050
9539571
9395795
9341371
9440271
9080647
9170584
9197170
9611270
9395442
9422360
9449285
9467111
9503182
9295905
9260704
9179176
9125481
9503337
9224347
9098482
8918292
9476437
9458389
9458456
9368375
9251397
9251582
9467279
9404255
9296761
9143661
9017769
9467139
7711215
9269426
9548336
8899996
9170354
9503411
9107479
9152551
9062507
9323178
9566281
9260240
9107593
9386154
9665228
9395147
9638322
6612327
9008342
9431001
9637981
9188523
9169973
9683167
9656235
9413207
9340718
9395263
9566323
9449021
9485292
9512138
9584078
9503086
9539058
9323210
9368299
9575233
9484882
9431186
9701222
9196905
9259844
9584222
9556996
9691850
9637887
9044176
9323232
9206163
9646721
9646837
9700540
9485172
9736831
9673898
9493963
9475832
9304882
9557234
9763900
9674070
9377121
9457669
9691721
9484896
9647107
9592768
9664866
9493954
9574792
9601660
9511691
9574859
9205822
9781803
9718854
9278115
9610937
9197308
9485229
9485304
9782078
9763777
9143150
9403992
9871698
9620050
9673890
9394736
9304636
9898715
9547937
9259948
9655774
9277783
9476412
9493815
9763726
9601841
9638110
9673837
9646928
9656221
9457826
9367745
9376977
9377192
9098307
9277698
9403730
9574754
9574846
9376840
9511579
9493895
9449012
8404243
9547978
9160947
9304744
9080101
9394805
9493565
9088407
9593221
9403980
9143223
9493934
9664916
9412807
9556869
9484953
9512031
9682924
9286993
9557118
9358939
9673931
9700555
9781758
9592646
9655909
9646907
9691665
9521070
9772737
9574906
9116038
9790802
9781705
9610635
9475634
9682792
9566152
9422087
9620029
9610972
9646988
9574681
9277636
9556956
9583683
9583710
8719067
9575474
9026003
9413029
9511889
9458028
8890468
9422150
9583598
9583716
9304898
9079925
9674015
9368351
9611182
9404126
9296275
9377042
7908642
9385901
9494138
9431303
9637796
7503182
9682552
8746521
9224080
9296402
9556721
9296346
9665136
9242072
9277849
9394611
9682752
9475993
9503055
9341546
9125148
9475872
9467164
9395123
9673780
9358987
8656464
9520938
9332239
9691928
9233074
9619771
9665064
9493713
9133578
9584176
9557435
9403974
9844831
9151847
9583934
9539294
9655798
9700930
9386349
9440126
9484703
9242028
9071118
9628862
9269571
9278077
9251391
9367850
9565760
9458155
9646914
9665077
9224115
9035124
9286977
9259810
9502980
9016834
9601786
9512274
9737035
9287113
9314019
9457816
9323197
9268247
9511833
9394864
9322769
9557133
9386031
9025512
7620047
9440141
9709976
9215259
9331997
9557555
9250773
9260027
9286878
9458004
9467152
9169806
9403869
6890992
9197193
9367843
9323707
9530722
9485605
9323736
9126346
9260342
9404530
9251048
9008275
9323610
9332714
9395659
9602321
9350947
8901110
9458754
9107586
9305431
9538883
9439892
9296933
9395469
9368944
9269532
9323635
9116271
8784265
9008627
9656566
9368856
9350582
9403946
9754886
9197631
9179983
9063074
9287618
9539736
8946663
9512551
9718938
8783540
9134520
9323758
9386447
9089712
9359964
9179570
9188688
9242479
9296615
9287674
9539880
9431474
9521546
9521660
9521387
9413354
9359567
9269425
9179841
9044773
9620160
9539321
9485230
9566595
9467617
9224655
9089514
8881822
9351199
9323458
7800566
9360004
9467124
8954683
9233477
9341351
9602435
9287616
9341439
9260488
9296536
9305570
9081271
9449197
9521459
8656820
9215757
9341692
9189147
9287629
9359528
9062376
9296660
9485527
9297093
9638319
8332154
7782407
9341577
9539559
9314421
9161428
9305446
8702726
9431698
9259980
9386631
9135054
9297274
9134900
9458753
9377699
9144322
9108905
9431533
9089553
9548577
9350479
9530407
9305653
9071421
9179777
9386647
9341361
9341770
9233648
9692424
9323594
9216062
9431710
9198040
8107475
9269629
9323848
8846591
9116571
9521295
9233751
9503907
9387001
9440644
9080985
9360005
9485076
9269785
9386842
9233778
9386632
9440523
9242877
9269759
9521731
9126108
9341908
8963865
9368710
9143808
9296673
9575713
9206917
9305671
9000144
8927507
9134675
9431342
9071625
9296600
9242576
9369006
9341906
8820067
9063191
8783837
9440778
8865076
8963854
9395880
9126510
9422557
9503841
8964062
9089867
9324066
9359833
8973196
9512663
9107845
9378235
8973218
9098969
8954341
8846391
8738517
9242779
8431994
9485969
9026809
8919131
9278941
9180018
9287986
9071895
9152897
9134939
9233837
9098771
9359659
8757448
9431836
9242890
9233589
9036203
8991035
9269862
9153036
8063218
9387007
9350672
9152771
9269698
9125794
9314935
9116603
9278980
9404727
9225148
9243022
9045186
9278609
9377184
9197932
8864577
9062614
9503376
9332807
9117247
9332750
9422845
9053987
8955146
9360129
9377870
9134989
9144449
9135342
9341650
9377976
9503727
6171861
9054131
9125691
9233602
8999841
9646891
9458672
9386834
9179412
9575084
9179582
9440069
9134228
9593327
9242380
9107799
9089701
9251885
9170627
9341699
9018080
9691925
9305571
9521150
9287447
9485023
9386424
9413269
9197534
9359614
9161922
9323608
8458312
9449234
9467326
9215249
9314456
9224593
9278730
9368538
9332242
9476185
9727905
9449586
9269816
9557316
9197183
8287734
8558152
8864592
8990588
7955120
8044852
8558292
9404367
9125559
9152559
9485827
9260804
9134657
9710016
9296079
9521068
9584097
9386362
9323498
9206194
9269217
9152186
9575308
9503031
9620101
8864330
9647099
9466900
9593174
9521034
9458091
9007678
9575364
9098058
9269461
9611219
9394947
9449021
9161562
9260402
9287609
9404342
9431090
9440439
9341786
9503459
8909793
9323628
8909803
9422561
9278761
9314515
9215274
9170492
9170788
9611552
9350336
9161644
9440492
9431186
9557054
9081013
9188734
9152544
9143547
9224490
7441719
9170867
9449333
9197435
9090056
9035588
9521303
9134313
9422157
9224427
9215655
9341170
9242344
8945885
9350565
9341584
9422344
9494156
9413360
8927095
9358968
9341072
9233036
9161081
9242116
9323448
9602313
9314045
9494469
9197183
9017309
9467138
9161631
7288806
9242427
9512365
9350249
9242519
9170566
9629200
9502951
9260246
9404152
8936468
9170344
9359113
9539043
9575109
9412990
9044128
9449040
9206423
9098483
9413142
9512220
9548145
9367846
9512412
9566551
9143277
9701360
9521599
9314259
9188401
9359520
9116962
9215393
9322878
9331976
9332034
9449524
9674169
9080562
9269795
9341102
9521006
9584354
9593418
9404789
9135074
9089380
9404831
9377579
9521100
9691917
9557603
9620017
9431431
9314788
9601988
9251464
9458370
9530048
9224446
9395052
9350342
9170657
9421950
9566193
9305123
9547890
9466915
9314130
9448971
9440280
9359141
9062495
9143736
8963664
9179405
9449221
9215594
9206454
9566437
9341495
9323724
9466982
9035572
9493976
9322880
9314627
9566264
9584337
9287600
9485148
8819640
9305833
9116407
8991078
9332530
9548298
9341726
9503447
9386801
9431465
9322946
9548272
9368599
9530031
9359172
9574757
9601958
9502689
9224364
9700571
9475692
9188046
9358655
9430746
9439831
9493808
9394607
9314259
9350131
8818390
9538734
9449507
9539004
9197533
9170906
9422493
9268787
9367894
9377026
9683064
9026729
9539179
9053458
9304945
9431199
9170320
9269952
9161578
9611430
9458058
9161346
9385977
9476013
9277787
9341523
9458133
9466906
9538814
9359388
9538992
9448870
9314190
9314419
9197109
9071021
9269300
8782716
9440401
9422301
9539032
9376935
9340713
9466969
9493554
8799941
8980652
8900840
9566060
9529957
9431007
9224396
9763787
9547855
9475907
9493554
9286855
9592868
9692209
9377341
9457992
9332524
8945316
9080521
9448994
9314483
9692029
8899240
9754893
9304945
9475930
9260244
9449225
9449589
9134381
9673941
9691961
9736977
9718688
9511819
9485070
9502797
9197666
9350637
9161957
9359231
9404253
9602343
8990835
9017779
9512284
9296050
9404321
7657858
9422431
9512398
9233168
9287075
9395213
9611074
9350216
9547989
9682823
9376885
9413004
9628842
9268781
9314038
9440352
9359365
9566209
9746210
9422035
9278167
9341053
9079843
9727752
9179289
9602030
9125594
9305696
9044095
9152118
9529979
9529846
9440055
9710002
9674126
9377434
9106896
9700902
9179450
9314528
9529959
9638083
9440060
9295570
9646939
9242221
9296008
9646894
9494160
9296159
9719065
9458839
9511921
9017209
9448914
9403824
9556943
9457798
9259996
9233047
9097352
9404014
9610580
9358889
8936678
9691973
9772796
9286945
9682749
9395003
9089369
9017586
9197494
9260703
9259966
9313873
9440063
9431154
9611129
9404327
9358895
9557006
9602000
9529761
9323141
9862780
9367590
9475951
9574751
9440072
9071099
9493604
9169974
9476078
9619900
9547954
9179458
9251124
9359217
9539135
9700742
9664907
9637941
9467461
9394979
9295956
9629058
9062118
9008090
9368093
8999428
9377376
9314499
9764261
9440086
9233206
9764304
9277645
9628980
9772922
9475855
9674208
9305117
9457949
9295891
9268985
9493853
9583790
9295808
9538865
9539107
9269616
9538991
9197063
9368293
9539110
9358995
9332016
9404556
9332507
9520997
9574851
9224595
9179682
9269789
9386599
9638318
9593174
9485193
9341745
9602134
9602507
9584476
9259775
9538945
9593272
9134411
9422580
9044837
9386169
9521074
9098356
9278435
9737279
9692384
9359961
9152308
9431501
9098027
9521707
9395036
9269300
9161466
9763886
9007663
9629220
9350287
9368108
9521387
9314477
9449311
9395177
9539048
9548124
9485857
9755074
9287284
9610889
9206378
9368176
9439985
8945350
9161537
9350540
9385960
9727903
9151963
9016746
9323947
9620143
9296664
9304905
9278964
9368771
9332437
9269150
9422064
9314316
9557450
7684193
9197332
9385651
9476037
9422706
9772829
9664942
9386592
9368691
9251740
9574848
9602415
9458148
9583817
9377032
9475899
8999736
9449120
9376869
9664791
9574718
9683057
9440188
9682825
9754878
9583840
9466578
9494153
9664941
9349862
8422233
9575033
9259751
8981090
9808687
9394809
9458054
9556920
9259995
9431609
9331808
9565919
9169941
9763743
9673827
9394537
9574923
9385769
9502954
9664911
9467062
9602393
9187710
9574734
9169876
9700698
9232877
8782268
9061532
9799697
9358758
8998548
9178550
9538942
9188062
9736889
9232963
9394741
9673995
9475695
8719148
9314201
9485059
9125047
9413390
9610927
9682802
9475818
9880675
9088857
9196735
9062051
9583748
9016758
9691803
9241741
9772765
9340958
9350020
9476007
9646926
9475992
9314062
9583867
9574905
8782276
8476001
9799701
9412888
8980601
9367830
9763697
9691756
8926678
9673733
9457938
8412939
9349992
9727811
9611297
9332027
9790741
9278042
9295899
9170389
9475736
9664893
9521010
9206208
9692065
9385729
9574716
9358992
9682706
9655840
9350107
9556925
9466837
9367733
9745864
9153173
9207678
9207384
9737218
9314115
9233195
9251675
9071843
9170710
9205716
9350065
9323110
7998509
9584223
7314178
9016646
9790761
9232886
9350014
9170122
9449175
9395382
9134262
9134690
8612971
9341737
9440702
9404880
9107816
9053764
9584222
9242379
9359699
9350305
7909019
8782819
9341390
9026738
9134500
9386588
7639064
8927652
8981904
9134655
9359561
9620427
7973035
9323438
9404444
9189017
8918837
9413627
9440729
9449364
9548726
8909797
9629347
9206514
9098807
9026454
9241808
9493346
9062452
9637897
9386323
9080459
9395139
9224373
9422401
8592964
9089490
9053999
9180114
9440232
9457760
9692170
9179651
9224532
9584298
9575285
9485906
9305172
9350662
9521454
9197515
9188372
9647209
9458409
9629037
9152166
9458600
8892830
9305544
9512388
9108025
9062293
9179355
9503216
9530398
9395143
9278154
9215592
9367999
9449466
9125368
8999392
9206512
9530675
9179755
9314273
9557080
9673869
9575024
9215498
9026565
9584111
9179274
9503422
9359290
9359415
8196730
9286989
9404689
8782485
9476161
9062454
9107810
9224691
7088974
9467058
9592867
9097439
9475924
9458054
9017271
9422116
9269486
9431030
9088219
9305557
9593481
9403675
9170079
9215510
9161685
9656157
9871762
9521084
9817939
9242272
9530067
9529986
9107633
9269096
9350088
9754820
8620015
9215070
9368324
9340736
9502494
9188211
9557226
9340873
9611048
9359083
9349925
9107475
9251408
9593033
9763836
9629301
9664827
9565845
9655856
9485308
9296186
9494358
9035203
9403775
9215268
9403979
9574843
9268835
9305444
9395305
9422130
9089328
9898645
9493824
9341054
9647352
9395223
9557278
9341060
9691624
9394750
9655840
9584180
9242361
9341036
9269815
9089300
9808907
9575425
8981585
9520924
9395392
9152815
8909489
9215418
9718896
9503010
9134258
9278396
9674096
9152802
9296428
9125423
9539053
9296240
9449188
9475821
9215284
9314112
9215164
9431436
9413039
9637936
9566158
9422451
9350320
9440439
9233450
9593370
9575087
9512077
9404593
9260229
9710117
9413343
9242035
9404165
9332380
9422450
9080255
9539029
9305539
9368470
9278739
9718874
9790683
9601732
9332404
9386513
9728344
9251317
9133931
9610980
9413094
9673839
9395214
9799998
9574804
9476408
9341459
9520957
9709902
9359279
8927193
9134571
8990575
9305812
9332133
9260029
9656279
9521388
9530317
9061811
9512142
8549448
8882455
9098984
9350358
9134699
9467670
9233988
9458330
9331936
9736915
9377383
9197184
9386210
8847180
9458749
9692380
8891731
9216034
9485481
9709927
9394674
9610698
9170206
9458367
9224215
9413126
9521440
9098573
9476612
9710036
9476233
9242479
9359009
9250804
9503207
9377362
9547918
9449243
9260125
9547985
8782383
9494369
9557254
9503214
9467300
9476267
9161415
9548241
9485056
9251411
9889697
9467295
9620288
9691761
9376921
9386021
9512176
9251277
9511888
9628817
9206485
9530287
9440050
9350003
9269316
9431047
9269114
9547696
8999090
9638005
9466822
9710003
9727913
9502559
7873715
9090071
9269391
9539003
9494137
9439878
9457819
9538880
9575147
9215111
9484748
9565819
9394692
9682681
9772784
9439895
9790792
9547945
9457937
9350130
9314684
9485230
9458267
9043894
9359258
8846593
9305742
9521420
9503104
9466842
9413151
9422247
9269291
9359353
9475805
9467524
9368533
8919031
9333083
9413781
9323125
9260385
9342349
6171913
9269859
9476151
9467154
9062492
8738369
9431370
8918690
9412862
9242570
9655852
9395073
9305162
9637922
9368211
9494148
9358870
9304820
9728034
9458271
9494119
9691711
9251364
9467176
9431928
9485242
9512062
9637896
9088734
9610696
9565582
9233578
9251443
9260236
9395214
9125546
9773067
9259991
9430697
9350503
9584146
9350362
9512394
9287661
9467334
9467555
8657391
9701102
9251496
9476163
9224687
9152777
9728347
9467296
9359275
9261310
9233176
9692086
9430679
9332316
9773130
9467026
9098588
9206670
9296500
9008384
9395560
9269350
9673706
9323436
9377452
9044162
9584252
9072022
9458239
8899461
9188176
9790689
9368583
9133752
9584516
9476219
8900923
8567765
8774717
9377819
9376807
9458605
8631467
9278564
9188607
9189158
8972614
9287503
9017920
4504816
9153003
9557586
9116546
9233147
9305590
9467566
9071673
9277730
9358941
9485521
9593164
9332180
9404247
9187890
9475917
9521378
9682879
9665237
8899834
9700985
9673756
9583888
9286893
9277769
9538956
9341430
9358853
9277786
9089222
9269448
9332181
9268838
9799627
9268897
9484954
9331930
9790763
9377283
9592565
9700742
9556761
9601732
9493460
9682826
9485037
8819110
9376733
9269408
9494057
9386302
9475764
9457937
9575131
9439927
9422524
9421802
9287537
9377329
9476344
9008128
9377635
9233084
9467043
9368498
9638341
8828214
9377458
8873484
9457948
8864699
9332088
9485147
9476523
9206337
9197922
9467261
9494080
9161523
9530340
9314279
9412998
9359666
9215246
9566253
9467411
9179352
9647177
9395732
9404443
9386582
8854955
9215604
9377275
9098593
9449541
9188378
9485338
9008316
9746114
9062254
8846581
9017469
9521042
9278577
9485352
9467416
9656462
9349928
9170418
9359113
9529895
9350462
9205711
9583981
9682976
9215389
9539467
9099110
9620141
9655904
9260517
9287465
9215341
9449331
9314579
9233320
9439981
9224340
9368239
9602045
9476173
9484548
9485073
9709813
9323520
9179104
9233062
9538932
9557088
9484961
9188828
9539495
9305223
9421973
9394953
9538926
9376910
9637979
9448930
9169723
9007404
9286938
8908690
9116156
9305165
9691873
9655939
9322939
8692193
9548439
9413056
9583868
9367695
9376877
9196506
9152038
9574941
9160658
9169923
9493876
9152204
9628805
9611005
9538845
9430941
9655863
9241867
9502736
9475924
9574884
9107909
9566234
9170111
9412821
9673904
9287008
9493816
9664817
9187364
9574866
9718930
8881240
9583885
9502841
9682735
9583670
9619933
9781699
9484800
8718827
8899164
9502806
9574872
9385899
9241759
9457978
9799678
9386005
8909202
9133837
9583916
9187997
9583900
9502909
9619958
9188108
9611019
9592951
9494148
9394705
9574889
9098022
9304549
9403598
9286446
9349920
9485560
9476050
8304755
9448937
9673825
9394854
9583754
9511827
9547972
8593102
9242168
9493995
9376881
9574884
9656003
8872486
9620044
9502788
9673902
9880702
9664942
9637860
9511989
9682895
9601993
9512060
9583891
9691725
9422029
9763897
9592743
9646921
7503379
7215286
9556770
9412906
9682778
9575009
9349974
9070866
9313790
9484908
9574939
9898721
9134048
8493768
9638129
9691870
9242007
9475991
9466827
9853899
9466945
9538910
9161173
9673757
9835843
9287087
9475777
9430925
9404054
9242109
9088904
9610957
8927023
9475947
8936136
9313896
9655816
9727882
9745936
9493939
9646883
9340839
9403803
9566045
9547856
9754892
9556898
9403672
9556936
9034883
9062059
9196836
9440055
9602230
9440387
9260076
9341093
9431174
9035404
9682956
9548040
9421864
9718995
9683241
9196948
9637882
9386635
9413488
9179359
9466974
9377063
9512023
9197035
9511855
9655866
9628907
9727863
9260115
9160953
9547960
9421913
9511966
9772866
9520932
9745776
9385824
9134025
9215084
9188020
9484886
9745839
9413063
9484889
9458001
9422036
9574967
9530012
9367886
9637900
9331919
9304947
9457880
9745828
9511841
9413024
9565981
9278053
9449083
9197026
9322892
9377049
9134146
9170346
9449464
9341427
9449271
9547974
9134156
9619727
9512411
9269461
9449412
9323379
9224548
9305253
9548379
9395645
9404443
9062396
9395244
9044485
9521373
9116377
9305606
9260874
8982018
9206653
9170273
8982210
9287537
9269541
9647204
9709964
9089740
9188294
9332393
9422110
9315048
9503170
9188907
9197498
9053491
9242770
9548903
9395767
9152525
9467442
9178900
9207103
7171957
9495080
9180110
9197513
9423089
9045157
9494925
9422204
9242880
9377814
9045341
7604194
7603906
8865563
5802446
8891900
9440338
9107921
9359806
9233147
9269346
9144413
7594240
9413675
9664881
9071795
9287426
9377577
9143283
9548205
9386180
9466918
9593223
9296090
9295849
9413169
9611026
9457988
9502928
9682745
9071292
9179724
9718983
9781788
9187309
9368039
9754875
9394960
9467181
9673824
9575083
9466948
9620107
9440133
9475805
9575189
9341093
9583724
9574979
9475750
9368216
9295892
9530029
9556989
9332135
9350115
9314243
9593154
9376839
9601900
9367894
8980353
9592870
9682948
9502926
9449128
9539000
9629120
9368117
9376956
9530065
9467079
9413551
9431403
8748157
9611359
9359811
9539340
9548436
9241944
9378032
9108247
9036443
9153014
9242813
9512432
8991356
9215857
9107863
9351340
9135340
9422545
9296587
9107547
9323345
9512482
9665223
9440227
9602511
9521717
8936529
9602187
9422227
9467308
9008456
9080488
9431564
9620114
9557623
9035273
8304774
9503136
9449147
9638120
9224641
9475921
9305541
9053381
9521110
9296285
9467509
8486063
6774486
9458612
9629156
9251474
9044904
8918113
9215683
9215249
9341350
9575252
9557260
9323518
9287318
9466816
9368287
9305223
9485192
9026630
9719162
9269552
9431456
9070589
9539077
8882363
9188351
8945708
9080302
9494292
9017980
9476661
9323579
9296531
9359781
9341448
9620503
9143380
9188516
9269689
9404114
9476443
9224581
9494775
9062871
8837731
9341505
9467407
8999586
9251278
9683415
9404006
9341134
9512230
9557234
9350465
9278408
9359108
9260451
9179372
9179653
9601880
9143447
9377646
9242325
9323235
9620040
9314523
9134149
9781875
9494129
9565574
9314122
9269470
9395225
9619885
9214940
9493935
9457996
9682882
9304783
9475899
9458015
9377129
9250573
9457903
9610921
9322994
9358977
9691791
9511709
9403671
9358843
9601741
9440039
9493802
9664937
9475919
9844977
9538963
9493941
9700691
9484867
9169863
9556644
9592620
9574832
9367781
9376822
9592750
9484739
9664791
9772890
9466850
9772803
9682678
9449058
9574846
9277569
9484756
9601967
9044057
9376891
6936820
9548477
8278921
9475894
9097901
9260157
9592791
9700742
9565857
9395127
9583875
9880727
9691763
9466978
9727880
9781867
9278046
9394805
9098173
9691891
9790751
9583980
9197025
9700867
9664938
9611117
9556986
8980715
9422060
9457837
9494049
9440462
9655968
9206423
9206140
9394854
9286791
9475948
9170135
9305571
9593079
9628923
9440007
9403948
9187898
9404030
9485017
9548038
9592805
9287079
9592759
9385923
9556993
9394835
9376892
9781808
9062004
9566038
9781866
9484940
9557043
9655832
9278038
9431047
9170354
9709957
9584052
9485032
9547797
9134127
9458026
9296191
9377015
9448962
9521199
9395204
9314067
9259972
9475938
9673928
9574913
9431439
9142982
8945555
9664862
9394826
9772840
9143578
9682921
9853843
9610911
9287075
9647071
9125102
9664895
9583854
9512085
9368429
9152373
9215030
9098165
9269417
9557072
9224232
9314333
9305553
9377075
9206344
9404738
9188201
9458491
9467528
9215029
9655896
9422107
9422058
9592902
9665052
9449655
9224007
9341084
9350124
9368135
9457900
9547922
9421875
9080224
8991212
9233481
9538998
9215369
9521478
8954390
9296542
9098406
9700728
9395200
9593235
9143398
9458064
9484812
9440260
9521534
9368230
9089478
9458419
9584625
9295684
9179313
9197674
9395181
9494221
9512618
9575267
9754968
9422100
9188020
9233194
9197650
9521460
9179739
9431421
9152568
9296550
9385776
9521566
9458387
9377786
9485680
9547996
9557320
9332650
9467366
9125030
9395695
9206619
9224471
9449899
9197493
8864653
8900517
9377650
9241814
9431541
9305470
9467738
9170703
9044522
9296607
9071740
9458737
9647729
8819929
9359246
9278205
9439922
6512665
9062529
9475977
9296097
9187733
9763955
9350078
9124854
9521268
9034956
9682790
9719045
9233607
9512431
9071683
9134376
9484735
9674617
9503206
9269789
9656329
9359382
8990569
9431430
9197608
8783285
9889732
9772738
9377784
9467274
9682765
9871829
9394918
9467114
9151876
9349832
8927138
9385924
9080438
9403737
9268870
9484878
9781829
9313760
9575033
9574988
9367742
9143366
9341349
9314168
9089533
9647104
9034908
9224344
9377179
9763764
9071338
9296123
9394970
9026315
9143056
9610945
9269266
9656190
9269832
9233382
9206108
8999439
9062561
9386263
9476288
9008350
9431077
9350252
9152214
9179377
9278558
9260271
9215682
9287649
9341442
9296282
9503279
9413236
9206750
9521393
9332463
9431678
9000028
8981465
9188298
9359480
9260227
9017436
9512634
9341578
9413436
8792769
9620442
8882654
9449277
9116318
9557361
9116617
9197014
9197641
9125257
7981205
9323704
9593268
9242358
9485238
9332442
9430945
9476201
9449328
9503130
9287218
9250923
9197237
9170331
9548387
9413447
9485574
9430993
9242381
9323097
9340863
9314460
7377965
9412990
9466965
9215593
9485042
8619925
9521565
8981817
9790781
9440716
9359102
8918500
9494180
9602083
9296383
9340952
9269635
7431930
9413225
9035575
9287048
9305210
9225060
9439969
9494121
9647223
9331903
9494065
9143441
9520976
9656187
9637903
9728041
9547968
9476123
9368292
9835888
9503187
9368395
9467403
9449236
9620049
9341080
9422165
9395092
9215596
9620176
9196962
9035155
8485783
9350015
9628983
9728310
9359463
9593471
9692108
9440163
9430897
9520992
9161235
9197889
8495549
9341453
9053726
9108231
8918889
9386750
9440758
9107944
8972963
9611136
9620460
9053877
8981928
9277940
9503586
9071405
9405185
9035927
9009187
9521899
9089978
8784155
8954830
9035846
9485955
9575241
8683863
9745824
9422574
8937192
9179257
7097920
9160936
9646939
9116166
9224165
9431059
9656232
9179451
9376674
9061371
8296049
9557228
9413083
9431013
8972581
9214687
9494040
9350400
9538872
9206250
9440339
9547842
9556707
9547937
9413025
9431366
9277963
9376828
9799632
9476198
9368336
9394772
9412866
9161233
9376821
8764315
9394694
9187997
9620110
9286828
9601799
9323022
9322948
9781824
9565863
9592675
9565809
9457625
8962624
9475865
9538971
9565818
9350165
9683042
9493513
9619812
9700990
9421933
9430934
9304792
9574885
9466834
9629054
8079944
9493680
9574912
9691768
9484793
8809171
9484707
9259751
9268981
9565820
9682751
9556896
9457925
9151646
9691753
9295776
9466747
9457676
9898715
9367759
9088303
9196414
9097320
9376865
9790720
9592648
9547769
9467269
9340997
9574719
9395199
8504750
9206911
8414530
8990783
7828849
7585437
9305152
9583859
9601680
9395155
9412905
9718996
9665271
9089643
8972746
9764051
8999806
9170536
8856385
9009217
9062841
9386884
9404854
9179840
9216330
9117147
9467377
9251668
8874134
9324295
9359622
9306138
9215473
9530867
9027469
8955431
9377498
9395212
9377305
9547829
9215883
9089406
9170669
9431360
9736945
9466807
9053904
9449715
9323131
9143232
8748201
9745926
9197628
9323688
9530574
9467650
9611102
9170691
9008867
9485842
9197587
9656324
9269164
9296708
9368228
9449029
9340875
9530796
9538844
8837718
9089147
9538959
9466801
9152242
9403824
9277907
9565945
8963962
9683165
9215052
9098242
9484960
9664797
9188901
9179493
9422103
9431243
9403824
8899092
9880700
9106238
9493705
9232925
9601710
9367587
8989973
9440309
9277627
9322909
9250978
9394502
9458281
9592828
9574931
9638072
9673885
9799959
9269085
9619928
9367646
9421977
9484832
9647269
9682849
9404130
9359234
9530027
9610971
9385856
9673649
9277920
9583696
9664969
9467207
9089574
9494125
9431028
9395649
9521069
9611476
9566532
8540728
9287298
9232991
9692529
9512763
9530522
9593068
9449310
9485009
8079827
9215586
9332777
9224623
9575248
9134172
9781736
9359676
9359194
9574911
9394685
9278526
9106659
9530336
9295696
9583787
9754852
9871717
9583802
9601967
9457823
9502628
9367957
9583828
9466932
9466957
9206227
9305432
9548401
9287538
9188140
9170228
8999978
9233538
9206937
9431774
9395650
9440250
9413211
9286735
9126000
9107708
9566216
9242617
9062924
9053980
8693998
9233840
9503888
9368995
9503824
7873966
8756901
9539447
8234629
9333050
9458641
9224327
9251214
9449275
9557153
9251276
9259683
9197604
9548616
9260489
9314642
8863242
9592981
8989276
9548328
9233320
9097644
8900061
9646921
8007757
8890470
7998421
9709912
9070491
9592650
9736894
9457923
9016419
8376980
9457971
9269183
9530070
9503196
9467203
9233103
9557068
9754853
9485019
9359134
9682895
9386439
9422419
9161383
9413281
9592956
9656051
9458258
9278674
9592896
9269328
9574934
9701129
9377702
9548348
9224391
9809100
9260129
9071564
9565910
9719109
9413118
9728023
9044875
9565794
9745878
9683096
9440026
9565749
9349878
9529986
9440362
9449321
9088635
9053759
9574816
9467208
9592941
9439900
9565871
9638033
9359521
9314642
9602481
9674508
9323471
9323215
9467589
9701468
9359582
9278630
9323398
9295866
9583826
9601698
9691679
9314102
9620122
9386118
9205381
9278644
9449041
8972990
9683222
9089609
9368404
9224845
9053430
9134804
9017478
9332814
9314844
9638331
9287582
9027001
9423097
9116805
9341627
9197995
9458712
9574893
9295427
9503269
9107274
9458630
9350380
9134307
9125789
9098625
9241978
9413194
9215415
9341476
9440700
9142819
9440140
9539779
9404556
9305087
8991334
9116384
9170764
9242581
9089555
9071894
9252035
9593884
9395569
9296287
9656346
9044598
8991033
9045132
9098876
9378020
8982075
9242780
9242695
9242977
9440474
9494555
9278414
9413494
9125422
9260715
9098718
9440122
9449462
9152491
9368323
8936776
9314531
9440683
9350421
9341167
9116717
8630638
9350715
8972561
9287323
9440456
9170120
8756866
9557586
9404216
9386355
8747905
9188250
9296163
9341387
9620309
9404239
9566310
9099234
7892277
9485409
8810606
9062644
9557962
9224746
9143485
9422378
9494351
9692085
9593164
9152418
9098262
9224284
9485096
9556777
9449252
9314665
9197281
9368835
9053489
9323212
9188974
9494202
9215430
8630126
9143716
9332152
9134063
9394624
9296363
9386028
9305130
9548223
9386056
9638028
8980425
9287222
8918843
9395381
9341437
9206548
8801121
9045045
9422298
9574963
9242477
9431039
9629029
9467040
9386085
9188202
9772985
9736858
9125108
9593089
9449391
8936780
9126029
7792653
8676227
8729033
8278743
7630497
9035000
9026302
8675245
9440395
9422348
9476234
9125224
9341745
8838119
9395260
9044106
9008274
9242070
9809052
9494151
9368465
9314910
7279725
7153459
9395342
9458171
9422237
9098000
9700796
9547909
9115684
9314078
9215051
8394938
9377071
8801029
9278129
9395011
9709963
8998583
9079934
9395002
9574638
9574869
9457845
9232908
9277866
9377251
9449177
9799758
9736886
9151935
9691965
9475936
9385822
9331877
9368176
9115596
9476115
9206271
9727975
9728024
9278073
9179228
9323128
9557142
9800030
9682842
9394630
9395207
9475780
9512121
9440003
9485132
9458328
9368324
9161482
9476188
7765360
9682761
9484683
9233251
9385812
9655837
9349903
9170151
9547892
9583977
9583884
9367990
9628916
9521302
9592967
9458207
9539077
9646959
9359083
9197083
9512063
9592754
9304848
9142929
9583964
9880894
9898801
9691724
9484875
9376686
9367992
9583951
9485174
9502750
9592750
9368049
9376800
9682902
9152187
9692023
9728157
9584062
9601922
9556950
9502772
9430991
9701092
9466857
9260195
9367900
9574750
9449041
9565982
9188077
9484881
9566066
9070592
9683098
9277991
9466883
9493833
9484830
9449103
9196635
9493872
9502806
9466959
9386059
9880869
9394975
9736949
9349912
9286975
9359110
9475755
9431038
9583798
9385851
9673978
9646925
9359015
9484931
9295943
9565983
9574825
9493865
9673895
9781816
9692060
9358968
9214995
9548094
9295847
9773026
9637909
9377087
9602058
9377110
9259807
9115916
9691864
9169949
9287021
9395252
9359073
8791391
9512026
9205667
9493877
9484911
9547893
9503028
9484850
9520981
9503043
9574975
9178975
9637974
9332021
9629071
9503012
9574936
9628996
9629011
9062076
8756120
9566042
9610948
9799953
9512139
9502856
9386397
9593042
9538912
9727775
9476102
9575024
9592798
9467307
8999180
9449062
9602050
9278316
9386062
9133959
9368207
9664925
9260131
9332010
9323099
9170256
9404059
9520843
9467032
9332042
9566023
9232721
9430907
9709604
9611077
9494208
9611022
9431056
9466963
9359169
9719183
9593052
9530087
9673743
9638060
9547908
9466980
9287438
9673945
9610928
9511966
9683233
9637902
9727897
9196975
9754895
9286908
9377018
9323226
9484966
9673812
9386082
9331847
9592881