6082555
5642012
6785367
6605586
6136991
6505934
6947585
7243808
5660250
6785747
6875283
5389867
5605936
6101924
6191332
7028997
5920465
5317596
6056275
6335284
6687001
6569389
6416380
6768139
6704473
5983763
5777264
6515848
5822173
6371528
6533543
6893921
6146313
6605865
6254304
6217903
6011652
6380215
6506612
6380066
6740429
6200092
6380702
5956705
6506772
6362199
6641276
6218022
5795085
6956099
6722674
6371311
6137594
6407822
6695234
6533244
6209280
5768070
6281561
6731470
6254517
5911884
6947344
6352849
6371087
6443148
6623502
6551516
6362469
6290203
6838842
5920998
7460627
5876407
6614291
7019607
7028274
6938703
6767006
6047212
6920350
6092221
6866972
6407342
6209408
7101050
5497434
6461488
5858335
6515472
6884587
6929526
6200162
5894062
6344752
5786139
6317721
6353209
6542413
6128516
6676913
5443715
7217608
6028897
6082969
7415675
6641222
5875679
6551271
7127835
6722470
7127547
5506880
6524788
6839915
7136970
6191105
6280754
6227287
6199563
6425203
6551564
6263257
6703980
6199750
6092342
5677247
7037138
6452480
6200018
6461461
6704157
6533582
6254669
6182075
6083198
7415640
6605447
7163793
7262057
5921230
7334571
5993339
5975115
6019956
5911672
6560153
7055489
6595856
6236087
7145847
6290052
7064616
7145602
6263081
6695602
5876285
7127743
5786155
6596196
6308054
6208902
5092701
6334909
6542650
6866677
6452414
6542292
6308942
6335640
7280629
6154938
6875573
7055781
6362407
6380520
6191037
7478423
7118583
6569541
7172600
6893062
6884576
6398482
7190365
7064723
6100608
7379600
6434075
6631882
6596413
6803781
6847897
7802696
6794415
7523495
6110077
6605878
6497424
6470064
6218088
5938941
6155165
6677714
7145857
6776651
6803822
7153626
5344528
6974761
6848806
6046756
6695589
6884250
6596757
6155056
6884004
6497103
6533917
7325413
7280085
7802335
6551647
6299214
7343804
6317346
6254051
6227291
7145312
7019490
6767443
6524316
6199939
7505535
6380284
6983105
6920670
6983567
6623334
6514839
5650806
7190304
6416102
7082147
6109975
7280538
7469308
6388979
6902663
7298522
6118863
6866691
7235847
6073829
7667623
6631660
6407503
6695566
7118799
7172307
7226690
6389052
6461498
7010513
7370871
6451985
7298661
6820831
6965814
6092237
6848716
7253640
6623125
8225517
6920342
6136916
7397557
6668675
6722596
7127474
6371373
7424666
6596196
6767145
7163268
7370666
6929186
6658917
6866126
6533320
6524266
6488829
7055769
7262422
6479390
6929242
6875575
6911075
6632276
6739854
6542917
6433989
7046481
7172622
7217624
6542468
6569227
6398076
7577457
7118071
7163460
7109325
7055391
7244842
6614185
6389137
6227287
6911697
6677468
7082445
7064426
6578414
6983589
7505973
6164427
6325891
6353471
6983556
6578143
6974683
6407465
6776355
7280336
7946304
6794283
6605604
6370937
7388391
7541761
6785498
6965803
6200200
6695677
6776197
7181180
6695333
6614412
6875263
6343670
6983021
7064792
6803283
6812371
7018968
6668385
6839987
7533054
6893133
6929516
6776867
7010198
7550654
6461560
7100428
6596197
6163955
6209179
5921150
7424723
7550538
7415228
6740196
7505526
6416235
6893514
7253413
7532655
7568957
6434402
6983222
6524259
7163372
6362198
6335057
7361540
6965516
7136463
6452456
7154164
6812775
6119000
7172535
7037861
6541935
7028196
7181616
7091363
7577247
6839675
6839311
6407141
6641469
6083228
7190276
7281078
7577455
7919860
6884785
7099870
6911612
6335068
7784561
7055432
6299259
6515133
7001405
7793076
6452209
6776468
6641323
6118913
7388305
7074034
7253962
7055381
7046017
7874799
6794368
7874734
6290164
7055673
6785548
6794258
6596048
7425140
7586462
7343731
7100051
6172975
6793938
7172304
7460252
7478383
7424492
7010280
6604907
7118179
6713571
7001720
7045863
7001415
7487079
7272006
6911194
7352660
7046367
7361549
7073067
7145203
6749554
6731226
7712887
7181579
6991918
6380204
7460473
7361347
6947552
7676525
7361307
7163544
7154423
7388524
7559898
7487779
6668212
7379373
7370148
7549929
7019606
7217524
7226784
6631712
8054404
6622777
6587063
8162592
7829405
7838704
6983579
6938595
7172603
6677379
7433402
7262886
7055246
7289665
7244741
7136282
6920547
6695247
7568704
7063956
7154493
7208334
6731427
7217160
7785077
6802951
7406367
7091740
6749414
6497030
7181516
6983344
7082556
7253543
7117969
7910244
7549643
7109499
6956513
7343561
7469665
6614033
7397333
7001373
7271508
7227125
7063991
7217472
6614481
7361551
7775796
6749397
6848307
7577697
6821185
6848288
6686050
7361052
7397083
7217672
7451177
7694501
6533300
7289021
7127154
7451626
7892432
7280459
7046475
7190375
7514533
6614284
6695362
6649963
7721970
7262483
6676727
8108420
7019111
7469675
7910650
8099250
6605450
7370341
7541730
7388083
6659171
7802575
7298725
7343873
6515348
6317237
6731412
7055355
7334861
7982409
7406444
6956607
6947252
7262460
6767408
7028398
6442864
6379703
7469561
6911463
7388344
7811723
6731661
7010385
7207990
7325298
7145741
8081391
7766163
7190502
6820523
6920123
7109489
7820735
6434656
7991450
7145261
6983270
7460316
7613572
6929330
7325852
7397274
7226217
7163217
7172390
7118372
7271804
7856679
7514393
7208519
7172546
8153751
7820694
7181819
6992538
7676345
6883900
6974925
6794465
8045565
7496961
7829498
7406230
7262512
7001489
7397129
7478190
7378893
7577177
7919343
7559755
7640858
7757975
8126746
6469860
7532590
7630854
7180564
6559543
7865563
6560304
7478399
7847324
7298035
6911409
6488189
7343289
7820183
7280315
7991308
7379361
6785431
7838574
7865608
7406448
7127420
7613627
6974812
7109410
7991633
8063105
7937604
7136639
7316729
6578192
7568357
7577604
7523318
7325368
7613167
7604610
7505504
7937233
7109298
7973713
7973630
7190181
7244762
7505711
7721519
7154146
7820439
7451217
7262190
7514526
7874328
7631523
8567688
7676417
6443302
7135735
8027368
7829200
7343327
7109320
7748628
7424363
7631424
8090547
7721719
7460551
7649325
7523263
7477996
7334583
7199097
6992342
7559148
7054550
8018560
7361580
8018206
7406057
7379411
7964133
7677281
7874272
6758228
7639920
7712357
7379380
7639968
7748586
8198065
7316388
7352963
7873957
7874109
7352068
7649300
7685549
7901698
7271558
7451253
7757612
8045150
7838381
7631411
7433853
7820299
7442370
7154416
7432821
7631737
8198356
7613931
8161748
7757425
7586385
7982485
7433193
7820422
7766471
8594434
7514410
7442959
7946346
8072419
6605141
8198413
7343687
8108476
7063881
7775199
7172679
7460592
7919694
7324932
7460646
7360996
7577758
7829527
7424170
7865336
7640545
7055400
7298267
7838454
7631506
8117405
7703381
8153609
7622367
8144302
6982970
8126637
7595629
6883924
7721833
6803368
8081194
7109603
7676320
8072742
7362029
7415185
7757350
7523635
7631355
6938342
7954796
7937199
7145558
7955273
7856248
8144503
7685592
7496496
8045533
7577191
7505428
7991520
8234745
7829109
7631905
8513396
7811777
8099939
7748174
7532668
8099279
7739630
7856258
8081442
7343856
7541780
7775509
8396041
8063531
7522678
7613392
8261622
8000038
7316632
7937031
7496020
6812116
7928562
8054299
7982158
7253581
7334375
7424438
7199026
7955391
6911435
7270620
7334161
7811205
8233978
7730855
7694780
8558375
7857144
7109520
8144335
7946402
7721181
6821672
8153406
8315626
7631936
8153231
7235794
7667072
7973059
8459525
7919253
7613404
8585690
7361359
7819844
8477543
8081485
7514756
8217069
7262396
7388722
7910280
7532540
8080700
7469404
7334824
7640685
7253735
8423216
7901656
8387589
7802470
8000801
7784439
6776458
7829067
7856805
7631695
7784154
8207561
6938598
7487203
8261151
8387297
8351090
8180502
7758028
7838373
8009246
7415439
7478652
8351590
7892249
7649451
8000583
7073663
8270351
8063125
7874152
7621713
7460145
7586291
8369235
7982367
7253098
7883692
8054037
7811845
7784391
7703520
7451365
7811399
7316063
7325624
8117470
7937291
7793474
7073234
8054095
7478607
7730219
8135396
7406411
8063712
8252713
7631683
8396449
7901477
8360481
7748905
7928441
8198617
7451118
7595283
8387367
7928402
8558254
8558005
8017913
8135552
8468208
7990970
7127705
7594966
7973365
7415536
7874391
8090073
7640450
8242969
8144793
7730342
8279336
7766803
8198377
8099114
7531933
8081220
8153260
8387419
7820951
7919993
8000130
7433325
8090610
8441334
7667445
7927865
7442460
8135291
8090365
7568379
7829277
8189643
7496328
7864981
7910412
7469298
7739846
8010052
7955444
7685446
8243594
7928267
8567239
8108422
8405525
8180469
8252307
7622764
7118422
8036084
7973491
8495949
7883432
7802615
7928417
7056202
8306273
8009563
7928333
8396033
8413867
8315390
8189739
8144150
7955324
7379642
7974038
7271242
8252481
7927867
7992549
7622021
7919251
8576103
8468763
8431956
7487125
8234328
7559329
7765873
7748324
8216997
8585150
8279184
7820227
8027735
8162177
8378632
8072695
7406504
7685187
8675083
7793665
7379081
8748200
7820784
8162299
8279422
7298826
8000470
8756060
8279558
7567956
8009147
8333243
8135467
8252238
7775275
7757181
8171577
8243311
7847001
8450778
7892318
8234297
8324436
8477661
7216743
7883031
8333465
8027481
7360750
8396233
7829221
8603683
7596161
7127058
7937243
8333151
8261098
8225852
8720491
8306709
8171114
8153725
8108434
8207124
8225359
7811000
8225644
8090646
8081803
8144968
8072172
7379343
8288675
8306469
7937208
8297782
8189889
7775647
7739247
7775705
8153886
7829186
8063594
7947201
7820883
8297422
7955585
8091252
8549480
8405445
6902265
8045550
7118890
7774906
8189113
8000550
7947102
8666488
8189522
8198804
8198429
7946673
8378488
6307949
8135912
7749012
8413847
8359759
8882121
8603420
7865863
8387196
8109140
8432538
7973999
8333335
8297510
8099474
8675546
8486034
8414353
8738519
8522088
8602709
7442007
8738458
8342480
8522735
8405491
8872960
8486661
7972753
8440697
7685273
8450315
8459618
8576631
8099357
8207617
8351004
8602988
8756598
8396038
8693131
8513570
8172453
8315745
8450348
8819570
8198563
8414715
7901098
8621084
8576686
7937097
8198312
7703176
8819367
8720458
7632217
8801410
8252741
8693275
8414587
8396782
8477050
8477431
7694678
8134599
8225025
8306642
8387540
8792288
8117258
8342052
8306395
8387242
7352864
7928184
8324405
8837855
8315364
8332642
8297394
8135105
8548981
8540367
8351709
8413483
8558013
8837181
7983067
8683924
8593731
8378023
8378672
8774356
8531340
7748097
8540329
8270416
8234538
8756388
8387110
7730125
8019045
8756382
8341967
8477640
8306541
8945523
8621606
8630011
7848080
7542046
9016899
8513232
8909281
8342268
8567550
8756409
8567499
8396942
8314950
8872960
8855888
8450040
8603506
8414155
8225094
8108728
8189557
8891883
8360806
8620847
8495253
8234234
8289183
8846396
8540132
7919707
8647758
8477224
9079998
8792376
8531284
8648274
8414173
8683830
7748236
9043835
8324097
8045520
8441306
8378186
8351078
8953967
8432367
8558166
7856752
8261676
9053494
9116175
8458951
8360325
8459306
8342345
8558946
8225532
9331741
8540110
8577300
8621532
8567194
8135480
8810084
8180382
8495198
8009348
8783487
8017918
8738443
8944928
8053864
7902058
8918535
8847038
7973373
9161366
8927184
8531457
8629917
5397431
8648351
8944739
9035249
8990098
8432012
8621509
8251947
8459663
8846536
8846106
7829298
8621169
8099225
8782583
8846638
8963720
7738729
8891217
9061396
8783195
8936093
8936084
8936517
8675303
8693474
8710619
9224040
8315472
8459469
8666139
8414427
8144174
8540146
8900226
8594156
8486017
8738175
9089264
8126250
8657387
8207121
9080090
9142980
8990104
8585209
8468112
9035027
8477234
8647945
7982128
8621201
7802786
8341915
8360485
8324538
9008112
8954609
8918204
8396119
8522333
8891199
8404926
8603356
8765315
8270737
8081477
8918129
8396543
8891101
8431823
8612535
8199032
8603434
8548750
8801014
8864595
8810123
8612321
8629889
9206073
9052750
8504575
8702596
8504033
8756365
8891256
8251622
8819417
8522382
8882372
8989934
8701872
9098162
8711166
8432672
8260712
8692724
8648496
8783190
8387528
8584973
8207323
8729438
8818235
8386841
8612288
8954045
8639369
8576573
8657276
9152326
9044661
8450598
7702806
6919254
8152822
8918644
9134095
9035175
8810471
8971825
8342543
8549260
8361189
9053623
8288734
9106829
8270217
8819696
9089279
8522753
8837545
8585813
9106922
8559034
8405899
8810378
8350961
8504776
8611705
9134588
8099993
8153916
9142904
8756173
9224282
8864436
8432003
8963364
8855033
8423721
8378516
9080399
9044017
8908859
8846235
8360595
8629536
9017083
8135583
8845728
8738459
8495327
9241862
8774614
8575195
8675858
7578127
7902427
8486816
8774672
8909964
7820197
8405518
8837346
8467854
8900237
8773568
8630060
8828452
8612181
7099833
8998614
6955984
8854589
9089338
9134236
9151873
6368914
9043688
8386732
8657156
9521023
8638986
7683706
9106895
8818776
7900758
8449324
9331894
5801078
8603780
7315550
9224206
8017364
8793045
9170242
8945147
7656998
8026697
9251464
8557716
6855187
9061999
7566983
8773855
8566998
8846217
8936189
5963850
7567389
7260699
8828095
6675066
7983001
7909613
7234775
6018094
8900355
8269090
4631822
8396380
8863554
7476517
4117293
8251940
9574847
8098258
8926942
7368243
8998742
9115979
9169898
9133903
9322741
8170083
8449754
8521710
8333924
8918002
8737205
8980807
8971595
6476899
7477160
7864082
7494936
8080070
5909283
8638843
9052729
8729105
8125976
7485089
8197018
8845742
8971622
9179045
7593365
7737996
8872801
7406929
6701855
6585031
9125895
9368040
5702234
8729861
8151841
6351305
8684282
5964291
7639579
4280809
9017542
9242203
8872786
9682639
6350869
8755760
6567062
8224344
9350148
8665680
8962583
9043895
9214942
5801249
8953809
9367758
6386441
9133868
9268522
8872615
6279132
8440448
9044191
8601578
8836838
5784146
9376620
8639023
9215190
8268827
9259908
7638677
9052437
9574765
8881558
5215665
9466747
6017333
8360869
6872892
9655699
8890276
8989471
9070780
8502807
5513018
6017199
8854527
9151889
8566453
9565631
6368492
9259572
5873110
9223814
5791891
9070713
7828360
8774433
7386828
7179244
9007973
8017913
6468612
8702674
5972321
7773434
5566773
7883129
8286678
7314322
9431067
5341347
9079480
9574918
5684382
8170078
9349832
5999154
6359975
5361532
6757371
7008014
9385640
9224072
9359433
9376629
9304578
5873251
8196676
9385748
7350504
9493733
7368334
7476514
7314016
5766565
9548417
9448611
8791287
9160434
8448920
7484961
9016111
7872377
5404468
9286445
8665741
6422006
8955010
8170608
8782158
6530571
6899923
8782309
8809185
4747282
9448565
5909727
7674224
8403708
5044160
9107276
9196878
6720028
7818438
9070458
5593942
9349844
5782969
9368217
8557047
5792507
8692067
9574707
7899624
6665930
8071954
8854474
9079817
3747920
9520878
6395707
9169831
8673966
7675014
5737530
9205368
9376627
9304519
8494639
9655828
7899484
9178144
9700576
9061840
8781927
6782774
9259248
9025888
9079198
9556759
9493766
6936785
5115935
8773101
8800370
8584038
8899344
8575441
8773152
7989463
8656112
6683750
9556869
8809517
9268480
9269743
9368299
6935888
8162273
9295449
7413213
9583619
7368309
9574574
9367659
6800450
6522158
7684699
9197603
7215222
6593578
9385753
8512116
8376916
6477343
6323139
8692045
9385412
6701710
8593874
9206094
8648322
9070882
8584434
9682696
7989238
9583919
6764410
6035526
4586176
9367740
9016116
9205289
6719294
9484835
9295287
7809655
9215216
8889971
6422319
7692050
7430970
5034969
9592735
8791086
9215362
7522141
9215418
6629354
8502751
6719249
5035256
6818563
9700490
5521374
6729320
9395328
6720302
9007123
9574651
9196312
9394747
9575067
9781666
8576113
5530481
7190084
9286750
9700552
5305428
4935884
9799728
8890073
5647507
8404038
8890216
5440792
8205587
9278866
8846436
9799677
5314410
9583563
8484499
9403377
8773145
6836641
6322897
7421804
9394687
6430789
5422094
8601610
9691678
9700954
8908108
7529988
8610620
9494201
9215391
9295292
9799418
8502617
9889422
8304415
9907621
8098415
7350237
7314362
9709695
9592241
4755990
9808459
9493333
8592604
5233182
9682461
9205567
7099034
7520924
9214329
9799666
7206497
8746410
7593250
8205387
9763801
8845404
8269894
9565729
8520560
8441151
6549392
9746008
6927229
8025157
8421512
9007340
9674239
9502897
5746419
6340669
8115077
5044135
7729173
9799520
6458997
8655913
9889604
9204917
9097116
9214327
7233058
7331676
6926545
5242193
9808598
7223769
7521074
9907641
7133269
8016081
7430700
8863282
8061359
7628654
6412831
9907645
7709922
6431058
8610465
9114816
5440028
8520573
5341153
7836714
8124100
9898644
8638548
9574383
5845451
9593231
9907404
9808645
9601530
9287528
9907436
8412195
6215134
9907608
9304356
8259964
4477538
7394704
9907652
8817652
9303984
8278866
9719161
7891434
6674998
9467811
4755648
9808378
9808529
9808625
8520392
7034312
8016346
9907372
4953885
6340928
9656277
9907657
9114769
8610962
9808361
4953800
9213913
9907339
8322552
9511319
8421277
8412305
9799666
5548424
9709492
7619666
8782714
6935237
9411959
8619571
8916824
9610312
9312960
7331553
5647305
6737088
4854681
7331524
7818121
7368200
7719807
9213742
7034139
6926521
8511414
8718459
8907692
9907469
6133613
7331556
9889510
7628894
5539274
7628964
8619800
9773163
8808929
7331520
9709252
7709825
9610090
9114876
9746049
6801693
9412157
9907668
9799803
8241987
7926114
5151944
7628663
9611732
9665099
6718981
9114961
9907686
9006868
9520926
6737061
8322327
8106479
9098578
9511355
7826815
8412594
7520621
5746252
7826856
7430508
8322455
8916522
7115341
4557312
9403192
9114830
8619700
8223203
5647121
9709130
9114800
9709301
5043893
7926276
9808530
9898683
9601228
9907373
6827357
5350166
9808558
7818153
4953616
7232394
5151943
9601337
7738401
7313691
9907633
5539116
9898413
8466590
8313276
9907659
8502813
5287150
8997804
9808571
6935392
9213908
4656384
7925952
4944952
7628801
9907430
8718783
8016180
4755457
9907729
4755730
9808846
9898678
5349913
6737168
5151953
7430608
9511248
9790412
9907482
8971564
9114841
9907485
8817874
7619786
9898712
9610125
9907497
5142874
9907672
9412081
7926222
9907526
9907604
7817923
9898561
9790962
8278373
3738884
8305771
9808519
9889622
4458285
8709583
9889723
5737491
9312925
6043648
7331745
5143184
7322745
4953968
9907527
8619507
9907507
9898588
7331620
9214329
5440169
9808382
6638284
9007067
9700509
9808656
8124280
6133894
9808820
9709658
4944676
8619551
7232349
9907692
9610033
9773198
9898628
9016082
9898735
7034596
9907584
8223113
4755504
8907901
4855065
8718871
9006912
4944841
7124412
7133743
9907522
9907447
9115172
9755094
9898723
5944447
4656509
9808629
8916853
8143375
9412332
9557388
9223434
9610492
9205292
9412361
9907639
9799580
9214768
5053064
9907704
8520681
9799777
9016084
8016382
9709610
5845644
9601578
9214330
6935484
9907583
9015890
9907601
9889832
9898600
9808478
9907695
9115044
8718776
9907704
9592565
9511514
9898769
7133628
4063172
9898456
8421523
8610496
5548144
9709525
7926937
9142687
6638284
5548448
9412389
8718747
7628959
6638024
7926152
9907624
5944712
8520791
8917026
9412549
7331791
8718712
8115334
4755840
9799636
8421644
8718871
9907474
9592519
9412420
9115030
4854912
8421552
7818330
9511420
6737445
7718925
4936206
9115265
9214264
9907509
8223513
9115180
8619736
9115008
9214268
9313340
9016064
9313317
9106091
9015952
9016041
9610424
9907619
9610421
7124621
4954000
8124428
9799828
8214433
4954000
8818034
4755840
9187429
8619922
7917320
8016416
6638288
6377442
4854920
8421598
7926204
8818097
7629152
8511642
9313260
9403282
9115010
7629040
6827476
9700639
5746641
6638250
9898743
6142592
9601432
9115288
6629240
9205214
9907627
9205118
9016168
8376591
6241704
5935473
9015968
9304307
5044271
8106257
8421485
7629189
8223500
9115110
9907556
4845952
8313481
8223244
8619874
7629000
5539444
8124424
7917300
5053052
8313472
8115427
6440081
4854920
7322994
9907572
9016060
9700693
9619844
9115036
9511408
4936041
9898717
8223463
9907561
8520743
9601430
9907495
9412102
8817805
5449352
8817847
8916871
6926525
8520724
7727852
9907715
8610902
7827110
9709525
8502802
4755840
8124296
8916834
9114944
8124300
5341294
7331796
6935587
5035098
7430851
7034597
8421589
9214220
9880723
7529877
9907609
7529728
7917301
9412119
9412256
8511620
6737034
7809175
8809011
7430607
6440136
6737280
4954138
7430949
9412264
5350285
8322557
7331943
7430988
7034519
9610503
9808688
9808832
6422179
7629368
9016080
9790638
8817667
8421367
7331480
9907512
8313520
5350107
5836831
9061390
8683009
7360030
9898679
6629305
5737715
9808687
8124299
9898684
6241725
9187593
8709779
9124590
8160731
8638294
5837226
5927335
6710383
7665404
9647553
9818067
9817990
9701499
8179876
7990741
9188634
7494096
6989683
7882722
9593931
8378070
9377845
8189098
8269955
7972854
9620709
8288033
6909128
8809434
6837314
7837481
7891709
7981802
9485860
8944888
8287953
9647657
8071919
7792873
8241781
8396052
7702669
7981822
8189091
7891713
7891858
7990571
8080657
7990701
8278882
8279020
8071931
7999754
7900564
8261121
8179890
7702362
8089801
7702524
7792625
7792633
8089797
7891697
7783743
8368997
8188921
9494559
8278910
7891709
7792633
7792633
8098736
7702524
8278986
8378276
8287953
8197909
8477141
7702601
8477158
7711488
7891713
8378102
8089982
7981822
8296940
8395895
7981818
7801607
8071934
8287985
7693634
7891854
8387119
8279090
8576206
8477178
7891713
8288219
7990793
8080882
7891713
8188856
7972847
7711495
8098684
8189146
8270221
8477134
8189006
8369260
8279030
8098768
7783742
7882733
7891705
8567239
8288038
8197868
8486101
7990794
7792706
8395982
7990785
7900822
8369115
8567228
8576117
8477118
7900676
8008631
7783799
8378042
8378088
8666318
8567151
8287881
8558223
8008555
7891826
8098652
7891713
8387166
8477215
8477150
8098704
8008613
7891700
8486048
7801596
8369212
8297110
7981670
7504204
8386909
8477106
7810511
6495715
7693631
8558160
8567115
8188777
8387077
5216752
8477060
8296881
8270080
8387039
8477138
8567235
8287897
8188777
4910345
8387025
7999672
8477170
8675285
8089866
8395980
8585115
8468067
6891790
8477321
8765391
8576157
8576222
8296880
8188825
8477227
5018619
8269944
8395996
4622065
7585374
8351211
8675275
9458877
8756309
8576259
8386914
8477059
7999832
8576214
8477030
8486109
8585170
8477086
8477163
7990790
8864499
6306385
4811262
7297185
8585185
9071602
8485990
8873332
8296843
8954568
8765359
4631044
8288031
7981738
7396229
8585145
7981999
5405823
8765685
8576690
9467882
8693216
9629771
9297098
9566986
9287766
8487008
8387682
7865372
8298265
8784195
8847282
8712404
8000879
6909740
9504147
9513109
9423064
9468256
9396551
9279055
9504221
7244286
9504224
9396182
9540010
7738752
7244518
9288230
8333203
7648546
9531102
9477022
9477268
9432116
9549049
9405243
9486210
9432440
9324102
9522089
9486239
9477278
9513240
9414177
9531121
9495203
9378265
9486316
9396376
9504281
9297055
9495228
9369225
8846589
9423045
8756430
6721571
9107887
9098892
9107877
9513210
9423544
9342361
9288085
9450429
9495263
8972937
8864883
9099044
9107965
9252330
9026735
9396172
9089942
9198423
8225706
8324744
8774923
9234119
8963953
9089929
8486107
9224907
9477274
9099055
9045228
8513881
9125813
9143751
9513265
9107874
9189106
9414225
9405330
9495203
9206965
8315696
8964193
8676076
3937484
9486252
9459396
9504261
9017783
8198707
9117115
9504240
9098917
9279219
8729666
9017898
9225017
9306136
9252499
9261270
8036016
9116921
9116872
9279699
7927974
2550106
9423154
9432217
9116862
9495207
9215957
9468323
9423144
9611820
9449993
9315012
9206978
9503831
9503763
9629615
9503791
9512767
9494495
9584379
9512133
9701292
9710280
9602236
9719250
9737230
9521109
9647263
9692410
9710304
9359236
9197076
9250786
9331916
9728315
9341384
9043731
9656238
9566145
8936478
9602371
9080452
9142951
9034992
9133842
9160748
9088886
8971640
9790967
9755095
9151706
9349844
9142715
8971495
9071113
9773132
9241807
8881535
8620030
9151709
8863515
9071097
8998784
8935828
9304978
9044291
9574964
9250762
9719229
9647197
9781976
9665137
9764056
9764035
9764040
9728164
9764044
9674063
9764093
9160637
9674073
9746083
9728147
9764153
9790951
9773006
9773005
9521761
9476908
9485852
9512786
9710292
9187538
9764144
9755177
9808868
9079491
9431574
9692366
9737207
9592817
8773296
9781968
9088587
9755134
9790943
9835772
9808935
8818221
9719265
9701313
9566598
9223825
9799901
9808952
9826796
9808869
9584533
9763989
9791041
9782058
8692244
9665077
9674337
9808955
9782073
9764132
9718956
9718834
9799970
9799950
9817844
9808967
9701044
9817946
9539324
9782066
9602012
9782082
9746177
9710024
9791033
9034237
9808959
9782073
8836069
9718806
9808951
9799989
8998360
9602487
9674161
9674090
9674077
9223507
9782070
9817844
8917376
9817825
9790944
9835775
9826856
9773056
9791030
9808966
9835861
8763934
9862793
9844867
9250336
9700899
9718981
9826873
9862781
8863000
9871664
9826896
9790980
9862688
9791057
9629406
9853790
9799946
9710306
9710308
9791049
9043208
9016686
9637899
9061228
9710280
9665415
9665439
9611232
9683096
9772820
9817846
9835791
9683381
9575096
9547570
9656480
9341416
9593459
8980578
9862813
9745827
8566564
9188288
9584696
9584680
9377917
9692228
9746067
9063270
9468058
9503522
9701280
9187526
9692296
9602615
9557741
9485971
9611577
9530818
8784012
8828722
9548786
9458763
9602604
9557748
9468034
9521877
9485994
9530839
9530870
8189043
9386755
9539824
9530846
9512915
9566721
9584572
9530745
9458758
9404603
9512595
9530835
9548785
9350494
6675561
9485654
9341666
9566694
9602329
9826827
9773005
9817930
9835896
9817942
9880663
9844777
9160231
9844839
9773043
8566254
9683094
9791029
9601957
9070137
9745944
9025282
9530072
8926267
9817918
9835940
9232401
9745897
9817990
9061174
9421577
9791073
9800024
9529625
9637766
9844840
9358398
9538616
9701093
9737203
9646666
9079652
9322514
9746203
9647238
8980419
9773203
9809063
9026855
7791316
7728077
9332621
8721044
8927816
8927828
9287311
9907608
9502336
9052178
9799984
7738839
8719071
8863014
8791386
9880715
9817958
8980036
9880687
9853846
8556803
8025300
9295198
8728042
8772897
8485018
8439831
9826897
9808950
8628973
9773059
9790970
7917867
9871767
8737005
9746194
9781681
9853804
9619705
9817852
9602296
9781961
9871737
9772807
9673749
8592675
9889725
9781688
9862750
9871811
9754844
9826980
9844869
9853711
9844772
9763771
9862775
9790995
9655843
9736768
9754889
9853891
9386113
9170158
9763869
9844852
9844861
9844863
9880775
9754891
9754751
9781800
9862877
9880743
9772718
9880715
9880768
9862756
9889771
9502445
9898633
9898677
9583707
9196286
9889755
9808696
9808610
9898612
9808698
9898633
9907684
8511778
9907656
9799595
9907560
9907560
9808637
9898568
9907549
9907592
9799657
9907572
7223509
9709446
9907645
9016113
9808645
7817941
9709376
9502437
9898664
9295404
9412340
9907591
9907573
7529720
9511178
9512144
9889638
9691843
9719045
9907550
9907559
9907597
9808607
9808520
9907607
9907639
9808589
9907585
9898622
9898567
9880560
8916907
9898615
9907565
9808686
9808631
9907464
9673828
9808589
9907596
9799617
9790668
9907609
9799656
9907559
9808546
9907517
9907461
9907566
9907539
9799664
7529700
9907515
9808668
9907551
9898578
9853746
9907566
9286225
9808599
9808583
9907642
9907638
9790658
8817728
9412192
9880720
9898640
9889716
9889705
9907604
9871751
9466430
9889729
9790647
9889655
9880588
9889732
9907650
9889685
9871633
9871755
9907564
9907544
9898605
9808537
9763727
9880720
9880683
9889721
9880765
9862746
9745833
9682424
9763787
9880662
9790558
9871726
9781675
9790660
9664553
9565467
9673727
9754761
9781695
8979992
9844854
9862677
9781734
9889663
9781723
9763725
9781724
7304670
9727890
9871595
9754908
9862775
9853785
9853808
9835808
9871689
9808797
9727813
9844856
9835896
9835887
9763678
9835895
9628991
9844893
9736697
8719193
9844815
9736859
9773019
9710366
9575359
9539490
9530611
9692434
9611373
9683512
9584606
9701354
9521621
9674494
9656235
9485608
9656261
9773156
9692522
9467514
9710378
9539652
9728276
9692449
9710436
9701326
9629308
9386148
9377353
9737336
9683447
9584563
9692410
9692355
9548796
6549090
9368235
9701320
9719296
6340720
9638694
9683359
9701396
9386175
9467497
8981398
8927133
8611980
8846079
8891278
9495169
9008248
9683370
9485706
7376773
9602813
9395576
9431579
9567014
9683443
9620696
9593764
9710369
9620679
9602739
9737259
9665485
9692358
9377857
9566557
9611697
9584764
9513068
9423113
9404893
9584909
9602884
9611800
9260766
8702297
9566895
8990467
9306090
9134826
9593773
9575808
9611793
9071725
9476943
9566943
9467958
9593821
9602863
9539770
9395935
9080484
9611705
9566923
9342145
9548981
9674634
9629771
9305646
8693229
9233610
9575892
9287828
9197613
8855657
9602804
9494955
9584933
9575959
9549088
9575916
8927453
9593587
9638757
9602922
9386578
9584895
9449768
8702165
9530848
9602323
9431499
9539465
9458500
9620071
9647194
9539635
9575224
9620281
9449554
5746568
9638051
9557308
9548347
9539342
9431566
9422882
9458526
9575502
9323819
9305409
9503641
9557456
9305420
9557286
9530416
9476346
9458482
9449111
9332257
9593175
9467315
9539447
8710803
9512537
9530470
9557413
9377377
9521442
9449529
9458548
8792006
9521406
8828230
9647242
9557323
9485606
7107316
5567343
9449840
9656501
9593468
9701414
9549066
9593920
9575912
9826989
9665171
9016996
9593715
9683494
9629727
9521881
9539726
9674575
9539661
9539698
9548837
9468065
9548565
9611742
9539704
9557892
9593887
9539517
9504198
9414108
9476954
9468302
9683390
9278953
9548950
9557688
9512711
9450060
9539716
9531053
9692438
9413720
8550254
9504188
9494919
9566978
9450045
9405244
9449959
9459008
9413663
9386683
9602845
9206677
9251546
9134976
9495221
9180174
9512616
9513062
9323518
9503761
9503848
9512571
4557680
9341899
9297059
8999475
9350834
9602741
8855463
9468199
9503631
9683327
7747052
9440567
9513040
9468228
8531232
9431834
7945329
9495142
9333484
9360353
8954564
8486091
9503470
9665336
9620536
9062463
9611532
9521730
9521704
9728338
9764243
9737138
9575448
9683380
9773098
9575524
9611606
9566578
9566814
7810465
9629544
9647483
9620439
8819073
7674876
9773176
9773134
9692279
9629160
9665348
9602637
9701354
9260123
9728277
8800647
9665036
9790931
9719191
9620425
9674495
9737123
9701305
9584274
8764731
8188208
9656472
9368518
9503657
9494819
9611626
9674279
9647497
9440284
9521152
9647224
9638611
9683422
9674437
9584725
9593744
9575807
9701188
9629569
9602189
9647450
9746125
9728141
9584313
8350487
8503799
9486039
5513341
9530363
9665311
8413835
9728198
9116149
9710305
9403997
8008007
9115875
9701231
9575471
8845480
9746059
9629144
9629604
9386565
9683434
9701315
9773085
9566521
9602435
9746117
9701315
8854853
9647371
9665440
9683412
9611208
9719149
9629588
3658217
9719275
9593200
9773076
9692240
9719280
9737304
9674487
9710368
9638563
9647579
9602361
9656479
9665449
9755142
9764044
9638360
9746215
9701275
9719235
9728214
9692292
9737252
9719328
9746184
9638231
9746224
9737243
9719322
9755101
9737193
9728244
9692188
9728267
9719358
9701390
9737146
9755187
9674341
9602378
9620401
9683373
9683299
9665399
9719240
9611333
9638447
9647131
9746204
9584433
9701361
9692379
9575474
9638495
9683419
9638194
8449175
9692385
9719321
9557508
9548378
9692356
9674460
9701376
9629275
9692422
9611334
9701345
9710330
9719276
9719261
9665245
9620292
9548410
9431443
9656428
9701322
9692366
9719261
8719495
9674270
9602310
9683376
9674480
9701354
9566507
9683396
9683439
8602564
9593425
9566512
9674454
9647558
9692438
9710334
9692411
9692354
9692386
9620570
9647555
9638601
9548528
9647551
9674467
9620525
9692391
9692411
9593251
9485606
9611395
9701354
9566468
9629553
9575715
9611599
9584682
9539793
9530589
9629586
9647528
9656482
9620637
9710318
9710339
9620372
9521316
9719306
9638224
9620233
9701373
9719308
9728315
9584396
9602449
9620382
9611410
9710359
9719292
9710352
9674469
9719270
9530354
9611349
9611307
9719283
9539214
9683454
9620316
9719233
9638229
9728292
9692415
9692394
9674483
9719328
9701377
9710341
9656474
9620252
9683412
9719297
9701331
9701321
9665486
9602403
9620340
9719300
9584400
9584447
9701347
9620639
9611672
9512703
9548626
9647546
9683407
9665509
9611280
9701354
9719310
9611388
9692406
9575570
9728304
9701338
9602455
9692400
9683432
9674493
9692436
9665476
9728201
9575508
9692362
9692424
9701405
9701369
9701406
9611403
9701367
9602386
9701392
9737197
9728274
9701367
9719299
9781919
9764130
9755180
9647180
9584120
9746149
9755147
9755101
9737222
9737241
9737225
9656183
9665212
9790925
9773022
9701024
9728280
9728218
9674110
9746192
9728222
9781978
9728231
9737236
9728287
9746210
9620309
9692039
9755084
9764105
9647208
9647183
9692374
9764122
9728261
9737213
9737212
9719289
9719318
9737198
9755122
9746173
9737185
9629258
9566206
9737191
9611324
9710336
9629216
9647239
9764130
9674373
9701268
9728239
9683338
9674318
9656348
9683327
9629414
9620564
9737202
9719259
9512629
9674323
9764096
9773016
9755121
9746118
9746188
9629216
9755130
9584426
9710264
9755123
9755163
9773056
9710271
9737228
9638233
9755135
9656118
9781995
9593072
9782004
9656108
9674063
9575175
9665460
9755149
9799970
9755160
9656213
9710291
9737200
9710348
9647221
9773054
9799939
9737180
9674388
9692044
9638251
9539554
9737211
9674405
9674344
9701212
9584312
9575351
9755052
9629533
9737147
9701332
9728234
9773051
9782057
9790982
9629199
9701039
9701281
9790978
9781952
9764103
9665420
9665433
9728146
9755123
9790983
9764125
9817904
9755139
9871661
9871684
9898569
9808443
9105968
9862692
8556683
9457891
9844758
8790829
7061675
7241860
9097570
9692196
9782010
9844783
9719215
9790980
9755144
9485356
9673773
9710287
9701116
9692409
9656160
9710287
9737211
9764079
9817877
9719282
9728245
9611304
9817875
9790961
9610297
9755137
9593394
9665453
9548555
9647519
9638574
9602658
9674434
9665440
9593350
9557572
8882320
9566703
9566672
9584750
6792674
6711553
9719276
9826828
9304228
9629331
8953728
9755128
9709370
9502288
9313179
9853730
9610300
9610334
9727856
9709376
9016050
7637990
9862680
9646560
9808906
8889827
9710270
9727899
9754980
9250323
9880638
9862747
9835842
9826853
9728215
9799975
9871716
9700999
9313095
8718739
9907538
9808589
9898591
9907562
9889606
9907539
9907581
9898550
9907543
9808426
9907569
9106175
9844780
9853712
9862686
9889633
9799678
9907536
9880652
9502336
9213960
9799638
9898564
9781668
9880623
9871612
9808475
9313066
9115044
9907536
9880649
9862673
9880629
9808467
9799574
9808551
9898588
9898567
9808608
9808472
9799488
9898579
9907560
9907576
9880627
9907499
9907505
9907540
9709442
9808536
9880641
9610283
9898537
9772620
9790624
9907513
9412146
9889533
9412132
9313058
9781541
9511360
9907535
9808575
9799481
9114899
9907544
9907530
9880574
9871627
9835658
9862633
9808614
9826796
9114916
9871589
9718665
9682766
9736707
9817653
9808677
9736800
9539272
9565915
9727846
8916736
9826666
9043097
9799653
9673743
9358268
9763732
9754776
9826612
9799672
9664774
9673905
7062424
8034734
9105884
9655534
8421464
9691990
9286549
9674310
9395139
8151524
9322836
9737127
9205841
9674316
8637814
9502860
9512562
9674353
9575737
9656437
8619531
8845399
7863164
9764024
9647454
9584764
9710393
8216593
9692396
9593732
8232563
7925944
9539892
9566477
9826947
9764228
9844874
9826936
9530949
9486121
9611360
9755224
9719354
9593026
9809091
9701206
9665290
9620768
8774019
8386692
9584481
9809006
9907620
8817933
9826989
9818002
9871795
9907627
9844885
9791087
9799670
9790973
9907604
9898638
9718992
9709999
9691721
9313096
9898610
9619943
9898646
9898593
9601475
9880627
9898629
9808707
9898677
9889666
9889699
9907637
9907641
9907613
8223220
8322319
9844721
9871741
9880653
9745798
9764066
9871659
9862695
8709621
9871641
9718818
9763958
9907654
9683010
8817703
8718609
9700824
7223600
6926215
7925961
8520466
9737045
9853779
9871675
9745986
9746027
9584441
9566602
9620356
9620448
9521443
9485647
9799955
9763765
9665336
9808905
9377275
9593516
6953468
9656160
9799839
9808944
9853810
9826905
9844830
9835821
9755022
9718874
9763997
9682986
9790894
9700864
9781950
9718884
9682949
9673927
9772938
9808878
9763991
9746008
9755003
9629093
9719086
9764005
9710162
9710169
9719146
9710154
9728130
9728128
9485263
9737106
9611191
9728103
9710199
9728159
9728161
9719146
9728142
9710142
9737115
9710126
9710172
9728113
9728120
9719180
9737094
9719195
9710157
9719149
9665016
9656051
9539355
9755020
9728163
9719162
9593316
9692240
9395309
9674245
9611422
9755077
9737144
5171182
9755073
9602229
9719158
9566273
9602215
9764038
9764077
9907670
9799690
9799933
9907667
9593051
9907656
9808645
9682988
9808736
9709713
9907641
9781804
9907666
9907666
9907653
9799665
9907660
9889654
9907628
9898663
9862786
9889716
9691737
9862820
9808734
9889706
9745900
9844853
9898713
9782090
9773086
9898707
9889732
9763837
9808699
9808718
9898703
9709743
9709716
9907667
9808715
9808738
9889721
9800017
9799766
9907692
9907680
9907702
9682887
9898709
9629168
9701074
9844878
9907651
9547997
9898684
9889767
9844894
9791021
9871808
9754875
9817937
9880751
9907662
9889711
9655844
9817951
9898652
9907602
9907675
9907638
9808727
9799744
9799777
9682837
9898737
9907636
9502278
9907641
9907661
9709761
9889711
9907630
9898666
9709735
9907644
9808712
9610779
9610731
9907655
9907662
9907659
9907662
9907647
9754839
9673768
9898675
9799738
9790801
9907682
9502319
8610608
9871732
9610383
9511313
9898667
9907620
9898677
9304159
9313437
9808631
9709472
9610364
9493438
9907615
9889710
9862790
9853811
9835832
9745812
9835870
9844846
8223206
9610542
9898668
9907617
9421589
9709559
9808657
9907650
9790681
9898639
9907617
9871765
9826886
9799997
9853829
9826895
9700989
9772837
9889703
9808650
9808719
9889685
9853837
9808637
9907650
9907657
9781734
9880759
9907641
9799709
9907647
9808628
9907634
9889704
9898665
9808707
9907636
9808693
9700736
9835897
9808635
9898677
9898652
9907654
9907642
9907621
9907635
9907663
9610773
9907664
9907653
9907619
9907616
9898628
9754795
9745986
9736975
9745973
9754963
9620138
9746095
9683040
9817971
9764042
9701097
9745921
9835888
9808980
9674151
9791050
9602091
9692066
9835861
9907621
9907654
9808695
9808728
9772900
9800047
9745957
9736946
9727945
9791042
9754776
9781713
9727823
9709806
9781874
9853710
9808723
9772799
9853852
9871777
9799743
9880751
9862809
9880773
9907646
9907643
9907637
9907685
9862813
9907668
9907695
9799695
9826926
9889735
9880760
9871780
9799714
9808696
9898699
9898692
9871796
9754872
9763870
9880767
9907665
9898685
9898721
9907664
9907650
9907695
9907658
9799720
9898717
9781840
9871798
9907669
9880756
9871777
9907650
9898712
9844881
9898692
9601630
9907649
9601638
9808701
9835873
9907660
9907618
9799724
9907639
9898694
9889726
9709625
9898639
9907633
9808644
9907651
9304167
9898645
9799666
9745743
9907637
9907650
9889735
9907666
9907668
9907660
9907652
9907613
9907663
9889741
9907685
9808690
9808660
9889712
9799617
9907649
9709427
9799767
9898716
9808687
9907668
9907678
9808686
9808669
9808686
9799736
9880757
9898628
9898691
9907669
9907592
9808599
9907666
9763861
9898661
9412958
9808670
9808719
9898702
9898683
9907657
9808668
9808659
9907662
9610590
9907657
9709768
9907602
9907700
9772798
9889727
9700786
9907702
9808738
9799747
9907675
9907664
9907683
9799705
9907595
9907649
9907598
9907583
9907601
9853783
9907657
9907669
9808720
9808717
9907660
9907686
9808637
9547699
9871672
9907519
9907628
9907647
9907668
9907671
9889685
9907630
9754735
9898708
9862775
9772784
9898644
9907648
9808672
9907626
9763758
9907686
9871669
9862829
9898683
9008258
9700787
8783245
9871656
9907631
9907577
9844654
9871636
9907628
9898655
9772730
9790687
9907681
9898692
9808667
9907649
9862727
9889702
9907593
9862718
9799645
9862773
9898687
9781814
9907616
9853891
9674578
6504237
9907679
9907674
9907675
9808638
9889697
9889695
9898681
9907683
9862815
9898724
9898721
9898719
9907674
9907689
9862879
9862743
9907673
9808672
9907673
9772748
9844937
9862876
9511417
9808702
9907677
8520676
9808721
9907639
9907659
9799716
9808665
9808662
9907694
9799738
9898683
9808729
9889761
8223541
9907695
9907699
9808754
9844802
9610475
9907538
9808697
9808646
9898648
9907651
9808668
9656197
9907631
9700664
9898613
9871692
9763982
9808635
9898702
9907683
9808664
9889699
9862784
9880715
9889704
9692203
9314366
9494170
9808635
9907670
9808696
9907657
9907662
9907685
9907684
9817914
9907688
9889720
9898704
9907649
9907674
9871777
9791072
9907676
9907680
9889735
9898703
9754776
9898665
9808735
9808747
9799801
9907581
9907544
9907645
9808636
9808741
9907688
9907646
9898660
9907666
9889711
9907565
9907669
9907696
9907683
9709736
9898696
9907667
9907674
9907683
9817858
9808691
9907676
9907682
9907675
9889699
9898700
9871759
9745819
9763972
9449132
9826789
9889714
9889697
9790709
9764149
9727888
9683458
9602394
9826904
9790992
9592994
9701391
9701399
9737287
9692453
9737273
9665190
9719356
9710381
9674488
9476510
9647258
9835851
9683444
9602407
9728370
9782014
9584478
9539646
9665520
9665457
9817918
9817937
9494480
9737270
9611342
9710374
9683466
9710357
9746224
9728272
9817975
9817929
9755166
9683471
9701400
9593454
9719327
9611426
9808915
9737117
9728264
9719296
9764190
9800041
9737291
9782121
9764181
9791129
9835967
9827003
9799689
9844896
9853842
9907645
9871749
9709750
9898730
9853916
9844925
9871736
9871745
9844910
9719185
9907675
9655958
9862860
9790970
9817974
9773054
9700921
9728176
9844808
9791118
9835894
9800097
9727954
9853872
9844928
9818013
9826975
9809039
9871834
9853883
9853883
9736980
9844895
9835920
9844917
9728043
9844922
9763871
9692032
9907700
9800011
9701027
9808924
9755147
9799866
9772692
9826970
9835930
9835944
9844903
9853896
9737041
9728006
9835764
9746113
9115238
9700845
9835916
9701101
9835902
9844875
9628974
9764130
9692036
9862741
9844883
9737126
9763903
9773021
9826906
9709929
9826871
9782038
9826890
9862815
9844886
6296222
9835878
9835891
9772766
9835936
9844874
9844827
9880683
9880691
9898674
9088171
9736932
9862813
9889682
9844843
9862805
9871752
9871756
9763785
9853829
9871776
9745960
9898673
9871763
9889702
9772791
9763767
9844899
9818022
9862829
9871776
9862825
9683029
9898552
9853684
9790876
9808842
9871772
9781752
9691766
9880715
9862757
9880744
9862797
9907613
9853787
9727935
9817976
9880727
9871772
9871742
9889673
9889657
9862754
8610521
9844825
9880727
9737174
9853838
9772857
9673764
9889698
9880771
9880734
9790739
9862836
9871792
9871812
9862829
9862829
9871716
9853743
9898665
9638312
9826820
9844802
9862862
9880729
9799977
9808690
9683117
9386933
9755056
9736902
9359928
9620254
9772864
9835920
9817866
9593481
9450000
9889677
9871851
9538704
9889694
9844956
9862852
9808958
9790759
9862727
9898686
9844807
9799722
9709730
9728025
9853894
9862812
9880729
9898672
9791032
9746136
9772847
9511672
9457574
9115692
9637898
9853824
9754955
9862805
9736872
9746032
9647400
9746082
9889692
9709638
9809043
9781860
9655928
9889722
9781746
9907644
9898692
9853906
9889729
9898625
9880760
9781956
9898683
9907640
9898680
9152165
9898640
9278451
5603750
9700967
9898641
9746086
9638203
9781800
9790733
9799719
9880698
9799686
9907652
9808650
9817998
9880730
9871787
9709903
9656385
9871734
9763810
9799762
9907648
9583699
9898725
9880791
9781938
9880720
9772777
9511806
9898708
9818000
9871788
9907648
9889745
9853780
9682598
8718947
9907608
9907685
9898712
9799630
9907704
9898712
9907665
9898641
9709745
9907676
9880717
9907672
9349884
9853918
9907624
9781741
9790745
9871704
9853733
9710188
9530423
9709718
9907580
9700708
9755060
9826942
9808653
9907692
5818738
9638429
9755062
9341629
9369043
9620356
9133948
9566628
9593557
9737206
8864949
8837094
9826718
9341792
9701183
9593572
8684794
8648440
9485801
8666736
9539693
9449975
9701244
9494518
8233336
9017238
9476497
9880631
9799946
9719244
9737134
9629431
9547844
9665166
9844730
9835848
9808925
9844655
9709872
9592813
9745836
9736865
9871640
9790883
9781705
9844759
9745810
9835747
9808866
9772769
9394734
9718868
9683203
9467184
9548232
9539729
9638339
9692144
9241224
7340859
9467620
9647157
9557616
9763822
9844817
9548402
9575562
9674350
9485835
9620354
9835792
9871683
9718910
9692269
9719177
9773066
9728172
9566521
9835836
9835840
9503432
9619765
9862710
9134392
9629174
9710310
9737151
9835805
9808911
9791022
9629178
9754976
9844761
9601818
9755152
9808948
9835840
9485404
9737184
9602198
9665057
9817926
9799933
9755146
9817848
9710357
9692375
9611696
9557261
8756556
8846510
9647595
9351438
9611328
9584265
8953544
9502723
9583580
9638302
9736925
9196537
9178614
9521151
9656196
9378002
9242838
9332821
9476257
9494619
9296486
9709850
9440375
9539452
9763616
9727939
9476603
9386808
9737027
9466767
9772861
8754968
9656263
9512274
8648307
8603058
9557452
9440837
9476662
9476679
9413834
9377701
9638042
9763780
9467379
9602241
9683104
9485753
9566330
9512532
9602308
9557312
9682987
9539210
9548200
9566341
9719053
9737006
9467718
9242969
9395203
9548392
9467671
9647177
9242938
9467588
9521279
9656201
9458675
9647125
9718970
9539146
9224606
9116688
9178620
8907902
9835765
9548214
9656295
9692117
9422298
9566105
9566137
9584079
9557091
9584340
9494537
9647487
9620406
9629157
9386769
9476464
9880712
9808909
8602177
9853722
9674058
9620224
9449599
9440486
9548402
9700968
9440753
9701038
9521540
9494640
9548214
9476304
9440439
9602162
9395228
9754828
9485656
9332998
9647180
9584451
9512690
9727921
9781830
9628999
9808760
9799610
9826860
9512757
9494720
9638248
9620194
9674002
9548214
9575335
9764076
9503665
9539639
9683154
9538675
9529696
9457681
9584170
9629458
9835724
9646910
9502400
8791441
9665118
9279189
9575587
9826853
9871648
9692007
9467444
9709468
9529846
8682964
9620248
9647124
9584439
9449722
9467685
9485480
9808605
9656314
9647308
9665236
9674241
9629448
9638147
9826961
9232467
9718908
9557325
9539619
9656330
9620257
9701274
9494685
9530715
9656287
9602402
9521589
9611406
9440431
9575455
9494830
9728053
9674150
9476854
9593470
9656183
9647052
9620391
9422456
9683154
9862681
9584306
9745919
9781846
9682819
9736714
9862713
9790768
9808771
9871693
9547487
9808783
9745850
9745856
9862694
9701047
9844730
9799862
8916913
9313164
9835732
9763931
9763845
9853729
9799788
9772899
9781840
9638051
9835752
9790848
9817754
9790747
9844747
9871720
8718684
9691825
9790808
9835736
9556870
9763798
9709728
9808794
9547949
9808783
8025242
6142842
6818361
8610672
9629181
9476171
9602319
9575305
9602176
9611108
9584265
9494286
9431407
9548394
9647114
9611143
9629135
9485379
9539412
9252008
9547856
9611101
9485305
9503498
9530395
9575197
9404862
9315223
9530161
9673928
9602099
9611197
9485274
9431714
9584365
9458451
9440881
9467648
9512436
9386598
9575147
9342088
9575222
9324210
9476296
9324194
9566304
9188785
9189340
9431805
9359705
9449696
9440750
9395865
9449729
9449641
9404919
9332821
9440740
9305986
9125994
9360036
9350969
8973620
9107561
9287957
9323287
8819898
9422887
9413891
9521522
9458764
9341894
8774472
9404983
9458795
8522786
9386974
9377983
9413779
9440675
9270209
9386755
9261277
9377917
9386851
9413950
9404809
9395933
3928465
9575167
9503266
9377407
9287310
9530223
9431346
9503270
9341427
9233501
8792332
9431461
9359482
9494280
9260358
9440388
9449383
9386333
9485305
9287653
9215380
7638376
9116474
8521196
9395209
9413595
9350750
9368694
9197408
9341811
9215509
9449461
9467359
9476342
9467385
9422245
9314396
9503339
9521258
9512318
9494349
9494339
9512280
9530264
9512355
9359557
9485368
9449415
9503351
9296278
9494310
9548288
9521301
9494290
9503351
9494336
9350336
9548266
9431317
9557262
9575224
9557216
9566231
9539263
9548248
9557241
9575194
9557254
9584187
9593179
9602140
9602101
9602116
9611099
9611103
9602096
9602140
9575157
9557219
9593167
9584136
9611110
9503191
9629104
9602158
9386896
9629088
9602190
9638077
9656052
9620146
9647037
9638142
9674053
9557038
9665164
9674038
9440792
9629112
9647073
9647053
9575018
9656072
9629134
6449483
9629144
9593102
9700988
9674024
9377548
9772918
9763976
9710023
9674047
9288071
9620031
9808887
9602066
9665140
9286327
7034596
9718998
9674091
9710036
9683052
9575188
9485696
9584109
9539282
9369022
8260806
5449752
9674160
8539404
9575301
9106925
9070999
8440470
9620295
9584271
9665227
9206151
9701146
9683183
9602358
9674164
7981794
9692182
9683196
9674226
9710176
9692206
9620312
9665205
9656231
9647261
9656273
9665273
9602361
9278342
9593376
9620334
9413319
8440793
9656250
9179303
9530210
8422992
9377367
9025813
8954126
9647238
9629292
9512345
9512416
9458406
9656235
9656296
9314141
9638274
9566301
9512358
9611359
8224275
9332098
9503356
8629544
9062218
8629522
9007895
9530275
9692206
9512413
9629335
9170212
9593359
9404418
9512381
9620276
9602370
9251263
9566370
9512246
9512269
9017012
9422201
9557458
9269146
9638315
7342051
9530345
9683216
7062261
7845967
8782747
8818719
9395210
9656282
9584388
8395589
9620323
9665253
7422710
8422585
9638334
8080245
9539392
9206091
9512260
9647272
9521339
9566403
9566269
8422554
8935783
8332395
9611372
9647327
8440399
9512456
8530655
9350475
9422410
9629331
9638326
9539386
8233692
8521595
9530243
9133925
9692184
9719127
8737572
9647263
9701171
7755901
9584243
9557301
6458800
9683225
7836917
9629171
6747045
7458674
7350616
9566373
9512306
9701157
7927004
9368280
9494369
9638173
9701023
9458413
9494502
9575247
9071069
6359738
6846232
7332559
7152422
9602308
9665120
9512211
8711128
9638195
9548354
9539400
9593332
8872984
9485419
8251515
9620161
9539182
9350287
8629746
9566364
7945409
7558095
9341476
9351050
9512357
9404346
7242640
9260421
9323417
8260755
7936413
8098601
7918456
8999313
9530162
9539083
8774423
9539140
9709850
9422473
9368277
8170473
7395655
9008117
9584076
9539098
7719052
8909070
9233181
7477286
9530304
9656015
9548336
9512380
9575158
8476937
9530244
9557383
7603186
7918453
8909450
5747059
9494316
8467949
5746980
5936298
9467434
7990519
8440750
7548784
6837173
8468126
9521304
9512064
9727856
9647044
9575305
8746952
8864087
7062500
8422475
7350488
8737771
9530323
9700883
9646947
9709878
9664961
9620146
9566212
9691890
7161531
8143621
7341981
8287792
8341676
9575252
7567065
8341846
9062350
9575305
8395900
7801401
8008527
9674034
9682990
9458240
9332316
9593094
8287634
9161057
7990563
8557965
8719878
8404671
9557285
9557300
9611266
8026327
8620666
9377340
9557210
9710033
9593054
8269330
7558114
8242355
8584742
8494649
8440605
8746920
8197676
8287529
7927444
9638196
9170040
8305630
9539265
9629241
9656104
9386501
9656102
8017513
9071432
9718943
9709946
9736917
9584066
9727940
9674043
8584790
8242643
9197457
9638069
9602051
9611199
9674111
9656014
9647037
9754834
9404097
9503177
9584183
9638145
9700989
9719016
9683002
9709935
9736894
9593184
9700946
9709978
9718917
9736903
9565876
9745909
9736863
9772816
9700859
9637912
9619955
9566142
9718872
9736883
9682924
9700949
9602037
9736891
9736878
9745856
9736847
9745833
9745847
9736893
9682954
9664975
9772824
9736837
9718837
9637809
9727880
9646912
9772754
9718807
9727817
9664778
9727806
9646853
9610842
9628941
9637818
9574891
9637791
9754787
9799701
9664784
9736805
9664856
9538799
9646829
9655855
9727806
9709769
9727765
9763735
9736808
9646866
9718780
9772758
9781749
9637898
9584013
9619999
9691886
9520955
9718874
9736827
9700827
9709821
9745839
9763887
9754838
9745792
9637826
9754825
9610874
9637911
9736816
9763810
9637809
9700832
9727803
9619960
9745836
9772843
9745784
9610807
9718864
9664840
9763798
9646862
9700826
9727836
9754809
9655841
9530030
9628942
9727868
9700799
9637882
9475883
9619988
9673839
9619900
9727812
9421989
9619938
9637907
9673897
9538998
9655868
9440036
9745790
9611020
9790699
9556849
9619811
9799654
9655767
9682780
9772727
9781679
9538860
9664740
9664761
9790700
9799685
9745735
9799665
9736823
9772684
9664749
9718630
9817612
9817619
9763687
9664938
9835608
9547984
9664918
9844600
9727789
9799649
9799637
9772584
9664823
9736641
9790612
9889540
9871556
9718660
9889528
9862559
9853601
9745695
9628650
9853579
9826632
9547801
9763645
9565720
9745685
9862599
9646679
9709674
9898511
9880573
9835591
9799512
9790607
9835583
9718821
9871521
9727611
9907508
9871585
9880523
9592632
9880527
9862605
9871581
9898493
9844568
9862566
9880520
9844567
9880532
9682629
9907501
9871533
9790615
9781651
9862588
9853584
9871562
9709636
9880531
9556763
9835601
9871563
9844609
9862580
9844606
9853584
9817665
9907494
9808632
9736673
9799518
9601695
9718658
9844594
9853596
9808649
9835596
9835624
9709692
9826614
9871558
9826615
9772669
9862565
9808641
9790658
9835622
9835598
9781683
9709728
9727743
9709642
9817621
9844580
9709740
9844568
9826618
9700753
9799653
9646731
9790636
9799647
9736703
9700759
9817630
9700807
9826609
9763734
9817609
9475907
9817602
9754720
9754708
9745740
9763746
9601806
9637864
9691856
9682842
9808644
9754725
9727733
9700875
9619941
9214645
7007430
9700843
9637938
9745771
9493893
9763744
9682796
9772679
9799633
9844599
9718605
9763696
9817606
9826595
9736650
9781638
9871537
9835608
9745676
9853549
9664808
9682853
9781676
9736747
9826585
9754717
9772652
9736599
9628720
9808608
9799609
9754657
9862524
9691553
9898489
9880509
9880534
9754592
9871515
9754645
9808576
9826579
9628629
9862511
9880510
9871520
9889547
9853517
9826529
9898494
9898476
9808559
9817527
9727697
9799460
9808478
9808391
9808495
9781427
9871439
9907417
9511202
9907439
9871440
9790405
9808484
9907385
9907428
8223365
8106287
8025072
9709522
9907422
9907505
9898490
9889519
9475257
9268113
8970971
9610221
9052081
8926147
8457563
9403091
8439583
8502471
8583772
9114958
8709661
7719290
7089271
8538652
8151362
8655736
8754853
8664591
8754818
9484255
9078929
8547757
8889795
8448608
8538704
8016385
7548420
6629817
6836777
6638631
7791654
8250417
7458197
7827149
9538736
9745659
8214509
9610930
9638009
9233117
9610966
9377053
9575104
9592945
9646946
9494284
3991094
9476228
8926509
8413027
8503266
8124781
8926354
9619893
7764031
9673837
9007489
9619936
9097603
8422010
8908407
9214621
9007469
9511848
9313685
9520858
9538895
9574964
9521008
8512123
8503108
9556887
9664890
9709818
9106730
9511969
9565960
9016503
9304738
9691858
9646910
9529854
9610955
9223632
9700864
9421771
9619935
9565960
8990066
9512051
9494027
8503176
8530109
8431032
9016631
9503069
8620328
9619931
9511857
9538898
9637911
9556875
8728229
9628947
8521181
9304842
8719246
9583883
7485491
8593291
8611492
9520981
8917899
9493907
9628984
9628977
8719266
9115575
9025488
9403793
9394835
8719250
9196775
8512104
8025980
8205905
7486024
8278755
9601968
8512133
8908585
9403953
7458616
7242489
7728971
8323361
8088905
7530369
8809494
8431022
7836555
7737493
7629532
7917657
8710393
8710374
8620187
7746605
8422134
9106612
8332162
8521094
8422038
8133780
9295745
8917416
9520985
8710277
8719315
8818322
8512122
8034700
8413060
8836291
9520943
8728230
9394873
9214623
8818352
8431011
8331932
8143486
8512106
9691858
9313705
9619807
9628943
9016507
9115544
8719394
9313732
9412775
8998514
9601920
9484904
9664875
9547859
9655854
9664837
9718786
9574841
9619888
9628892
9700801
9547900
9709768
9691789
9457910
9628898
9619914
9700836
9511984
9574872
9431025
9430942
9700767
9547884
9610815
9700776
9637893
9727750
9673803
9655833
9619890
9601923
9223607
9709793
9709782
9538948
9673878
9493916
9655825
9682805
9736779
9628892
9601819
9538904
9628898
9547880
9538898
9682794
9754710
9727783
9727752
9610933
9691792
9295759
9637910
9619923
9529824
9637890
9637891
9709858
9601964
9628897
9637888
9637882
9646826
9673882
9718778
9664843
9655853
9637816
9538875
9673839
9610980
9619969
9700830
9205816
9322698
9619923
9655876
7810210
9637845
9619908
9619896
9412981
9709761
9646834
9655889
9637911
9503033
9565846
9619929
9214638
9691884
9511867
9530004
9016655
9655897
9394839
9736753
9745770
9646863
9727789
9304796
9673864
9511859
9745736
9124552
8908446
9304815
9619942
9574934
9584025
9709802
9619920
9493911
9223625
9520852
9538946
9565933
9196823
9565893
9700847
9205654
9628916
9520863
9646891
9493908
9007499
9484969
9655840
9628909
9304875
9611006
9682860
9655866
9673884
9601952
9502974
9457981
9655899
9664869
9610948
9313714
9124549
9682874
9493890
9412916
9691856
9601952
9601982
9655901
9503009
9619917
9628966
9610965
9403936
9520938
9574876
9547954
9565906
9016695
9205671
9619842
9619951
9016600
9646925
9655905
9520956
9601975
9664890
9016591
9691826
9646800
9313710
9646932
9304731
9025467
9214638
9584058
9412796
9638028
9584163
9593193
9575158
9421769
9637942
9583890
9016485
9637934
9016492
9115561
9034468
8917416
9313762
9628939
9412819
9619967
9097703
9016509
9115583
9664888
9610988
9611018
9646914
9566163
9566176
9503136
9655908
9259946
8845981
9637911
9646914
9619933
9421781
9691801
9565960
9619976
9412882
9520858
9124792
9628934
9646952
9556941
9673880
9547943
9637956
9556911
9646884
9637888
9529950
9619946
9628908
9520821
9547874
9313830
9313677
9610912
9412840
9421763
9601948
9115673
9223600
9520860
9313701
9610930
9421913
9628904
9512014
9520955
9538920
9394848
8629274
9502873
9511867
9115685
9223592
9619920
9421844
9124542
9223628
9394957
9394865
9502895
9322869
9403813
9196791
9214796
9286826
9439841
9502887
9502886
9232763
9637941
9403823
9502889
9520862
9511875
9619927
9115550
9304727
9214733
9223637
9412829
9295781
8998560
9628927
9007500
9304769
9097640
8809398
8818354
9304732
9610949
9385900
9115639
8917405
9610960
9421787
9493925
9223629
9106845
9601999
8683417
9124571
9511964
9313730
9088622
8521254
8620294
9503032
8818341
8530113
8908459
9007654
8899575
9520977
9106737
9322708
9313873
8728246
8809345
9313712
9394813
9529988
9025487
9214756
9313727
9592994
9529948
9538958
9115574
8926410
9115569
9016578
8917683
9520933
9115675
9592992
9205813
8827306
9313704
8620192
8431028
9115561
9115558
9016496
8629182
9007516
9628902
9034458
8791480
8935375
9403802
9502866
9007510
8917429
8413065
8827317
9115566
9736690
9547850
9295712
8629242
9232579
9520826
8827313
8926396
8332392
9313724
9628894
9412761
9520820
9115696
9322688
9304760
9619888
9646869
9025457
9205649
9322812
9439957
9907616
9016547
9214766
9781786
5151960
9682766
9754629
9313606
8899333
8421942
8809225
8818227
9421648
9322621
9313608
8917488
9403697
9412670
8998413
8719136
9007396
8223882
8521113
9097478
8908492
9223502
8629057
8295999
8494074
8071006
8296047
9520863
8818333
9286648
8340817
8034619
8620085
8106887
8305050
8214800
8620067
8520996
8710157
8413084
8232989
8701172
8710156
9403723
9592904
8638079
9097504
9214549
9412713
8701211
9007404
8899393
8430904
9214546
8809250
9646803
9610855
9421784
8701235
9637825
9610879
8593192
8620138
8683265
8620103
8178986
8070932
8260098
8998506
9511806
9304769
8917343
9016492
9025584
9628839
9421849
9646862
9593013
8152095
9304691
8791374
9520894
9223552
9178760
9637838
9637855
9511985
9601938
9547913
9646835
9385951
9178941
9511907
9583968
9511972
8926342
9592921
9619910
9034398
9637847
9646852
9619885
9115630
9520810
9412754
9142892
9610911
9403779
9610934
9601952
9205751
9610891
9052797
8755661
9403773
9646852
9664830
9673794
9619869
9691762
9214883
9214679
9601984
9619900
9664800
9467173
9637884
9485097
9628895
9619914
9601982
9106552
9214681
9412872
9421829
9322675
9628884
9592977
9520854
9610928
9610925
9412764
9016594
9350250
9619923
9610912
9115506
9619892
8710399
9007476
9502894
9115594
9601917
8818407
9485159
9142721
9547893
9421924
9538872
9628856
9664859
9511979
9655859
9619887
9637884
9628930
9565842
9601977
8809364
9313930
8728210
9619889
8926383
9412912
9610959
9529959
9628885
9502849
9421888
9628933
9403831
9503054
9529930
9664840
9610909
9655844
9458007
9322641
9538858
9664864
9620003
9593027
9313929
9619919
9682805
9512065
9565838
9565859
9628889
9574861
9691790
9547866
9439923
9538881
9682799
9655822
9691795
9691862
9673941
9610917
9682882
9682995
9637874
9485045
9574935
9700845
9718774
9700822
9601898
9709809
9727793
9709847
9655687
9691816
9745680
9745700
9745699
9682751
9646791
9682650
9700735
9790595
9754645
9700734
9763674
9799675
7430799
7530017
9745797
9619812
9727768
9673650
9673750
9548378
9700605
9709724
9628806
9736789
9602035
9709700
9754612
9709567
9781634
9817520
9673610
9745602
9736607
9745622
9799552
9781552
9799624
9772620
9628379
9718637
9844477
9862442
9538405
9790455
9502211
9889386
9754487
9754516
9853487
9889409
9799533
9862430
9898389
9871450
9862460
9781499
9853459
9700229
9880412
9862456
9871428
9385265
9565321
9403036
9844491
9862468
9898398
9880488
9772488
9502121
9835579
9862558
9853582
9817666
9808679
9700795
9790806
9781871
9736641
9808715
9808703
9727766
9691875
9808762
9790815
9799801
9763944
9799796
9691840
9700862
9826683
9808783
9835675
9808769
9718736
9709806
9817746
9763941
9817749
9790802
9826700
9853603
9718792
9835655
9015723
9781867
9664945
9799798
9817742
9781852
9772904
9664985
9781885
9772907
9808783
9718787
9781874
9790837
9772927
9763956
9755006
8295298
9754998
9674274
9719107
9737047
9719122
9737058
9701177
9719119
9602213
9728087
9638118
9682912
9763974
9647091
9763990
9772931
9656060
9746038
9728098
9737040
9629077
9530180
9719138
9611258
9728133
9719154
9719145
9710181
9728081
9719113
9755009
9719128
9656313
9584247
9665252
9701186
9611245
9728103
9638414
9692167
9566276
9710160
9692257
9692245
9719118
9710194
9674321
9566411
9656320
9665331
9701221
9728118
9701206
9539470
9674311
9674307
9611244
9692241
9638425
9683287
9701228
9548714
9656296
9629417
9548459
9593503
9494459
9557340
9548368
9629334
9539451
9647430
9692250
9656311
9683240
9701209
9674231
9674261
9674253
9611127
9593300
9620146
9287294
9701162
9683242
9566293
9647333
9611402
9656267
9575376
9566318
9692223
9656329
9629408
9674298
9566675
9584495
9647300
9638366
9548588
9665287
9512538
9674284
9530428
9503643
9620436
9449444
9665269
9620430
9350849
9431703
9431731
9584526
9575543
9494807
9593518
9440710
9584458
9593463
9629401
9602459
9656383
9548398
9647376
9566350
9629452
9575571
9575524
9476523
9584549
9647334
9602428
9638348
9557553
9602406
9647361
9575537
9584568
9530370
9629378
9620426
9557622
9539686
9557736
9476819
9602453
9647344
9611474
9602495
9593447
9611401
9647377
9629384
9557650
9638367
9638403
9494475
9566393
9404544
9602480
9503683
9593448
9431623
9521321
9458603
9647302
9638300
9449784
9539525
9449323
9512609
9494701
9485671
9449785
9369061
9458512
9503504
9521440
9584445
9602407
9368688
9512669
9512683
9449647
9539325
9647297
9476625
9557597
9476472
9467564
9539581
6584362
9360033
9566479
9620382
9521514
9548431
9710126
9647341
9503533
9593501
9602477
9494522
9557344
9458369
9656299
9548332
9530365
9629406
9566654
9611443
9620466
9539724
9584550
9593593
9476572
9629427
9566658
9593574
9602463
9557601
9413716
9359729
9566598
9611524
9575625
9467679
9449713
9467603
9449695
9584529
9602508
9602522
9638392
9512565
9656329
9611511
9602504
9620439
9413721
9566650
9485682
9539391
9530480
9611509
9593587
9620465
9647352
9629432
9512507
9611491
9593564
9656294
9575645
9602529
9584596
9575630
9620431
9575554
9530488
9548710
9593551
9620423
9593527
9665301
9539448
9449486
9638420
9665233
9611420
9638387
9647385
9593558
9611512
9584614
9602539
9629441
9620430
9593545
9458740
9566636
9521781
9557663
9584277
9692217
9512585
9647336
9665295
9665316
9575322
9683240
9647349
9629437
9593578
9620492
9476576
9611507
9404644
9575648
9494579
9386460
9521542
9593552
9584516
9386870
9413719
9584551
9602532
9638395
9629427
9629441
9611505
9431775
9566699
9557725
9584632
9377588
9593518
9602460
9620473
9557612
9305599
9584562
9386552
8998745
9070932
9638403
9611523
9557674
9413593
9575655
9548414
9638418
9647360
9647368
9611503
9647353
9593542
9521712
9638413
9629430
9125494
9251377
9377553
9575539
9530458
9638385
9512578
9620482
9638397
9476612
9332628
9287472
9575639
9503576
9413634
9539477
9503566
9557645
9638404
9602549
9521550
9620470
8873236
9152423
9566595
9611495
9602545
9557704
9386730
9269598
9566724
9125581
8981232
8593895
9260536
9260541
9575659
9584630
9548407
9179458
9422692
9602551
9602555
9629447
9521536
9512591
9530508
9575665
9494583
9611517
9656323
9611520
9602553
9269475
9458422
9629447
9611509
9584676
9512551
9611506
9638404
9638400
9647373
9629419
9539454
9413576
9521504
9305666
9413620
9530507
9557399
9629458
9575276
9656319
9665298
9701176
9674287
9656377
9629471
9548446
9665310
9611505
9485624
9602521
9593580
9494632
9539467
9602527
9575621
9629418
9593576
9656354
9665295
9521511
9521550
9647359
9458395
9629399
9386626
9539677
9638420
9656348
9602448
9512570
9629449
9638390
9476547
9593448
9593490
9647351
9638376
9692195
9674242
9710146
9548404
9620441
9593498
9548348
9530461
9620450
9665209
9602425
9692019
9485485
9620435
9539447
9584624
9593581
9665316
9656357
9467388
9566358
9701163
9476604
9512502
9512532
9683250
9665308
9673632
9539402
9638400
9566323
9692205
9665303
9629396
9602447
9620444
9530147
9844481
9736617
9602339
9844526
9574226
9691370
8790630
9754652
9701156
9592756
9476546
9188303
8853832
9790639
9655573
9655306
9683238
9647363
9745854
8169269
9647367
9620486
9179358
9521505
9593519
9071344
9422569
9629421
9620467
9214617
9557569
9611490
9620449
9368531
9575648
9440736
8774208
9485575
9611506
9431750
8990259
9080377
8278734
8774101
8873282
9278582
8774185
8873194
8593905
8774175
8630114
8945300
9188327
9566667
9134562
8558012
9278580
8963275
8089718
8963414
7882449
8774195
7675386
8089549
7486188
8683998
8972264
8675007
9539781
8945352
9377520
9260493
8584912
9548685
9080268
8567121
9359571
9440694
9260534
9071480
9341612
8747340
8089556
9359575
8630153
9575662
8900225
9368532
8368858
9368520
9575622
9566677
8963240
9008462
9350595
9377922
9260692
8756267
8945270
7990459
7594204
9269456
9260448
8981194
8657031
8674996
8692949
9287545
9575647
9512752
9593566
9458684
9467637
8972222
9368629
9323649
9467610
9161434
9575647
9611512
9269576
9521545
9251621
9593567
9629444
9638396
9575638
9620489
9557701
9566714
9701166
9566523
9548411
9620467
9629459
9620487
9665301
9602549
9656344
9620466
9656272
9683134
9862371
9656322
9665306
9638416
9683247
9656342
9656344
9620434
9512514
9530484
9611521
9467317
9593209
9647356
9593584
9512553
9512556
9512477
9629417
9458371
9449383
9476303
9656307
9620478
9575657
9620470
9683219
9575281
9701153
9674251
9548360
9665320
9656316
9611469
9638405
9719091
9665322
9485332
9674268
9620481
9620480
9629355
9656358
9647245
9557321
9539497
9709945
9529776
9736652
9566286
9593175
9628700
9718744
9664687
9736758
9656266
9682820
9700690
9691748
9556809
9665018
9674113
9575257
9638336
9620402
9611445
9530380
9682838
9610976
9593350
9619925
9629265
9485195
9610957
9485052
9575104
9539148
9601954
8800338
9385837
9619923
9520979
9646808
9610937
9584105
9575038
9305354
9566186
9620017
9682833
9799265
9602071
9359354
9673861
9655903
9673824
9646937
9601800
9691740
9511785
9556974
9709742
9682749
9673795
9673853
9709219
9638025
9664879
9664910
9682875
9584218
9691775
9629112
9548015
8791403
9476422
9610979
9673848
9619947
9593104
8134295
8485501
8332479
9494464
8692911
9647138
9602288
9557410
9422890
9431862
9440791
9449562
9422739
9467743
9431908
9476608
9413857
9368636
9485504
9530376
9566240
9620130
9602129
9593203
9530410
9647061
9629139
9512208
9602196
9566299
9503472
9602319
9503189
9593247
9503196
9656067
9682962
9790583
9691984
9638172
9593366
9647155
9620108
9575375
9557427
9647446
9530557
9683307
9665016
9700906
9557170
9835712
9548052
9601974
9665056
9467081
9602192
9862608
9701005
9781886
9817765
9710198
9718977
9710027
9665060
9674371
9629079
9844660
9655700
9682981
9817741
9754637
9826717
9853623
9808799
9745652
9844603
9853614
9646750
9853584
9862568
9781513
9835680
9763645
9817744
9763645
9808714
9745564
9880485
9691629
9628706
9835548
9548124
9736727
9736844
9691938
9772521
9853664
9862555
9835660
9736707
9844666
9772548
9763626
9826724
9799696
9862658
9745810
9844710
9844703
9808816
9700890
9772834
9736720
9862659
9638050
9619941
9862654
9853655
9862596
9709772
9736827
9826791
9745703
9556475
9646497
9745739
9403150
9457546
9746074
9727879
9844736
9862676
9808779
9656066
9799740
9826751
9745698
9871527
9826786
9817800
9475309
9610958
9853682
9835764
9538539
9745580
9889534
9781617
9835755
9853648
9799506
9889561
9781613
9907473
9763682
9907488
9898469
9889538
9781532
9871566
9862582
9853646
9880545
9880560
9889501
9871633
9709331
9709317
9871525
9799429
9844694
9889489
9871545
9799518
9610208
8718591
9835738
9889480
9799685
9799606
9871492
9565756
9808640
9718675
9754675
9844538
9799530
9790598
9691587
9736559
9880437
9151060
9808683
9763671
9808577
9763630
9817595
9835554
9835545
9736554
9853473
9358149
9411979
9799434
9808513
9781493
9691328
9835576
9880534
8367437
9376136
9772539
9565308
9754562
9772700
9781646
9772746
9781650
9799698
9736600
9574869
9682762
9745780
9718775
9745768
9538944
9403773
9646557
9781660
9745843
9835520
9790638
9628582
9781902
9205065
9844584
9835548
9691796
9421289
9565776
9727743
9745639
9808598
9853491
9772587
9718560
9727665
9880500
9763637
9808609
9862430
9727739
9763602
9853482
9853449
9835534
9808628
9808589
9826561
9826561
9844469
9565728
9763641
9826575
9772479
9826559
9826529
9790625
9736804
9718716
9817571
9628741
9637820
9718712
9619670
9700774
9754706
9808688
9844436
9745721
9727723
9817627
9808672
9835649
9826746
9817552
9736670
9700616
9871473
9790519
9772596
9826490
9700839
7718742
8817628
9844545
9520728
9736700
9682874
9754731
9736595
8970951
9835563
9790649
9763654
9808605
9808600
9745707
9781673
9781782
9682699
9754718
9772674
9664732
9772674
9727770
9772700
9808624
9736816
9826776
9844702
9736692
9781973
9718830
9817679
9862515
9799654
9835558
9619677
9772728
9745740
9790681
9466258
8322489
8421343
8601564
9754855
9674012
9709821
9700886
9736787
9736881
9638026
9718787
9700999
9754769
9629234
9647020
9754885
9728097
9719224
9763845
9646983
9736807
9772737
9637949
9754995
9620179
9728119
9710088
9737081
9673946
9539132
9808827
9647085
9781918
9746026
5845328
8385381
9754984
9664977
9115938
8781721
8205260
9790858
9710232
9701266
9575150
9656157
9790921
9736516
9772991
9178013
8961897
8205375
9817776
9611066
9710073
9719138
9701176
9656087
9701084
9593212
9683005
9593157
9665257
9584135
9620383
9692185
9575122
9574954
9539131
9637998
9575285
9701296
9557373
9674007
9701118
9566037
9728042
9602083
9692132
9593227
9683251
9773039
9737115
9674252
9691993
9674443
9728146
9701159
9611305
9566071
9665141
9629466
9665082
9665323
9575322
9638520
9512431
9629154
9656146
9683077
9683088
9692270
9656365
9665365
9494630
9611375
9674288
9557365
9368327
9467179
9719151
9701152
9719104
9665064
9647089
9620091
9674177
9647079
9593393
9692082
9620181
9647053
9566080
9629092
9620185
9719046
9620159
9548469
9701051
9557297
9647344
9638090
9736941
9629207
9611370
9467446
9665303
9620299
9620180
9269488
9602154
9656088
9611213
9656310
9647120
9593300
9647149
9620372
9602435
9440188
9593139
9602389
9602348
9566481
9602516
9593435
9647345
9665316
9629305
9710125
9602110
9692170
9530495
9647380
9458465
9575485
9440520
9557489
9593446
9656326
9611246
9674277
9620252
9629206
9557464
9620083
9629247
9638298
9521415
9521213
9611174
9656343
9647388
9611462
9692046
9737127
9548020
9548376
9611192
9638142
9530164
9683015
9548054
9638045
9539033
9412894
9629120
9602292
9638063
9638098
9403852
9503098
9629146
9647253
9719016
9602291
9638075
9710049
9602083
9647012
9682983
9539033
9412852
9629079
9413019
9575200
9170158
9521081
9674028
9701021
9557084
9665123
9656031
9656097
9638140
9656013
9674188
9602145
9647163
8827398
9638007
9539095
9620361
9611079
9602207
9665373
9575263
9503200
9584176
9647106
9521128
9656295
9530257
9620105
9494066
9611441
9629359
9521408
9647201
9584230
9665144
9647222
9683005
9548013
9593076
9656181
8323173
9665065
9656028
9647154
9620065
9593226
9494000
8908421
9502993
8908560
8944781
9593069
5890500
8305051
8899585
9611088
9575092
9584188
9602272
9403951
9521039
9602138
9440502
9629150
9494487
9620479
9611197
9620064
9629115
9620053
9620044
9538938
9368412
9259582
9619969
9539102
5241920
9628953
9602332
9566659
9575732
9512366
9602425
9377757
9611180
9629127
9539829
9575557
9593504
9539676
9629635
9539941
8999602
9504048
9638610
9611666
9539461
9656152
9602618
9521623
9629643
9665531
9647565
9638598
9602690
9629551
9602678
9620672
9656588
9629619
9476785
9620564
9629584
9629395
9629527
9656395
9521580
9638339
9647233
9611708
9620572
9629621
9620532
9530543
9629210
9638274
9539314
9710454
9674550
9539654
9674226
9692157
9665228
9665542
9656172
9557431
9683529
9539699
9683541
9665591
9638646
9629655
9557600
9629666
9674586
9629667
9539664
9638220
9692244
9620277
9728284
9503354
9638266
9548338
9656252
9656602
9683253
9647297
9683501
9656234
9647460
9575343
9656477
9521365
9647261
9629244
9665498
9629199
9764061
9665534
9647246
9440634
9530774
9665467
9593392
9701337
9674106
9746134
9773235
9575578
9728404
9764280
9710450
9728308
9620303
9485408
9575371
9737135
9710263
9701475
9737367
9683384
9602480
9692276
9692333
9656327
9557364
9692151
9791189
9502908
9719445
9737375
9511863
9683250
9773255
9656310
9665327
9674159
9701059
9764140
9773162
9566664
9647399
9737362
9620630
9710474
9737370
9728256
9665177
9773091
9809067
9782209
9719457
9755233
9403924
9710482
9692532
9710466
9719437
9575654
9539427
9665522
9656380
9647539
9530241
9530677
9656628
9791189
9719365
9611476
9728336
9611259
9683416
9503402
9728404
9701435
9665238
9791152
9773151
8421686
9719297
9647378
9674148
9692388
9764232
9647288
9656492
9304821
9800072
9566505
9485478
9710314
9611391
9602445
9665455
9746266
9638490
9575578
9710402
9764224
9611450
9611455
9602488
9593500
9737291
9638562
9737322
9683231
9701150
9674224
9791170
9421570
9575539
9421779
9593655
9692428
9359580
9377420
9305258
9476592
9584566
9575592
9602485
9602464
9602480
9575593
9386489
9485559
9575588
9511492
9602484
9593517
9584558
9494524
9395369
9296295
9466529
9467576
9395517
9313481
9764116
9511484
9683285
9377565
9485483
9566607
9566566
9467571
9584515
9485615
9575566
9710302
9485758
8692898
8305572
8305645
4953684
4557428
9602538
9593537
9701359
9476625
9575595
9593561
9575518
9575514
9214260
9602403
9467659
9584490
8511849
9718900
9808861
9548669
9602436
9710321
9467728
9467674
9610568
9394484
9494202
9808907
9746018
9593613
9557281
9539630
9728268
9611443
9394472
9566223
9575241
9548378
9701431
9449779
9692236
9773027
9656359
9665362
9575378
9575586
9539868
9647502
9530779
9503643
9584444
9503598
9530866
9566746
9521895
9477004
9422881
9521907
9476984
9575593
9548796
9521867
9350915
9503905
9467600
9494934
9512908
9449893
9432069
9467873
9395662
9476969
9269926
9378034
9449990
9359950
9450019
9251899
9062705
9413998
9494938
9377926
9377896
8801454
9188783
9468077
9548796
9449834
9485692
9494708
9422923
9431867
9413876
9539886
9485833
9485995
9512916
9512939
9386882
9584711
9503922
9494973
9179784
9161923
9377948
9386996
9350919
9494835
9467865
9494938
9476980
9476988
9503853
9602746
9647588
9593755
9539957
9116754
9530946
9440965
9503981
9629591
9566762
9611653
9548832
9620632
9530890
9495009
9539866
9638622
9314819
9494630
9566822
9584764
9467807
9521947
9611677
9593747
9602726
9539889
9557879
9557831
9314949
9503944
9620688
9467883
9431675
9557717
9413740
9467862
9440890
9584775
9611673
9584622
9521959
9584804
9620639
9467875
9503535
9566871
9602770
9557919
9512731
9575841
9629716
9575833
9485717
9566894
9494836
9647689
9602806
9620727
9467850
9575879
9575901
9575925
8981696
9566934
9485914
9602834
9359824
9584908
9557919
9449916
9341801
9548940
9467856
9566954
9584852
9431970
9557907
9584701
9071642
9179790
9575933
9476865
8873650
8684452
9251885
9467936
9584848
9179637
9170691
9557936
9539961
9278709
8981460
9467878
9368899
9278705
9476928
9278717
9351031
9188708
8972583
9062600
8972493
9566958
9044576
9062627
9170886
9593875
9152707
9575957
9584909
9386752
9170777
9476866
9071718
9476845
9557915
9584816
9584832
9548958
9566790
9539914
9548952
9494875
9602850
9287757
9575901
9071538
9575957
9584924
9557987
9485981
9503904
9080630
9170652
9359986
9620789
9522086
9080624
9377809
9566957
9449950
9575953
9260859
9485852
9476934
9467893
9170629
9584823
9584860
9557919
9557937
9575940
9575933
9395882
9602870
9485901
9467990
9458878
9557987
9170762
9566950
9377773
8765352
9540009
9170652
9287680
8747393
9557990
9422965
9566982
9575949
9584912
9584920
9584900
9593881
9584909
9467978
9531105
9531104
9549026
9566985
9548827
9566943
9450206
9539794
9431837
9368802
9332994
9557745
9557849
9575787
9413852
9521814
9566715
9566828
9539676
9449894
9557783
9566783
9458965
9548901
9440723
9521869
9521780
9332640
9350869
9521754
9521712
9584652
9431782
9566634
9548617
9557682
9584685
9422828
9548656
9503776
9530671
9530683
9413737
9539570
9593407
9494546
9593478
9584537
9584436
9458631
9575577
9566578
9521421
9575427
9566420
9557392
9602407
9449627
9593507
9593454
9611425
9557576
9557513
9593354
9593382
9584472
9566518
9557577
9584524
9602526
9467582
9512701
9539644
9557547
9548552
9575512
9566522
9413713
9395789
9458599
9521698
9566380
9602435
9548578
9476545
9521594
9575533
9530498
9521550
9521565
9494138
9170037
9521630
8683647
8872737
9143263
9377757
9476414
8971855
9512682
9557516
9593311
9566438
9440468
9404556
9521370
9440718
9494456
9179593
9377467
9359678
9485504
9449663
9305448
9251546
9548504
9512275
9386356
9368293
9512105
9548409
9611477
9377596
9539704
9287458
9476378
9521525
9413280
9485508
9476429
9413639
9404753
9512604
9251151
8989783
8728464
9016721
9404038
8801061
9368549
9548650
9575507
9602342
9413577
9521575
9548529
9530527
9242150
9575600
9539475
9530605
9548562
9530586
9521629
9539606
9422788
9305734
9431651
9539552
9332845
9467590
9557572
9512731
9548611
9521586
9413671
9548584
9530701
9530666
9539642
9521641
9548587
9512662
9557557
9539615
9494727
9431635
9557549
9440680
9449576
9440553
9503770
9557565
9539571
9494669
9521659
9530649
9494752
9557545
9260480
9350535
9539489
9548437
9440638
9530625
9530550
9557402
9332657
9080691
9467522
9557530
9449533
9548519
9566477
9566457
9530464
9548530
9539567
9422624
9539487
9539459
9341679
8197762
8782693
9503573
9413667
9557352
9449687
9386083
9566258
9205834
9485553
9458347
8719486
8025749
9440434
9548304
8719241
9584264
9557303
9584432
9557251
9440630
8719281
8809487
8341091
9476531
9476675
9440501
9584532
8998595
9016596
9593703
9485680
9575698
9584676
9575765
9575832
9557743
9566766
9395713
9575677
9458887
9602686
9611677
9611680
9593771
9602718
9629700
9485918
9602770
9485770
9620620
9512729
9602697
9503647
9620648
9611739
9629671
9413803
9530705
9620687
9611769
9503867
9629716
9530687
9620717
9629667
9620716
9539715
9566529
9647593
8774146
9773151
9512766
9530696
9620696
9629694
9755247
9773176
9665555
9764204
9548681
9593545
9692464
9620371
9620722
9808752
9844976
9745971
9412703
9214220
9610574
9907684
9808756
9790814
9304305
9907712
9764154
9808975
9746281
9709576
9610476
9898761
9907700
9763751
9889762
9709572
9709588
9610799
9907736
9691829
9898700
9682882
9907653
9701082
9835995
9799681
9709965
9889790
9799763
9808701
9808594
9745847
9880711
9799711
9889778
9808694
9907732
9907704
9907692
9907665
9853847
9844871
9701396
9898707
9772734
9853689
9871688
9898597
9907657
9817997
9620211
9907557
9583927
9565974
9880763
9772835
9583891
9655980
9844863
9745866
9835848
9727956
9817810
9799841
9808911
9808781
9853877
9800096
9800048
9665096
9458448
9701323
9764068
9719273
9728254
9647529
9701227
9800072
9539611
9728304
9737216
9656506
9503519
9611714
9539601
9584410
9620577
9566378
9557384
9530532
9764051
9692354
9647503
9683331
9593342
9674275
9808931
9692330
9494373
9755091
9593131
9683078
9593283
9566334
9674250
9709800
9629343
9557283
9746100
8502520
9611322
9647420
9575452
9656516
9665406
9755058
9763836
9538928
9674184
9647379
9656412
9422401
9611497
9665400
9701312
9692325
9656463
9530510
9638164
9755079
9692318
9404384
9512288
9683403
9683390
9710275
9683381
9656166
9665430
9539619
9656506
9674435
9674445
9737203
9764083
9782022
9584377
9611336
9665500
9593387
9683407
9674438
9629621
9683400
9692339
9683371
9728242
9737178
9656139
9728233
9674395
9737152
9746135
9665110
9737179
9674449
9790962
9737183
9755120
9665467
9602367
9701298
9656476
9710271
9764067
9602326
9683416
9683371
9611343
9692356
9710218
9737161
8277468
9764050
9755088
9701248
9620236
9665481
9656489
9737166
9602722
9656505
9692344
9674400
9638563
9548534
9575434
9566470
9449578
9701304
9755088
9737151
9557473
9674446
9557520
9719218
9602371
9674426
9620263
9584378
9701307
9665415
9728186
9620539
9584400
9764034
9701277
9656484
9629516
9755106
9701286
9620617
9763889
9755101
9710278
9728098
9737168
9683361
9557519
9764057
9620246
9710233
9683210
9638563
9656532
9710296
9692344
9728172
9584345
9755055
9692317
9674371
9593305
9458509
9647502
9647509
9620617
9611343
9691976
9755068
9674375
9647470
9557391
9620500
9638057
9728162
9476467
9692347
9602279
9629159
9755063
9422602
9584721
9710257
9728176
9728106
9692336
9485378
9701288
9746091
9322875
6962552
9647469
9656449
9665438
9620569
9566432
9683299
9665357
9548585
9566702
9611542
9485328
9620549
9593730
9674397
9593721
9728031
9683175
9665376
9692283
9584390
9530521
9602650
9602681
9728109
9683146
9557316
9665404
9692170
9620490
9629264
9656410
9674150
9530484
9512809
9486193
9692309
9683268
9575445
9647437
9656444
9611640
9584469
9638453
9557690
9638531
9665411
9611561
9719174
9710198
9656328
9647508
9521135
9557855
9683185
9701067
9674140
9440392
9710143
9575401
9700952
9413005
9656443
9674378
9448849
9611598
9458567
9557453
9629504
9745872
9539102
9719079
9701198
9629460
9737056
9674279
9701151
9710218
9629089
9476469
9503264
9692240
9611266
9602228
9629183
9521481
9593653
9602610