0.9996549999999977
0.9991549999999945
0.9986549999999912
0.9981549999999879
0.9976549999999846
0.9971549999999814
0.9966549999999781
0.9961549999999748
0.9956549999999715
0.9951549999999683
0.994654999999965
0.9941549999999617
0.9936549999999584
0.9931549999999552
0.9926549999999519
0.9921549999999486
0.9916549999999453
0.991154999999942
0.9906549999999388
0.9901549999999355
0.9896549999999322
0.989154999999929
0.9886549999999257
0.9881549999999224
0.9876549999999191
0.9871549999999158
0.9866549999999126
0.9861549999999093
0.985654999999906
0.9851549999999027
0.9846549999998995
0.9841549999998962
0.9836549999998929
0.9831549999998896
0.9826549999998864
0.9821549999998831
0.9816549999998798
0.9811549999998765
0.9806549999998733
0.98015499999987
0.9796549999998667
0.9791549999998634
0.9786549999998602
0.9781549999998569
0.9776549999998536
0.9771549999998503
0.9766549999998471
0.9761549999998438
0.9756549999998405
0.9751549999998372
0.974654999999834
0.9741549999998307
0.9736549999998274
0.9731549999998241
0.9726549999998209
0.9721549999998176
0.9716549999998143
0.971154999999811
0.9706549999998078
0.9701549999998045
0.9696549999998012
0.9691549999997979
0.9686549999997947
0.9681549999997914
0.9676549999997881
0.9671549999997848
0.9666549999997816
0.9661549999997783
0.965654999999775
0.9651549999997717
0.9646549999997684
0.9641549999997652
0.9636549999997619
0.9631549999997586
0.9626549999997553
0.9621549999997521
0.9616549999997488
0.9611549999997455
0.9606549999997422
0.960154999999739
0.9596549999997357
0.9591549999997324
0.9586549999997291
0.9581549999997259
0.9576549999997226
0.9571549999997193
0.956654999999716
0.9561549999997128
0.9556549999997095
0.9551549999997062
0.9546549999997029
0.9541549999996997
0.9536549999996964
0.9531549999996931
0.9526549999996898
0.9521549999996866
0.9516549999996833
0.95115499999968
0.9506549999996767
0.9501549999996735
0.9496549999996702
0.9491549999996669
0.9486549999996636
0.9481549999996604
0.9476549999996571
0.9471549999996538
0.9466549999996505
0.9461549999996473
0.945654999999644
0.9451549999996407
0.9446549999996374
0.9441549999996341
0.9436549999996309
0.9431549999996276
0.9426549999996243
0.942154999999621
0.9416549999996178
0.9411549999996145
0.9406549999996112
0.9401549999996079
0.9396549999996047
0.9391549999996014
0.9386549999995981
0.9381549999995948
0.9376549999995916
0.9371549999995883
0.936654999999585
0.9361549999995817
0.9356549999995785
0.9351549999995752
0.9346549999995719
0.9341549999995686
0.9336549999995654
0.9331549999995621
0.9326549999995588
0.9321549999995555
0.9316549999995523
0.931154999999549
0.9306549999995457
0.9301549999995424
0.9296549999995392
0.9291549999995359
0.9286549999995326
0.9281549999995293
0.927654999999526
0.9271549999995228
0.9266549999995195
0.9261549999995162
0.925654999999513
0.9251549999995097
0.9246549999995064
0.9241549999995031
0.9236549999994998
0.9231549999994966
0.9226549999994933
0.92215499999949
0.9216549999994867
0.9211549999994835
0.9206549999994802
0.9201549999994769
0.9196549999994736
0.9191549999994704
0.9186549999994671
0.9181549999994638
0.9176549999994605
0.9171549999994573
0.916654999999454
0.9161549999994507
0.9156549999994474
0.9151549999994442
0.9146549999994409
0.9141549999994376
0.9136549999994343
0.9131549999994311
0.9126549999994278
0.9121549999994245
0.9116549999994212
0.911154999999418
0.9106549999994147
0.9101549999994114
0.9096549999994081
0.9091549999994049
0.9086549999994016
0.9081549999993983
0.907654999999395
0.9071549999993918
0.9066549999993885
0.9061549999993852
0.9056549999993819
0.9051549999993787
0.9046549999993754
0.9041549999993721
0.9036549999993688
0.9031549999993655
0.9026549999993623
0.902154999999359
0.9016549999993557
0.9011549999993524
0.9006549999993492
0.9001549999993459
0.8996549999993426
0.8991549999993393
0.8986549999993361
0.8981549999993328
0.8976549999993295
0.8971549999993262
0.896654999999323
0.8961549999993197
0.8956549999993164
0.8951549999993131
0.8946549999993099
0.8941549999993066
0.8936549999993033
0.8931549999993
0.8926549999992968
0.8921549999992935
0.8916549999992902
0.8911549999992869
0.8906549999992837
0.8901549999992804
0.8896549999992771
0.8891549999992738
0.8886549999992706
0.8881549999992673
0.887654999999264
0.8871549999992607
0.8866549999992575
0.8861549999992542
0.8856549999992509
0.8851549999992476
0.8846549999992444
0.8841549999992411
0.8836549999992378
0.8831549999992345
0.8826549999992312
0.882154999999228
0.8816549999992247
0.8811549999992214
0.8806549999992181
0.8801549999992149
0.8796549999992116
0.8791549999992083
0.878654999999205
0.8781549999992018
0.8776549999991985
0.8771549999991952
0.8766549999991919
0.8761549999991887
0.8756549999991854
0.8751549999991821
0.8746549999991788
0.8741549999991756
0.8736549999991723
0.873154999999169
0.8726549999991657
0.8721549999991625
0.8716549999991592
0.8711549999991559
0.8706549999991526
0.8701549999991494
0.8696549999991461
0.8691549999991428
0.8686549999991395
0.8681549999991363
0.867654999999133
0.8671549999991297
0.8666549999991264
0.8661549999991232
0.8656549999991199
0.8651549999991166
0.8646549999991133
0.86415499999911
0.8636549999991068
0.8631549999991035
0.8626549999991002
0.862154999999097
0.8616549999990937
0.8611549999990904
0.8606549999990871
0.8601549999990838
0.8596549999990806
0.8591549999990773
0.858654999999074
0.8581549999990707
0.8576549999990675
0.8571549999990642
0.8566549999990609
0.8561549999990576
0.8556549999990544
0.8551549999990511
0.8546549999990478
0.8541549999990445
0.8536549999990413
0.853154999999038
0.8526549999990347
0.8521549999990314
0.8516549999990282
0.8511549999990249
0.8506549999990216
0.8501549999990183
0.8496549999990151
0.8491549999990118
0.8486549999990085
0.8481549999990052
0.847654999999002
0.8471549999989987
0.8466549999989954
0.8461549999989921
0.8456549999989889
0.8451549999989856
0.8446549999989823
0.844154999998979
0.8436549999989758
0.8431549999989725
0.8426549999989692
0.8421549999989659
0.8416549999989626
0.8411549999989594
0.8406549999989561
0.8401549999989528
0.8396549999989495
0.8391549999989463
0.838654999998943
0.8381549999989397
0.8376549999989364
0.8371549999989332
0.8366549999989299
0.8361549999989266
0.8356549999989233
0.8351549999989201
0.8346549999989168
0.8341549999989135
0.8336549999989102
0.833154999998907
0.8326549999989037
0.8321549999989004
0.8316549999988971
0.8311549999988939
0.8306549999988906
0.8301549999988873
0.829654999998884
0.8291549999988808
0.8286549999988775
0.8281549999988742
0.8276549999988709
0.8271549999988677
0.8266549999988644
0.8261549999988611
0.8256549999988578
0.8251549999988546
0.8246549999988513
0.824154999998848
0.8236549999988447
0.8231549999988415
0.8226549999988382
0.8221549999988349
0.8216549999988316
0.8211549999988283
0.8206549999988251
0.8201549999988218
0.8196549999988185
0.8191549999988152
0.818654999998812
0.8181549999988087
0.8176549999988054
0.8171549999988021
0.8166549999987989
0.8161549999987956
0.8156549999987923
0.815154999998789
0.8146549999987858
0.8141549999987825
0.8136549999987792
0.8131549999987759
0.8126549999987727
0.8121549999987694
0.8116549999987661
0.8111549999987628
0.8106549999987596
0.8101549999987563
0.809654999998753
0.8091549999987497
0.8086549999987465
0.8081549999987432
0.8076549999987399
0.8071549999987366
0.8066549999987334
0.8061549999987301
0.8056549999987268
0.8051549999987235
0.8046549999987203
0.804154999998717
0.8036549999987137
0.8031549999987104
0.8026549999987072
0.8021549999987039
0.8016549999987006
0.8011549999986973
0.800654999998694
0.8001549999986908
0.7996549999986875
0.7991549999986842
0.798654999998681
0.7981549999986777
0.7976549999986744
0.7971549999986711
0.7966549999986678
0.7961549999986646
0.7956549999986613
0.795154999998658
0.7946549999986547
0.7941549999986515
0.7936549999986482
0.7931549999986449
0.7926549999986416
0.7921549999986384
0.7916549999986351
0.7911549999986318
0.7906549999986285
0.7901549999986253
0.789654999998622
0.7891549999986187
0.7886549999986154
0.7881549999986122
0.7876549999986089
0.7871549999986056
0.7866549999986023
0.7861549999985991
0.7856549999985958
0.7851549999985925
0.7846549999985892
0.784154999998586
0.7836549999985827
0.7831549999985794
0.7826549999985761
0.7821549999985729
0.7816549999985696
0.7811549999985663
0.780654999998563
0.7801549999985598
0.7796549999985565
0.7791549999985532
0.7786549999985499
0.7781549999985466
0.7776549999985434
0.7771549999985401
0.7766549999985368
0.7761549999985335
0.7756549999985303
0.775154999998527
0.7746549999985237
0.7741549999985204
0.7736549999985172
0.7731549999985139
0.7726549999985106
0.7721549999985073
0.7716549999985041
0.7711549999985008
0.7706549999984975
0.7701549999984942
0.769654999998491
0.7691549999984877
0.7686549999984844
0.7681549999984811
0.7676549999984779
0.7671549999984746
0.7666549999984713
0.766154999998468
0.7656549999984648
0.7651549999984615
0.7646549999984582
0.7641549999984549
0.7636549999984517
0.7631549999984484
0.7626549999984451
0.7621549999984418
0.7616549999984386
0.7611549999984353
0.760654999998432
0.7601549999984287
0.7596549999984255
0.7591549999984222
0.7586549999984189
0.7581549999984156
0.7576549999984123
0.7571549999984091
0.7566549999984058
0.7561549999984025
0.7556549999983992
0.755154999998396
0.7546549999983927
0.7541549999983894
0.7536549999983861
0.7531549999983829
0.7526549999983796
0.7521549999983763
0.751654999998373
0.7511549999983698
0.7506549999983665
0.7501549999983632
0.7496549999983599
0.7491549999983567
0.7486549999983534
0.7481549999983501
0.7476549999983468
0.7471549999983436
0.7466549999983403
0.746154999998337
0.7456549999983337
0.7451549999983305
0.7446549999983272
0.7441549999983239
0.7436549999983206
0.7431549999983174
0.7426549999983141
0.7421549999983108
0.7416549999983075
0.7411549999983043
0.740654999998301
0.7401549999982977
0.7396549999982944
0.7391549999982912
0.7386549999982879
0.7381549999982846
0.7376549999982813
0.737154999998278
0.7366549999982748
0.7361549999982715
0.7356549999982682
0.735154999998265
0.7346549999982617
0.7341549999982584
0.7336549999982551
0.7331549999982518
0.7326549999982486
0.7321549999982453
0.731654999998242
0.7311549999982387
0.7306549999982355
0.7301549999982322
0.7296549999982289
0.7291549999982256
0.7286549999982224
0.7281549999982191
0.7276549999982158
0.7271549999982125
0.7266549999982093
0.726154999998206
0.7256549999982027
0.7251549999981994
0.7246549999981962
0.7241549999981929
0.7236549999981896
0.7231549999981863
0.7226549999981831
0.7221549999981798
0.7216549999981765
0.7211549999981732
0.72065499999817
0.7201549999981667
0.7196549999981634
0.7191549999981601
0.7186549999981569
0.7181549999981536
0.7176549999981503
0.717154999998147
0.7166549999981437
0.7161549999981405
0.7156549999981372
0.7151549999981339
0.7146549999981306
0.7141549999981274
0.7136549999981241
0.7131549999981208
0.7126549999981175
0.7121549999981143
0.711654999998111
0.7111549999981077
0.7106549999981044
0.7101549999981012
0.7096549999980979
0.7091549999980946
0.7086549999980913
0.7081549999980881
0.7076549999980848
0.7071549999980815
0.7066549999980782
0.706154999998075
0.7056549999980717
0.7051549999980684
0.7046549999980651
0.7041549999980619
0.7036549999980586
0.7031549999980553
0.702654999998052
0.7021549999980488
0.7016549999980455
0.7011549999980422
0.7006549999980389
0.7001549999980357
0.6996549999980324
0.6991549999980291
0.6986549999980258
0.6981549999980226
0.6976549999980193
0.697154999998016
0.6966549999980127
0.6961549999980094
0.6956549999980062
0.6951549999980029
0.6946549999979996
0.6941549999979963
0.6936549999979931
0.6931549999979898
0.6926549999979865
0.6921549999979832
0.69165499999798
0.6911549999979767
0.6906549999979734
0.6901549999979701
0.6896549999979669
0.6891549999979636
0.6886549999979603
0.688154999997957
0.6876549999979538
0.6871549999979505
0.6866549999979472
0.6861549999979439
0.6856549999979407
0.6851549999979374
0.6846549999979341
0.6841549999979308
0.6836549999979276
0.6831549999979243
0.682654999997921
0.6821549999979177
0.6816549999979145
0.6811549999979112
0.6806549999979079
0.6801549999979046
0.6796549999979014
0.6791549999978981
0.6786549999978948
0.6781549999978915
0.6776549999978883
0.677154999997885
0.6766549999978817
0.6761549999978784
0.6756549999978751
0.6751549999978719
0.6746549999978686
0.6741549999978653
0.673654999997862
0.6731549999978588
0.6726549999978555
0.6721549999978522
0.671654999997849
0.6711549999978457
0.6706549999978424
0.6701549999978391
0.6696549999978358
0.6691549999978326
0.6686549999978293
0.668154999997826
0.6676549999978227
0.6671549999978195
0.6666549999978162
0.6661549999978129
0.6656549999978096
0.6651549999978064
0.6646549999978031
0.6641549999977998
0.6636549999977965
0.6631549999977933
0.66265499999779
0.6621549999977867
0.6616549999977834
0.6611549999977802
0.6606549999977769
0.6601549999977736
0.6596549999977703
0.659154999997767
0.6586549999977638
0.6581549999977605
0.6576549999977572
0.657154999997754
0.6566549999977507
0.6561549999977474
0.6556549999977441
0.6551549999977409
0.6546549999977376
0.6541549999977343
0.653654999997731
0.6531549999977277
0.6526549999977245
0.6521549999977212
0.6516549999977179
0.6511549999977146
0.6506549999977114
0.6501549999977081
0.6496549999977048
0.6491549999977015
0.6486549999976983
0.648154999997695
0.6476549999976917
0.6471549999976884
0.6466549999976852
0.6461549999976819
0.6456549999976786
0.6451549999976753
0.6446549999976721
0.6441549999976688
0.6436549999976655
0.6431549999976622
0.642654999997659
0.6421549999976557
0.6416549999976524
0.6411549999976491
0.6406549999976459
0.6401549999976426
0.6396549999976393
0.639154999997636
0.6386549999976328
0.6381549999976295
0.6376549999976262
0.6371549999976229
0.6366549999976197
0.6361549999976164
0.6356549999976131
0.6351549999976098
0.6346549999976066
0.6341549999976033
0.6336549999976
0.6331549999975967
0.6326549999975934
0.6321549999975902
0.6316549999975869
0.6311549999975836
0.6306549999975803
0.6301549999975771
0.6296549999975738
0.6291549999975705
0.6286549999975672
0.628154999997564
0.6276549999975607
0.6271549999975574
0.6266549999975541
0.6261549999975509
0.6256549999975476
0.6251549999975443
0.624654999997541
0.6241549999975378
0.6236549999975345
0.6231549999975312
0.6226549999975279
0.6221549999975247
0.6216549999975214
0.6211549999975181
0.6206549999975148
0.6201549999975116
0.6196549999975083
0.619154999997505
0.6186549999975017
0.6181549999974985
0.6176549999974952
0.6171549999974919
0.6166549999974886
0.6161549999974854
0.6156549999974821
0.6151549999974788
0.6146549999974755
0.6141549999974723
0.613654999997469
0.6131549999974657
0.6126549999974624
0.6121549999974591
0.6116549999974559
0.6111549999974526
0.6106549999974493
0.610154999997446
0.6096549999974428
0.6091549999974395
0.6086549999974362
0.6081549999974329
0.6076549999974297
0.6071549999974264
0.6066549999974231
0.6061549999974198
0.6056549999974166
0.6051549999974133
0.60465499999741
0.6041549999974067
0.6036549999974035
0.6031549999974002
0.6026549999973969
0.6021549999973936
0.6016549999973904
0.6011549999973871
0.6006549999973838
0.6001549999973805
0.5996549999973773
0.599154999997374
0.5986549999973707
0.5981549999973674
0.5976549999973642
0.5971549999973609
0.5966549999973576
0.5961549999973543
0.595654999997351
0.5951549999973478
0.5946549999973445
0.5941549999973412
0.593654999997338
0.5931549999973347
0.5926549999973314
0.5921549999973281
0.5916549999973248
0.5911549999973216
0.5906549999973183
0.590154999997315
0.5896549999973117
0.5891549999973085
0.5886549999973052
0.5881549999973019
0.5876549999972986
0.5871549999972954
0.5866549999972921
0.5861549999972888
0.5856549999972855
0.5851549999972823
0.584654999997279
0.5841549999972757
0.5836549999972724
0.5831549999972692
0.5826549999972659
0.5821549999972626
0.5816549999972593
0.5811549999972561
0.5806549999972528
0.5801549999972495
0.5796549999972462
0.579154999997243
0.5786549999972397
0.5781549999972364
0.5776549999972331
0.5771549999972299
0.5766549999972266
0.5761549999972233
0.57565499999722
0.5751549999972168
0.5746549999972135
0.5741549999972102
0.5736549999972069
0.5731549999972037
0.5726549999972004
0.5721549999971971
0.5716549999971938
0.5711549999971905
0.5706549999971873
0.570154999997184
0.5696549999971807
0.5691549999971774
0.5686549999971742
0.5681549999971709
0.5676549999971676
0.5671549999971643
0.5666549999971611
0.5661549999971578
0.5656549999971545
0.5651549999971512
0.564654999997148
0.5641549999971447
0.5636549999971414
0.5631549999971381
0.5626549999971349
0.5621549999971316
0.5616549999971283
0.561154999997125
0.5606549999971218
0.5601549999971185
0.5596549999971152
0.5591549999971119
0.5586549999971087
0.5581549999971054
0.5576549999971021
0.5571549999970988
0.5566549999970956
0.5561549999970923
0.555654999997089
0.5551549999970857
0.5546549999970825
0.5541549999970792
0.5536549999970759
0.5531549999970726
0.5526549999970694
0.5521549999970661
0.5516549999970628
0.5511549999970595
0.5506549999970562
0.550154999997053
0.5496549999970497
0.5491549999970464
0.5486549999970431
0.5481549999970399
0.5476549999970366
0.5471549999970333
0.54665499999703
0.5461549999970268
0.5456549999970235
0.5451549999970202
0.5446549999970169
0.5441549999970137
0.5436549999970104
0.5431549999970071
0.5426549999970038
0.5421549999970006
0.5416549999969973
0.541154999996994
0.5406549999969907
0.5401549999969875
0.5396549999969842
0.5391549999969809
0.5386549999969776
0.5381549999969744
0.5376549999969711
0.5371549999969678
0.5366549999969645
0.5361549999969613
0.535654999996958
0.5351549999969547
0.5346549999969514
0.5341549999969482
0.5336549999969449
0.5331549999969416
0.5326549999969383
0.532154999996935
0.5316549999969318
0.5311549999969285
0.5306549999969252
0.530154999996922
0.5296549999969187
0.5291549999969154
0.5286549999969121
0.5281549999969088
0.5276549999969056
0.5271549999969023
0.526654999996899
0.5261549999968957
0.5256549999968925
0.5251549999968892
0.5246549999968859
0.5241549999968826
0.5236549999968794
0.5231549999968761
0.5226549999968728
0.5221549999968695
0.5216549999968663
0.521154999996863
0.5206549999968597
0.5201549999968564
0.5196549999968532
0.5191549999968499
0.5186549999968466
0.5181549999968433
0.5176549999968401
0.5171549999968368
0.5166549999968335
0.5161549999968302
0.515654999996827
0.5151549999968237
0.5146549999968204
0.5141549999968171
0.5136549999968139
0.5131549999968106
0.5126549999968073
0.512154999996804
0.5116549999968008
0.5111549999967975
0.5106549999967942
0.5101549999967909
0.5096549999967876
0.5091549999967844
0.5086549999967811
0.5081549999967778
0.5076549999967745
0.5071549999967713
0.506654999996768
0.5061549999967647
0.5056549999967614
0.5051549999967582
0.5046549999967549
0.5041549999967516
0.5036549999967483
0.5031549999967451
0.5026549999967418
0.5021549999967385
0.5016549999967352
0.501154999996732
0.5006549999967287
0.5001549999967254
0.499654999996726
0.4991549999967283
0.4986549999967306
0.49815499999673285
0.4976549999967351
0.4971549999967374
0.4966549999967397
0.49615499999674195
0.4956549999967442
0.4951549999967465
0.4946549999967488
0.49415499999675105
0.49365499999675333
0.4931549999967556
0.4926549999967579
0.49215499999676016
0.49165499999676243
0.4911549999967647
0.490654999996767
0.49015499999676926
0.48965499999677153
0.4891549999967738
0.4886549999967761
0.48815499999677836
0.48765499999678064
0.4871549999967829
0.4866549999967852
0.48615499999678746
0.48565499999678974
0.485154999996792
0.4846549999967943
0.48415499999679656
0.48365499999679884
0.4831549999968011
0.4826549999968034
0.48215499999680567
0.48165499999680794
0.4811549999968102
0.4806549999968125
0.48015499999681477
0.47965499999681704
0.4791549999968193
0.4786549999968216
0.47815499999682387
0.47765499999682615
0.4771549999968284
0.4766549999968307
0.476154999996833
0.47565499999683525
0.4751549999968375
0.4746549999968398
0.4741549999968421
0.47365499999684435
0.4731549999968466
0.4726549999968489
0.4721549999968512
0.47165499999685345
0.47115499999685573
0.470654999996858
0.4701549999968603
0.46965499999686255
0.46915499999686483
0.4686549999968671
0.4681549999968694
0.46765499999687166
0.46715499999687393
0.4666549999968762
0.4661549999968785
0.46565499999688076
0.46515499999688303
0.4646549999968853
0.4641549999968876
0.46365499999688986
0.46315499999689214
0.4626549999968944
0.4621549999968967
0.46165499999689896
0.46115499999690124
0.4606549999969035
0.4601549999969058
0.45965499999690806
0.45915499999691034
0.4586549999969126
0.4581549999969149
0.45765499999691717
0.45715499999691944
0.4566549999969217
0.456154999996924
0.45565499999692627
0.45515499999692854
0.4546549999969308
0.4541549999969331
0.45365499999693537
0.45315499999693765
0.4526549999969399
0.4521549999969422
0.4516549999969445
0.45115499999694675
0.450654999996949
0.4501549999969513
0.4496549999969536
0.44915499999695585
0.4486549999969581
0.4481549999969604
0.4476549999969627
0.44715499999696495
0.44665499999696723
0.4461549999969695
0.4456549999969718
0.44515499999697405
0.44465499999697633
0.4441549999969786
0.4436549999969809
0.44315499999698316
0.44265499999698543
0.4421549999969877
0.44165499999699
0.44115499999699226
0.44065499999699453
0.4401549999969968
0.4396549999969991
0.43915499999700136
0.43865499999700364
0.4381549999970059
0.4376549999970082
0.43715499999701046
0.43665499999701274
0.436154999997015
0.4356549999970173
0.43515499999701956
0.43465499999702184
0.4341549999970241
0.4336549999970264
0.43315499999702867
0.43265499999703094
0.4321549999970332
0.4316549999970355
0.43115499999703777
0.43065499999704004
0.4301549999970423
0.4296549999970446
0.42915499999704687
0.42865499999704915
0.4281549999970514
0.4276549999970537
0.427154999997056
0.42665499999705825
0.4261549999970605
0.4256549999970628
0.4251549999970651
0.42465499999706735
0.4241549999970696
0.4236549999970719
0.4231549999970742
0.42265499999707645
0.42215499999707873
0.421654999997081
0.4211549999970833
0.42065499999708555
0.42015499999708783
0.4196549999970901
0.4191549999970924
0.41865499999709466
0.41815499999709693
0.4176549999970992
0.4171549999971015
0.41665499999710376
0.41615499999710603
0.4156549999971083
0.4151549999971106
0.41465499999711286
0.41415499999711514
0.4136549999971174
0.4131549999971197
0.41265499999712196
0.41215499999712424
0.4116549999971265
0.4111549999971288
0.41065499999713106
0.41015499999713334
0.4096549999971356
0.4091549999971379
0.40865499999714017
0.40815499999714244
0.4076549999971447
0.407154999997147
0.40665499999714927
0.40615499999715154
0.4056549999971538
0.4051549999971561
0.40465499999715837
0.40415499999716065
0.4036549999971629
0.4031549999971652
0.4026549999971675
0.40215499999716975
0.401654999997172
0.4011549999971743
0.4006549999971766
0.40015499999717885
0.3996549999971811
0.3991549999971834
0.3986549999971857
0.39815499999718795
0.39765499999719023
0.3971549999971925
0.3966549999971948
0.39615499999719705
0.39565499999719933
0.3951549999972016
0.3946549999972039
0.39415499999720616
0.39365499999720843
0.3931549999972107
0.392654999997213
0.39215499999721526
0.39165499999721753
0.3911549999972198
0.3906549999972221
0.39015499999722436
0.38965499999722664
0.3891549999972289
0.3886549999972312
0.38815499999723346
0.38765499999723574
0.387154999997238
0.3866549999972403
0.38615499999724257
0.38565499999724484
0.3851549999972471
0.3846549999972494
0.38415499999725167
0.38365499999725394
0.3831549999972562
0.3826549999972585
0.38215499999726077
0.38165499999726304
0.3811549999972653
0.3806549999972676
0.38015499999726987
0.37965499999727215
0.3791549999972744
0.3786549999972767
0.378154999997279
0.37765499999728125
0.3771549999972835
0.3766549999972858
0.3761549999972881
0.37565499999729035
0.3751549999972926
0.3746549999972949
0.3741549999972972
0.37365499999729945
0.37315499999730173
0.372654999997304
0.3721549999973063
0.37165499999730855
0.37115499999731083
0.3706549999973131
0.3701549999973154
0.36965499999731766
0.36915499999731993
0.3686549999973222
0.3681549999973245
0.36765499999732676
0.36715499999732903
0.3666549999973313
0.3661549999973336
0.36565499999733586
0.36515499999733814
0.3646549999973404
0.3641549999973427
0.36365499999734496
0.36315499999734724
0.3626549999973495
0.3621549999973518
0.36165499999735407
0.36115499999735634
0.3606549999973586
0.3601549999973609
0.35965499999736317
0.35915499999736544
0.3586549999973677
0.35815499999737
0.35765499999737227
0.35715499999737454
0.3566549999973768
0.3561549999973791
0.35565499999738137
0.35515499999738365
0.3546549999973859
0.3541549999973882
0.3536549999973905
0.35315499999739275
0.352654999997395
0.3521549999973973
0.3516549999973996
0.35115499999740185
0.3506549999974041
0.3501549999974064
0.3496549999974087
0.34915499999741095
0.34865499999741323
0.3481549999974155
0.3476549999974178
0.34715499999742006
0.34665499999742233
0.3461549999974246
0.3456549999974269
0.34515499999742916
0.34465499999743143
0.3441549999974337
0.343654999997436
0.34315499999743826
0.34265499999744053
0.3421549999974428
0.3416549999974451
0.34115499999744736
0.34065499999744964
0.3401549999974519
0.3396549999974542
0.33915499999745646
0.33865499999745874
0.338154999997461
0.3376549999974633
0.33715499999746557
0.33665499999746784
0.3361549999974701
0.3356549999974724
0.33515499999747467
0.33465499999747694
0.3341549999974792
0.3336549999974815
0.33315499999748377
0.33265499999748604
0.3321549999974883
0.3316549999974906
0.33115499999749287
0.33065499999749515
0.3301549999974974
0.3296549999974997
0.329154999997502
0.32865499999750425
0.3281549999975065
0.3276549999975088
0.3271549999975111
0.32665499999751335
0.3261549999975156
0.3256549999975179
0.3251549999975202
0.32465499999752245
0.32415499999752473
0.323654999997527
0.3231549999975293
0.32265499999753156
0.32215499999753383
0.3216549999975361
0.3211549999975384
0.32065499999754066
0.32015499999754293
0.3196549999975452
0.3191549999975475
0.31865499999754976
0.31815499999755203
0.3176549999975543
0.3171549999975566
0.31665499999755886
0.31615499999756114
0.3156549999975634
0.3151549999975657
0.31465499999756796
0.31415499999757024
0.3136549999975725
0.3131549999975748
0.31265499999757707
0.31215499999757934
0.3116549999975816
0.3111549999975839
0.31065499999758617
0.31015499999758844
0.3096549999975907
0.309154999997593
0.30865499999759527
0.30815499999759755
0.3076549999975998
0.3071549999976021
0.30665499999760437
0.30615499999760665
0.3056549999976089
0.3051549999976112
0.3046549999976135
0.30415499999761575
0.303654999997618
0.3031549999976203
0.3026549999976226
0.30215499999762485
0.3016549999976271
0.3011549999976294
0.3006549999976317
0.30015499999763395
0.29965499999763623
0.2991549999976385
0.2986549999976408
0.29815499999764306
0.29765499999764533
0.2971549999976476
0.2966549999976499
0.29615499999765216
0.29565499999765443
0.2951549999976567
0.294654999997659
0.29415499999766126
0.29365499999766354
0.2931549999976658
0.2926549999976681
0.29215499999767036
0.29165499999767264
0.2911549999976749
0.2906549999976772
0.29015499999767946
0.28965499999768174
0.289154999997684
0.2886549999976863
0.28815499999768857
0.28765499999769084
0.2871549999976931
0.2866549999976954
0.28615499999769767
0.28565499999769994
0.2851549999977022
0.2846549999977045
0.28415499999770677
0.28365499999770905
0.2831549999977113
0.2826549999977136
0.28215499999771587
0.28165499999771815
0.2811549999977204
0.2806549999977227
0.280154999997725
0.27965499999772725
0.2791549999977295
0.2786549999977318
0.2781549999977341
0.27765499999773635
0.2771549999977386
0.2766549999977409
0.2761549999977432
0.27565499999774545
0.27515499999774773
0.27465499999775
0.2741549999977523
0.27365499999775456
0.27315499999775683
0.2726549999977591
0.2721549999977614
0.27165499999776366
0.27115499999776593
0.2706549999977682
0.2701549999977705
0.26965499999777276
0.26915499999777504
0.2686549999977773
0.2681549999977796
0.26765499999778186
0.26715499999778414
0.2666549999977864
0.2661549999977887
0.26565499999779096
0.26515499999779324
0.2646549999977955
0.2641549999977978
0.26365499999780007
0.26315499999780234
0.2626549999978046
0.2621549999978069
0.26165499999780917
0.26115499999781144
0.2606549999978137
0.260154999997816
0.25965499999781827
0.25915499999782055
0.2586549999978228
0.2581549999978251
0.25765499999782737
0.25715499999782965
0.2566549999978319
0.2561549999978342
0.2556549999978365
0.25515499999783875
0.254654999997841
0.2541549999978433
0.2536549999978456
0.25315499999784785
0.2526549999978501
0.2521549999978524
0.2516549999978547
0.25115499999785695
0.25065499999785923
0.2501549999978615
0.24965499999786184
0.24915499999786134
0.24865499999786084
0.24815499999786034
0.24765499999785984
0.24715499999785934
0.24665499999785884
0.24615499999785834
0.24565499999785784
0.24515499999785734
0.24465499999785684
0.24415499999785634
0.24365499999785584
0.24315499999785534
0.24265499999785484
0.24215499999785434
0.24165499999785384
0.24115499999785334
0.24065499999785284
0.24015499999785234
0.23965499999785184
0.23915499999785134
0.23865499999785084
0.23815499999785034
0.23765499999784984
0.23715499999784934
0.23665499999784884
0.23615499999784834
0.23565499999784784
0.23515499999784734
0.23465499999784684
0.23415499999784634
0.23365499999784584
0.23315499999784534
0.23265499999784484
0.23215499999784434
0.23165499999784384
0.23115499999784334
0.23065499999784284
0.23015499999784234
0.22965499999784184
0.22915499999784134
0.22865499999784084
0.22815499999784034
0.22765499999783984
0.22715499999783934
0.22665499999783884
0.22615499999783834
0.22565499999783784
0.22515499999783734
0.22465499999783684
0.22415499999783634
0.22365499999783583
0.22315499999783533
0.22265499999783483
0.22215499999783433
0.22165499999783383
0.22115499999783333
0.22065499999783283
0.22015499999783233
0.21965499999783183
0.21915499999783133
0.21865499999783083
0.21815499999783033
0.21765499999782983
0.21715499999782933
0.21665499999782883
0.21615499999782833
0.21565499999782783
0.21515499999782733
0.21465499999782683
0.21415499999782633
0.21365499999782583
0.21315499999782533
0.21265499999782483
0.21215499999782433
0.21165499999782383
0.21115499999782333
0.21065499999782283
0.21015499999782233
0.20965499999782183
0.20915499999782133
0.20865499999782083
0.20815499999782033
0.20765499999781983
0.20715499999781933
0.20665499999781883
0.20615499999781833
0.20565499999781783
0.20515499999781733
0.20465499999781683
0.20415499999781633
0.20365499999781583
0.20315499999781533
0.20265499999781483
0.20215499999781433
0.20165499999781383
0.20115499999781333
0.20065499999781283
0.20015499999781233
0.19965499999781183
0.19915499999781133
0.19865499999781083
0.19815499999781033
0.19765499999780983
0.19715499999780933
0.19665499999780883
0.19615499999780833
0.19565499999780783
0.19515499999780733
0.19465499999780683
0.19415499999780633
0.19365499999780583
0.19315499999780533
0.19265499999780483
0.19215499999780433
0.19165499999780383
0.19115499999780333
0.19065499999780283
0.19015499999780233
0.18965499999780183
0.18915499999780133
0.18865499999780083
0.18815499999780033
0.18765499999779983
0.18715499999779933
0.18665499999779883
0.18615499999779833
0.18565499999779783
0.18515499999779733
0.18465499999779683
0.18415499999779633
0.18365499999779583
0.18315499999779533
0.18265499999779483
0.18215499999779433
0.18165499999779383
0.18115499999779333
0.18065499999779283
0.18015499999779233
0.17965499999779183
0.17915499999779133
0.17865499999779083
0.17815499999779033
0.17765499999778983
0.17715499999778933
0.17665499999778883
0.17615499999778833
0.17565499999778783
0.17515499999778733
0.17465499999778683
0.17415499999778633
0.17365499999778583
0.17315499999778533
0.17265499999778483
0.17215499999778433
0.17165499999778383
0.17115499999778333
0.17065499999778283
0.17015499999778233
0.16965499999778183
0.16915499999778133
0.16865499999778083
0.16815499999778033
0.16765499999777983
0.16715499999777933
0.16665499999777883
0.16615499999777833
0.16565499999777783
0.16515499999777733
0.16465499999777683
0.16415499999777633
0.16365499999777583
0.16315499999777533
0.16265499999777483
0.16215499999777433
0.16165499999777383
0.16115499999777333
0.16065499999777283
0.16015499999777233
0.15965499999777183
0.15915499999777133
0.15865499999777083
0.15815499999777033
0.15765499999776983
0.15715499999776933
0.15665499999776883
0.15615499999776833
0.15565499999776783
0.15515499999776733
0.15465499999776683
0.15415499999776633
0.15365499999776583
0.15315499999776533
0.15265499999776483
0.15215499999776433
0.15165499999776383
0.15115499999776333
0.15065499999776283
0.15015499999776233
0.14965499999776183
0.14915499999776133
0.14865499999776083
0.14815499999776033
0.14765499999775983
0.14715499999775933
0.14665499999775883
0.14615499999775833
0.14565499999775783
0.14515499999775733
0.14465499999775683
0.14415499999775633
0.14365499999775583
0.14315499999775533
0.14265499999775483
0.14215499999775433
0.14165499999775383
0.14115499999775333
0.14065499999775283
0.14015499999775233
0.13965499999775183
0.13915499999775133
0.13865499999775083
0.13815499999775033
0.13765499999774983
0.13715499999774933
0.13665499999774883
0.13615499999774833
0.13565499999774783
0.13515499999774733
0.13465499999774683
0.13415499999774633
0.13365499999774583
0.13315499999774533
0.13265499999774483
0.13215499999774433
0.13165499999774383
0.13115499999774333
0.13065499999774283
0.13015499999774233
0.12965499999774183
0.12915499999774133
0.12865499999774083
0.12815499999774033
0.12765499999773983
0.12715499999773933
0.12665499999773883
0.12615499999773833
0.12565499999773783
0.12515499999773733
0.12465499999773683
0.12415499999773633
0.12365499999773583
0.12315499999773533
0.12265499999773483
0.12215499999773433
0.12165499999773383
0.12115499999773333
0.12065499999773283
0.12015499999773233
0.11965499999773183
0.11915499999773133
0.11865499999773083
0.11815499999773033
0.11765499999772983
0.11715499999772933
0.11665499999772883
0.11615499999772833
0.11565499999772783
0.11515499999772733
0.11465499999772683
0.11415499999772633
0.11365499999772583
0.11315499999772533
0.11265499999772483
0.11215499999772433
0.11165499999772383
0.11115499999772332
0.11065499999772282
0.11015499999772232
0.10965499999772182
0.10915499999772132
0.10865499999772082
0.10815499999772032
0.10765499999771982
0.10715499999771932
0.10665499999771882
0.10615499999771832
0.10565499999771782
0.10515499999771732
0.10465499999771682
0.10415499999771632
0.10365499999771582
0.10315499999771532
0.10265499999771482
0.10215499999771432
0.10165499999771382
0.10115499999771332
0.10065499999771282
0.10015499999771232
0.09965499999771182
0.09915499999771132
0.09865499999771082
0.09815499999771032
0.09765499999770982
0.09715499999770932
0.09665499999770882
0.09615499999770832
0.09565499999770782
0.09515499999770732
0.09465499999770682
0.09415499999770632
0.09365499999770582
0.09315499999770532
0.09265499999770482
0.09215499999770432
0.09165499999770382
0.09115499999770332
0.09065499999770282
0.09015499999770232
0.08965499999770182
0.08915499999770132
0.08865499999770082
0.08815499999770032
0.08765499999769982
0.08715499999769932
0.08665499999769882
0.08615499999769832
0.08565499999769782
0.08515499999769732
0.08465499999769682
0.08415499999769632
0.08365499999769582
0.08315499999769532
0.08265499999769482
0.08215499999769432
0.08165499999769382
0.08115499999769332
0.08065499999769282
0.08015499999769232
0.07965499999769182
0.07915499999769132
0.07865499999769082
0.07815499999769032
0.07765499999768982
0.07715499999768932
0.07665499999768882
0.07615499999768832
0.07565499999768782
0.07515499999768732
0.07465499999768682
0.07415499999768632
0.07365499999768582
0.07315499999768532
0.07265499999768482
0.07215499999768432
0.07165499999768382
0.07115499999768332
0.07065499999768282
0.07015499999768232
0.06965499999768182
0.06915499999768132
0.06865499999768082
0.06815499999768032
0.06765499999767982
0.06715499999767932
0.06665499999767882
0.06615499999767832
0.06565499999767782
0.06515499999767732
0.06465499999767682
0.06415499999767632
0.06365499999767582
0.06315499999767532
0.06265499999767482
0.062154999997674806
0.061654999997675
0.061154999997675194
0.06065499999767539
0.06015499999767558
0.059654999997675776
0.05915499999767597
0.05865499999767616
0.05815499999767636
0.05765499999767655
0.057154999997676745
0.05665499999767694
0.05615499999767713
0.055654999997677326
0.05515499999767752
0.054654999997677714
0.05415499999767791
0.0536549999976781
0.053154999997678296
0.05265499999767849
0.05215499999767868
0.05165499999767888
0.05115499999767907
0.050654999997679265
0.05015499999767946
0.04965499999767965
0.049154999997679846
0.04865499999768004
0.048154999997680234
0.04765499999768043
0.04715499999768062
0.046654999997680816
0.04615499999768101
0.0456549999976812
0.0451549999976814
0.04465499999768159
0.044154999997681785
0.04365499999768198
0.04315499999768217
0.042654999997682366
0.04215499999768256
0.041654999997682754
0.04115499999768295
0.04065499999768314
0.040154999997683335
0.03965499999768353
0.03915499999768372
0.03865499999768392
0.03815499999768411
0.037654999997684305
0.0371549999976845
0.03665499999768469
0.036154999997684886
0.03565499999768508
0.035154999997685274
0.03465499999768547
0.03415499999768566
0.033654999997685855
0.03315499999768605
0.03265499999768624
0.03215499999768644
0.03165499999768663
0.031154999997686755
0.030654999997686602
0.03015499999768645
0.029654999997686296
0.029154999997686143
0.02865499999768599
0.028154999997685837
0.027654999997685684
0.02715499999768553
0.026654999997685377
0.026154999997685224
0.02565499999768507
0.025154999997684918
0.024654999997684765
0.024154999997684612
0.02365499999768446
0.023154999997684306
0.022654999997684153
0.022154999997684
0.021654999997683846
0.021154999997683693
0.02065499999768354
0.020154999997683387
0.019654999997683234
0.01915499999768308
0.018654999997682928
0.018154999997682775
0.01765499999768262
0.01715499999768247
0.016654999997682315
0.016154999997682162
0.01565499999768201
0.015154999997682021
0.014654999997682041
0.014154999997682062
0.013654999997682082
0.013154999997682102
0.012654999997682123
0.012154999997682143
0.011654999997682164
0.011154999997682184
0.010654999997682204
0.010154999997682225
0.009654999997682245
0.009154999997682265
0.008654999997682286
0.008154999997682306
0.0076549999976823265
0.007154999997682347
0.006654999997682367
0.006154999997682388
0.005654999997682408
0.005154999997682428
0.004654999997682449
0.004154999997682469
0.0036549999976824895
0.00315499999768251
0.0026549999976825302
0.0021549999976825506
0.001654999997682558
0.0011549999976825567
0.0006549999976825554
0.00015499999768255404
0
0
0
0
0
0
0
0
0
0
0
0
0
0
0
0
0
0
0
0
0
0
0
0
0
0
0
0
0
0
0
0
0
0
0
0
0
0
0
0
0
0
0
0
0
0
0
0
0
0
0
0
0
0
0
0
0
0
0
0
0
0
0
0
0
0
0
0
0
0
0
0
0
0
0
0
0
0
0
0
0
0
0
0
0
0
0
0
0
0
0
0
0
0
0
0
0
0
0
0
0
0
0
0
0
0
0
0
0
0
0
0
0
0
0
0
0
0
0
0
0
0
0
0
0
0
0
0
0
0
0
0
0
0
0
0
0
0
0
0
0
0
0
0
0
0
0
0
0
0
0
0
0
0
0
0
0
0
0
0
0
0
0
0
0
0
0
0
0
0
0
0
0
0
0
0
0
0
0
0
0
0
0
0
0
0
0
0
0
0
0
0
0
0
0
0
0
0
0
0
0
0
0
0
0
0
0
0
0
0
0
0
0
0
0
0
0
0
0
0
0
0
0
0
0
0
0
0
0
0
0
0
0
0
0
0
0
0
0
0
0
0
0
0
0
0
0
0
0
0
0
0
0
0
0
0
0
0
0
0
0
0
0
0
0
0
0
0
0
0
0
0
0
0
0
0
0
0
0
0
0
0
0
0
0
0
0
0
0
0
0
0
0
0
0
0
0
0
0
0
0
0
0
0
0
0
0
0
0
0
0
0
0
0
0
0
0
0
0
0
0
0
0
0
0
0
0
0
0
0
0
0
0
0
0
0
0
0
0
0
0
0
0
0
0
0
0
0
0
0
0
0
0
0
0
0
0
0
0
0
0
0
0
0
0
0
0
0
0
0
0
0
0
0
0
0
0
0
0
0
0
0
0
0
0
0
0
0
0
0
0
0
0
0
0
0
0
0
0
0
0
0
0
0
0
0
0
0
0
0
0
0
0
0
0
0
0
0
0
0
0
0
0
0
0
0
0
0
0
0
0
0
0
0
0
0
0
0
0
0
0
0
0
0
0
0
0
0
0
0
0
0
0
0
0
0
0
0
0
0
0
0
0
0
0
0
0
0
0
0
0
0
0
0
0
0
0
0
0
0
0
0
0
0
0
0
0
0
0
0
0
0
0
0
0
0
0
0
0
0
0
0
0
0
0
0
0
0
0
0
0
0
0
0
0
0
0
0
0
0
0
0
0
0
0
0
0
0
0
0
0
0
0
0
0
0
0
0
0
0
0
0
0
0
0
0
0
0
0
0
0
0
0
0
0
0
0
0
0
0
0
0
0
0
0
0
0
0
0
0
0
0
0
0
0
0
0
0
0
0
0
0
0
0
0
0
0
0
0
0
0
0
0
0
0
0
0
0
0
0
0
0
0
0
0
0
0
0
0
0
0
0
0
0
0
0
0
0
0
0
0
0
0
0
0
0
0
0
0
0
0
0
0
0
0
0
0
0
0
0
0
0
0
0
0
0
0
0
0
0
0
0
0
0
0
0
0
0
0
0
0
0
0
0
0
0
0
0
0
0
0
0
0
0
0
0
0
0
0
0
0
0
0
0
0
0
0
0
0
0
0
0
0
0
0
0
0
0
0
0
0
0
0
0
0
0
0
0
0
0
0
0
0
0
0
0
0
0
0
0
0
0
0
0
0
0
0
0
0
0
0
0
0
0
0
0
0
0
0
0
0
0
0
0
0
0
0
0
0
0
0
0
0
0
0
0
0
0
0
0
0
0
0
0
0
0
0
0
0
0
0
0
0
0
0
0
0
0
0
0
0
0
0
0
0
0
0
0
0
0
0
0
0
0
0
0
0
0
0
0
0
0
0
0
0
0
0
0
0
0
0
0
0
0
0
0
0
0
0
0
0
0
0
0
0
0
0
0
0
0
0
0
0
0
0
0
0
0
0
0
0
0
0
0
0
0
0
0
0
0
0
0
0
0
0
0
0
0
0
0
0
0
0
0
0
0
0
0
0
0
0
0
0
0
0
0
0
0
0
0
0
0
0
0
0
0
0
0
0
0
0
0
0
0
0
0
0
0
0
0
0
0
0
0
0
0
0
0
0
0
0
0
0
0
0
0
0
0
0
0
0
0
0
0
0
0
0
0
0
0
0
0
0
0
0
0
0
0
0
0
0
0
0
0
0
0
0
0
0
0
0
0
0
0
0
0
0
0
0
0
0
0
0
0
0
0
0
0
0
0
0
0
0
0
0
0
0
0
0
0
0
0
0
0
0
0
0
0
0
0
0
0
0
0
0
0
0
0
0
0
0
0
0
0
0
0
0
0
0
0
0
0
0
0
0
0
0
0
0
0
0
0
0
0
0
0
0
0
0
0
0
0
0
0
0
0
0
0
0
0
0
0
0
0
0
0
0
0
0
0
0
0
0
0
0
0
0
0
0
0
0
0
0
0
0
0
0
0
0
0
0
0
0
0
0
0
0
0
0
0
0
0
0
0
0
0
0
0
0
0
0
0
0
0
0
0
0
0
0
0
0
0
0
0
0
0
0
0
0
0
0
0
0
0
0
0
0
0
0
0
0
0
0
0
0
0
0
0
0
0
0
0
0
0
0
0
0
0
0
0
0
0
0
0
0
0
0
0
0
0
0
0
0
0
0
0
0
0
0
0
0
0
0
0
0
0
0
0
0
0
0
0
0
0
0
0
0
0
0
0
0
0
0
0
0
0
0
0
0
0
0
0
0
0
0
0
0
0
0
0
0
0
0
0
0
0
0
0
0
0
0
0
0
0
0
0
0
0
0
0
0
0
0
0
0
0
0
0
0
0
0
0
0
0
0
0
0
0
0
0
0
0
0
0
0
0
0
0
0
0
0
0
0
0
0
0
0
0
0
0
0
0
0
0
0
0
0
0
0
0
0
0
0
0
0
0
0
0
0
0
0
0
0
0
0
0
0
0
0
0
0
0
0
0
0
0
0
0
0
0
0
0
0
0
0
0
0
0
0
0
0
0
0
0
0
0
0
0
0
0
0
0
0
0
0
0
0
0
0
0
0
0
0
0
0
0
0
0
0
0
0
0
0
0
0
0
0
0
0
0
0
0
0
0
0
0
0
0
0
0
0
0
0
0
0
0
0
0
0
0
0
0
0
0
0
0
0
0
0
0
0
0
0
0
0
0
0
0
0
0
0
0
0
0
0
0
0
0
0
0
0
0
0
0
0
0
0
0
0
0
0
0
0
0
0
0
0
0
0
0
0
0
0
0
0
0
0
0
0
0
0
0
0
0
0
0
0
0
0
0
0
0
0
0
0
0
0
0
0
0
0
0
0
0
0
0
0
0
0
0
0
0
0
0
0
0
0
0
0
0
0
0
0
0
0
0
0
0
0
0
0
0
0
0
0
0
0
0
0
0
0
0
0
0
0
0
0
0
0
0
0
0
0
0
0
0
0
0
0
0
0
0
0
0
0
0
0
0
0
0
0
0
0
0
0
0
0
0
0
0
0
0
0
0
0
0
0
0
0
0
0
0
0
0
0
0
0
0
0
0
0
0
0
0
0
0
0
0
0
0
0
0
0
0
0
0
0
0
0
0
0
0
0
0
0
0
0
0
0
0
0
0
0
0
0
0
0
0
0
0
0
0
0
0
0
0
0
0
0
0
0
0
0
0
0
0
0
0
0
0
0
0
0
0
0
0
0
0
0
0
0
0
0
0
0
0
0
0
0
0
0
0
0
0
0
0
0
0
0
0
0
0
0
0
0
0
0
0
0
0
0
0
0
0
0
0
0
0
0
0
0
0
0
0
0
0
0
0
0
0
0
0
0
0
0
0
0
0
0
0
0
0
0
0
0
0
0
0
0
0
0
0
0
0
0
0
0
0
0
0
0
0
0
0
0
0
0
0
0
0
0
0
0
0
0
0
0
0
0
0
0
0
0
0
0
0
0
0
0
0
0
0
0
0
0
0
0
0
0
0
0
0
0
0
0
0
0
0
0
0
0
0
0
0
0
0
0
0
0
0
0
0
0
0
0
0
0
0
0
0
0
0
0
0
0
0
0
0
0
0
0
0
0
0
0
0
0
0
0
0
0
0
0
0
0
0
0
0
0
0
0
0
0
0
0
0
0
0
0
0
0
0
0
0
0
0
0
0
0
0
0
0
0
0
0
0
0
0
0
0
0
0
0
0
0
0
0
0
0
0
0
0
0
0
0
0
0
0
0
0
0
0
0
0
0
0
0
0
0
0
0
0
0
0
0
0
0
0
0
0
0
0
0
0
0
0
0
0
0
0
0
0
0
0
0
0
0
0
0
0
0
0
0
0
0
0
0
0
0
0
0
0
0
0
0
0
0
0
0
0
0
0
0
0
0
0
0
0
0
0
0
0
0
0
0
0
0
0
0
0
0
0
0
0
0
0
0
0
0
0
0
0
0
0
0
0
0
0
0
0
0
0
0
0
0
0
0
0
0
0
0
0
0
0
0
0
0
0
0
0
0
0
0
0
0
0
0
0
0
0
0
0
0
0
0
0
0
0
0
0
0
0
0
0
0
0
0
0
0
0
0
0
0
0
0
0
0
0
0
0
0
0
0
0
0
0
0
0
0
0
0
0
0
0
0
0
0
0
0
0
0
0
0
0
0
0
0
0
0
0
0
0
0
0
0
0
0
0
0
0
0
0
0
0
0
0
0
0
0
0
0
0
0
0
0
0
0
0
0
0
0
0
0
0
0
0
0
0
0
0
0
0
0
0
0
0
0
0
0
0
0
0
0
0
0
0
0
0
0
0
0
0
0
0
0
0
0
0
0
0
0
0
0
0
0
0
0
0
0
0
0
0
0
0
0
0
0
0
0
0
0
0
0
0
0
0
0
0
0
0
0
0
0
0
0
0
0
0
0
0
0
0
0
0
0
0
0
0
0
0
0
0
0
0
0
0
0
0
0
0
0
0
0
0
0
0
0
0
0
0
0
0
0
0
0
0
0
0
0
0
0
0
0
0
0
0
0
0
0
0
0
0
0
0
0
0
0
0
0
0
0
0
0
0
0
0
0
0
0
0
0
0
0
0
0
0
0
0
0
0
0
0
0
0
0
0
0
0
0
0
0
0
0
0
0
0
0
0
0
0
0
0
0
0
0
0
0
0
0
0
0
0
0
0
0
0
0
0
0
0
0
0
0
0
0
0
0
0
0
0
0
0
0
0
0
0
0
0
0
0
0
0
0
0
0
0
0
0
0
0
0
0
0
0
0
0
0
0
0
0
0
0
0
0
0
0
0
0
0
0
0
0
0
0
0
0
0
0
0
0
0
0
0
0
0
0
0
0
0
0
0
0
0
0
0
0
0
0
0
0
0
0
0
0
0
0
0
0
0
0
0
0
0
0
0
0
0
0
0
0
0
0
0
0
0
0
0
0
0
0
0
0
0
0
0
0
0
0
0
0
0
0
0
0
0
0
0
0
0
0
0
0
0
0
0
0
0
0
0
0
0
0
0
0
0
0
0
0
0
0
0
0
0
0
0
0
0
0
0
0
0
0
0
0
0
0
0
0
0
0
0
0
0
0
0
0
0
0
0
0
0
0
0
0
0
0
0
0
0
0
0
0
0
0
0
0
0
0
0
0
0
0
0
0
0
0
0
0
0
0
0
0
0
0
0
0
0
0
0
0
0
0
0
0
0
0
0
0
0
0
0
0
0
0
0
0
0
0
0
0
0
0
0
0
0
0
0
0
0
0
0
0
0
0
0
0
0
0
0
0
0
0
0
0
0
0
0
0
0
0
0
0
0
0
0
0
0
0
0
0
0
0
0
0
0
0
0
0
0
0
0
0
0
0
0
0
0
0
0
0
0
0
0
0
0
0
0
0
0
0
0
0
0
0
0
0
0
0
0
0
0
0
0
0
0
0
0
0
0
0
0
0
0
0
0
0
0
0
0
0
0
0
0
0
0
0
0
0
0
0
0
0
0
0
0
0
0
0
0
0
0
0
0
0
0
0
0
0
0
0
0
0
0
0
0
0
0
0
0
0
0
0
0
0
0
0
0
0
0
0
0
0
0
0
0
0
0
0
0
0
0
0
0
0
0
0
0
0
0
0
0
0
0
0
0
0
0
0
0
0
0
0
0
0
0
0
0
0
0
0
0
0
0
0
0
0
0
0
0
0
0
0
0
0
0
0
0
0
0
0
0
0
0
0
0
0
0
0
0
0
0
0
0
0
0
0
0
0
0
0
0
0
0
0
0
0
0
0
0
0
0
0
0
0
0
0
0
0
0
0
0
0
0
0
0
0
0
0
0
0
0
0
0
0
0
0
0
0
0
0
0
0
0
0
0
0
0
0
0
0
0
0
0
0
0
0
0
0
0
0
0
0
0
0
0
0
0
0
0
0
0
0
0
0
0
0
0
0
0
0
0
0
0
0
0
0
0
0
0
0
0
0
0
0
0
0
0
0
0
0
0
0
0
0
0
0
0
0
0
0
0
0
0
0
0
0
0
0
0
0
0
0
0
0
0
0
0
0
0
0
0
0
0
0
0
0
0
0
0
0
0
0
0
0
0
0
0
0
0
0
0
0
0
0
0
0
0
0
0
0
0
0
0
0
0
0
0
0
0
0
0
0
0
0
0
0
0
0
0
0
0
0
0
0
0
0
0
0
0
0
0
0
0
0
0
0
0
0
0
0
0
0
0
0
0
0
0
0
0
0
0
0
0
0
0
0
0
0
0
0
0
0
0
0
0
0
0
0
0
0
0
0
0
0
0
0
0
0
0
0
0
0
0
0
0
0
0
0
0
0
0
0
0
0
0
0
0
0
0
0
0
0
0
0
0
0
0
0
0
0
0
0
0
0
0
0
0
0
0
0
0
0
0
0
0
0
0
0
0
0
0
0
0
0
0
0
0
0
0
0
0
0
0
0
0
0
0
0
0
0
0
0
0
0
0
0
0
0
0
0
0
0
0
0
0
0
0
0
0
0
0
0
0
0
0
0
0
0
0
0
0
0
0
0
0
0
0
0
0
0
0
0
0
0
0
0
0
0
0
0
0
0
0
0
0
0
0
0
0
0
0
0
0
0
0
0
0
0
0
0
0
0
0
0
0
0
0
0
0
0
0
0
0
0
0
0
0
0
0
0
0
0
0
0
0
0
0
0
0
0
0
0
0
0
0
0
0
0
0
0
0
0
0
0
0
0
0
0
0
0
0
0
0
0
0
0
0
0
0
0
0
0
0
0
0
0
0
0
0
0
0
0
0
0
0
0
0
0
0
0
0
0
0
0
0
0
0
0
0
0
0
0
0
0
0
0
0
0
0
0
0
0
0
0
0
0
0
0
0
0
0
0
0
0
0
0
0
0
0
0
0
0
0
0
0
0
0
0
0
0
0
0
0
0
0
0
0
0
0
0
0
0
0
0
0
0
0
0
0
0
0
0
0
0
0
0
0
0
0
0
0
0
0
0
0
0
0
0
0
0
0
0
0
0
0
0
0
0
0
0
0
0
0
0
0
0
0
0
0
0
0
0
0
0
0
0
0
0
0
0
0
0
0
0
0
0
0
0
0
0
0
0
0
0
0
0
0
0
0
0
0
0
0
0
0
0
0
0
0
0
0
0
0
0
0
0
0
0
0
0
0
0
0
0
0
0
0
0
0
0
0
0
0
0
0
0
0
0
0
0
0
0
0
0
0
0
0
0
0
0
0
0
0
0
0
0
0
0
0
0
0
0
0
0
0
0
0
0
0
0
0
0
0
0
0
0
0
0
0
0
0
0
0
0
0
0
0
0
0
0
0
0
0
0
0
0
0
0
0
0
0
0
0
0
0
0
0
0
0
0
0
0
0
0
0
0
0
0
0
0
0
0
0
0
0
0
0
0
0
0
0
0
0
0
0
0
0
0
0
0
0
0
0
0
0
0
0
0
0
0
0
0
0
0
0
0
0
0
0
0
0
0
0
0
0
0
0
0
0
0
0
0
0
0
0
0
0
0
0
0
0
0
0
0
0
0
0
0
0
0
0
0
0
0
0
0
0
0
0
0
0
0
0
0
0
0
0
0
0
0
0
0
0
0
0
0
0
0
0
0
0
0
0
0
0
0
0
0
0
0
0
0
0
0
0
0
0
0
0
0
0
0
0
0
0
0
0
0
0
0
0
0
0
0
0
0
0
0
0
0
0
0
0
0
0
0
0
0
0
0
0
0
0
0
0
0
0
0
0
0
0
0
0
0
0
0
0
0
0
0
0
0
0
0
0
0
0
0
0
0
0
0
0
0
0
0
0
0
0
0
0
0
0
0
0
0
0
0
0
0
0
0
0
0
0
0
0
0
0
0
0
0
0
0
0
0
0
0
0
0
0
0
0
0
0
0
0
0
0
0
0
0
0
0
0
0
0
0
0
0
0
0
0
0
0
0
0
0
0
0
0
0
0
0
0
0
0
0
0
0
0
0
0
0
0
0
0
0
0
0
0
0
0
0
0
0
0
0
0
0
0
0
0
0
0
0
0
0
0
0
0
0
0
0
0
0
0
0
0
0
0
0
0
0
0
0
0
0
0
0
0
0
0
0
0
0
0
0
0
0
0
0
0
0
0
0
0
0
0
0
0
0
0
0
0
0
0
0
0
0
0
0
0
0
0
0
0
0
0
0
0
0
0
0
0
0
0
0
0
0
0
0
0
0
0
0
0
0
0
0
0
0
0
0
0
0
0
0
0
0
0
0
0
0
0
0
0
0
0
0
0
0
0
0
0
0
0
0
0
0
0
0
0
0
0
0
0
0
0
0
0
0
0
0
0
0
0
0
0
0
0
0
0
0
0
0
0
0
0
0
0
0
0
0
0
0
0
0
0
0
0
0
0
0
0
0
0
0
0
0
0
0
0
0
0
0
0
0
0
0
0
0
0
0
0
0
0
0
0
0
0
0
0
0
0
0
0
0
0
0
0
0
0
0
0
0
0
0
0
0
0
0
0
0
0
0
0
0
0
0
0
0
0
0
0
0
0
0
0
0
0
0
0
0
0
0
0
0
0
0
0
0
0
0
0
0
0
0
0
0
0
0
0
0
0
0
0
0
0
0
0
0
0
0
0
0
0
0
0
0
0
0
0
0
0
0
0
0
0
0
0
0
0
0
0
0
0
0
0
0
0
0
0
0
0
0
0
0
0
0
0
0
0
0
0
0
0
0
0
0
0
0
0
0
0
0
0
0
0
0
0
0
0
0
0
0
0
0
0
0
0
0
0
0
0
0
0
0
0
0
0
0
0
0
0
0
0
0
0
0
0
0
0
0
0
0
0
0
0
0
0
0
0
0
0
0
0
0
0
0
0
0
0
0
0
0
0
0
0
0
0
0
0
0
0
0
0
0
0
0
0
0
0
0
0
0
0
0
0
0
0
0
0
0
0
0
0
0
0
0
0
0
0
0
0
0
0
0
0
0
0
0
0
0
0
0
0
0
0
0
0
0
0
0
0
0
0
0
0
0
0
0
0
0
0
0
0
0
0
0
0
0
0
0
0
0
0
0
0
0
0
0
0
0
0
0
0
0
0
0
0
0
0
0
0
0
0
0
0
0
0
0
0
0
0
0
0
0
0
0
0
0
0
0
0
0
0
0
0
0
0
0
0
0
0
0
0
0
0
0
0
0
0
0
0
0
0
0
0
0
0
0
0
0
0
0
0
0
0
0
0
0
0
0
0
0
0
0
0
0
0
0
0
0
0
0
0
0
0
0
0
0
0
0
0
0
0
0
0
0
0
0
0
0
0
0
0
0
0
0
0
0
0
0
0
0
0
0
0
0
0
0
0
0
0
0
0
0
0
0
0
0
0
0
0
0
0
0
0
0
0
0
0
0
0
0
0
0
0
0
0
0
0
0
0
0
0
0
0
0
0
0
0
0
0
0
0
0
0
0
0
0
0
0
0
0
0
0
0
0
0
0
0
0
0
0
0
0
0
0
0
0
0
0
0
0
0
0
0
0
0
0
0
0
0
0
0
0
0
0
0
0
0
0
0
0
0
0
0
0
0
0
0
0
0
0
0
0
0
0
0
0
0
0
0
0
0
0
0
0
0
0
0
0
0
0
0
0
0
0
0
0
0
0
0
0
0
0
0
0
0
0
0
0
0
0
0
0
0
0
0
0
0
0
0
0
0
0
0
0
0
0
0
0
0
0
0
0
0
0
0
0
0
0
0
0
0
0
0
0
0
0
0
0
0
0
0
0
0
0
0
0
0
0
0
0
0
0
0
0
0
0
0
0
0
0
0
0
0
0
0
0
0
0
0
0
0
0
0
0
0
0
0
0
0
0
0
0
0
0
0
0
0
0
0
0
0
0
0
0
0
0
0
0
0
0
0
0
0
0
0
0
0
0
0
0
0
0
0
0
0
0
0
0
0
0
0
0
0
0
0
0
0
0
0
0
0
0
0
0
0
0
0
0
0
0
0
0
0
0
0
0
0
0
0
0
0
0
0
0
0
0
0
0
0
0
0
0
0
0
0
0
0
0
0
0
0
0
0
0
0
0
0
0
0
0
0
0
0
0
0
0
0
0
0
0
0
0
0
0
0
0
0
0
0
0
0
0
0
0
0
0
0
0
0
0
0
0
0
0
0
0
0
0
0
0
0
0
0
0
0
0
0
0
0
0
0
0
0
0
0
0
0
0
0
0
0
0
0
0
0
0
0
0
0
0
0
0
0
0
0
0
0
0
0
0
0
0
0
0
0
0
0
0
0
0
0
0
0
0
0
0
0
0
0
0
0
0
0
0
0
0
0
0
0
0
0
0
0
0
0
0
0
0
0
0
0
0
0
0
0
0
0
0
0
0
0
0
0
0
0
0
0
0
0
0
0
0
0
0
0
0
0
0
0
0
0
0
0
0
0
0
0
0
0
0
0
0
0
0
0
0
0
0
0
0
0
0
0
0
0
0
0
0
0
0
0
0
0
0
0
0
0
0
0
0
0
0
0
0
0
0
0
0
0
0
0
0
0
0
0
0
0
0
0
0
0
0
0
0
0
0
0
0
0
0
0
0
0
0
0
0
0
0
0
0
0
0
0
0
0
0
0
0
0
0
0
0
0
0
0
0
0
0
0
0
0
0
0
0
0
0
0
0
0
0
0
0
0
0
0
0
0
0
0
0
0
0
0
0
0
0
0
0
0
0
0
0
0
0
0
0
0
0
0
0
0
0
0
0
0
0
0
0
0
0
0
0
0
0
0
0
0
0
0
0
0
0
0
0
0
0
0
0
0
0
0
0
0
0
0
0
0
0
0
0
0
0
0
0
0
0
0
0
0
0
0
0
0
0
0
0
0
0
0
0
0
0
0
0
0
0
0
0
0
0
0
0
0
0
0
0
0
0
0
0
0
0
0
0
0
0
0
0
0
0
0
0
0
0
0
0
0
0
0
0
0
0
0
0
0
0
0
0
0
0
0
0
0
0
0
0
0
0
0
0
0
0
0
0
0
0
0
0
0
0
0
0
0
0
0
0
0
0
0
0
0
0
0
0
0
0
0
0
0
0
0
0
0
0
0
0
0
0
0
0
0
0
0
0
0
0
0
0
0
0
0
0
0
0
0
0
0
0
0
0
0
0
0
0
0
0
0
0
0
0
0
0
0
0
0
0
0
0
0
0
0
0
0
0
0
0
0
0
0
0
0
0
0
0
0
0
0
0
0
0
0
0
0
0
0
0
0
0
0
0
0
0
0
0
0
0
0
0
0
0
0
0
0
0
0
0
0
0
0
0
0
0
0
0
0
0
0
0
0
0
0
0
0
0
0
0
0
0
0
0
0
0
0
0
0
0
0
0
0
0
0
0
0
0
0
0
0
0
0
0
0
0
0
0
0
0
0
0
0
0
0
0
0
0
0
0
0
0
0
0
0
0
0
0
0
0
0
0
0
0
0
0
0
0
0
0
0
0
0
0
0
0
0
0
0
0
0
0
0
0
0
0
0
0
0
0
0
0
0
0
0
0
0
0
0
0
0
0
0
0
0
0
0
0
0
0
0
0
0
0
0
0
0
0
0
0
0
0
0
0
0
0
0
0
0
0
0
0
0
0
0
0
0
0
0
0
0
0
0
0
0
0
0
0
0
0
0
0
0
0
0
0
0
0
0
0
0
0
0
0
0
0
0
0
0
0
0
0
0
0
0
0
0
0
0
0
0
0
0
0
0
0
0
0
0
0
0
0
0
0
0
0
0
0
0
0
0
0
0
0
0
0
0
0
0
0
0
0
0
0
0
0
0
0
0
0
0
0
0
0
0
0
0
0
0
0
0
0
0
0
0
0
0
0
0
0
0
0
0
0
0
0
0
0
0
0
0
0
0
0
0
0
0
0
0
0
0
0
0
0
0
0
0
0
0
0
0
0
0
0
0
0
0
0
0
0
0
0
0
0
0
0
0
0
0
0
0
0
0
0
0
0
0
0
0
0
0
0
0
0
0
0
0
0
0
0
0
0
0
0
0
0
0
0
0
0
0
0
0
0
0
0
0
0
0
0
0
0
0
0
0
0
0
0
0
0
0
0
0
0
0
0
0
0
0
0
0
0
0
0
0
0
0
0
0
0
0
0
0
0
0
0
0
0
0
0
0
0
0
0
0
0
0
0
0
0
0
0
0
0
0
0
0
0
0
0
0
0
0
0
0
0
0
0
0
0
0
0
0
0
0
0
0
0
0
0
0
0
0
0
0
0
0
0
0
0
0
0
0
0
0
0
0
0
0
0
0
0
0
0
0
0
0
0
0
0
0
0
0
0
0
0
0
0
0
0
0
0
0
0
0
0
0
0
0
0
0
0
0
0
0
0
0
0
0
0
0
0
0
0
0
0
0
0
0
0
0
0
0
0
0
0
0
0
0
0
0
0
0
0
0
0
0
0
0
0
0
0
0
0
0
0
0
0
0
0
0
0
0
0
0
0
0
0
0
0
0
0
0
0
0
0
0
0
0
0
0
0
0
0
0
0
0
0
0
0
0
0
0
0
0
0
0
0
0
0
0
0
0
0
0
0
0
0
0
0
0
0
0
0
0
0
0
0
0
0
0
0
0
0
0
0
0
0
0
0
0
0
0
0
0
0
0
0
0
0
0
0
0
0
0
0
0
0
0
0
0
0
0
0
0
0
0
0
0
0
0
0
0
0
0
0
0
0
0
0
0
0
0
0
0
0
0
0
0
0
0
0
0
0
0
0
0
0
0
0
0
0
0
0
0
0
0
0
0
0
0
0
0
0
0
0
0
0
0
0
0
0
0
0
0
0
0
0
0
0
0
0
0
0
0
0
0
0
0
0
0
0
0
0
0
0
0
0
0
0
0
0
0
0
0
0
0
0
0
0
0
0
0
0
0
0
0
0
0
0
0
0
0
0
0
0
0
0
0
0
0
0
0
0
0
0
0
0
0
0
0
0
0
0
0
0
0
0
0
0
0
0
0
0
0
0
0
0
0
0
0
0
0
0
0
0
0
0
0
0
0
0
0
0
0
0
0
0
0
0
0
0
0
0
0
0
0
0
0
0
0
0
0
0
0
0
0
0
0
0
0
0
0
0
0
0
0
0
0
0
0
0
0
0
0
0
0
0
0
0
0
0
0
0
0
0
0
0
0
0
0
0
0
0
0
0
0
0
0
0
0
0
0
0
0
0
0
0
0
0
0
0
0
0
0
0
0
0
0
0
0
0
0
0
0
0
0
0
0
0
0
0
0
0
0
0
0
0
0
0
0
0
0
0
0
0
0
0
0
0
0
0
0
0
0
0
0
0
0
0
0
0
0
0
0
0
0
0
0
0
0
0
0
0
0
0
0
0
0
0
0
0
0
0
0
0
0
0
0
0
0
0
0
0
0
0
0
0
0
0
0
0
0
0
0
0
0
0
0
0
0
0
0
0
0
0
0
0
0
0
0
0
0
0
0
0
0
0
0
0
0
0
0
0
0
0
0
0
0
0
0
0
0
0
0
0
0
0
0
0
0
0
0
0
0
0
0
0
0
0
0
0
0
0
0
0
0
0
0
0
0
0
0
0
0
0
0
0
0
0
0
0
0
0
0
0
0
0
0
0
0
0
0
0
0
0
0
0
0
0
0
0
0
0
0
0
0
0
0
0
0
0
0
0
0
0
0
0
0
0
0
0
0
0
0
0
0
0
0
0
0
0
0
0
0
0
0
0
0
0
0
0
0
0
0
0
0
0
0
0
0
0
0
0
0
0
0
0
0
0
0
0
0
0
0
0
0
0
0
0
0
0
0
0
0
0
0
0
0
0
0
0
0
0
0
0
0
0
0
0
0
0
0
0
0
0
0
0
0
0
0
0
0
0
0
0
0
0
0
0
0
0
0
0
0
0
0
0
0
0
0
0
0
0
0
0
0
0
0
0
0
0
0
0
0
0
0
0
0
0
0
0
0
0
0
0
0
0
0
0
0
0
0
0
0
0
0
0
0
0
0
0
0
0
0
0
0
0
0
0
0
0
0
0
0
0
0
0
0
0
0
0
0
0
0
0
0
0
0
0
0
0
0
0
0
0
0
0
0
0
0
0
0
0
0
0
0
0
0
0
0
0
0
0
0
0
0
0
0
0
0
0
0
0
0
0
0
0
0
0
0
0
0
0
0
0
0
0
0
0
0
0
0
0
0
0
0
0
0
0
0
0
0
0
0
0
0
0
0
0
0
0
0
0
0
0
0
0
0
0
0
0
0
0
0
0
0
0
0
0
0
0
0
0
0
0
0
0
0
0
0
0
0
0
0
0
0
0
0
0
0
0
0
0
0
0
0
0
0
0
0
0
0
0
0
0
0
0
0
0
0
0
0
0
0
0
0
0
0
0
0
0
0
0
0
0
0
0
0
0
0
0
0
0
0
0
0
0
0
0
0
0
0
0
0
0
0
0
0
0
0
0
0
0
0
0
0
0
0
0
0
0
0
0
0
0
0
0
0
0
0
0
0
0
0
0
0
0
0
0
0
0
0
0
0
0
0
0
0
0
0
0
0
0
0
0
0
0
0
0
0
0
0
0
0
0
0
0
0
0
0
0
0
0
0
0
0
0
0
0
0
0
0
0
0
0
0
0
0
0
0
0
0
0
0
0
0
0
0
0
0
0
0
0
0
0
0
0
0
0
0
0
0
0
0
0
0
0
0
0
0
0
0
0
0
0
0
0
0
0
0
0
0
0
0
0
0
0
0
0
0
0
0
0
0
0
0
0
0
0
0
0
0
0
0
0
0
0
0
0
0
0
0
0
0
0
0
0
0
0
0
0
0
0
0
0
0
0
0
0
0
0
0
0
0
0
0
0
0
0
0
0
0
0
0
0
0
0
0
0
0
0
0
0
0
0
0
0
0
0
0
0
0
0
0
0
0
0
0
0
0
0
0
0
0
0
0
0
0
0
0
0
0
0
0
0
0
0
0
0
0
0
0
0
0
0
0
0
0
0
0
0
0
0
0
0
0
0
0
0
0
0
0
0
0
0
0
0
0
0
0
0
0
0
0
0
0
0
0
0
0
0
0
0
0
0
0
0
0
0
0
0
0
0
0
0
0
0
0
0
0
0
0
0
0
0
0
0
0
0
0
0
0
0
0
0
0
0
0
0
0
0
0
0
0
0
0
0
0
0
0
0
0
0
0
0
0
0
0
0
0
0
0
0
0
0
0
0
0
0
0
0
0
0
0
0
0
0
0
0
0
0
0
0
0
0
0
0
0
0
0
0
0
0
0
0
0
0
0
0
0
0
0
0
0
0
0
0
0
0
0
0
0
0
0
0
0
0
0
0
0
0
0
0
0
0
0
0
0
0
0
0
0
0
0
0
0
0
0
0
0
0
0
0
0
0
0
0
0
0
0
0
0
0
0
0
0
0
0
0
0
0
0
0
0
0
0
0
0
0
0
0
0
0
0
0
0
0
0
0
0
0
0
0
0
0
0
0
0
0
0
0
0
0
0
0
0
0
0
0
0
0
0
0
0
0
0
0
0
0
0
0
0
0
0
0
0
0
0
0
0
0
0
0
0
0
0
0
0
0
0
0
0
0
0
0
0
0
0
0
0
0
0
0
0
0
0
0
0
0
0
0
0
0
0
0
0
0
0
0
0
0
0
0
0
0
0
0
0
0
0
0
0
0
0
0
0
0
0
0
0
0
0
0
0
0
0
0
0
0
0
0
0
0
0
0
0
0
0
0
0
0
0
0
0
0
0
0
0
0
0
0
0
0
0
0
0
0
0
0
0
0
0
0
0
0
0
0
0
0
0
0
0
0
0
0
0
0
0
0
0
0
0
0
0
0
0
0
0
0
0
0
0
0
0
0
0
0
0
0
0
0
0
0
0
0
0
0
0
0
0
0
0
0
0
0
0
0
0
0
0
0
0
0
0
0
0
0
0
0
0
0
0
0
0
0
0
0
0
0
0
0
0
0
0
0
0
0
0
0
0
0
0
0
0
0
0
0
0
0
0
0
0
0
0
0
0
0
0
0
0
0
0
0
0
0
0
0
0
0
0
0
0
0
0
0
0
0
0
0
0
0
0
0
0
0
0
0
0
0
0
0
0
0
0
0
0
0
0
0
0
0
0
0
0
0
0
0
0
0
0
0
0
0
0
0
0
0
0
0
0
0
0
0
0
0
0
0
0
0
0
0
0
0
0
0
0
0
0
0
0
0
0
0
0
0
0
0
0
0
0
0
0
0
0
0
0
0
0
0
0
0
0
0
0
0
0
0
0
0
0
0
0
0
0
0
0
0
0
0
0
0
0
0
0
0
0
0
0
0
0
0
0
0
0
0
0
0
0
0
0
0
0
0
0
0
0
0
0
0
0
0
0
0
0
0
0
0
0
0
0
0
0
0
0
0
0
0
0
0
0
0
0
0
0
0
0
0
0
0
0
0
0
0
0
0
0
0
0
0
0
0
0
0
0
0
0
0
0
0
0
0
0
0
0
0
0
0
0
0
0
0
0
0
0
0
0
0
0
0
0
0
0
0
0
0
0
0
0
0
0
0
0
0
0
0
0
0
0
0
0
0
0
0
0
0
0
0
0
0
0
0
0
0
0
0
0
0
0
0
0
0
0
0
0
0
0
0
0
0
0
0
0
0
0
0
0
0
0
0
0
0
0
0
0
0
0
0
0
0
0
0
0
0
0
0
0
0
0
0
0
0
0
0
0
0
0
0
0
0
0
0
0
0
0
0
0
0
0
0
0
0
0
0
0
0
0
0
0
0
0
0
0
0
0
0
0
0
0
0
0
0
0
0
0
0
0
0
0
0
0
0
0
0
0
0
0
0
0
0
0
0
0
0
0
0
0
0
0
0
0
0
0
0
0
0
0
0
0
0
0
0
0
0
0
0
0
0
0
0
0
0
0
0
0
0
0
0
0
0
0
0
0
0
0
0
0
0
0
0
0
0
0
0
0
0
0
0
0
0
0
0
0
0
0
0
0
0
0
0
0
0
0
0
0
0
0
0
0
0
0
0
0
0
0
0
0
0
0
0
0
0
0
0
0
0
0
0
0
0
0
0
0
0
0
0
0
0
0
0
0
0
0
0
0
0
0
0
0
0
0
0
0
0
0
0
0
0
0
0
0
0
0
0
0
0
0
0
0
0
0
0
0
0
0
0
0
0
0
0
0
0
0
0
0
0
0
0
0
0
0
0
0
0
0
0
0
0
0
0
0
0
0
0
0
0
0
0
0
0
0
0
0
0
0
0
0
0
0
0
0
0
0
0
0
0
0
0
0
0
0
0
0
0
0
0
0
0
0
0
0
0
0
0
0
0
0
0
0
0
0
0
0
0
0
0
0
0
0
0
0
0
0
0
0
0
0
0
0
0
0
0
0
0
0
0
0
0
0
0
0
0
0
0
0
0
0
0
0
0
0
0
0
0
0
0
0
0
0
0
0
0
0
0
0
0
0
0
0
0
0
0
0
0
0
0
0
0
0
0
0
0
0
0
0
0
0
0
0
0
0
0
0
0
0
0
0
0
0
0
0
0
0
0
0
0
0
0
0
0
0
0
0
0
0
0
0
0
0
0
0
0
0
0
0
0
0
0
0
0
0
0
0
0
0
0
0
0
0
0
0
0
0
0
0
0
0
0