5929057
5874783
6487219
6505747
5793961
7144967
5244529
5920104
6163391
6685881
7090890
5595778
6172191
6721800
6622122
5109199
6613369
6586656
5694777
5893011
5901901
7361183
6108865
6766473
5460786
6037092
6379486
6082104
5883912
6676995
6514448
6343262
6451197
5793666
5586441
6739215
6388366
5982753
5829687
6712711
6307554
6172556
6838255
5757950
5874864
6343445
5775822
5586629
6568308
6586516
5883889
6433528
6388374
6658015
5568532
6946605
6703135
6712955
6145301
6081709
5992158
6477756
7027874
5586754
6658554
6892286
6379157
7306455
5910684
6441973
6126753
6352399
5775642
6171773
6451292
6099820
6388269
6622185
6631336
5640646
6883701
6387874
6540916
7009572
6315935
6415142
6883554
6316458
6514035
5947209
6505088
6352387
6676721
6154177
7028028
6136161
5604636
6685154
6316004
6550298
6766522
6154348
6865598
6190105
6190328
6009969
5667806
6469363
6631651
6388467
7198565
6577206
6594880
6703444
6018594
5532939
6613636
6370278
6550275
6091093
6072961
6271312
6586125
6775502
6522994
6757443
6478156
6731288
5992000
7117985
7243670
7279711
6685420
6468939
6261860
6136012
6172262
6865631
6838612
6757421
6424541
6315816
6406241
6532024
6649115
6190244
6271299
5694423
6676647
6226077
6487552
6631234
6505101
6955588
7008839
7027730
6252993
6667298
6577707
7045532
6613124
6361407
6450876
6325126
6577159
7108291
6847573
5946820
5811923
6415132
6703619
7153801
6667093
6820193
6396833
7045752
6514301
6811501
6586173
6369661
6964731
6640644
6208122
6379399
6244021
6640101
7316090
6090969
6091053
5739547
7117328
6397152
6118074
7171845
5343216
5163127
6532416
5748614
6595201
6568078
6739615
6514058
6550339
6009798
6568326
6469281
6081879
6793467
6441747
6829723
6856461
6559609
5937784
6983065
7171278
6424160
7162496
6910361
6307316
6262170
6901468
6343427
7000700
6351688
6370557
7036512
6000827
6541274
6505487
5775895
6892343
7261698
6766453
6495973
6982709
6514103
6748520
6450954
7054649
6955652
7171704
7090610
6802132
6838379
5982804
7433058
5775888
7531866
7108398
7234603
7378770
7567663
7243966
6712373
6208066
6018741
7045734
6865583
5946868
6855909
7000628
6532366
7621859
7631002
6559388
6505818
6802387
7279572
6360976
6208073
7144905
6541366
6153963
6460419
6946190
6235367
7144439
6027781
6072708
6073075
5649738
6541406
6766278
6649248
7063740
7135916
6316211
6451471
7000979
6766324
6577500
6928061
6325192
7153763
6208006
6739540
6766254
5748314
7280021
7603610
6487067
7171280
7162819
6721515
7081477
6757203
6531966
7279704
5613595
6352558
6487326
6594926
6405779
6667181
7333662
6280213
7297310
7342598
6604153
7495586
6676460
6144912
6964606
6703352
6811343
6586409
6307191
6658187
7225775
6802455
6586278
7090493
6685408
7117915
6135921
6180943
6190000
6937137
6271106
7090621
7090580
6829337
6811140
6910155
7351720
6577511
6973664
6054434
7729953
6109005
7324292
7189569
6541237
6181411
6351608
6955236
7540892
7207799
6415036
6207773
6955650
7036233
6811531
7090540
6595381
6819780
6649353
6694236
6856532
6514356
5991881
6676354
6702932
6397128
6694017
6775337
6622101
7432664
7108387
6928379
6640464
6811073
7558801
7315573
6451223
7063865
5415418
6118544
6351834
6747925
7766135
7387856
6108703
7496256
7189800
7270947
7090724
7522602
6406060
6775692
6289274
6649096
7000085
7513722
6478035
6459999
7135232
7423559
7144906
7297743
7154054
6397064
7405520
7414522
8017719
6432685
6910387
7243916
7459798
7000422
7783818
7117504
6316152
7171614
6514128
7180418
6982710
7694018
7279543
6910319
7297545
7882896
6730227
7279182
7468817
6901489
6919074
6883603
7000615
6558846
6748716
6811316
6928418
6496216
7144728
7081656
7018226
6442155
7477880
6892145
7693872
7153885
8162123
6640426
6343201
6468852
7297795
7108669
7342633
7712073
7135586
7081506
7360751
7261761
6325155
7648494
7144247
7054864
6649005
7585757
6280402
7576659
7945907
7027477
6937485
6622439
7351024
7207729
7441700
7738965
7225814
7099570
7540379
6919349
7117746
7036311
6153702
7837447
6775714
6954820
7117430
7027620
7198235
6892489
7090459
7504619
7072015
6540810
7045339
7414489
6910367
7126617
6811396
7063398
6829547
7405636
7207564
6532312
6982493
6964336
7252878
6586027
7432727
7297297
7099394
7181005
7072188
7252587
7918972
7612928
6937735
7432542
7567661
7495667
6703055
6973582
6450590
7207628
7702619
7180683
6910175
7072020
7252441
7658109
7414559
7351512
7378672
7171718
6721270
6496256
7441448
7549417
7864842
6658077
7477415
7315160
7774792
7054432
8170918
7045143
6388120
7441708
7802128
6514037
7495691
7972883
7189883
7747937
7522642
6982607
7288714
7477992
7252801
6811517
7279679
7423586
7036158
7675643
7071899
7072003
7342852
7603672
6837863
7576402
7693793
7414580
7180092
7468438
7288370
6343038
7108423
7342770
6523118
7900650
7297706
7180390
7099651
7306572
7360673
8053330
6909543
7405545
7702694
8332691
6955239
7216562
6963803
6460289
7081510
7495355
6964135
7450805
7450912
7441719
7360254
7469157
7153530
6865098
7405938
8153072
6631110
7495615
7180264
6658075
7360384
7477682
7585909
6972968
7036492
7477732
8243255
7468811
6810953
6712250
7783711
7000191
7450352
7468884
6712384
7648698
7045669
7891887
7999893
7468626
6811185
7873768
7954995
7198048
7009363
6694216
7054465
6964163
7477670
7855689
7477542
7225345
6711920
7342738
7648744
7801924
7702785
7873812
7486785
7315609
6955220
7405576
7288595
7153405
7117290
7225132
7648567
6982442
7117356
7332991
7270538
7729532
7288869
7189775
7351431
7117481
7936205
7567223
7495908
8090065
7495572
7495457
6964125
7685346
7315357
7729618
7324200
7855538
7459622
6730282
7378349
7036137
7414512
7288229
8179865
7252378
7116986
7531962
7171826
8189018
7504934
7720778
6477824
7234674
7225172
8081199
7459872
7838031
7621325
7135531
8359497
7982181
7504836
7297806
7837663
7099661
8044689
7792520
7603598
8242811
7774895
8296874
7955043
7774445
7918662
7802072
7090983
7648549
8323630
7387197
7090129
7711948
7630620
8197930
7261424
7594772
8720318
7576996
7837458
7991163
7864513
8531086
7684586
7864562
7153690
7819476
7135831
7361175
7639495
7369719
8062911
7225592
7279471
7711588
7432458
7522911
7117822
7639877
7675983
8080813
8260989
7964193
7558503
7693935
7612562
7171588
7414728
8314724
7378421
8197772
7612536
7144480
7432342
7414739
7441702
8395771
7666414
7036196
6865414
7927773
7900374
7342813
7441534
7036379
7405534
7909545
6676945
7945543
7415022
7684488
7576585
7396832
7279208
7360796
7729212
8179573
7225227
7783418
7837623
8369455
7656924
7801682
7765491
7837944
8107758
7819526
7955108
6802466
7972976
7072376
7666981
7639731
8251705
7801907
6649264
7423542
7918625
7783670
7576342
7369691
7819982
6900891
7144372
7378787
6900958
6883549
7477617
7522499
7054744
8098315
7558278
7612907
8107867
7774615
7423658
7640144
7675655
7279765
8261145
8269521
8215826
7504469
8522140
8179306
8062611
7936599
6982175
8089919
7738823
7648415
8098978
7774936
7640075
7487151
8233887
7612987
8143601
8026678
7684176
7684659
7756465
7433064
7577035
7757070
7729804
7739232
7972951
7423771
7810802
8026815
7649082
8098991
7414412
7360833
8989753
8215935
7558253
7684581
7206678
7252331
7900769
8513267
7819659
7711611
7810998
7360511
7486549
7622109
7522386
7477982
8251719
7072529
7108736
7531374
7828500
6721162
7990727
7910077
8459197
7757140
8305368
7729315
7414170
8575781
7585473
7684850
7657709
7531251
7847023
8414059
7631014
7829098
7774443
7720944
8206557
8206868
8314607
7793141
7315791
8197938
7810752
7865112
8117034
8044933
7711046
8332457
7891637
8630351
8000262
7144475
7810760
8134938
8333201
7270463
8072359
8323582
7513483
7468295
7882596
7981538
8009026
7774697
8306058
7882938
7558944
8062878
7792486
7351213
7342584
7180971
8090225
8323930
8269666
6910078
7666917
8369120
7522472
7639255
7846945
7684824
8774094
7756698
8018135
7847183
8080531
7684685
7963611
8206840
8333313
7567589
7702599
7774971
7162155
7639592
7738554
8170783
8414465
8350787
7207490
8125562
7748010
7486426
8558111
8215661
7568256
8342048
7828948
8179920
7603750
8458869
7738748
8495539
8027135
7558434
7738791
7684309
7486346
7225720
8666061
8107285
8116817
7558406
7351413
8953891
7819177
8107795
8026746
7567555
7585695
7909985
7900943
7891686
7621526
7855843
7846650
8531167
8665856
7288357
8449514
8737990
7657584
8414118
8890527
7487167
7612883
8206513
8368863
8737963
7639848
7594638
7856275
7945674
7414906
8396135
7900916
8242737
7252377
8377594
8035780
8161610
7549775
8233820
8116738
8512737
7666529
7882625
8054681
7873904
8161695
8387119
8197812
7495904
8260833
7792717
7882506
8638723
8017969
7144435
8188219
7972567
8494337
8278977
8170907
7810445
7927709
8287590
7801319
7712252
8314769
8332996
8458866
7801906
7441148
8197631
8224982
7649042
7765292
8287825
8108355
7621875
7837413
7153820
8467617
8395751
7711476
8054014
8090321
8386850
7837821
8089906
7964059
7828569
8207080
8288050
8026455
7972300
8413978
8153361
8216542
8485856
7603917
8107235
8206515
8296380
8656880
8980770
8179890
8080494
8612667
7892027
8081019
8206752
8125579
8864163
7666651
7576730
8845969
8315308
8360070
8639327
9071250
8107345
7666198
8270052
8080346
8116097
7612889
8864641
8513240
8404703
7378666
8315027
8305946
7711653
8153103
8332748
7829162
8107620
7549138
8350949
8387073
8585089
7918821
8126692
8144195
7873237
8891122
8332442
8188622
7738553
8405082
8035878
7594662
8287732
8144059
8909439
8305465
8702077
8333109
9079786
8621036
7946207
8206779
8314837
8332156
7865303
8548955
8017448
8557760
7918549
8296634
7640103
8035427
8189453
7738979
8225517
8054479
8143599
8593988
8458507
8791670
8783052
7775144
8458740
8396027
7891937
7873731
8359801
8053447
8459387
7486612
8828098
8693128
8692976
7991339
8036249
7946369
8494768
7216616
8179329
8270108
8521952
8530289
8216182
8665754
8341883
8414286
8377793
8504496
8162135
8332575
8035601
8612183
8341819
8737583
8485576
7936541
8261151
8755908
8188946
8053639
8495134
8621074
7954902
8602956
8476851
8026395
8873145
8531252
8242702
7955287
8296687
8297045
8323591
8459043
8242246
8540022
7990596
8882052
8458486
8972350
8989888
8558162
8791573
7991240
8683992
8549294
8846084
8629879
8755870
8197400
7936496
8387010
8639454
8152796
8530638
8278932
8188666
8728791
9340529
8306009
8611646
9107232
8530841
8548984
8476450
7306767
8341778
8098757
8144047
8567166
7576991
8477108
8216371
8954457
8188604
8963378
8558626
7928476
8513271
8378261
8153170
9187748
8585171
8189051
8342332
7477807
8341870
8432226
8414208
8440959
8854956
8243071
8063178
8386568
7838398
7748245
8224692
8765097
8395714
7153443
8269717
8152850
8765175
8413542
8351268
8170652
8593786
8638883
8935454
8161765
7945383
8314946
8495436
8720243
8918039
8818586
8575753
8512869
8179613
8467896
8935415
8764926
8278730
8629852
7216962
8746816
7837643
8845434
8216158
8512712
7477994
8458873
8287933
8368314
8575895
8413696
8441225
8548583
8737611
8242184
8513153
8368454
8045256
8701685
8908641
8539713
8225021
8539524
8585237
8450436
7963092
8638620
8836426
8908701
8854800
8126377
8665754
8306192
8539723
8368662
8854727
8692991
8909509
8701755
8701751
8503793
8395835
8657226
9187838
8692735
8963426
8503710
8999075
7873166
8639617
8800826
8854746
8827517
8287136
8512782
7999399
8503862
9097903
9521018
8206584
8800953
8602695
8746625
9025950
8522334
8809872
8324183
8719686
8684067
8449613
7856033
8405454
8774165
8693266
8863948
8152304
8359560
8476739
8863957
8954102
8656555
9232487
9241988
8629621
8890850
8755983
8638675
8710952
8683901
8260884
8953560
8647922
8737504
8827737
8710702
8801222
8963248
8557728
8458836
8702619
8809892
8539205
8836726
8800641
8656790
8243205
8899817
9340774
8683459
8710471
9079530
8603146
8422545
8810182
8728640
8486159
9052198
8953640
8647657
8467402
9151871
8620898
8719895
8926743
8927015
9223651
8170090
8935823
8521453
9026055
9197040
8351010
8692643
8764778
8935825
8809780
8657023
8188057
8710778
8927091
8008387
8323990
9044120
8953537
8053149
5982174
9043967
9115577
8602689
8341499
9106900
8999522
8809557
9025646
8765067
8962505
8755601
8953998
9331601
9214752
8386541
9232759
8935767
8342205
8233514
9034698
9223350
8953885
8917729
8647434
8944367
9043859
8855069
8971539
8791771
8620752
8746447
8665507
9250742
8396496
8702160
9178812
8998541
9214761
8944847
8350887
9313692
9232908
8926568
8557792
8935641
9034517
9233307
8485676
9079960
8648069
8584745
9430837
8845707
9052847
8836353
8791812
8962905
9034924
9178359
8855301
8873168
8522232
8639120
9071114
9205527
8756553
9079806
9043538
8935979
9160988
8530569
8566330
9412933
9160700
8935784
8899825
9142894
9251226
8827397
9151856
8557904
9026394
9646801
9278305
8935741
8953598
8404084
8998881
9413132
8800719
8746732
9124620
8935547
8666457
8503925
8837003
8917360
9025816
9071166
8666499
9404454
8980971
8953949
8935823
8998704
9107109
9250706
8963130
9115635
8935796
9287225
9205463
8764828
8998668
8495085
8935726
9116511
8585051
8936232
8585358
9340903
8179858
9152097
8980762
8953689
8711610
9178558
8999384
8981186
9160814
8909627
8341866
9331980
9242018
9080099
8657246
8423423
9323351
8575401
8872776
9179367
9431030
8134721
9529610
8935750
8963912
9134536
7746485
9350078
9286929
9197369
8647823
9592777
9080101
8477040
8926794
8910443
9242174
8711471
9529886
8845898
8359665
8711835
8791727
8774521
8584946
8505357
8441741
8809590
8963080
9161179
9268724
8441355
9547617
7666654
9277721
9314142
8070393
7133915
9169478
9142759
9206084
7648872
8809777
8755342
9277845
9367288
7764628
8386415
8899723
9016687
7314480
9673714
7512197
7521318
8269155
7126273
7513094
8135178
7980577
7558931
9152209
7071033
7602196
9511782
9313721
8484833
9025858
9251543
9376739
8773162
8828684
8828423
9070613
9277408
9475618
8792199
8953424
8574992
7286981
8169763
9259567
9349692
8703008
6594471
4594537
6837788
7566252
7584442
9160657
5692875
6215399
6692729
8881669
8251726
5908967
7045847
8449695
7179361
8980100
7998227
9034611
7124856
6782376
8459072
6261932
5413908
8998375
8583975
8772764
5818951
8675448
9160340
6593547
6386943
9151292
8394813
7377055
7710050
8386318
9151912
9475688
9178104
6062202
8197161
9206037
9250581
8133686
9134180
9655664
8295892
7620421
7809417
6710573
8484602
5602513
5305084
6279013
9556730
9134409
8665014
7242382
8756955
6090761
5305389
5955717
7107639
8592982
9241442
9367611
6423281
4946267
8457715
9376462
5998942
9583336
9376600
9457689
7179157
6872458
8160467
8971455
8196508
6809562
8872468
6701707
6125251
9376486
6304893
4207238
5584557
7098028
7377976
6314576
9061339
9187339
8574995
5818881
6630561
9574689
5143173
5675236
8403752
8169659
7783748
6846229
8037064
6855035
7873657
8457786
7801092
8205757
5053875
8079899
7998564
8313794
5828005
5413540
9655517
6800703
5512475
5116039
9286425
8656117
6809676
7666281
8863384
9295561
5620868
7511969
9195920
9196347
5323468
6512386
6728225
5737620
8106449
9286405
7756971
5214992
8216112
7440900
5431132
9097161
6512189
9664786
7503863
8206468
7205929
9502868
5125112
8503524
8360140
7484846
9682812
5116302
7054734
4712070
5764681
6171144
8305060
9142748
9196548
7989560
5638541
6818289
7115549
8106541
5882179
8242055
7485277
9205347
6908534
9502276
4936022
5215051
8106392
7205544
6836418
9484130
4854691
6926177
8502935
8881170
6133907
9673680
8115420
4954002
5350103
7809123
5323109
9502185
8295545
5233053
9790656
9502543
9610494
4944843
6034717
7799881
8367630
6034629
5026048
9566168
8908010
8619655
6214777
5422095
7106755
5809910
4845613
5521263
9394491
8511853
5710537
8700585
6439893
6214916
4935654
4746593
9403367
5620384
5548068
5025864
9087967
4944887
7034746
4945032
9601256
4845808
5224178
8124130
6539060
5422265
7232748
5413476
5052869
8412216
5034763
9583578
7223534
4854576
7223628
5035130
4854920
8610461
6629007
8997841
8799734
9303853
9709545
7062376
8025385
6016579
5142832
7529740
6638145
6926168
9907420
7412638
8809021
8907675
9393965
6241721
9610326
4944936
5332168
7628972
9907609
7925867
6737084
5043931
9700503
9213940
4836724
9313268
6926641
8214461
5251282
9790777
9808696
8115518
8115450
7133287
9015912
8619784
9898507
9303984
5043900
7430632
9790599
9303856
8124231
8520397
4854724
9808677
8916826
9907615
9214055
8916675
9907339
6737307
9790701
7529933
6142856
6232624
9907560
8124184
9907708
9214188
4855036
4755840
8520440
8124304
7529929
8421555
6538869
9114990
6241976
9015826
6241631
5845344
9213986
9907540
7728008
8025028
9907608
9114900
9214036
5944704
9511460
4656760
4854920
7034528
9015940
8619756
8817856
6340997
5152140
8421352
6737064
9907383
7728014
7926192
4755840
7529728
6737272
6539202
9907500
7529876
7034320
6142660
9907502
7827204
9907660
5088940
9701006
8223264
6638224
4656760
4656760
9313328
8322416
7628950
8421540
9511300
9907516
8223344
9907587
9907684
9313312
8718656
9907540
9907578
9015748
9709276
7034268
4656384
6340676
7727864
7827064
6737280
8817796
8520576
9214128
4458240
9907504
9907489
9907708
5827541
9907564
9907616
9268436
7034304
6538896
4557312
6836388
9511408
6241920
4053826
6872450
9907580
8421416
6530169
9862708
6539152
9907628
9115056
8124296
9709484
7476404
4557312
9701212
9114896
9808525
7331717
9213866
9115060
6935400
9114992
6241604
6142528
9907647
8512006
9853621
4656384
9907648
9907539
9907598
9709548
9907612
9808524
9907517
9015998
8223372
9907624
9214004
9808384
9907334
5151750
6340680
4656384
9907728
9907687
6539155
9907676
9907636
8817909
7529856
7034496
9502210
7674110
9313160
8916872
4458240
9907684
9907520
4656384
9313152
8223448
7529872
9674304
9907672
7827072
4656384
9511364
4458240
9610404
5746264
9907603
6241952
7727984
9313160
6836368
4359168
4458240
9709612
9907680
9907644
8619748
8619648
9907373
4458240
9907716
9755128
9907680
7826936
4359168
9907640
7926276
6710404
3964076
8079876
4458240
4755456
8421512
9907587
9907720
8322576
7232635
9808676
8817956
9016076
9907704
9610412
8421628
9214248
9610408
7728076
8917028
8718860
8124296
9313196
9313152
9115192
9214080
8917024
9016116
6935408
9115012
5053056
9016076
8520736
8817916
8817880
7827192
8718856
8223360
9115008
8817836
8619676
6341000
9016024
8916976
8124280
7529848
8718779
8025300
8916966
4755840
7629036
8223352
9313260
9016031
8223475
8718880
7926228
7133664
7529928
8223368
8619648
8421660
8025296
5350280
7926152
9016084
8817792
8817816
5152140
7728040
8718888
4656752
7628936
7827184
8421548
9214111
8421652
5053048
7232692
8124324
8025299
8520596
7926272
7628936
8916864
8619732
8322475
8718884
8223508
8124424
8322424
7331724
8520732
8520648
8322576
7827080
7331727
8025334
8124304
8322576
8421520
8223496
8421660
8124424
7232632
9015988
8322440
8322432
7430888
8421564
9016000
8124424
7529960
8124304
8223436
5746572
8421608
7529916
8025328
8322580
7430784
8223448
5746584
6638288
8520592
7529892
7827104
6241960
7430896
7430768
7728120
7133560
8520641
4656760
5845640
4755840
6935424
7529964
8025251
8619656
7728000
4953993
7331812
6043828
7331712
7430892
7827192
5845648
5944689
7331816
7926152
7728124
8124393
7926268
5746564
8124377
8322580
7926260
7827200
7430780
7728060
7331808
8025344
8223480
7728120
7629040
8025272
8421600
7529946
7827200
6638264
7628960
7133660
7430784
8124408
6935424
8124344
6539212
6539200
7430804
7827136
7629044
7728124
6836336
6241960
5647528
7331688
7232640
7232740
7331820
7232740
7331816
5152148
5449372
5548440
7232744
6539184
6737328
6935424
6638256
6836436
8179982
6909849
7728103
5746596
4755840
6341060
7034580
5944752
4954000
4854920
5053064
4755840
5350300
6341000
6638284
7628998
6638248
7034559
6638280
7034563
7331745
5944709
6638208
6935508
7133656
7034507
6241984
6638216
6241984
6043828
6142904
5647506
4656760
6737356
7926176
6142904
6836360
7331816
6241928
7529877
6935467
5053066
6440128
5350296
6440128
6737356
6539128
6935502
6935508
6241984
7034588
5548460
5449376
7232720
6836388
7629008
6638280
6043788
6142896
6539208
3135552
6241928
6241916
6142848
6043820
5944696
6043760
7529860
5746552
6142861
6142896
6241944
6440128
6340992
6440120
6142896
5944704
6142908
6043784
6043824
6043776
6142840
6341060
6539208
6142900
6440136
6440136
6737360
6142876
6142884
6043824
6341060
6241972
6142856
5845648
6142856
7133615
6539196
6043824
6043792
6341060
5944700
6241928
6142872
6241980
6142848
6241964
6341056
7331764
6241980
6142888
6836392
6737324
6638284
7331764
7232707
6440136
6539216
6836437
6836440
6836376
6638288
6241976
6737352
6043824
6043828
6539199
6440076
6440136
6539212
6241972
6836416
6341056
6539208
6836352
6638256
6241980
7034583
6836368
6638288
7331767
6836436
6638284
6935433
6737297
6935500
6440092
6440128
6341060
6737364
6836424
6737272
7430836
7331758
6737284
6341024
7133579
6737360
6935434
6737297
6836440
6935427
6935433
7034542
6737360
7232633
7232651
6836432
7133660
6836353
6539204
6935516
7034520
7133600
7034576
7034505
7430890
6836440
7628999
7529914
7728060
7529929
7331820
6935504
7232744
7133660
7034512
7034512
7629027
7430788
7133672
7034588
7628971
7034584
7331795
7529956
7628957
7133664
7331813
7728093
7232744
7628923
7827100
7827074
7034584
7331817
7529948
7926145
7827164
8619655
7430876
7529968
8916909
9015952
9115053
9015979
8817887
8025324
8916884
7827167
8124391
8916974
8223486
7629037
8817878
9412258
9214178
9015963
9115058
7430867
9015985
9313222
9214115
9214134
9015959
9015994
8916981
8916949
8322535
8916968
9115057
9214187
9016041
9313170
9115084
9115038
9412274
9016064
8619775
9313281
9511330
9214198
9412266
9412275
9610412
9610406
9610386
9313286
9313279
9313252
9808537
9808599
9709497
9214192
9907622
9808629
9907606
9511416
9610502
9907738
9907605
9808606
9709572
9610502
9709570
9907622
9115016
9907601
9907654
9907700
9808631
9907705
9808641
9907689
9907610
9907701
9907576
9907576
9907591
9313167
9907672
9907599
9907623
9907641
9907563
9907680
9907603
9907683
9907644
9907690
9907638
9907663
9709467
9907679
9907644
9907678
9907551
9907662
8124224
8520536
9907654
9907664
9907527
9907657
9907552
9907608
9907532
9907615
9907650
9907634
9907664
7926071
9907656
9907654
9907651
9907636
8916817
9907617
9907639
9907623
9907599
9610279
9907498
9907639
9907612
9907506
9907621
9907620
9907620
9808519
9907601
9907607
9907617
9907639
9907507
9907637
9907610
9907626
9907614
9907626
9808522
9907619
9907620
9907626
9907629
9907610
9907594
9907495
9907623
9907617
9907620
9907634
9907611
9907627
9808520
9907598
9907615
9907620
9907617
7926064
9907624
9907620
9907620
9907604
8520528
9907623
9907620
9907618
9907616
9907612
9907617
9907647
9907631
9907603
9907599
9907627
9907643
9907624
9907631
9907614
9907602
9907577
9907627
9907627
9907609
7926071
9907611
9610368
8124224
9907621
9907568
9610296
9907647
9907647
9907614
9907629
9907613
8817727
9907616
9907653
9907623
9907655
9907634
8223304
8223304
8223311
8223311
9907583
8916816
9907640
9907558
9907557
9907577
9907587
8322377
9313141
9214017
8421457
9907609
9907646
9907605
9907610
9610382
9907609
9015922
9808513
8223304
9907609
9907571
9907643
9114999
8124231
8223311
9907640
8916841
9907601
9610382
8322384
9907630
9214068
9907644
9907614
9907624
9907575
9907620
9907655
9907650
9907548
9907551
9907635
9214072
9907601
9907630
9808539
9709460
8421464
8322391
8421471
9907637
9907626
8223311
9907556
9907631
8421464
8322384
9907631
9907578
8124231
8322384
8421460
9907615
8322391
8223311
9214069
8619610
8223311
8421464
8322384
8520544
8421457
8322384
8223311
8223311
8520537
8421464
8223311
8223318
8421464
8421464
9907564
9907559
9808539
9114996
8520537
8619624
8916848
9313149
9907618
8223311
8322391
9907612
8619610
9114970
8916825
9907552
8520528
9610383
8619616
8718681
8520527
9015905
9907611
9907559
9907642
8817753
8619598
8619600
8619590
9907564
8916824
9907595
9907586
9511265
9114960
9412208
9610348
9313112
8817744
8817742
8520519
9114968
8520520
9907556
9907622
9907555
9907560
9907618
9907553
9907565
9907558
9907626
9907584
9907553
9907617
9907600
9907553
9907604
9907571
9907631
9907629
9907595
9907616
9907603
9907545
9907537
9907622
9907639
9907547
9907570
9907572
9907628
9907542
9907581
9907596
9907608
9907591
9907611
9907614
9907614
9907616
9907621
9907626
9907627
9907593
9907553
9907542
9907591
9907604
9907635
9907620
9907618
9907588
9907549
9907574
9907555
9907620
9907554
9907617
9907596
9907545
9907568
9907558
9907583
9907617
9907544
9907581
9907542
9907581
9907613
9907580
9907551
9907604
9907605
9907616
9907561
9907552
9907538
9907536
9907554
9907538
9907598
9907596
9907567
9907599
9907601
9907566
9907550
9907581
9907545
9907549
9907550
9907558
9907627
9907539
9907539
9907601
9907646
9907534
9907543
9907572
9907611
9907608
9907627
9907611
9907541
9907552
9907618
9907553
9907606
9907632
9907543
9907637
9907610
9610339
9907598
9907607
9511227
9907600
9907593
9907640
9907627
9907630
9907614
9907629
9907542
9907535
9907573
9907559
9907537
9907530
9907569
9907556
9610348
9907594
9907537
9907539
9907540
9907541
9907572
9907540
9313072
9907599
9213990
9808454
9907532
9907529
9907529
9907536
9907534
9907543
9907538
9213984
9907642
9907610
9907508
9907515
9907528
9907514
9907550
9907527
9907542
9907641
9907513
9907627
9907531
9907527
9907512
9907523
9907597
9907635
9907607
9907609
9907540
9907554
9907557
9907521
9907565
9907575
9907549
9907539
9907542
9907548
9907520
9907556
9907544
9907550
9907541
9907572
9907559
9907563
9907527
9907550
9907558
9907606
9907546
9907643
9907676
9907557
9907545
9907655
9907652
9907631
9907634
9907584
9907568
9907650
9907564
9907547
9907554
9907549
9907570
9907536
9907598
9907644
9907611
9907623
9907669
9907635
9907575
9907552
9907635
9907612
9907638
9907554
9907655
9907670
9907594
9808589
9907575
9907620
9907629
9907627
9907623
9907562
9907616
9907626
9907643
9907644
9907650
9907651
9907607
9907560
9907636
9907637
9907553
9907566
9907552
9907559
9907628
9907618
9907562
9907613
9907605
9907569
9907533
9907549
9907582
9907612
9907546
9907558
9907546
9907565
9907611
9907575
9907540
9907597
9907613
9907521
9907591
9907577
9907632
9907541
9907559
9907599
9907551
9907541
9907522
9907559
9907563
9907575
9907560
9907533
9907540
9907582
9907573
9907602
9907543
9610280
9907602
9907608
9907612
9907627
9907594
9907583
9907551
9907532
9907604
9907587
9907569
9907595
9907565
9907553
9907594
9907592
9015884
9907594
9907603
9907569
9907580
9907581
9907571
9907527
9907499
9907524
9907557
9907558
9907500
9907580
9907548
9907550
9907578
9907564
9907587
9907592
9907612
9907598
9907595
9907578
9907570
9907567
9907567
9907547
9907568
9907516
9907541
9907530
9907563
9907540
6340715
9907570
9907570
9907553
9907588
8916818
9907593
9907562
9808596
9412285
9907608
9907634
9907523
9907563
9907558
9907570
9907587
9907573
9907528
9907570
9907625
9907634
9907620
9907599
9907542
9907589
9907577
9907544
9907642
9907575
9907550
9907524
9907600
9511254
9015904
9808530
9907616
9709525
9709476
9808564
9907613
9907620
9907594
9313144
9907613
9907625
9610442
9907672
9907671
9907525
9907520
9907544
9907579
9907673
9907659
9511368
9907581
9610371
9511375
9907572
9907525
9907561
9907634
9808540
8916804
9907598
9808594
9907629
9511299
9907535
8916856
9412310
9214080
9709437
9709424
9709447
9907586
9907511
9907631
8817736
9907634
9907580
9907566
9907517
9907678
9907664
9808512
9907604
9907641
9115080
9907579
9907649
9610421
8916856
9313156
9907547
9907546
9907539
9907563
9907593
9907584
9907598
9907564
9907465
9907465
9907515
9907586
9313132
9907452
9907438
8718664
9907634
9907636
9907592
9907479
9907567
9016005
9907560
9907645
9015853
9907626
9907587
9907477
9808489
9907514
9907528
9907655
9709387
9313144
9907612
9907503
9907621
9907637
9907523
9907447
9907625
9907488
9907522
9907500
9313152
9511356
9709500
9015920
9214064
9511296
9015944
9907630
9907676
9313144
9412293
9214056
9907374
9907538
9907690
9907616
6736945
9907552
9313096
9313200
9907567
9907565
9114976
9907624
9412292
7827152
9610392
9610400
9907571
9313152
7827112
9709467
9511280
8916840
9511304
9907545
9015928
9907521
9907592
9412220
9114984
9511348
9214072
9709492
9313144
7827076
9313136
9610372
9313172
9115020
8025208
7728008
9214088
9313152
9214072
9214096
9214080
8916864
9114992
9907571
9115016
8916824
9907562
9907551
9114992
9015912
8322368
9907526
5052739
9907558
9907576
8916832
9214072
8817760
9015904
9214064
8916840
9214064
8916832
9015904
8916832
9313144
9214072
9313144
9015936
9511296
8817744
8916840
9214080
9114992
9115000
8916840
9015912
9313152
9313144
9015912
8916856
9412232
9214080
9115000
9412216
9214072
9214064
9313152
9412232
9214064
9412216
9313144
9313144
9114984
9313160
9115000
9313152
9412240
8421504
7331704
9214072
9907636
5647520
8916832
9412224
9313136
9214064
9015904
9114992
8718680
9015920
8520520
8322368
9114984
8916832
8817752
8916824
9114976
9214072
9214064
8421432
8718656
8718672
9907604
8619584
8817744
8718672
8718664
8520520
9214056
8619592
8421440
8619592
8817744
8520520
8223288
8916824
8817744
8718664
8718672
8520520
8718664
8718672
9114984
9412204
8817736
8619592
8718664
8619592
9015904
8619592
8718664
8817736
8718664
8619600
8619592
8916816
8718664
8619592
9015896
8421440
8619584
8619592
8619600
8619592
8718664
8619600
8619600
8718664
8619584
8619592
8718664
8718672
8817736
8421440
8421432
8520512
8421440
8916816
8421440
8520496
8718656
8619592
8817744
8916816
8619592
8817736
8421432
8520504
8520512
8421424
8322352
8322352
8322352
8223272
8520496
8223280
8322352
8322360
8223288
8124192
8223272
8322352
8223280
8322360
8520504
8619584
8520504
8322352
8322352
8223264
8124184
8421416
8124200
8124200
8421424
8223264
8025120
8223264
8124184
7926040
7926032
8124184
8025096
8223264
8124176
8223264
8025112
7826960
7826960
8025104
7926032
8223272
8124184
8124176
8025112
8223248
7826960
7826960
8025104
7926032
7628808
8025112
8223256
7926040
8124176
7926032
8025104
7926040
8025112
7926024
7926032
7826944
7926032
7826944
9907616
7926016
7926024
8124176
7826952
7926016
7826952
9907628
7826952
7826944
7926024
7826952
7529720
8520488
7826952
7529728
7727864
7628784
7628792
9808572
7628792
7628792
8025096
7926016
8124172
8025108
8124172
9610356
9610424
8223248
9709504
8025096
7926020
9907620
8025096
9610444
9709492
7331552
7926016
7331552
7331552
9907640
8025088
7232472
9907628
9709500
9907632
9907632
7727852
9907672
9907632
9907608
9511384
9709460
9808592
9907676
9610432
7232452
9907584
9412292
9907652
9808556
9907616
9907644
9610416
9808580
9511396
9610468
9610452
9808580
9511372
9511388
9412292
9511368
9808556
9511376
9412320
9709544
9511372
9511360
9511392
9511396
9808556
9709496
9709464
9808628
9412340
9313236
9511408
9808624
9511400
9511372
9511372
9511380
9412320
9511392
9313256
9313248
9115112
9412316
9313236
9313244
9412324
9214204
9016060
9214200
8718872
9313288
9115140
8817924
9214216
9115136
9016056
8817916
9016068
9016060
9412304
9115168
8817944
9808652
9016116
8817924
8817936
8916996
8916988
9115136
9412372
9115160
9016092
9214188
9016064
9016088
9214236
9115160
9115148
9313304
9709556
9412388
9709592
9610508
9709592
9709556
9709548
9511404
9511412
9511428
9709536
9511432
9412336
9511448
9907708
9808620
9511424
9610536
9907712
9907676
9709560
9907668
9907716
9709568
9907704
9808612
9907688
9610436
9907644
9907652
9907704
9907692
9907672
9709564
9808640
9907716
9907692
9709580
9610480
9907696
9610492
9907704
9808648
9907648
9808644
9907688
9907708
9907680
9907688
9907692
9907692
9907684
9907672
9907624
9907684
9808588
9907656
9907672
9907628
9907652
9907628
9907684
9907680
9907696
9907648
9907648
9907676
9907692
9907668
9907664
9907680
9907688
9907688
9907692
9907676
9907716
9907684
9907688
9907680
9907684
9709540
9907708
9808632
9907708
9907688
9907700
9907708
9907708
9907700
9808636
9907708
9907688
9907696
9907696
9907700
9907704
9907708
9907700
9907692
9907676
9907684
9907680
9907696
9907644
9907660
9907660
9907676
9907680
9907672
9907668
9808604
9808620
9907692
9907692
9907692
9907696
9907668
9709544
9907692
9907696
9907712
9907716
9907696
9907692
9709528
9907704
9907696
9907680
9907700
9907704
9907716
9808652
9808656
9907716
9907712
9808644
9907708
9907712
9907716
9808636
9907732
9610500
9907728
9907728
9808648
9808668
9808644
9907720
9610480
9907708
9808656
9907752
9907752
9610516
9907744
9907748
9808672
9808668
9808668
9907732
9907732
9610508
9907744
9907744
9907732
9907720
9907728
9907720
9907740
9907756
9808680
9907748
9808656
9907740
9907744
9907748
9907732
9709612
9907756
9907760
9907756
9907756
9907752
9907748
9907736
9808676
9907756
9610524
9511452
9907756
9808684
9907736
9907756
9907728
9907716
9907748
9907760
9907736
9907712
9907744
9907768
9511456
9115164
9709600
9907780
9907752
9709636
9907764
9808692
9808696
9907760
9907764
9907768
9808684
9907764
9907736
9907772
9907768
9313328
9610560
9511484
9709644
9511488
9412404
9709628
9313332
9808712
9214252
9511480
9511488
9313328
9511488
9511484
9313336
9214252
9610560
9313328
9610568
9511484
9511480
9313332
9709640
9412404
9313324
9808708
9214248
9412404
9709644
9412408
9709644
9511488
9610564
9511488
9412408
9610564
9709644
9412412
9511488
9412412
9610568
9709640
9511492
9511488
9115176
9709640
9610564
9313336
9610564
9214248
9511480
9907696
9412404
9808668
9313324
9907716
9907740
9907680
9709608
9412408
9907740
9907704
9313324
9907724
9907680
9412384
9907656
9412380
9808680
9214244
9907688
9907632
9115172
9907744
9907724
9313324
9610556
9907676
9412396
9511476
9115160
9907688
9907572
9907644
9907680
9907580
9907648
9907580
9907688
9907568
9907672
9907716
9907640
9907708
9907712
9907716
9808636
9907684
9907660
9907692
9709584
9907708
9709580
9907680
9907636
9709580
9907676
9907712
9907600
9907712
9907688
9907640
9709596
9907692
9907572
9907692
9907720
9907660
9907724
9907656
9907688
9907704
9907708
9610528
9907724
9907748
9511476
9907712
9907708
9907736
9511468
9907688
9907728
9907740
9511456
9907752
9709596
9907628
9511468
9907740
9907744
9907652
9907628
9907656
9808492
9709584
9907560
9907624
9907668
9907708
9907612
9907592
9907652
9907708
9907680
9907632
9907604
9907672
9907604
9907712
9907592
9907680
9907568
9907612
9907580
9907604
9907628
9907596
9907596
9907656
9709600
9907660
9907740
9907680
9907748
9511456
9907724
9907716
9412372
9907764
9907644
9907644
9907572
9907564
9610528
9907584
9907604
9907568
9709408
9511260
9907556
9907556
8718628
9907568
9907600
9907568
9907572
9907568
9907608
9907572
9907572
9907620
9907604
9511252
9907724
9907568
9907620
9907752
9907744
9907700
9907652
9907764
9907712
9907736
9907764
9907728
9907728
9907736
9808676
9808676
9907740
9610540
9907624
9907740
9709616
9907748
9412376
9907736
9907708
9016084
9808672
9907712
9610536
9907708
9511456
9907752
9907744
9907696
9907720
9907752
9907756
9610536
9907728
9412372
9907748
9907632
9907716
9907748
9907740
9808672
9511460
9907632
9313312
9016076
9610532
9709596
9214236
9907668
9907740
9907684
9808660
9907676
9907696
9808656
9907728
9907720
9907700
9907736
9907724
9907692
9907724
9907736
9907732
9907724
9907712
9907688
9907724
9907672
9214220
9907704
9907608
9907648
9907708
9907720
9907732
9907732
9412364
9511448
9907736
9907728
9709588
9511440
9907716
9907732
9907736
9511444
9412360
9907700
9907728
9610524
9511444
8917008
8718848
9412376
9412368
9907692
9907732
9511456
9907712
9709564
9214220
9808660
9808664
9907736
9907684
9907712
9907748
9808652
9907720
9907720
8718848
9907716
9412372
9907720
9709572
9907740
9214220
9412352
9907728
9907704
9907708
9610504
9511416
9214204
9907688
9907728
9907712
9907700
9610504
9907716
9511428
9907688
9907712
9709592
9214220
9907732
9907708
9907704
9709572
9907692
9907740
9610512
8916996
9214216
9511432
9907708
9907720
9907680
9907712
8916988
8718828
9115140
9313296
9907684
9907760
9016068
9511412
9511432
9214208
9016068
9907628
9907716
9907708
9115116
9214204
9016056
9313276
8124376
9907728
9907724
9214200
9313264
8718824
9907704
8817896
9907732
9115124
9907732
9214192
9907740
9907696
9907724
8520684
9907700
8817912
8916960
9907728
9907744
9907708
8916968
8718816
8718828
8817900
8520680
9907696
9907632
9907732
9907760
8619648
8916868
9907732
9907732
9907620
9907632
9907740
9907740
9907720
9808676
9907724
9907732
9907724
9907732
8520680
9907644
9907724
9808556
9907640
9907688
9907652
9907740
9907632
9907632
5151940
8421512
9907640
9907696
9907652
9907632
9808564
9015960
9907628
9907628
9907644
9907644
9907632
9907644
9907640
9907636
9907640
9709488
9907644
9907640
9907636
9907644
9907628
9907640
9907632
9907652
9907644
9907640
9907644
9907644
9808568
9907656
9907648
9808576
9907632
9907652
9808564
9511328
9709480
9808572
9808568
9907668
9907648
9709500
9907640
9907644
9709484
9907644
9907652
9709480
9907652
9907644
9709484
9610408
9808560
9907644
9907644
9907632
9907656
9709496
9808560
9907644
9907716
9907640
9907640
9907640
9808560
9907644
9907652
9907640
9907652
9808560
9907648
9907636
9907668
9907648
9907644
9907648
9907648
9907636
9907644
9907648
9907652
9907636
9907644
9907640
9907648
9907628
9907636
9907636
9907644
9907632
9907688
9907632
9907640
9907636
9907636
9907652
9907640
9907644
9907640
9907636
9907644
9907640
9907692
9907640
9907644
9907640
9907636
9907636
9907648
9907636
9907676
9907640
9907636
9907636
9907628
9907636
9907632
9907672
9016024
9907632
9907624
9907640
9907632
9907644
9907632
9907720
9907652
9907640
9907636
9907632
9907628
9907628
9907668
9907632
9907636
9907628
9907624
9907628
9907632
9907684
9907628
9907628
9907636
9907636
9907628
9907640
9907636
9907628
9907632
9907636
9907688
9907664
9907668
9907628
9907648
9907632
9907624
9907628
9907628
9907672
6439996
9907636
9907628
9907632
9907636
9907624
9907632
9907628
9907624
9907624
9907624
9907628
9907624
9907664
9907632
9907628
9907624
9907624
9907624
9907620
9907624
9907624
9907620
9907624
9907620
9907616
9907620
9907620
9907624
9907628
9907624
9907628
9907628
9907628
9907628
9907632
9907636
9907628
9907624
9907624
9907632
9907672
9907636
9907636
9907628
9907636
9907660
9907668
9907636
9907632
9907624
9907628
9907624
9907624
9907624
9907628
9907620
9907624
9907624
9907620
9907624
9907616
9907632
9907624
9808544
9907628
9907620
9907616
9907612
9907616
9907612
9907616
9907616
9907620
9907616
9907616
9907616
9907608
9907628
9907616
9907620
9907616
9907620
9907616
9907616
9907620
9907608
9907620
9907612
9907616
9907616
9907620
9907616
9907612
9907604
9907616
9907612
9907628
9907612
9907616
9907620
9907616
9907616
9907620
9907624
9907612
9907616
9907612
9907624
9907620
9907616
9907608
9907616
9907612
9907620
9907616
9907624
9907620
9907620
9907620
9907616
9907612
9907616
9907612
9907612
9907620
9907612
9907604
9907608
9907608
9907612
9907612
9907604
9907608
9907612
9907612
9907616
8916848
9907608
9907608
9907608
9907612
9907608
9907612
9907612
9610392
9907616
9907612
9907612
9907608
9907600
9907628
9907612
9907616
9907608
9907620
9907616
9907616
9907612
9907612
9907628
9907624
9511308
9907620
9907628
9907624
9907628
9907620
9907612
9907620
9015936
9907616
8718704
9907612
9907620
9907620
9907624
9907612
9907656
9907624
9907620
9907616
9907620
9907616
9907644
9907616
9907616
9907616
9907632
9907620
9907620
9907620
9907624
9907616
9808540
9907624
9907624
9907628
9907620
9907624
9907628
9907624
9907620
9907620
9808540
9907628
9907616
9907636
9907620
9808552
9907620
9907616
9907628
9313160
9907616
9907616
9907624
9907640
9907628
9907624
9907624
9907616
9907612
9907624
9907620
9907652
9907648
9907616
9907612
9907612
9907612
9907620
9907612
9907608
9907620
9907620
9907612
9907616
9907612
9907620
9907612
9907612
9907608
9907608
9907620
9907604
9907612
9907608
9907620
9907624
9907616
9907616
9907608
9907624
9907612
9907604
9907608
9907620
9907608
9907604
9907612
9907608
9907604
9907612
9907608
9907604
9907596
9907608
9907600
9907592
9907604
9907600
9907604
9907596
9907600
9907604
9907608
9907604
9907604
9907600
9907600
9907604
9907592
9907604
9907592
9907592
9907608
9907604
9907604
9907600
9907608
9907596
9907600
9907608
9907600
9907608
9907608
9907608
9907604
9907604
9907608
9907608
9907604
9907600
9907596
9907608
9907604
9907616
9907604
9907608
9907592
9907596
9907596
9907600
9907600
9907608
9907596
9907604
9907604
9907600
9907600
9907584
9907592
9907600
9907592
9907596
9907608
9907608
9907604
9907584
9907576
9907596
9907584
9907596
9907612
9907588
9907600
9907596
9907576
9907588
9907568
9907560
9808512
9610352
9907572
9907568
9907580
9907552
9907576
9907548
9907568
9907580
9907552
9907556
9907572
9907576
9907568
9907544
9907572
9808508
9907572
9907560
9313128
9907560
9907548
9907560
9907552
9907552
9907544
9907544
9907560
9907576
9907552
9907536
9907544
9907548
9907544
9907544
9907568
9907556
9907548
9907532
9907540
9907548
9907544
9907548