24126.166666666668
22839.907894736843
21980.530120481926
23601.623529411765
25858.166666666668
20751.366666666665
27298.930555555555
25201.708860759492
25882.072289156626
22397.03488372093
19561.56818181818
26511.026315789473
23939.876543209877
22877.7816091954
20355.192771084337
26093.1884057971
18493.234567901236
22649.75294117647
26181.55844155844
26477.1125
24474.32051282051
18348.966666666667
22812.32911392405
19586.559523809523
26345.243243243243
23720.848101265823
21380.679012345678
25052.061728395063
23725.25974025974
24264.920454545456
21652.469879518074
22782.926829268294
19499.7875
22890.786666666667
23613.04109589041
16939.58024691358
23171.530120481926
21419.25
20280.904109589042
22085.058139534885
24145.168674698794
24864.70731707317
16746.426829268294
26319.846153846152
23842.766233766233
24622.60714285714
25129.025974025975
25651.28
21945.666666666668
22651.4
24705.24358974359
23550.190476190477
23171.433734939757
16914.5625
23858.369863013697
21201.170454545456
18394.231707317074
23856.284090909092
24271.85185185185
19050.213333333333
26162.506172839505
14906.052631578947
22052.4
26629.763157894737
20871.309523809523
17100.204819277107
20400.2875
15181.058139534884
22367.526315789473
18595.772151898735
21591.602564102563
24516.011904761905
22090.432432432433
19986.805194805194
21465.48780487805
20921.25974025974
23172.698795180724
20354.433734939757
22124.105882352942
25920.657894736843
21915.988636363636
19280.569620253165
19387.716049382718
20485.636363636364
15927.2
21906.341463414636
18192.738095238095
23109.80487804878
20700.329268292684
24858.607594936708
20809.439024390245
23605.01204819277
20655.035714285714
22238.759493670885
20275.909090909092
22466.810126582277
26394.473684210527
18613.51219512195
21189.7
21220.5421686747
21459.3488372093
25086.756097560974
21224.931034482757
23718.716049382718
25557.530120481926
24064.177215189873
25563.28947368421
23123.583333333332
23027.616279069767
24981.38823529412
15450.823529411764
19929.951219512193
17703.75
19375.409638554218
20947.657894736843
26367.146666666667
22332.34117647059
23389.4578313253
18261.3125
24001.0875
22281.24358974359
23660.365853658535
19821.182926829268
21354.93023255814
20591.073170731706
19694.059523809523
20162.53086419753
24507.426966292136
24291.632911392404
20162.516853932586
17825.43181818182
18345.370786516854
22402.39534883721
17204.602564102563
20875.683544303796
20451.233766233767
24868.29268292683
21224.55172413793
20621.093023255813
19694.321428571428
23657.178571428572
19167.71794871795
22956.168674698794
20480.951219512193
20983.678571428572
24649.0
23660.524390243903
24214.02666666667
23396.7816091954
23274.617283950618
21976.518072289156
22125.305882352943
19829.876543209877
18309.376470588235
12529.2625
18422.04651162791
23883.768292682926
20767.214285714286
22755.035294117646
17251.211764705884
19491.926829268294
24408.77380952381
19503.8
23004.09756097561
18940.271604938273
17485.29069767442
20516.89534883721
23898.4358974359
25627.884615384617
20940.604938271605
20334.821428571428
19760.08988764045
17829.975308641977
18947.035714285714
18129.03846153846
20074.5
19716.296296296296
21846.735632183907
19820.59756097561
15210.853333333333
20995.19318181818
22923.04651162791
23496.283950617282
23279.566265060243
20088.166666666668
20138.578313253012
20617.195652173912
24942.617283950618
23037.79746835443
22578.202702702703
16406.55294117647
22125.731707317074
24607.987654320987
20452.722222222223
24883.028169014084
26380.614285714284
24181.511627906977
24500.026315789473
20679.5421686747
18038.775
21772.220930232557
20700.048780487807
21220.048192771083
22090.376623376622
21945.45238095238
20272.0987654321
21154.25974025974
21146.03488372093
18598.632911392404
20724.45348837209
19475.576470588236
22967.95294117647
24014.28205128205
22550.277777777777
14767.452380952382
21796.365853658535
17812.310344827587
18841.45882352941
24148.036144578313
21862.625
19890.20930232558
23712.963855421687
22354.333333333332
18707.82051282051
23386.09638554217
17357.329411764706
22206.883116883117
19383.296296296296
24494.63953488372
25128.077922077922
19996.31395348837
18547.76404494382
20534.49411764706
18940.0875
18945.54651162791
19718.74074074074
21668.674418604653
21469.60975609756
19051.931034482757
21098.363636363636
19558.932584269663
20470.101123595505
17186.951219512193
17749.68674698795
22440.948051948053
19345.804347826088
25128.16883116883
16452.48888888889
18434.126436781607
16016.546511627907
17232.34831460674
14143.693181818182
20535.879120879123
21170.729411764707
22538.925
22976.371794871793
19154.402298850575
21225.103448275862
24862.92405063291
17538.481927710844
18737.18604651163
22373.54761904762
16383.208791208792
16282.736263736264
21111.024096385543
24490.79069767442
20111.741176470587
17417.454545454544
22566.90243902439
23496.88888888889
20752.055555555555
23182.576470588236
21242.75641025641
23230.059523809523
18419.941176470587
24098.719512195123
18953.05681818182
22860.47435897436
20235.63157894737
24226.3125
26766.48051948052
22265.928571428572
18618.373493975905
21913.376470588235
20772.011235955055
20851.933333333334
24040.86746987952
23336.583333333332
21477.191011235955
19588.333333333332
23657.279069767443
15651.231707317073
23932.66265060241
20653.633333333335
23497.716049382718
21773.093023255813
21462.46511627907
20301.916666666668
18341.887640449437
12742.034482758621
19051.4125
18648.045454545456
19658.76404494382
20121.77380952381
21456.81111111111
20643.317647058822
17456.620253164558
18345.449438202246
25291.733333333334
24514.119047619046
21979.24096385542
16659.6582278481
22020.524390243903
21702.4
16802.795454545456
21637.0875
15287.39534883721
15742.172413793103
19601.329268292684
15919.808988764045
21593.235294117647
23328.35
20086.908045977012
21276.858823529412
16049.111111111111
21730.178571428572
24149.5421686747
20875.678571428572
18028.784090909092
21041.523255813954
20787.048192771083
18639.931034482757
19592.710843373494
21051.944444444445
23440.7375
21899.949367088608
21785.303797468354
18526.44705882353
22718.703703703704
18638.459770114943
18638.931034482757
19794.682352941178
18077.86746987952
16884.9156626506
18454.11111111111
23657.1511627907
19982.793103448275
19413.88
16118.684782608696
23777.1875
14973.651162790698
19358.20224719101
21329.710843373494
25664.963855421687
18708.846153846152
18313.517647058823
17272.956043956045
20933.31868131868
20941.79012345679
19519.272727272728
21098.386363636364
18323.174418604653
21846.3908045977
18639.3908045977
23449.36046511628
13813.405063291139
21912.141176470588
19486.349397590362
20412.720930232557
23500.34117647059
23320.73076923077
20659.404761904763
17387.51851851852
21162.876543209877
17497.58024691358
18509.22891566265
18385.432098765432
14706.931034482759
18434.25287356322
17659.10714285714
20134.204819277107
18078.67469879518
16153.211111111112
18855.744444444445
23339.535714285714
20770.606741573032
24925.472222222223
26422.397590361445
20741.825
16832.04938271605
16633.09677419355
18954.67032967033
20805.896103896102
19535.021505376346
20253.222222222223
21107.880434782608
20468.8202247191
16555.422222222223
21052.604938271605
22258.333333333332
23441.317073170732
20030.204819277107
14772.890243902439
14756.65909090909
22091.180722891568
22308.481927710844
17172.023255813954
15781.238636363636
20752.044444444444
19053.855555555554
22378.456521739132
21163.666666666668
15986.227272727272
15883.931818181818
11054.122222222222
17669.397435897437
18841.15294117647
20536.428571428572
17253.244444444445
19675.22988505747
15533.195652173914
18329.459770114943
23113.536585365855
17707.505747126437
20699.19512195122
16646.60465116279
21682.460674157304
14650.8
17417.784090909092
18841.95294117647
17213.215909090908
15377.602150537634
20018.059523809523
13482.880952380952
18064.98901098901
19889.96511627907
16777.4578313253
21017.97701149425
20587.420454545456
18154.175
21666.39534883721
19052.714285714286
19576.837209302324
21872.13253012048
17061.60465116279
20570.70786516854
16589.5
23447.488095238095
17965.395604395606
16089.231707317073
14652.422222222222
19759.14606741573
14222.863157894737
21087.119047619046
23715.68674698795
20277.395061728395
19053.277777777777
20267.191011235955
15741.770114942528
19805.864583333332
19964.752808988764
19668.204545454544
18353.766666666666
18547.05617977528
23003.743902439026
16090.516483516483
16089.858823529412
20871.74157303371
18053.283950617282
15853.7
25373.119047619046
14041.46590909091
14700.064516129032
19364.25287356322
21304.80681818182
23134.732558139534
13657.188235294117
20054.01111111111
18362.978021978022
15096.329670329671
17084.51724137931
20369.426966292136
14453.738636363636
19682.29069767442
20165.20224719101
17359.694117647057
21246.102564102563
12078.67415730337
22258.080459770114
14277.79012345679
18330.310344827587
18423.325581395347
16439.43023255814
20915.83908045977
17692.63953488372
15818.314606741573
14934.795180722891
18379.625
18217.29069767442
15884.306818181818
20710.344827586207
20955.255555555555
20937.558139534885
17041.023529411767
19792.211764705884
16930.483146067414
18235.727272727272
23289.09411764706
18948.058139534885
16232.132530120482
19552.355555555554
17814.4125
16626.08988764045
16262.87356321839
17588.74418604651
19454.426966292136
13893.585365853658
16776.7816091954
14064.130434782608
17390.695652173912
20395.77011494253
14708.333333333334
15109.977528089888
15918.898876404495
18395.20731707317
19983.735632183907
16365.805194805194
19155.29213483146
13593.595505617977
19458.044943820223
16884.67469879518
15949.095238095239
16778.459770114943
18670.691489361703
15883.511363636364
17538.61797752809
17233.449438202246
18643.06818181818
21066.058823529413
20917.146341463416
15577.954545454546
14351.03409090909
12752.755555555555
18943.719512195123
14192.551724137931
14079.117647058823
13753.31111111111
19054.42528735632
13215.27659574468
17255.788235294116
22235.878048780487
15575.0
18012.284210526315
19719.555555555555
16854.433333333334
13478.141304347826
20252.3
16828.774193548386
15615.808988764045
18946.732558139534
16361.528735632184
16117.494382022473
17721.670454545456
21846.55172413793
17416.238636363636
17655.6
16376.02380952381
15792.175824175823
13897.109756097561
16939.788235294116
17635.921348314605
15654.644444444444
18736.678571428572
15957.644444444444
15592.725274725275
17755.666666666668
15668.152941176471
14295.735632183909
14394.29411764706
21830.654320987655
18433.83908045977
17636.842696629214
20589.560975609755
12354.888888888889
19054.266666666666
19461.337078651686
21254.87777777778
17110.636363636364
16495.852272727272
9653.022471910112
12677.164556962025
15985.943181818182
14554.4
11494.287234042553
18313.482352941177
19054.91011235955
15215.353658536585
22304.98795180723
19668.159090909092
13986.344827586207
18208.823529411766
16422.96629213483
18261.747252747253
15574.875
16500.613636363636
18061.252747252747
16959.25581395349
18412.45238095238
17851.68888888889
13405.127659574468
20246.90361445783
15919.483146067416
13630.590361445784
20877.011904761905
16499.136363636364
16120.977528089888
17684.380434782608
16128.132530120482
19260.632183908045
15165.636363636364
13368.842105263158
17153.1
16053.925925925925
20232.071428571428
15534.358695652174
16804.20238095238
15476.772727272728
17152.28888888889
22986.011494252874
16088.274725274725
19155.149425287356
15280.924731182795
14119.569892473119
16222.730337078652
17076.548780487807
13614.978021978022
14602.344086021505
16441.60465116279
16695.011904761905
18503.0
16158.083333333334
18208.49411764706
16121.112359550561
16568.77659574468
14191.091954022988
16124.197674418605
19273.289156626506
17637.20224719101
17001.391304347828
16248.268817204302
15493.912087912087
13614.494505494506
16953.38888888889
18855.344444444443
19265.18604651163
15985.59090909091
16362.896551724138
19764.539325842696
19261.56818181818
16126.67441860465
12225.28735632184
19881.896551724138
16406.223529411764
13869.341176470589
15598.697674418605
13291.202247191011
20042.43956043956
19355.887640449437
17539.52808988764
19259.397727272728
9955.71590909091
13160.275862068966
18662.652173913044
14075.41489361702
14962.90909090909
13985.172413793103
17233.559523809523
16603.543478260868
15077.546511627907
13290.23595505618
12946.952380952382
10872.386363636364
16323.898876404495
20017.404761904763
15331.241379310344
18324.29069767442
16830.752808988764
16367.103448275862
12184.387096774193
16779.183908045976
16410.576470588236
20012.68085106383
19557.56179775281
13022.72340425532
19441.709677419356
15296.186813186812
21141.926829268294
19754.62222222222
13089.530120481928
15960.802083333334
18163.285714285714
15860.021505376344
12538.413793103447
18122.25287356322
7256.5888888888885
16116.98947368421
15815.876404494382
19053.155555555557
14011.736263736264
20368.404494382023
12697.641304347826
13556.333333333334
15655.466666666667
11507.548387096775
15630.184782608696
13714.1875
15511.81914893617
10778.413793103447
13121.637362637362
16246.677419354839
22217.01098901099
14201.123595505618
10638.52688172043
14242.197674418605
17696.476744186046
17215.752688172044
14402.573033707866
11990.139784946237
17623.68181818182
15753.533333333333
9303.3125
17781.260869565216
13057.022222222222
16022.442105263159
13716.681318681318
10339.042105263157
16611.804347826088
14655.54347826087
17913.528735632182
13256.822222222223
18118.80459770115
18349.055555555555
16189.406593406593
16393.05681818182
13441.956989247312
18953.449438202246
18348.067415730337
14455.577777777778
17557.022222222222
16551.98888888889
21922.076923076922
17990.709677419356
17602.47311827957
12304.989130434782
11312.086021505376
15414.478723404256
16156.522222222222
19151.157894736843
14605.47191011236
21331.24175824176
17754.022222222222
11685.425531914894
17236.26966292135
11991.838709677419
14605.76404494382
19864.8202247191
15681.431818181818
18659.252747252747
16525.247191011236
10823.22340425532
14000.393258426966
16375.57142857143
19370.24705882353
13021.516483516483
12357.955555555556
21184.94623655914
15576.977272727272
19261.931034482757
15018.770114942528
13221.824175824177
23393.35632183908
13775.315217391304
17750.755555555555
14756.68888888889
16880.725274725275
17952.866666666665
15497.883720930233
20131.260869565216
14259.755555555555
10254.483516483517
15137.152941176471
13657.466666666667
14012.175824175823
13856.927835051547
10058.364705882354
12480.52808988764
13856.655555555555
17635.273684210526
12959.731182795698
12280.033707865168
16401.968421052632
19158.071428571428
16213.884210526316
15944.857142857143
15887.362637362638
13324.738636363636
11411.913978494624
16248.451612903225
21913.188235294117
16729.29213483146
14067.902173913044
16444.548387096773
12042.837209302326
19154.285714285714
14206.032967032967
17986.345238095237
17065.74418604651
17232.157303370786
17985.54761904762
20098.56976744186
15166.943181818182
16556.566666666666
21753.844444444443
10158.611111111111
15215.404494382023
18280.709677419356
13886.031914893618
15633.228260869566
16727.988764044945
17987.83870967742
14854.833333333334
18344.76404494382
13180.526315789473
10253.815217391304
11797.709677419354
14861.806818181818
9478.872340425532
10257.417582417582
12502.83695652174
11955.455555555556
18951.75581395349
12206.010869565218
17812.031914893618
13226.056818181818
13054.139784946237
16538.462365591397
17095.619565217392
19632.924731182797
12545.393617021276
15551.144444444444
12574.322580645161
12893.41304347826
12819.681818181818
17509.182795698925
13956.944444444445
19345.739130434784
18666.43010752688
17617.91489361702
15197.0
17807.68085106383
15321.308510638299
19446.75
14306.912087912087
17389.298969072166
16997.717391304348
13980.45744680851
13925.744186046511
17433.887640449437
7462.103092783505
11796.537634408602
15215.685393258427
13796.269662921348
13312.349397590362
18653.011235955055
14261.989130434782
13269.908163265307
13254.788888888888
13492.561797752809
16150.698924731183
19255.164835164836
16956.01111111111
19907.22105263158
14658.204545454546
17964.274725274725
11411.763440860215
20673.25842696629
18430.241379310344
14556.068181818182
13156.555555555555
20125.97619047619
12329.714285714286
15990.18085106383
12023.322916666666
17617.17021276596
9864.173913043478
11297.149425287356
15887.931818181818
6924.902173913043
15856.855555555556
17507.129032258064
16903.945652173912
15519.078651685393
13908.87912087912
12493.510416666666
16282.604395604396
15956.075268817205
13757.18888888889
16216.608695652174
8955.922222222222
12832.829787234043
12617.768421052631
16342.709677419354
19746.593406593405
13845.863157894737
16153.344086021505
15568.827956989247
13788.510638297872
16338.572916666666
12514.34090909091
8574.439560439561
14361.25
11167.278350515464
16803.895833333332
19864.876404494382
14307.373626373626
9751.68888888889
14230.680412371134
18449.280898876405
12396.880434782608
8671.967032967033
19349.78494623656
14297.379310344828
11571.38202247191
13384.065217391304
12128.626373626374
17430.393617021276
11777.617021276596
15377.150537634408
19725.63829787234
13442.31182795699
15438.978260869566
14660.616279069767
17638.932584269663
21228.13186813187
13148.258064516129
13432.354166666666
12164.765957446809
18844.788235294116
14951.922222222222
12043.947368421053
14657.227272727272
13330.147727272728
14847.032608695652
14752.955555555556
9685.39175257732
15827.978260869566
13923.41935483871
14844.445652173914
12308.054347826086
13795.101123595505
11655.322222222223
11894.333333333334
13334.614583333334
16979.582417582416
14555.455555555556
19150.677083333332
16858.96511627907
15255.533333333333
16025.195652173914
11327.054347826086
12489.28125
10346.516129032258
19156.842696629214
11818.58695652174
14050.888888888889
16957.37777777778
10054.568421052632
14560.15625
15103.292134831461
14139.474226804125
15957.68817204301
12183.79569892473
17490.456521739132
11099.22105263158
16023.08695652174
13450.80612244898
11929.626373626374
15213.651685393259
16927.11827956989
12818.170454545454
16958.266666666666
20736.384615384617
9868.489583333334
8011.625
12862.322580645161
15213.966292134832
15640.850574712644
7831.81443298969
12283.955056179775
12959.333333333334
13830.827956989247
16055.944444444445
14907.348314606741
15991.159574468085
15183.548387096775
14360.717391304348
15456.266666666666
16567.13829787234
11975.269662921348
9382.840425531915
9870.625
18248.224719101123
9284.935483870968
7182.595744680851
16905.304347826088
12492.895833333334
6555.452631578947
19632.752688172044
17391.184782608696
10938.684782608696
11109.478723404256
10057.876288659794
18864.957446808512
15755.022222222222
18303.760416666668
12824.802197802197
19543.108695652172
14465.132653061224
13316.648351648351
11508.344086021505
17726.488636363636
11016.595744680852
10853.444444444445
11426.760869565218
14346.96590909091
11604.225806451614
10944.978021978022
8605.118279569893
14956.233333333334
16282.22340425532
17102.0206185567
15474.290322580646
11425.83695652174
11854.484210526316
11033.260869565218
18662.695652173912
13183.810526315789
14505.648351648351
12556.488888888889
8238.627659574468
14842.393617021276
18953.102272727272
9159.677777777777
14413.397849462366
7810.163043478261
12992.82105263158
13215.393617021276
14310.835164835165
13969.16304347826
11026.053763440861
13458.566666666668
17212.483870967742
12616.063157894738
12424.2
10152.0
18870.104166666668
16531.47191011236
13849.094736842106
12640.127659574468
16084.494505494506
11897.90909090909
11023.52688172043
17401.663265306124
17293.445652173912
11078.352272727272
18846.454545454544
9090.279569892473
11763.621052631579
15398.406593406593
12596.282608695652
13147.225806451614
13677.59793814433
15862.279569892473
14077.106382978724
14504.881720430107
13155.788888888888
13749.631578947368
11021.10752688172
9954.988764044943
10563.47191011236
12494.354166666666
16084.701030927836
14550.979166666666
7902.347826086957
16580.373626373625
10059.5
9958.417582417582
10931.537634408602
10893.783505154639
7554.711340206186
11228.065217391304
12308.45652173913
13143.353535353535
16182.202127659575
12302.75
10936.08695652174
10847.824175824177
8756.845360824742
13997.730337078652
15954.0
8944.41237113402
11679.212765957447
13953.680412371134
11983.581632653062
6621.927835051546
11048.197802197803
16811.67391304348
12160.659574468085
11344.89010989011
7911.488636363636
14601.797752808989
9684.459183673469
10526.894736842105
10728.202127659575
17233.516853932586
10731.032258064517
11778.808510638299
14454.855555555556
11519.228260869566
9566.565217391304
15040.326086956522
12961.21505376344
14354.204545454546
10344.774193548386
13675.298969072164
10711.947916666666
14991.31182795699
13685.765957446809
13499.563829787234
10671.261363636364
7524.104166666667
11496.936170212766
10155.043956043955
15100.857142857143
13489.639175257733
14651.872340425532
15754.755555555555
11024.52688172043
12569.397849462366
9227.336734693878
10833.849462365592
11343.275510204081
9562.641304347826
6533.927835051546
10337.5
13768.097826086956
10935.79347826087
13527.072916666666
8577.747252747253
16466.5
12006.41237113402
11057.133333333333
10058.263157894737
14068.728260869566
11877.872340425532
17095.315217391304
13737.483870967742
15712.61855670103
15096.175824175823
15340.824742268042
14453.989361702128
10649.802197802197
8714.531914893618
8199.619565217392
8560.0625
8649.833333333334
16536.225806451614
11100.578947368422
10820.5
15280.387096774193
14555.880434782608
10249.591397849463
11640.483516483517
12021.34375
16955.31111111111
8180.604166666667
10520.092783505155
9588.125
15125.691489361701
14647.925531914894
16493.957894736843
8798.333333333334
19054.303370786518
12190.150537634408
13993.0
10435.189473684211
8416.387096774193
14554.729166666666
7951.063829787234
12330.652631578947
10626.255319148937
11014.478723404256
11551.458333333334
12375.032258064517
8573.142857142857
12796.423913043478
10429.71875
13246.010416666666
10061.79381443299
9867.851063829787
12925.164835164835
13180.463157894737
7972.494736842105
12086.741935483871
12600.358695652174
11648.979166666666
10337.104166666666
12723.395604395604
9582.515789473684
11839.427083333334
11937.758241758242
9597.683673469388
12188.917525773197
11508.720430107527
16400.084210526315
11877.308510638299
13712.40625
10638.946236559139
10150.117021276596
11513.623655913978
12098.505154639175
14219.537634408602
8572.422680412372
10156.04255319149
9510.191919191919
8406.42857142857
10992.4375
7597.073684210526
13278.608695652174
9681.708333333334
12002.917525773197
6032.659574468085
9299.115789473684
7972.894736842105
11037.739130434782
10965.76404494382
9957.021505376344
11982.285714285714
13408.063829787234
10343.757894736842
12993.294736842105
10154.560439560439
9215.052083333334
3845.855670103093
9857.20652173913
9491.042105263157
8147.747474747474
10341.621052631579
9193.297872340425
8995.301075268817
15177.43023255814
10443.387096774193
12109.945652173914
14413.136842105263
8999.872340425532
13048.0
10907.231578947369
13651.831578947369
9690.929292929293
13027.127659574468
7734.01030927835
10987.604166666666
10043.545454545454
11460.052083333334
11009.5
13404.08510638298
4434.25
9769.726315789474
13939.410526315789
14136.546391752578
11118.297619047618
10442.397849462366
12304.270833333334
9664.569892473119
8390.358695652174
9783.285714285714
13370.77894736842
14361.446808510638
9961.774193548386
14003.65934065934
13080.943820224718
12643.212765957447
7875.768421052631
9863.430107526881
19764.112359550563
9263.89010989011
11521.978260869566
9777.340206185567
11576.347368421053
15783.747474747475
13218.106382978724
10621.354166666666
11079.319587628866
6082.5368421052635
13312.648936170213
11857.855555555556
10731.90322580645
9762.95744680851
10240.556701030928
7243.71875
8279.6875
11730.144329896908
12378.432989690722
12187.09677419355
10055.936170212766
5082.329787234043
9779.907216494845
10153.717391304348
10245.666666666666
17186.264367816093
9966.60824742268
11075.738636363636
8000.020833333333
13654.073684210527
11465.875
13186.418604651162
11099.17894736842
15569.234693877552
11115.31914893617
11728.680412371134
8686.695652173914
13117.030927835052
9197.563829787234
10061.505154639175
9566.45054945055
11461.28125
10156.548387096775
16335.208333333334
7568.81914893617
7341.614583333333
12101.690721649484
15345.938144329897
9293.936170212766
11632.37113402062
13022.072164948453
8610.057471264368
8239.72340425532
7124.936842105263
7340.989583333333
8853.37113402062
11809.728260869566
8921.484210526316
13617.125
11184.510416666666
11111.617021276596
7903.21875
11435.989795918367
7332.572916666667
9496.677083333334
8542.568421052632
11558.78125
11762.736842105263
9960.520833333334
6386.530612244898
6669.655913978495
9600.333333333334
11559.645833333334
7366.0
11677.337078651686
9196.61052631579
8464.6875
9785.42857142857
6230.18085106383
9072.472527472528
7609.673913043478
12234.417582417582
10625.61052631579
6347.154639175258
4929.82
11897.086021505376
10334.336734693878
9585.263157894737
9029.28125
8038.448979591837
14055.808080808081
8370.458333333334
13429.71875
8353.77894736842
11527.051020408164
10250.436170212766
13809.868131868132
11661.484210526316
7780.315789473684
8631.884210526316
9691.530612244898
11527.91304347826
11208.446808510638
10911.115789473684
9691.438775510203
8771.591836734693
10897.134020618556
3968.21875
5833.9795918367345
9301.831578947369
8481.721649484536
8931.802083333334
11081.463917525773
11252.714285714286
9682.65625
10347.695652173914
7835.226804123711
10057.4375
7187.765957446809
8184.364583333333
8448.347368421053
7495.505263157895
9602.131313131313
10058.6
10152.31914893617
11337.744897959185
8370.25
7322.467391304348
8090.729166666667
7501.621052631579
10894.711340206186
12446.265957446809
9325.520408163266
4825.959183673469
10619.773195876289
6478.94623655914
6536.567010309278
12352.775510204081
9574.924731182795
11148.252525252525
8259.526315789473
9861.648936170213
3839.9574468085107
8776.30612244898
10988.865979381444
9092.591397849463
6753.540816326531
9393.652631578947
9307.71875
8111.690721649485
8108.886597938144
5050.783505154639
8341.112359550561
8018.082474226804
10440.442105263159
8967.717171717171
8169.6
13150.270833333334
6670.645161290323
8840.1875
8958.091836734693
9317.494845360825
8043.946808510638
8139.23595505618
10338.134020618556
9047.214285714286
12135.648351648351
10634.655913978495
8785.242424242424
6873.947916666667
8626.806818181818
10853.328358208955
7854.602040816327
6164.948453608247
8621.968085106382
10446.387096774193
7212.428571428572
9235.727272727272
8373.739583333334
7092.072164948454
8837.177083333334
6780.53125
8935.78125
8772.65306122449
4919.561224489796
4152.958333333333
8981.858695652174
6879.79797979798
7059.052083333333
15015.438775510203
10645.195652173914
7949.183673469388
4063.3958333333335
8773.80612244898
7246.947916666667
9114.326315789474
5988.715789473684
7855.7040816326535
8850.59793814433
6686.427083333333
9503.154639175258
9395.189473684211
8072.0842105263155
8924.084210526316
5744.65306122449
11755.77894736842
11342.42857142857
5513.041237113402
4410.776595744681
5142.432989690722
9788.0
12235.873684210526
6062.292929292929
5926.632653061224
9052.551020408164
11915.309278350516
8019.958762886598
6030.40625
7806.93
10817.042105263157
8423.222222222223
10055.90625
10715.53125
4879.010101010101
7027.242105263158
7763.989795918367
7125.7052631578945
7594.557894736842
7738.886597938144
8878.131313131313
3525.642105263158
7897.239583333333
10512.030303030304
10432.242105263158
9201.842105263158
8512.575757575758
4249.052083333333
11689.959595959595
4563.042105263158
5936.4375
8956.520408163266
6660.510204081633
10344.484210526316
9008.765957446809
6010.67
6663.448979591837
8018.484536082474
8389.19587628866
5883.329896907217
6693.262626262626
4189.945652173913
7697.0
10995.125
8033.918367346939
2697.5555555555557
6419.737373737374
7059.322916666667
6873.3125
7787.32967032967
8314.663265306122
5057.848484848485
8465.802083333334
9028.166666666666
5091.833333333333
7061.34375
13475.43
11557.40625
11769.97
6273.0
6121.041666666667
7577.061224489796
11706.316326530612
6095.46
8497.418367346938
8773.15306122449
7058.46875
6403.458333333333
8148.989898989899
6698.515151515152
7736.567010309278
6164.350515463918
8018.360824742268
7267.75
5238.288659793814
4870.04347826087
7370.19587628866
12561.773195876289
8959.102040816326
7114.357142857143
9770.98947368421
8953.938775510203
9767.757894736842
5787.434343434344
11228.41304347826
4805.614583333333
6590.354166666667
6872.364583333333
11246.0
5515.659793814433
9237.121212121212
8495.224489795919
4714.8125
10143.757575757576
13245.520833333334
5877.565656565656
7719.82
5555.59375
10890.01030927835
9565.483870967742
6906.49
8912.265957446809
6742.305263157895
8346.33
4877.060606060606
15403.28125
3881.3030303030305
7059.229166666667
9595.424242424242
8794.64
6808.650602409639
5694.757575757576
5375.397959183673
7237.272727272727
9110.231578947369
4212.23
7485.8877551020405
12747.80412371134
5174.04255319149
10135.515151515152
6784.69696969697
10330.98969072165
4841.14
5022.741935483871
7254.722222222223
12141.656565656565
8559.46875
9680.98969072165
6825.282608695652
12455.876288659794
13111.711340206186
7407.421052631579
6774.541666666667
7602.828282828283
5561.163265306122
10338.287234042553
2715.316326530612
8870.119047619048
5469.357142857143
6057.747474747474
4063.7023809523807
7491.454545454545
5609.268041237114
4902.885416666667
5231.886597938144
12221.781609195403
8371.447916666666
5996.462365591397
6424.383838383838
4555.408163265306
9853.46511627907
7981.494505494506
9326.479591836734
6216.135416666667
7551.379746835443
3402.86
3829.5
7283.9876543209875
6172.193181818182
9933.746835443038
7385.518518518518
11714.065217391304
7342.430232558139
10152.535714285714
7693.434343434344
8308.103896103896
3909.4050632911394
4061.3838383838383
6062.0
6899.978021978022
6120.604166666667
6690.060606060606
6372.61
6808.425531914893
10961.363636363636
6220.54255319149
6628.494845360825
5472.551020408163
5383.82
7590.484210526316
3866.548387096774
5909.219780219781
5503.584415584415
4024.964705882353
4680.515463917526
6643.08
11333.775510204081
14497.22077922078
11782.596153846154
8969.16
6729.246913580247
8760.975903614459
5700.20618556701
3649.898305084746
11348.157142857142
7185.041666666667
8576.37113402062
11411.68817204301
10609.681818181818
18211.383720930233
6254.388888888889
13641.469879518072
4606.95744680851
4922.821428571428
7950.071428571428
8795.410256410256
4613.169014084507
9182.161290322581
11943.366197183099
8378.152542372882
4412.54255319149
6835.836956521739
3735.901098901099
7775.111111111111
7847.936170212766
3715.315789473684
4580.898550724638
14980.426666666666
4814.0
4744.261363636364
5562.089743589743
3764.125
4840.795454545455
4807.541666666667
4425.969696969697
3528.3263157894735
6874.815384615385
4824.011627906977
7149.717171717171
5746.2959183673465
5562.093023255814
5973.164948453608
3583.36
4784.770114942528
6060.493827160494
3727.2098765432097
8213.972602739726
4807.269662921349
5181.457627118644
1896.851851851852
15288.121621621622
2622.326530612245
6931.724489795918
5954.978260869565
6082.792207792208
9862.082474226803
13128.7
1891.2037037037037
13824.811594202898
6618.118421052632
2492.340909090909
4867.371134020618
5517.656565656565
8378.414285714285
13362.631578947368
2924.735632183908
4461.7959183673465
7848.046153846154
3338.6161616161617
2467.0416666666665
5563.11
5677.0921052631575
4688.805555555556
5250.686046511628
7650.742268041237
3710.3176470588237
4230.267605633803
5751.978723404255
5749.352112676056
8717.850746268658
3475.1649484536083
3141.107692307692
19230.653846153848
7063.383333333333
6744.578947368421
5550.282051282052
7278.117647058823
3742.7127659574467
3431.1157894736843
5909.186813186813
6286.467741935484
9310.027397260274
3425.959595959596
8296.839285714286
8603.322580645161
2421.7906976744184
2881.964285714286
9631.139534883721
7623.040540540541
10839.177777777777
4930.791666666667
7508.564705882353
2923.919540229885
7269.666666666667
3601.505882352941
19919.174603174604
6187.523255813953
4918.809523809524
3467.813953488372
9076.859375
3468.8571428571427
2609.5151515151515
6979.315068493151
6707.525423728814
3610.0754716981132
4403.628865979382
5017.736263736264
5560.777777777777
7774.963855421687
7813.041666666667
4309.443298969072
6458.2
7399.407407407408
1259.0645161290322
5332.268041237114
3348.8545454545456
5757.144927536232
2629.0434782608695
4512.333333333333
4769.835294117647
5380.744897959184
11992.46590909091
3565.222222222222
7824.011235955056
9397.09756097561
3154.714285714286
5377.864583333333
4372.044117647059
1519.7142857142858
7499.481481481482
4715.790697674419
2762.2297297297296
3171.938775510204
3438.8867924528304
4594.662921348315
8270.23076923077
4180.153846153846
3311.88
8776.67857142857
9694.410256410256
7745.509803921569
4061.3166666666666
9387.411764705883
5764.181818181818
4903.0
4342.583333333333
3880.0361445783133
7704.262295081967
4107.352112676056
2666.3561643835615
2470.626506024096
8230.390625
4301.988372093023
4174.628205128205
2210.7127659574467
4187.75
4157.404040404041
8731.333333333334
3564.1296296296296
3635.1428571428573
1433.5479452054794
5189.361111111111
2365.4329896907216
3045.18
1194.1857142857143
3515.6022727272725
2544.6263736263736
1205.4032258064517
2426.050505050505
2363.6506024096384
4869.807692307692
1063.1666666666667
3730.8395061728397
3355.3818181818183
1158.8645833333333
2545.176470588235
3230.759259259259
2233.44
3175.2551020408164
2073.714285714286
5045.942307692308
4350.253968253968
1407.0632911392406
2841.813953488372
1211.016393442623
3484.3076923076924
4478.32
2249.6813186813188
2189.2386363636365
3033.546875
1555.6363636363637
2786.821917808219
4894.934426229508
1248.8979591836735
3274.9824561403507
2280.6770833333335
2302.4597701149423
1681.7413793103449
1269.5795454545455
1064.1846153846154
3031.375
1425.92
3269.714285714286
3198.041237113402
1536.017543859649
1066.5714285714287
3487.846153846154
2419.8494623655915
3180.470588235294
3773.246575342466
1238.36
2167.9795918367345
5123.196078431372
5154.127272727273
2258.710843373494
2541.597014925373
1552.5454545454545
2399.810810810811
5165.982456140351
1063.1764705882354
1172.5764705882352
1418.1960784313726
4304.22
1187.109589041096
1065.9795918367347
2523.054054054054
1411.0
1058.9591836734694
1169.0344827586207
2654.1323529411766
1262.5274725274726
2365.0666666666666
1162.776595744681
2063.777777777778
4702.135135135135
2269.231707317073
3097.7903225806454
1238.4615384615386
2350.87012987013
5308.928571428572
1194.3142857142857
1065.8
2604.9736842105262
5419.268817204301
2253.3626373626375
1256.1052631578948
2612.546875
2075.4285714285716
3179.5098039215686
1395.2962962962963
1062.142857142857
1063.91
1066.4125
1064.764705882353
4970.603773584906
1155.2551020408164
1065.3010752688172
3404.52
1062.6170212765958
2581.2676056338028
1170.3855421686746
2893.185185185185
2232.23
2053.04
2362.4698795180725
2363.289156626506
1066.1805555555557
1063.9450549450548
3288.370786516854
1154.93
1161.3829787234042
1239.0392156862745
2368.2105263157896
2234.01
1162.7446808510638
1063.7926829268292
2204.2528735632186
1062.9591836734694
2053.23
1064.0444444444445
1063.85
1064.0645161290322
1065.7222222222222
1066.61
1061.485294117647
2232.99
1061.6184210526317
1061.0645161290322
1208.873015873016
1064.4
1064.3658536585365
1062.92
1062.6344086021506
3038.28
1058.9166666666667
1064.953488372093
1062.9024390243903
1061.671052631579
1062.7058823529412
1065.7121212121212
1063.9347826086957
1060.4285714285713
1064.89010989011
1065.904761904762
1065.677966101695
1064.8064516129032
1064.6
1062.6923076923076
1065.3456790123457
1063.92
1064.9130434782608
1064.268817204301
1060.9333333333334
1062.25
1058.872340425532
1058.9591836734694
1061.7323943661972
1063.6373626373627
1062.1954022988505
1062.8426966292134
1061.359375
1059.4615384615386
1065.0941176470587
1065.0588235294117
1066.17
1062.6153846153845
1062.35
1058.9166666666667
1064.3157894736842
1062.0
1060.6666666666667
1065.0
1062.3684210526317
1064.661971830986
1064.225806451613
1064.98
1061.2025316455697
1063.4
2274.846153846154
3129.94
1064.3253012048192
1061.5373134328358
1058.872340425532
1058.872340425532
1061.9787234042553
1063.4285714285713
1062.4285714285713
1062.8823529411766
1063.9166666666667
1064.84
1063.3614457831325
1064.13
1063.16
1062.1489361702127
1064.2272727272727
1064.6
1064.22
1065.7472527472528
1065.734693877551
1065.394366197183
1066.872340425532
1066.375
1064.5384615384614
1062.9746835443038
1061.8823529411766
1063.5168539325844
1063.3720930232557
1063.279569892473
1066.7777777777778
1064.96
1065.11
1062.92
3013.65
1064.36
1063.84
1539.5531914893618
1064.887323943662
1065.3030303030303
1066.8260869565217
1061.463768115942
1062.7916666666667
1061.3174603174602
8006.318181818182
3344.521126760563
1064.2
1064.3411764705882
1197.530303030303
1512.92
1061.4242424242425
1063.72
1063.2173913043478
1063.0
1063.6122448979593
3043.5454545454545
1066.8260869565217
3127.88
1064.9565217391305
1063.979797979798
1062.3918918918919
1066.0967741935483
1063.1739130434783
1062.4285714285713
1063.9130434782608
1066.3333333333333
1066.3548387096773
1063.53
2300.7011494252874
1603.79
1066.872340425532
1063.52
1064.61
1064.02
1062.9591836734694
1063.88
1063.989898989899
1064.83
1063.0
1063.0240963855422
1063.76
1064.6129032258063
1065.4040404040404
1066.66
1066.9615384615386
1066.3125
1066.872340425532
1062.72
1063.13
1061.378787878788
1063.24
1063.64
1062.247191011236
1062.6315789473683
1062.1830985915492
1158.6041666666667
1753.6923076923076
1063.7659574468084
1063.5333333333333
1066.7777777777778
1063.16
1064.8
1066.872340425532
1063.8510638297873
1062.1084337349398
1062.421052631579
3396.96
1063.28
1062.873417721519
1066.872340425532
1063.25
1066.7777777777778
1063.639175257732
1065.7586206896551
1063.97
1060.8095238095239
1063.0
1063.7659574468084
1061.7536231884058
1066.7272727272727
1066.7777777777778
1062.3061224489795
1063.2
1063.56
1062.287356321839
1063.4367816091954
1066.27
1066.7777777777778
1062.84
2588.72
1063.2
1064.5949367088608
1066.7272727272727
1063.6
1061.3
1457.1176470588234
7950.860465116279
2791.89156626506
1066.7777777777778
1066.9166666666667
1063.2117647058824
1064.13
1062.8
1061.5238095238096
1062.4383561643835
1062.4545454545455
1061.7191011235955
1062.142857142857
1062.96
1063.5567010309278
1061.8470588235293
1061.989247311828
1063.5979381443299
1061.820512820513
1061.8
1061.909090909091
1063.0
1063.3829787234042
1063.8510638297873
1061.7391304347825
1063.7956989247311
1061.8444444444444
1061.7032967032967
1062.3142857142857
1063.695652173913
1059.5098039215686
1062.142857142857
1061.5116279069769
1062.1685393258426
1062.573033707865
1061.3544303797469
1061.9545454545455
1063.1686746987953
1063.7391304347825
1063.0674157303372
1063.1149425287356
1061.3125
1062.7142857142858
1062.3777777777777
1063.1951219512196
1062.7368421052631
1062.8295454545455
1061.9876543209878
1062.4888888888888
1058.9166666666667
1061.3116883116884
1063.2650602409637
1062.7021276595744
1062.6373626373627
1061.7831325301204
1061.6818181818182
1061.9
1060.9444444444443
1061.6842105263158
1063.0722891566265
1063.4367816091954
1061.4705882352941
1062.037037037037
1059.888888888889
1062.85
1062.0549450549452
1063.561797752809
1063.2921348314608
1059.4615384615386
1062.2820512820513
1061.590909090909
1059.0425531914893
1062.6103896103896
1061.4556962025317
1062.7882352941176
1063.4623655913979
1061.5647058823529
1059.6666666666667
1061.6575342465753
1062.658536585366
1062.0
1063.139534883721
1061.35
1062.6103896103896
1063.6222222222223
1062.471264367816
1062.7261904761904
1061.6363636363637
1061.3855421686746
1061.439024390244
1063.3333333333333
1062.2972972972973
1061.5581395348838
1062.5348837209303
1061.5238095238096
1062.7721518987341
1062.2567567567567
1061.567901234568
1062.9024390243903
1061.5238095238096
1063.1176470588234
1061.5301204819277
1061.4705882352941
1061.439024390244
1062.4794520547946
1063.10989010989
1063.142857142857
1063.2380952380952
1061.16
1062.6
1062.978021978022
1061.439024390244
1061.2631578947369
1062.9024390243903
1062.2530120481927
1060.448275862069
1062.0823529411764
1061.842105263158
1061.641975308642
1061.4761904761904
1062.5466666666666
1062.1084337349398
1060.2413793103449
1060.5820895522388
1063.1860465116279
1062.157894736842
1062.4683544303798
1060.6825396825398
1061.0533333333333
1062.76
1061.2564102564102
1062.388888888889
1062.6162790697674
1058.872340425532
1060.6610169491526
1058.9166666666667
1062.0857142857142
1061.2105263157894
1062.5925925925926
1063.344827586207
1062.7948717948718
1059.14
1061.1081081081081
1060.2131147540983
1062.4594594594594
1061.1066666666666
1061.3544303797469
1060.5254237288136
1061.1833333333334
1061.054054054054
1062.85
1061.2051282051282
1061.8170731707316
1061.4
1060.5862068965516
1062.0121951219512
1061.4761904761904
1061.5
1061.253164556962
1062.6
1062.025641025641
1061.162162162162
1061.4444444444443
1061.7228915662652
1061.2564102564102
1061.2597402597403
1062.3333333333333
1062.1764705882354
1061.4473684210527
1061.253164556962
1060.9402985074628
1062.2987012987012
1061.0
1062.5466666666666
1061.6341463414635
1062.0857142857142
1062.4146341463415
1060.5151515151515
1060.6969696969697
1062.28
1062.0632911392406
1061.2077922077922
1061.2051282051282
1062.2173913043478
1060.6825396825398
1059.8070175438597
1062.7837837837837
1062.3698630136987
1061.0
1061.0
1061.0
1061.054054054054
1059.3076923076924
1059.6909090909091
1059.9285714285713
1060.945205479452
1060.939393939394
1061.1764705882354
1062.0857142857142
1061.0597014925372
1060.768115942029
5023.767441860465
5484.164383561644
1061.474358974359
1060.0344827586207
1058.9166666666667
1060.375
1061.0
1060.1333333333334
1059.0
1058.9591836734694
1059.3529411764705
1058.9166666666667
1059.5185185185185
1061.3125
1060.641791044776
1061.8051948051948
1061.1791044776119
1061.2957746478874
1060.7014925373135
1061.2394366197184
1062.0135135135135
1060.85
1061.7761194029852
1060.8857142857144
1061.0555555555557
1062.0281690140846
1060.3015873015872
1061.6567164179105
1060.3015873015872
1060.2131147540983
1060.2903225806451
1060.1929824561403
1058.872340425532
1060.764705882353
1062.55
1060.2903225806451
1061.8695652173913
1061.054054054054
1061.1904761904761
1062.3552631578948
1061.4714285714285
1059.313725490196
1060.5692307692307
1059.5925925925926
1060.5692307692307
1060.764705882353
1061.7878787878788
1060.9714285714285
1060.8857142857144
1060.3015873015872
1060.887323943662
1059.5714285714287
1059.6181818181817
1061.2739726027398
1061.463768115942
1061.6753246753246
1060.7014925373135
1060.8688524590164
1060.4193548387098
1060.5757575757575
7915.941176470588
1061.1904761904761
1061.3809523809523
1061.1935483870968
1060.344262295082
1061.0666666666666
1061.327868852459
1062.578947368421
1060.7931034482758
1060.983870967742
1060.4193548387098
1060.936507936508
1060.5692307692307
1061.4375
1060.6923076923076
1060.4193548387098
1060.9333333333334
1060.225806451613
1060.9344262295083
1060.27868852459
1061.0655737704917
1061.3225806451612
1060.375
1060.5757575757575
1060.3548387096773
1060.446153846154
1060.446153846154
1060.7058823529412
1060.741935483871
1060.6129032258063
1060.27868852459
1060.375
1060.4920634920634
1061.0645161290322
1060.5254237288136
1061.0645161290322
1061.625
1060.7575757575758
1060.27868852459
1060.8032786885246
1060.375
1061.0
1061.1904761904761
1060.8064516129032
1060.3650793650793
1061.1935483870968
1060.6190476190477
1060.4375
1061.7567567567567
1060.3650793650793
1060.5483870967741
1061.4057971014493
1061.235294117647
1060.641791044776
1061.7567567567567
1061.4520547945206
1060.446153846154
1060.4545454545455
1060.7536231884058
1060.7101449275362
1061.6376811594203
1060.5820895522388
1060.4285714285713
1060.8235294117646
1060.27868852459
1060.2131147540983
1060.7121212121212
1061.3692307692309
1060.446153846154
1060.5151515151515
1060.4920634920634
1061.0579710144928
1060.4375
1060.5757575757575
1061.9855072463768
1061.0597014925372
1060.3650793650793
1060.9577464788733
1061.7536231884058
1060.5820895522388
1061.7162162162163
1060.768115942029
1060.641791044776
1061.9571428571428
1061.6323529411766
1061.0
1061.123076923077
1060.5692307692307
1060.375
1060.6470588235295
1060.9420289855072
1062.0
1061.8533333333332
1061.837837837838
1061.8235294117646
1060.9375
1062.125
1060.7058823529412
1061.942857142857
1061.6323529411766
1060.7101449275362
1062.0428571428572
1061.9571428571428
1061.5352112676057
1060.7058823529412
1062.4657534246576
1062.2191780821918
1060.8260869565217
1061.0
1061.9710144927535
1060.6363636363637
1060.7714285714285
1061.8450704225352
1061.8333333333333
1061.056338028169
1062.056338028169
1061.1333333333334
1060.7101449275362
1061.7922077922078
1061.8684210526317
1062.025641025641
1061.671052631579
1061.0
1060.942857142857
1060.945205479452
1061.0
1061.9577464788733
1061.9577464788733
1061.4285714285713
1062.4933333333333
1060.8333333333333
1060.887323943662
1062.155844155844
1060.943661971831
1061.337837837838
1061.3157894736842
1062.3376623376623
1060.9444444444443
1061.0945945945946
1061.6025641025642
1060.945205479452
1062.7792207792209
1062.5189873417721
1062.8481012658228
1060.943661971831
1061.0405405405406
1061.421052631579
1062.9375
1061.7088607594937
1063.3563218390805
1061.32
1061.157894736842
1063.1222222222223
1063.5054945054944
1063.25
1063.2087912087911
1062.4943820224719
1061.6913580246915
1063.4
1061.6708860759493
1061.841463414634
1062.4
1061.6506024096386
1061.2987012987012
1062.5955056179776
1063.5473684210526
1062.741935483871
1063.3846153846155
1063.195652173913
1061.44
1063.142857142857
1063.1063829787233
1063.4193548387098
1063.215053763441
1063.4285714285713
1063.043956043956
1062.3222222222223
1062.6777777777777
1062.0119047619048
1062.4666666666667
1063.2065217391305
1062.6451612903227
1062.5274725274726
1063.659574468085
1062.9130434782608
1063.4130434782608
1063.378947368421
1062.2747252747254
1061.9770114942528
1062.4787234042553
1063.6041666666667
1062.52688172043
1063.463157894737
1063.3684210526317
1063.5567010309278
1063.618556701031
1063.8247422680413
1062.4255319148936
1062.5
1062.787234042553
1063.858585858586
1063.2323232323233
1063.4795918367347
1062.5913978494623
1063.78
1062.9292929292928
1063.94
1062.7083333333333
1062.6288659793815
1062.62
1063.95
1063.1616161616162
1062.7142857142858
1062.6288659793815
1062.734693877551
1063.78
1063.6521739130435
1063.99
1063.46
1063.0
1062.909090909091
1062.95
1062.8080808080808
1063.11
1063.9
1062.99
1064.24
1064.24
1064.09
1063.6914893617022
1063.28
1064.01
1063.77
1063.59
1064.37
1063.2
1063.97
1063.17
1063.56
1063.1
1063.62
1063.37
1063.7857142857142
1063.21
1063.56
1063.22
1064.49
1063.38
1063.878048780488
1063.8372093023256
1063.46
1063.36
1064.73
1063.43
1064.48
1063.92
1064.68
1063.85
1063.5
1063.66
1063.36
1063.8625
1063.44
1063.46
1063.49
1063.64
1064.1444444444444
1063.83
1063.61
1063.77
1064.01
1064.9278350515465
1065.02
1063.61
1063.88
1064.94
1063.79
1063.8
1063.8
1064.040404040404
1063.99
1063.93
1063.83
1063.61
1064.93
1063.63
1063.9
1063.74
1063.86
1063.74
1064.010101010101
1063.81
1063.8
1063.74
1063.71
1063.9
1064.06
1065.05
1063.77
1063.83
1063.8
1063.66
1063.89
1063.73
1064.030303030303
1064.02
1063.85
1063.8
1063.83
1063.95
1063.76
1063.8
1063.8
1063.96
1063.9302325581396
1063.77
1063.8
1063.82
1063.84
1063.88
1063.83
1063.53
1063.69
1063.97
1064.01
1063.73
1063.57
1063.76
1063.69
1063.86
1063.98
1064.23
1063.73
1063.73
1063.91
1063.8625
1063.89
1064.0103092783504
1063.878048780488
1063.79
1064.32
1064.7525773195875
1063.53
1063.53
1063.86
1063.71
1063.87
1064.2921348314608
1063.84
1063.47
1063.77
1063.45
1063.66
1063.8433734939758
1063.8433734939758
1063.7590361445782
1063.7590361445782
1064.17
1064.1555555555556
1063.6
1064.42
1064.43
1064.23
1064.13
1063.892857142857
1063.968085106383
1064.47311827957
1063.8588235294117
1063.91
1063.54
1063.95
1063.9
1063.8659793814434
1063.91
1063.8351648351647
1064.1010101010102
1063.8433734939758
1063.91
1064.29
1063.57
1063.8369565217392
1063.7926829268292
1063.7590361445782
1063.6
1063.8777777777777
1063.99
1063.8659793814434
1063.8095238095239
1063.7
1063.9247311827958
1063.56
1063.86
1063.76
1064.25
1063.8
1063.45
1063.5
1064.52
1064.49
1063.65
1063.8817204301076
1063.99
1063.7
1063.8383838383838
1063.857142857143
1063.7764705882353
1063.7261904761904
1063.6941176470589
1063.63
1063.74
1063.7590361445782
1064.44
1063.69
1063.7764705882353
1063.8095238095239
1063.69
1064.22
1063.7926829268292
1063.8095238095239
1063.8235294117646
1063.85
1063.7261904761904
1063.7590361445782
1063.9139784946237
1063.8735632183907
1063.7590361445782
1063.7764705882353
1063.8095238095239
1063.7441860465117
1063.8588235294117
1063.8095238095239
1063.7590361445782
1063.7590361445782
1063.8255813953488
1063.7764705882353
1063.7590361445782
1063.6746987951808
1063.7764705882353
1063.7764705882353
1064.36
1064.41
1063.8383838383838
1063.8695652173913
1063.8255813953488
1063.712643678161
1063.8
1063.8829787234042
1063.82
1063.7590361445782
1063.7261904761904
1063.88
1063.8735632183907
1064.1521739130435
1064.0555555555557
1064.48
1063.9302325581396
1063.8556701030927
1063.8045977011495
1063.9431818181818
1063.9418604651162
1064.021978021978
1063.89
1064.41
1063.58
1064.0
1064.0114942528735
1063.9885057471265
1064.103448275862
1064.36
1064.0666666666666
1064.05
1064.14
1064.28125
1064.2608695652175
1064.0736842105264
1064.2164948453608
1064.276595744681
1064.1011235955057
1064.123595505618
1064.0348837209303
1064.1739130434783
1064.0232558139535
1064.44
1063.78
1064.45
1064.4
1063.82
1064.47
1064.35
1064.42
1063.74
1064.16
1064.47
1063.83
1064.0
1064.47
1063.96
1064.29
1063.69
1063.71
1064.05
1063.84
1063.97
1064.55
1064.63
1063.78
1063.61
1064.53
1064.3
1064.28
1063.72
1064.58
1064.19
1064.04
1063.92
1064.09
1063.89
1063.86
1063.86
1063.84
1063.79
1063.74
1063.73
1064.07
1064.47
1064.58
1064.09
1063.96
1063.65
1063.8
1063.82
1064.12
1064.51
1064.26
1064.45
1063.8
1064.46
1063.83
1064.04
1064.55
1064.32
1064.42
1064.17
1063.83
1064.56
1064.19
1064.58
1064.19
1063.87
1064.2
1064.49
1063.96
1063.95
1063.84
1064.39
1064.48
1064.62
1064.64
1064.46
1064.62
1064.02
1064.04
1064.33
1064.01
1063.99
1064.34
1064.5
1064.19
1064.55
1064.51
1064.5
1064.42
1063.73
1064.61
1064.61
1063.99
1063.54
1064.66
1064.57
1064.28
1063.89
1063.92
1063.73
1063.89
1064.59
1064.48
1063.82
1064.47
1063.94
1063.68
1064.57
1063.63
1063.9
1064.3092783505156
1064.02
1063.93
1064.6770833333333
1064.0
1064.07
1063.6
1063.73
1063.7
1063.86
1063.71
1064.58
1064.65
1064.27
1064.41
1064.63
1064.7
1064.31
1064.44
1064.2164948453608
1064.06
1064.63
1064.61
1064.6
1064.59
1064.28
1064.6
1064.7021276595744
1064.01
1064.763440860215
1064.6969696969697
1064.68
1064.71
1064.71
1064.64
1064.66
1064.57
1064.62
1064.8279569892472
1063.58
1063.9
1064.92
1064.85
1064.72
1064.86
1064.5
1064.73
1064.58
1063.59
1064.87
1063.73
1064.69
1064.73
1064.88
1064.77
1064.03
1063.65
1063.93
1063.91
1064.6
1064.46
1064.43
1064.79
1064.35
1064.25
1064.51
1064.61
1064.58
1064.52
1064.8
1064.44
1064.56
1064.5
1064.59
1064.28
1064.41
1064.37
1064.73
1064.5
1064.42
1063.94
1064.54
1063.57
1063.24
1064.43
1064.55
1063.45
1063.48
1063.69
1063.66
1064.16
1064.32
1063.5
1064.36
1064.53
1064.46
1064.51
1064.3
1064.64
1064.02
1063.56
1063.89
1063.77
1063.31
1063.65
1064.25
1064.48
1063.65
1063.88
1063.62
1064.46
1063.45
1063.3
1064.06
1063.3333333333333
1064.25
1063.8
1063.71
1063.73
1063.77
1064.38
1063.84
1063.74
1063.57
1063.56
1063.5
1063.49
1063.93
1064.4
1063.64
1063.63
1064.47
1064.34
1064.48
1064.41
1063.72
1063.82
1064.38
1063.87
1063.95
1064.31
1064.67
1064.51
1064.18
1063.88
1064.54
1064.42
1064.54
1064.35
1063.89
1064.25
1064.6
1064.03
1063.87
1064.79
1064.09
1064.23
1063.68
1064.59
1064.41
1064.01
1064.49
1064.59
1064.78
1064.41
1064.37
1064.25
1064.4
1064.67
1064.6
1064.18
1064.27
1063.98
1064.57
1064.9175257731958
1063.98
1063.92
1063.88
1063.73
1064.06
1064.17
1064.49
1064.68
1063.96
1064.13
1064.31
1064.05
1064.35
1064.47
1064.06
1064.08
1064.2527472527472
1064.06
1063.97
1064.31
1064.2
1064.19
1064.29
1064.73
1065.01
1064.76
1064.43
1064.42
1065.0
1064.2
1064.52
1064.5
1064.22
1064.36
1064.13
1064.08
1063.88
1064.02
1064.05
1064.22
1064.3
1064.33
1064.33
1064.53
1064.32
1064.84
1064.59
1064.7
1064.37
1064.6
1065.765625
1064.3
1064.3
1064.47
1064.12
1064.1333333333334
1064.07
1064.38
1063.2626262626263
1063.2631578947369
1063.92
1063.66
1064.77
1064.37
1064.42
1064.3
1064.13
1064.27
1064.72
1064.3
1063.75
1063.66
1063.8
1064.01
1064.58
1064.11
1064.23
1064.56
1063.58
1064.25
1064.5
1064.76
1064.0
1064.3958333333333
1064.032967032967
1063.9292929292928
1063.84
1063.1938775510205
1063.6938775510205
1063.5858585858587
1063.87
1063.8
1064.06
1063.936170212766
1063.87
1063.75
1063.2474226804125
1063.28
1063.29
1064.75
1064.8
1064.56
1064.21
1063.27
1063.41
1063.2083333333333
1064.19
1063.979381443299
1063.1354166666667
1064.28
1064.75
1064.39
1063.66
1063.828282828283
1064.2888888888888
1064.02
1063.2828282828282
1063.71
1063.9270833333333
1064.65
1063.7111111111112
1063.0
1063.7956989247311
1064.091836734694
1064.2244897959183
1063.9897959183672
1064.14
1064.89
1063.69
1064.191011235955
1063.66
1064.2
1064.34
1064.83
1063.22
1063.36
1064.111111111111
1063.96
1063.59
1062.9565217391305
1064.21
1063.51
1063.4639175257732
1063.7111111111112
1063.8085106382978
1064.53
1064.54
1064.61
1064.37
1064.07
1064.16
1064.02
1064.36
1065.35
1065.35
1064.85
1064.14
1064.063829787234
1065.48
1065.62
1064.1363636363637
1063.66
1063.64
1064.08
1065.21
1064.33
1062.923076923077
1064.4
1063.55
1064.5934065934066
1063.74
1064.13
1065.23
1064.3434343434344
1064.86
1064.72
1063.45
1064.6020408163265
1063.936170212766
1063.88
1064.97
1063.79
1063.63
1064.77
1065.53
1063.75
1065.12
1064.78
1065.0
1063.8510638297873
1063.3333333333333
1063.4489795918366
1063.857142857143
1063.967741935484
1063.9583333333333
1063.5934065934066
1063.7
1063.24
1063.936170212766
1063.178947368421
1064.0537634408602
1066.26
1064.62
1063.1
1063.84
1066.8088235294117
1064.48
1064.4468085106382
1063.340425531915
1064.33
1064.35
1064.0869565217392
1063.76
1063.1894736842105
1061.860759493671
1063.7628865979382
1063.680412371134
1064.29
1063.8510638297873
1062.367088607595
1063.7857142857142
1064.125
1063.888888888889
1063.875
1064.55
1063.7692307692307
1064.79
1064.08
1063.9473684210527
1064.0
1063.4166666666667
1063.8817204301076
1063.530612244898
1063.936170212766
1062.8227848101267
1064.0212765957447
1063.9690721649486
1063.6382978723404
1063.608695652174
1063.1234567901236
1062.6923076923076
1063.7096774193549
1063.8510638297873
1063.8817204301076
1063.6236559139784
1063.7956989247311
1063.6222222222223
1063.9130434782608
1064.29
1063.6521739130435
1064.0666666666666
1064.38
1064.49
1063.9130434782608
1063.9450549450548
1064.0
1064.74
1065.7254901960785
1064.42
1064.24
1063.9777777777779
1063.8817204301076
1063.9213483146068
1064.032967032967
1063.967741935484
1063.888888888889
1063.967741935484
1063.9777777777779
1064.032967032967
1063.9777777777779
1063.936170212766
1063.8817204301076
1063.936170212766
1063.6813186813188
1063.9583333333333
1064.1011235955057
1063.888888888889
1063.7956989247311
1063.9130434782608
1063.8260869565217
1063.888888888889
1063.9450549450548
1063.8510638297873
1063.936170212766
1063.9450549450548
1063.7111111111112
1063.821052631579
1063.7956989247311
1063.8260869565217
1063.9894736842105
1063.8817204301076
1063.967741935484
1063.8510638297873
1063.821052631579
1063.967741935484
1063.9894736842105
1063.936170212766
1063.936170212766
1064.0
1063.7659574468084
1063.8260869565217
1063.8510638297873
1063.7368421052631
1063.3058823529411
1062.5675675675675
1063.8817204301076
1063.64
1059.9473684210527
1063.9777777777779
1063.9052631578948
1064.0212765957447
1063.967741935484
1064.032967032967
1063.9130434782608
1063.9545454545455
1063.857142857143
1064.0232558139535
1064.0
1064.0
1063.9777777777779
1064.0112359550562
1064.0666666666666
1064.0869565217392
1063.8817204301076
1063.967741935484
1064.1529411764707
1064.2272727272727
1064.0454545454545
1063.96
1064.1724137931035
1064.1011235955057
1064.0454545454545
1064.1363636363637
1064.0232558139535
1064.0537634408602
1064.0804597701149
1064.0588235294117
1064.0804597701149
1064.1011235955057
1064.0232558139535
1064.0361445783133
1064.0666666666666
1064.1011235955057
1064.1363636363637
1064.0454545454545
1064.0232558139535
1064.1363636363637
1064.0454545454545
1064.0
1064.1157894736841
1064.191011235955
1064.0804597701149
1064.1363636363637
1064.0804597701149
1064.032967032967
1064.0804597701149
1064.1363636363637
1064.191011235955
1064.1363636363637
1063.9885057471265
1064.0804597701149
1064.1555555555556
1064.1363636363637
1064.0804597701149
1064.1208791208792
1064.0588235294117
1064.1724137931035
1064.0804597701149
1063.9885057471265
1064.0804597701149
1064.1363636363637
1063.9885057471265
1063.9885057471265
1064.1363636363637
1064.1724137931035
1064.0804597701149
1064.1363636363637
1064.0454545454545
1064.191011235955
1064.0588235294117
1064.1529411764707
1064.1162790697674
1064.0588235294117
1064.1555555555556
1064.0588235294117
1064.3023255813953
1064.2272727272727
1064.0804597701149
1064.1011235955057
1064.1555555555556
1064.0804597701149
1064.191011235955
1064.1529411764707
1064.2093023255813
1064.1162790697674
1064.2470588235294
1064.1904761904761
1064.1904761904761
1064.1904761904761
1064.2289156626507
1064.3023255813953
1064.132530120482
1064.1904761904761
1064.095238095238
1064.0361445783133
1064.2682926829268
1064.2289156626507
1064.1904761904761
1064.132530120482
1064.095238095238
1064.2093023255813
1064.1724137931035
1064.2093023255813
1064.1904761904761
1064.1904761904761
1064.3253012048192
1064.3658536585365
1064.3411764705882
1064.1707317073171
1064.1707317073171
1064.2470588235294
1064.3253012048192
1064.20987654321
1064.3253012048192
1064.3658536585365
1064.25
1064.35
1064.3658536585365
1064.5061728395062
1064.3253012048192
1064.4634146341464
1064.3253012048192
1064.3086419753085
1064.2911392405063
1064.2911392405063
1064.4074074074074
1064.35
1064.2289156626507
1064.3658536585365
1064.4634146341464
1064.3086419753085
1064.5180722891566
1064.2911392405063
1064.2911392405063
1064.4074074074074
1064.35
1064.2727272727273
1064.3086419753085
1064.421686746988
1064.25
1064.4634146341464
1064.35
1064.4074074074074
1064.25
1064.3086419753085
1064.45
1064.35
1064.493670886076
1064.35
1064.493670886076
1063.84
1064.55
1064.45
1064.4634146341464
1064.392405063291
1064.55
1064.392405063291
1063.72
1064.392405063291
1064.493670886076
1064.45
1064.392405063291
1064.421052631579
1064.3953488372092
1064.392405063291
1064.3157894736842
1064.5384615384614
1064.5844155844156
1064.4805194805194
1063.5050505050506
1064.4805194805194
1064.4805194805194
1064.5061728395062
1064.55
1064.5121951219512
1064.358024691358
1064.5121951219512
1064.1340206185566
1063.4329896907216
1064.5180722891566
1063.408163265306
1064.5061728395062
1064.5
1063.8
1064.5061728395062
1063.2268041237114
1063.530612244898
1064.6216216216217
1064.55
1064.6216216216217
1064.6216216216217
1063.6
1064.6049382716049
1064.6712328767123
1063.72
1063.4489795918366
1063.68
1063.68
1064.6923076923076
1063.28
1063.68
1063.92
1063.0416666666667
1063.857142857143
1063.3030303030303
1063.24
1063.3505154639174
1064.945205479452
1064.16
1063.1894736842105
1063.48
1063.6666666666667
1063.84
1063.56
1063.5154639175257
1063.4242424242425
1062.9166666666667
1062.979381443299
1063.1443298969073
1063.4242424242425
1063.1666666666667
1063.0
1063.1894736842105
1063.2083333333333
1063.6666666666667
1063.125
1062.8947368421052
1063.0
1063.1666666666667
1063.2916666666667
1062.9583333333333
1062.9166666666667
1063.6666666666667
1063.4897959183672
1063.8163265306123
1062.939393939394
1062.6842105263158
1062.9574468085107
1062.7916666666667
1062.979797979798
1062.875
1063.1666666666667
1063.1666666666667
1063.0833333333333
1062.8947368421052
1062.9583333333333
1062.7446808510638
1062.8297872340424
1062.608695652174
1062.9368421052632
1062.9574468085107
1062.872340425532
1062.8526315789475
1062.4623655913979
1062.3186813186812
1062.505376344086
1061.7727272727273
1062.404255319149
1062.304347826087
1062.0786516853932
1062.3333333333333
1062.3478260869565
1062.3626373626373
1062.1685393258426
1062.2307692307693
1062.3186813186812
1063.0631578947368
1062.0
1061.8539325842696
1062.6969696969697
1061.7032967032967
1062.0786516853932
1061.943820224719
1062.1555555555556
1062.2444444444445
1062.3478260869565
1062.3473684210526
1062.0869565217392
1061.967032967033
1062.6344086021506
1062.2747252747254
1062.010989010989
1062.1182795698924
1062.0869565217392
1062.2173913043478
1062.2340425531916
1062.8775510204082
1062.178947368421
1062.5102040816328
1062.5670103092784
1062.5102040816328
1062.8775510204082
1062.9591836734694
1062.8333333333333
1062.75
1062.5833333333333
1063.0816326530612
1062.5416666666667
1062.7263157894736
1062.375
1062.92
1063.020202020202
1062.625
1062.278350515464
1062.88
1063.24
1062.8367346938776
1063.32
1062.84
1062.7551020408164
1062.96
1063.1010101010102
1063.12
1063.3092783505156
1063.56
1063.48
1062.96
1063.08
1063.28
1062.795918367347
1062.8181818181818
1062.84
1063.08
1062.6326530612246
1062.8556701030927
1063.04
1062.7319587628865
1062.96
1062.7373737373737
1063.52
1062.7777777777778
1063.12
1062.92
1063.2
1063.12
1063.08
1063.08
1063.16
1063.28
1063.76
1063.16
1063.3434343434344
1063.44
1063.28
1063.72
1063.48
1063.72
1063.16
1063.2
1063.04
1063.52
1063.52
1063.24
1063.08
1063.32
1063.36
1063.2
1063.12
1063.12
1063.08
1063.24
1062.84
1063.16
1063.12
1063.2
1063.16
1063.0408163265306
1062.92
1062.8989898989898
1062.92
1063.12
1063.0
1062.92
1062.92
1063.0
1062.858585858586
1062.92
1063.12
1063.04
1063.04
1063.0
1062.96
1062.92
1063.0
1063.08
1063.24
1063.16
1063.2
1063.04
1063.56
1063.4
1063.4
1063.24
1063.2
1063.28
1063.32
1063.1818181818182
1063.020202020202
1063.08
1063.08
1063.08
1063.04
1063.32
1063.0
1063.08
1063.04
1062.88
1062.84
1063.04
1063.08
1063.1632653061224
1062.96
1063.04
1063.2
1063.0
1062.96
1062.84
1062.6969696969697
1062.6565656565656
1062.84
1062.88
1062.7777777777778
1062.92
1062.88
1062.84
1062.858585858586
1062.68
1062.6494845360826
1062.72
1062.72
1062.7373737373737
1062.5353535353536
1062.7777777777778
1062.8
1062.8556701030927
1062.92
1062.6565656565656
1062.48
1062.48
1062.4845360824743
1062.56
1062.52
1062.4949494949494
1062.5353535353536
1062.5353535353536
1062.68
1062.68
1062.5670103092784
1062.56
1062.56
1062.68
1062.8
1062.72
1062.8
1062.6
1062.44
1062.4141414141413
1062.52
1062.6565656565656
1062.6
1062.56
1062.52
1062.68
1062.3061224489795
1062.44
1062.4
1062.44
1062.44
1062.48
1062.52
1062.64
1062.4545454545455
1062.44
1062.4020618556701
1062.3333333333333
1062.44
1062.3737373737374
1062.64
1062.44
1062.72
1062.84
1062.52
1062.4
1062.64
1062.88
1062.56
1062.32
1062.2916666666667
1062.0434782608695
1062.4285714285713
1062.2
1062.48
1062.061224489796
1062.36
1062.2929292929293
1062.2525252525252
1062.4
1062.36
1062.32
1062.3737373737374
1062.36
1062.64
1062.28
1062.32
1061.9787234042553
1062.0309278350514
1062.0
1061.9795918367347
1061.9583333333333
1062.0105263157895
1062.142857142857
1061.936170212766
1062.090909090909
1061.9462365591398
1062.0416666666667
1061.9583333333333
1061.9787234042553
1061.9583333333333
1062.0
1061.8936170212767
1061.9462365591398
1062.0309278350514
1061.9787234042553
1061.9484536082475
1062.0
1062.0416666666667
1061.936170212766
1062.0204081632653
1062.0105263157895
1062.0212765957447
1062.1313131313132
1061.989247311828
1062.0105263157895
1061.9795918367347
1061.9684210526316
1061.9795918367347
1061.9583333333333
1061.9896907216496
1061.9583333333333
1061.9684210526316
1061.9896907216496
1061.9795918367347
1061.9263157894736
1061.9583333333333
1061.9263157894736
1061.9484536082475
1062.0204081632653
1061.9166666666667
1061.9583333333333
1061.9130434782608
1062.0204081632653
1061.9896907216496
1061.8936170212767
1061.9896907216496
1061.989247311828
1062.0416666666667
1063.04
1062.0105263157895
1062.5353535353536
1062.0212765957447
1062.84
1062.6
1063.2
1062.3469387755101
1061.9684210526316
1062.6
1062.96
1062.0212765957447
1062.76
1063.2
1062.221052631579
1063.44
1062.2631578947369
1062.4141414141413
1062.032258064516
1063.12
1063.68
1061.9565217391305
1062.56
1062.76
1062.0212765957447
1062.0721649484535
1063.24
1062.0947368421052
1062.0833333333333
1062.0869565217392
1063.12
1064.28
1063.56
1063.2
1064.2
1063.52
1064.2
1063.12
1064.32
1063.28
1062.84
1063.6
1062.92
1062.88
1062.84
1062.858585858586
1063.16
1063.4
1063.08
1062.591836734694
1062.92
1062.6326530612246
1063.2
1063.64
1062.6326530612246
1063.24
1062.88
1064.0
1062.88
1063.12
1063.6
1062.469387755102
1063.08
1064.28
1063.08
1062.8
1063.4
1062.76
1063.44
1063.12
1062.96
1062.92
1062.360824742268
1062.76
1062.52
1062.0833333333333
1062.88
1062.92
1062.64
1062.1666666666667
1063.12
1062.72
1062.6
1062.2916666666667
1062.48
1062.469387755102
1063.72
1062.1666666666667
1062.6
1062.56
1063.48
1063.72
1063.44
1064.3131313131314
1062.591836734694
1064.4
1063.76
1063.32
1062.92
1063.88
1064.08
1063.48
1062.92
1063.2
1063.68
1063.96
1063.28
1063.96
1062.88
1064.08
1063.2
1064.32
1063.88
1064.2
1063.96
1063.72
1064.04
1064.04
1063.44
1062.4285714285713
1063.4
1062.6
1063.2
1062.52
1062.2916666666667
1062.76
1062.84
1062.3473684210526
1062.36
1063.56
1063.56
1064.28
1064.36
1062.360824742268
1064.16
1063.96
1064.32
1064.3877551020407
1064.3333333333333
1064.44
1064.44
1064.5454545454545
1064.32
1064.0
1064.32
1064.28
1064.32
1063.92
1064.28
1064.28
1063.8
1063.96
1064.4166666666667
1062.76
1064.32
1063.8
1062.48
1062.56
1063.0
1063.48
1062.36
1062.88
1062.64
1062.36
1062.72
1062.72
1062.64
1062.4545454545455
1062.4545454545455
1062.6
1062.2371134020618
1063.76
1062.6
1062.265306122449
1062.52
1062.3052631578948
1062.64
1062.92
1062.0549450549452
1062.4949494949494
1062.88
1062.278350515464
1062.92
1062.2916666666667
1062.48
1062.56
1063.04
1062.8
1062.48
1062.44
1062.278350515464
1062.72
1062.3473684210526
1062.52
1063.68
1062.84
1062.52
1062.6
1062.4949494949494
1062.25
1063.68
1062.1489361702127
1062.142857142857
1062.319587628866
1062.469387755102
1062.1182795698924
1063.32
1062.6
1063.16
1062.6161616161617
1063.24
1063.04
1062.6565656565656
1062.72
1062.8
1063.0
1062.64
1062.76
1063.08
1062.76
1062.64
1062.68
1062.76
1062.88
1063.12
1062.76
1063.28
1062.2903225806451
1062.96
1063.92
1063.52
1062.92
1062.8
1062.68
1062.68
1062.4315789473685
1062.375
1062.64
1062.72
1062.5510204081634
1062.4583333333333
1062.84
1062.68
1062.64
1062.4166666666667
1062.4736842105262
1063.0
1062.72
1062.4020618556701
1062.4166666666667
1062.0222222222221
1062.0454545454545
1062.3052631578948
1062.3894736842105
1063.08
1062.68
1062.2916666666667
1062.88
1062.795918367347
1062.2903225806451
1062.6161616161617
1062.5757575757575
1062.64
1063.16
1062.88
1062.52
1062.6969696969697
1062.8
1062.8
1062.0454545454545
1062.84
1062.3473684210526
1062.8
1062.7142857142858
1062.6
1062.2903225806451
1062.5578947368422
1062.72
1062.96
1062.92
1062.6082474226805
1062.7083333333333
1062.4623655913979
1063.12
1062.72
1062.88
1063.0
1062.6082474226805
1062.84
1062.5833333333333
1063.12
1062.88
1062.5102040816328
1062.2903225806451
1062.68
1062.92
1062.96
1062.7142857142858
1063.08
1062.6
1062.5257731958764
1062.1555555555556
1062.3333333333333
1062.5416666666667
1062.92
1062.8
1063.2
1062.88
1062.2444444444445
1062.2727272727273
1062.304347826087
1062.3191489361702
1063.16
1062.4
1062.2307692307693
1062.75
1062.5416666666667
1062.4193548387098
1062.2307692307693
1063.72
1062.84
1062.92
1062.5652173913043
1062.4623655913979
1062.3626373626373
1062.531914893617
1062.0243902439024
1062.72
1062.76
1062.505376344086
1062.659574468085
1062.3181818181818
1062.96
1062.3932584269662
1062.68
1062.4782608695652
1062.68
1062.5913978494623
1062.6
1063.04
1062.76
1062.1162790697674
1063.0
1062.2134831460673
1062.5555555555557
1062.72
1062.56
1062.92
1062.4666666666667
1062.409090909091
1062.2727272727273
1062.3483146067415
1062.1627906976744
1063.04
1063.68
1062.68
1062.4
1063.4367816091954
1063.5777777777778
1062.68
1062.68
1063.8
1063.68
1062.6
1062.6
1062.8
1062.4545454545455
1062.76
1062.68
1062.76
1062.68
1062.1627906976744
1063.56
1062.76
1063.6666666666667
1063.6
1063.12
1063.48
1062.6
1063.68
1063.68
1063.3076923076924
1063.2117647058824
1063.6
1063.04
1063.48
1063.68
1063.5858585858587
1063.4175824175825
1063.72
1063.72
1063.56
1063.56
1063.68
1063.56
1063.6
1063.64
1063.6
1063.5714285714287
1063.56
1063.6
1063.64
1063.56
1063.72
1063.6
1063.68
1063.48
1063.56
1063.6
1063.56
1063.56
1063.5454545454545
1063.44
1063.52
1063.4646464646464
1063.68
1063.48
1063.5858585858587
1063.625
1063.6530612244899
1063.5050505050506
1063.5454545454545
1063.32
1063.52
1063.4489795918366
1063.6
1063.56
1063.6122448979593
1063.56
1063.48
1063.6530612244899
1063.48
1063.56
1063.6122448979593
1063.5979381443299
1063.6262626262626
1063.56
1063.56
1063.68
1063.44
1063.4897959183672
1063.6262626262626
1063.56
1062.84
1063.6
1063.6
1063.6
1063.6262626262626
1063.56
1063.48
1063.6
1063.48
1063.6262626262626
1063.52
1063.64
1063.32
1063.52
1063.56
1063.52
1063.52
1063.64
1063.56
1063.52
1063.48
1063.64
1063.56
1063.6
1063.52
1063.72
1063.64
1063.64
1063.56
1063.68
1063.12
1063.68
1063.6
1063.64
1063.64
1063.48
1063.6
1063.56
1063.6
1063.64
1063.56
1063.6
1063.08
1063.6
1063.56
1063.6
1063.64
1063.64
1063.52
1063.64
1063.24
1063.6
1063.64
1063.64
1063.72
1063.64
1063.68
1063.28
1062.7142857142858
1063.68
1063.76
1063.6
1063.68
1063.56
1063.68
1062.8
1063.48
1063.6
1063.64
1063.68
1063.72
1063.72
1063.32
1063.68
1063.64
1063.72
1063.76
1063.72
1063.68
1063.16
1063.72
1063.72
1063.64
1063.64
1063.72
1063.6
1063.64
1063.72
1063.68
1063.64
1063.12
1063.36
1063.32
1063.72
1063.52
1063.68
1063.76
1063.72
1063.72
1063.28
1062.6
1063.64
1063.72
1063.68
1063.64
1063.76
1063.68
1063.72
1063.76
1063.76
1063.76
1063.72
1063.76
1063.36
1063.68
1063.72
1063.76
1063.76
1063.76
1063.8
1063.76
1063.76
1063.8
1063.76
1063.8
1063.84
1063.8
1063.8
1063.76
1063.72
1063.76
1063.72
1063.72
1063.72
1063.72
1063.68
1063.64
1063.72
1063.76
1063.76
1063.68
1063.28
1063.64
1063.64
1063.72
1063.64
1063.4
1063.32
1063.64
1063.68
1063.76
1063.72
1063.76
1063.76
1063.76
1063.72
1063.8
1063.76
1063.76
1063.8
1063.76
1063.84
1063.68
1063.76
1063.7878787878788
1063.72
1063.8
1063.84
1063.88
1063.84
1063.88
1063.84
1063.84
1063.8
1063.84
1063.84
1063.84
1063.92
1063.72
1063.84
1063.8
1063.84
1063.8
1063.84
1063.84
1063.8
1063.92
1063.8
1063.88
1063.84
1063.84
1063.8
1063.84
1063.88
1063.96
1063.84
1063.88
1063.72
1063.88
1063.84
1063.8
1063.84
1063.84
1063.8
1063.76
1063.88
1063.84
1063.88
1063.76
1063.8
1063.84
1063.92
1063.84
1063.88
1063.8
1063.84
1063.76
1063.8
1063.8
1063.8
1063.84
1063.88
1063.84
1063.88
1063.88
1063.8
1063.88
1063.96
1063.92
1063.92
1063.88
1063.88
1063.96
1063.92
1063.88
1063.88
1063.84
1063.8
1063.92
1063.92
1063.92
1063.88
1063.92
1063.88
1063.88
1063.7628865979382
1063.84
1063.88
1063.88
1063.92
1064.0
1063.72
1063.88
1063.84
1063.92
1063.8
1063.84
1063.84
1063.88
1063.88
1063.72
1063.76
1063.8333333333333
1063.8
1063.72
1063.76
1063.72
1063.8
1063.88
1063.8
1063.6813186813188
1063.84
1063.6818181818182
1063.88
1063.8
1063.8
1063.76
1063.88
1063.44
1063.76
1063.8
1063.84
1063.8
1063.84
1063.56
1063.84
1063.84
1063.84
1063.68
1063.8
1063.8
1063.8
1063.76
1063.84
1063.828282828283
1063.76
1063.76
1063.72
1063.8
1063.76
1063.72
1063.76
1063.8
1063.8
1063.828282828283
1063.72
1063.84
1063.64
1063.8
1063.7070707070707
1063.8
1063.84
1063.72
1063.7659574468084
1063.84
1063.84
1063.76
1063.6
1063.72
1063.76
1063.76
1063.84
1063.88
1063.76
1063.8
1063.48
1063.52
1063.84
1063.88
1063.88
1063.88
1063.8
1063.88
1063.92
1063.8
1063.8
1063.88
1063.84
1063.88
1063.8
1063.88
1063.88
1063.92
1063.92
1063.8
1063.96
1063.88
1063.92
1063.8
1063.76
1063.84
1063.84
1063.92
1063.76
1063.88
1063.96
1063.92
1063.8
1063.92
1063.96
1063.88
1063.92
1063.96
1063.88
1063.92
1063.96
1064.04
1063.92
1064.0
1064.08
1063.96
1064.0
1063.96
1064.04
1064.0
1063.96
1063.92
1063.96
1063.96
1064.0
1064.0
1063.96
1064.08
1063.96
1064.08
1064.08
1063.92
1063.96
1063.96
1064.0
1063.92
1064.04
1064.0
1063.92
1064.0
1063.92
1063.92
1063.92
1063.96
1063.96
1063.92
1063.92
1063.96
1064.0
1064.04
1063.92
1063.96
1063.84
1063.96
1063.92
1064.08
1064.04
1064.04
1064.0
1064.0
1063.92
1064.04
1063.96
1063.96
1064.0
1064.0
1064.16
1064.08
1064.0
1064.08
1064.04
1063.92
1063.92
1063.96
1064.16
1064.24
1064.04
1064.16
1064.04
1063.88
1064.12
1064.0
1064.04
1064.24
1064.12
1064.32
1064.4
1064.111111111111
1064.1752577319587
1064.28
1064.32
1064.2
1064.48
1064.24
1064.52
1064.32
1064.2
1064.48
1064.44
1064.28
1064.24
1064.32
1064.56
1064.28
1064.1515151515152
1064.28
1064.4
1064.1063829787233
1064.4
1064.52
1064.4
1064.48
1064.48
1064.56
1064.56
1064.4
1064.24
1064.48
1064.64
1064.56
1064.52
1064.56
1064.56
1064.32
1064.44
1064.52
1064.68
1064.6
1064.52
1064.56
1064.52