3969
4437
3602
4337
4323
4317
4169
3700
4306
3867
4041
4373
4011
4063
4288
4237
3798
4186
3530
4090
4117
4406
4202
3920
3622
3972
3992
4245
4228
3963
3962
3822
3975
4234
3673
3891
4102
3947
3931
4326
4076
4135
3530
4019
3992
4116
3800
4203
4342
4227
4273
4073
4171
4079
4259
4115
3546
4064
3557
3988
3843
3795
4052
4058
4140
4152
4248
3890
4164
3858
4082
4323
4063
4090
4376
4044
4470
4205
4319
4178
4204
4455
4122
4317
4300
3964
4093
4597
4606
3913
3943
3919
4144
4074
4182
4106
3997
4227
3757
3514
4511
4153
4283
3873
4221
4336
4400
4054
4301
4073
4520
4026
3764
4446
4151
4110
4288
3888
4529
4232
4092
4458
4461
4403
4490
3966
4258
3970
4652
3964
4086
4464
4018
4428
4256
4125
4192
4577
4355
4370
3874
4285
4311
4079
4105
4295
4135
3974
4625
4739
4479
4457
3911
4207
4589
4372
4271
4170
4399
3914
4389
4269
3863
4143
3758
4473
4379
4457
4338
4613
4305
4256
4093
4341
4012
4937
4172
4754
4579
4208
4752
4461
3885
4502
4465
4347
4439
4538
4473
4157
4040
4418
4327
4481
4642
4304
4640
4291
4941
4481
4206
4385
4795
4352
4442
4502
3954
4326
4683
4292
4323
4223
4382
4302
4398
4234
3885
4126
4535
4252
4438
4546
4207
4212
4638
4201
4038
4296
4526
4501
4529
4405
4855
4390
4662
4509
4498
4247
4790
4532
4598
4443
4343
4680
4040
4376
4637
4475
4759
4425
4627
4662
4549
4364
4505
4466
4327
4559
4537
4349
4506
4400
4234
4587
4558
4701
4336
4769
4522
4649
4738
4493
4549
4346
4302
4546
4319
4251
4548
4213
4542
4444
4697
4487
4074
4337
4746
4621
4256
4498
4758
4385
4689
4100
4328
4582
4132
4944
4300
4406
4418
4235
4376
4645
4022
4238
4351
4260
4793
4447
4341
4493
4146
4487
4228
4125
3720
4343
4247
4381
4149
4531
4767
4474
4455
4119
4680
4553
4242
4080
4103
4082
3789
4554
4516
4436
4648
4452
4045
4480
4287
4090
4214
4338
4855
4434
4248
4461
4474
3952
4527
4805
4476
4237
4527
4492
4559
4432
4393
4107
4653
4715
4241
4278
4670
4103
4593
4535
4605
4618
4633
4365
4636
4469
4784
4662
4611
4771
4535
4416
4173
4671
4857
4699
4496
4597
4122
4498
4423
4288
4655
4496
4618
4015
4061
4458
5001
4878
4721
4269
4270
4794
4484
4990
4502
4408
4614
4687
4752
4887
4573
4627
4726
4694
4548
5274
4814
4598
4526
4662
4164
4808
4847
4398
4605
4549
4467
4498
4712
4569
4498
4439
4850
4690
4462
4832
5029
4908
4602
4791
4378
4688
4925
4905
4377
4786
4669
4590
4714
4682
4310
5191
4649
4854
4586
4410
4692
4916
4285
4556
4859
4793
4568
4611
4873
4915
4861
4657
4888
4783
4789
4872
4448
4939
4730
4552
4742
4764
4524
4791
4426
4657
4877
4919
4935
4912
4748
4671
4975
4063
4924
4792
4807
4899
4865
4989
5024
4948
4793
5079
4348
4517
4718
4881
4464
4891
5369
5020
4982
4636
4930
4996
5135
4836
5027
4869
5061
4866
4916
4729
4855
5142
4596
4554
4980
4833
4399
4489
4618
5419
4456
4727
4868
4672
5086
4852
4923
5052
4950
4455
4551
4668
4314
4434
4820
4629
4858
5208
4638
5118
4485
5139
4896
4731
5115
5019
4945
4934
5055
4936
5159
4988
5244
4857
4963
5053
4694
5137
4595
4830
4575
4808
4417
4247
4902
4835
5072
5070
4628
4928
5306
5006
4943
5196
5403
4803
5114
4735
5028
5004
4939
4821
4659
4984
4998
5224
4979
5041
4880
5080
5202
4802
4756
4965
5202
5160
4411
5276
5096
4867
5222
5348
5167
5208
5243
5163
4728
5397
5021
5087
4868
4524
4784
5404
5101
5058
4943
5131
5154
5219
5505
5002
5169
4740
5267
4815
5236
5437
4702
4773
5070
4853
5374
5246
5116
5058
5224
4688
5267
5359
4932
5069
4799
4903
4932
5280
5317
4813
5516
5234
5120
5270
5166
5483
4677
5088
5089
5391
4869
5164
5288
5754
5082
5168
5475
4633
5061
5415
4894
5119
4999
4849
5601
5703
4773
4941
5456
5192
5159
5415
5507
5104
5016
5178
5254
5332
4582
4857
5650
5242
5427
5619
5152
5506
5509
5444
5440
5584
5684
5432
5055
5505
5175
5312
5604
5293
4855
5308
4678
5438
5063
5458
5351
4890
5292
5433
4796
5211
5691
5295
5694
5233
5458
5533
4993
5117
5271
5420
5436
5403
5694
5381
5670
5522
5127
5647
5608
5306
4976
5478
5492
5714
5344
5721
5109
5203
5694
5459
5784
5297
5707
5494
5629
5422
5464
5217
5436
5546
5530
5723
5262
5605
5048
5161
5570
5373
5579
3786
5390
5407
5411
5372
5624
5519
5232
5575
5476
5361
5236
5719
5548
5269
5313
5509
5294
5580
5530
5320
5319
5432
5148
5063
5628
5737
5533
5611
5499
5753
5627
5263
5579
5502
5031
5606
5359
5291
5586
5073
5701
5401
5692
5658
5555
5725
5337
5694
5675
5559
5719
5851
5302
5365
5550
5496
5329
5395
5323
5383
5311
5773
5576
5723
5550
5218
5216
5860
5693
5336
5653
5716
5536
5540
5646
5512
5219
5795
5752
5657
5746
5149
5925
5932
5453
5507
5310
5227
4862
5355
5726
5680
5607
5015
5501
5446
5596
4733
5361
5557
4874
5660
5342
5690
5216
5724
5693
5371
5728
5600
4637
5244
5885
5834
5004
5679
5368
5384
5812
5124
5755
5971
5226
5702
5882
5400
5599
5804
4979
4775
4141
5077
5160
5164
5266
5680
5793
5365
5610
4742
5513
5107
5138
5722
5437
3714
5267
4471
5899
5315
5245
5754
5140
3787
5591
5589
5381
5519
5012
5039
5568
5135
4762
5488
5486
5489
5902
3133
5065
5193
4885
3615
5956
4762
4967
5853
5286
4937
5563
4466
5666
5721
5504
4312
4161
5848
5406
4307
5160
5245
4689
4545
5996
4392
5199
5654
5764
4336
5479
4201
5870
4222
4970
5405
5774
4324
3409
5373
5949
4615
3839
5691
5897
5571
3754
5897
4175
5351
4477
4909
4957
5864
5360
5121
6006
4237
2627
4931
5274
4935
3472
5893
6152
5502
3546
5901
6164
5619
4772
4889
5857
6000
5336
4581
5356
4306
5786
4853
5201
5967
4850
5493
5245
4663
5948
6049
5576
5144
4656
5350
4833
3173
5745
5831
5174
4490
5052
5184
4941
3615
5292
4819
4890
5843
5377
5053
5329
4400
4659
5109
5288
4970
3859
5095
4736
5434
5407
5130
4270
4416
4262
4096
5049
5776
5977
5968
5518
5622
5159
5562
4524
5076
6065
5526
3659
6058
5942
5615
3152
5012
4389
5761
5270
5954
4557
3186
4977
4963
3095
5190
4680
5912
4990
5600
5407
4518
5022
4756
5594
4639
5083
5215
4600
5362
5058
4940
5301
4751
4977
6107
5357
4627
4692
4415
5403
3049
6090
4328
5824
5346
6068
5222
5038
5164
5026
4740
4509
4305
5070
4428
4261
3846
4148
3957
4228
5073
4635
5238
3714
5661
4918
5365
5604
3348
4200
5523
3731
5906
4369
4873
4287
5100
4450
5630
5453
6025
5360
5499
4743
4268
5632
4819
5066
5048
3971
5460
4642
2989
5222
4404
2914
5356
4448
4943
4414
5766
6117
6024
6120
4399
4972
5286
5690
4557
3430
6124
5787
4550
3020
4098
4264
4601
5792
5665
4333
5030
5448
5457
5287
4794
4122
4928
4717
4429
5888
4404
5522
5633
3188
4109
3630
5879
5902
4403
3794
6091
5168
5292
5381
5314
4628
4027
3672
3513
4120
4097
4740
5132
3051
3420
4456
4435
4860
5072
4692
4363
3264
5156
4933
4832
4637
4251
4599
4754
3475
4464
5584
4570
4654
4029
5455
3843
5470
4238
5627
4374
4577
4901
5511
6055
6055
5494
4770
5773
4498
4500
5111
5032
4872
4460
4773
5070
5198
5384
4817
4180
4538
4584
5743
4887
5032
5423
6066
4287
3760
5447
5480
4936
4495
5688
4714
6045
5937
5438
5104
5493
5251
4656
5024
6053
5677
5399
5590
4894
4542
4723
4572
4868
4049
5571
5384
5737
4512
5389
4930
4889
4179
4494
4864
3907
5479
4457
4950
4506
4516
5357
5157
4547
5261
5430
5101
4994
4358
5374
4238
5207
4778
4402
4441
4881
4245
4456
5275
5768
4436
4764
4835
4590
5395
4387
4572
4381
4370
4148
3973
4395
4759
4342
4177
5534
5499
5168
4629
5280
5745
5689
5399
5446
5722
5017
5223
5413
3121
3857
4324
5381
5355
5387
4734
4985
4528
4606
4674
5430
5636
5532
4953
4964
4367
5027
4948
4100
4453
4481
4032
5070
4953
4361
5148
4125
5053
4583
4586
4609
5138
5552
4490
4620
4342
4661
4657
4434
4607
4085
4696
5168
4269
4523
4563
4600
4144
5171
4346
4244
4679
4259
4428
4706
5738
5207
4428
4612
4844
4786
4645
5035
4919
5020
4433
4351
4499
4421
4766
4707
5109
4986
4803
4854
4593
4680
4458
4788
4518
4526
4451
4494
4571
4604
4949
5161
4998
4385
5760
5324
4958
4595
4050
5113
5055
4096
4908
4754
4420
4552
4533
5049
4757
5351
4671
5114
4726
5096
4993
4516
4602
4710
4947
5013
4703
4711
4922
5192
4740
4781
4403
4770
5112
5079
4900
5099
5006
5157
5031
5120
5152
5164
4781
5077
5028
5024
5080
4939
4946
5054
4974
5086
5136
5054
5154
5112
5043
5032
5068
4961
5040
5105
5126
5064
4970
5076
5108
5046
5030
5154
4774
5043
5046
3472
4900
4577
3939
4531
4214
4476
4223
4768
4504
4521
4936
4962
5064
4972
5090
4271
4601
4959
4918
4857
4440
4891
3362
4751
3352
4598
4898
4297
4897
4509
5028
3243
4909
4849
4552
3315
4704
4851
4969
5002
4923
4771
4707
4917
5017
3098
4781
4922
5033
5030
5028
4673
4974
4648
4503
5008
5073
4714
4911
4966
4801
4896
4959
4948
4998
4927
4920
4769
5042
4952
4997
4997
5022
4725
4678
4916
5071
4842
5052
5061
4432
4913
4913
4165
4944
4754
4875
4905
4914
4474
4575
4511
4845
5080
4613
5083
5130
5036
5073
5056
4397
5102
5150
5097
4859
4966
5106
4869
5001
5113
4926
4858
4976
5097
4518
4918
4872
4020
4160
4419
4996
4553
4406
5026
4853
5318
5018
5257
5415
5364
5366
5375
5510
5273
5295
5326
5507
5429
5479
5393
5172
5438
5435
4785
5340
5486
5454
5425
5368
5426
5235
5318
5443
5207
5322
5417
5499
4909
5040
5433
5610
5542
5581
5476
5120
5429
5172
5388
5380
5544
5537
5422
5610
5323
5516
5551
5325
5493
5478
5461
5604
5332
5470
5220
5397
5026
5377
4942
4899
5246
5160
5323
5293
5489
5255
5329
5594
5215
5528
5475
5376
5062
5556
5436
5083
5465
5398
5527
5353
5424
5452
5327
5419
5137
5401
5470
5410
5477
5506
5474
5732
5098
4966
5581
5213
5549
5410
5521
3937
5428
5332
5292
4744
5308
5386
5179
5191
5367
5224
5577
5519
5186
5023
5618
5115
5201
5372
5418
5291
5639
5050
2947
5100
5634
5700
5676
5411
5173
4897
5231
5527
5419
5414
5060
5384
5337
5540
5599
5594
5667
5524
5034
5293
5510
5478
5539
2914
5063
5258
5427
5256
5556
5426
5491
5663
5090
5407
5589
5600
5253
5581
5636
5621
4880
5211
5553
5461
5657
5627
5715
5167
5682
5541
5440
5215
5410
5424
5455
5551
5536
5108
5178
4544
5517
4613
5506
5304
5340
5283
5785
5479
5667
5662
5352
5758
5376
5658
5586
5568
4729
5493
5493
5481
5534
5488
5320
5559
5527
5542
5439
4235
5663
5366
5469
5287
4976
5421
4749
5478
5406
5509
4989
5435
5417
5340
4683
5114
5357
5586
5385
5355
5567
5505
5554
3371
5575
5405
5464
5300
5576
5403
5190
5591
5505
5025
5326
5484
5291
5546
5629
5659
5575
5324
5700
5259
5228
5546
5522
5272
5450
5609
5117
5501
5422
5416
5659
5496
5498
5571
5329
5539
4848
5428
5505
5576
5549
5392
5612
5215
5498
5582
5584
4827
5590
5405
5293
5482
5409
5175
5531
5235
5379
5573
5269
5519
5631
5063
5641
3231
5487
5394
5591
5312
5720
5314
5478
5415
5320
5475
5404
5562
5525
5677
5683
5651
5509
5227
5541
5650
5636
5797
5678
5560
5671
5558
5565
5602
5583
5400
5465
5743
5006
5592
5348
5444
5327
5251
4835
5351
5192
5594
5347
5437
5729
5377
5696
5164
4945
5079
5025
5675
5392
5106
4757
5506
5615
5608
5289
4917
5373
5260
5371
4988
5210
5579
5536
5162
5465
5828
5601
5455
4403
5693
5488
5537
5514
5697
5804
5681
5196
5289
5734
5803
5556
5774
5614
5852
5849
5318
5755
5716
4648
5399
5666
5489
5347
5524
5603
5515
5438
5660
5861
5783
5688
5563
5696
5244
5911
5716
5522
5695
5821
5920
5764
5771
5908
5974
5354
5573
5878
5552
5719
4930
5648
5272
5874
5557
5551
5743
5313
6027
5728
5289
5583
5878
5724
5866
5831
5907
5513
5573
5909
5707
5827
5378
5866
5809
5388
5601
5745
5665
5590
5681
5512
5734
5319
5588
5455
5399
5633
5653
5779
5540
5542
5531
3465
5562
5831
4886
5424
5335
5454
5459
5531
5368
5487
5538
5274
5672
5525
5427
5018
5603
5398
5538
5603
5627
5503
5692
5553
5428
5071
4539
5103
5108
5325
5008
5410
5462
5681
5380
5704
5594
5239
5825
5330
5564
5506
5710
5461
5571
5243
5486
5530
5587
5089
4874
5174
5639
5262
5444
5749
5343
6019
5880
5676
5519
5389
5212
5340
4915
5479
5593
5537
5893
5527
5452
5713
5682
5749
5493
5767
5737
5609
5282
5745
5270
4960
4874
5449
4412
5636
5351
5376
4952
4444
5320
5193
5418
5198
5453
5070
5265
5714
4793
5172
5049
5360
5320
4934
5139
5115
5193
5306
5133
5401
4213
4143
4069
5410
5333
5611
5356
5318
4365
5687
5484
5090
5172
5514
5381
5142
5505
5448
5646
5595
5237
5419
5354
5422
5234
5127
4927
5276
5194
5098
5501
4985
5438
5091
5062
5169
5029
5308
5186
4828
5643
5242
5104
5303
5188
5042
5166
5182
5176
5055
5023
5096
4546
4081
4457
4851
5286
4869
4974
5254
5248
5511
5525
5362
5183
5492
5457
5564
4397
5092
3967
5323
5336
5583
5159
5167
5255
4884
5377
5544
5387
5498
5198
5487
4967
5537
5571
5231
5302
5525
5278
5086
5122
5237
5676
5387
5267
5072
5561
5242
5401
5138
4962
5014
5547
5303
5251
5356
5256
5342
5101
4942
5048
5298
5310
5080
5250
5382
5110
5611
5230
5435
5271
5506
5514
4367
5251
4116
5445
4953
5151
5508
5428
5214
5232
5141
5269
4464
5043
5318
5526
5436
5248
5479
5039
5281
4539
5129
5493
5351
5299
4050
5023
5151
5006
4910
5139
5226
5146
5251
5308
5200
4896
5227
5107
4844
5099
5156
4826
5132
5151
5221
5207
4909
5088
5199
5352
5193
5064
5093
5232
5030
5266
5234
5047
4884
5339
5182
5261
5344
4594
5211
5256
4851
5131
5084
5156
4971
4392
5254
5097
5287
5249
5309
5162
5170
4742
5331
5132
5384
5139
5042
5138
5070
5276
5195
5139
5315
5260
5094
4778
4847
5225
5087
5188
5130
5132
4887
4908
5265
5268
5058
5267
5214
4916
5285
5143
5451
5259
5254
5182
5050
5238
5453
5642
5522
5753
5617
5206
5462
5653
5508
5592
5530
5494
5386
5364
5532
5106
5450
5419
5455
5704
5704
5774
5252
5532
5402
5200
5516
5198
5664
5388
5624
5231
5454
5527
5405
5440
5633
5253
5137
5225
5329
5146
5547
5246
5536
5448
5549
5443
5042
4942
5215
5013
4810
5086
4920
4868
4708
4412
4618
5029
5013
4875
5049
5279
5154
4644
4912
5411
5034
5209
5475
5479
5144
4818
5223
5279
5545
5202
5524
5159
5241
5057
5622
5264
5702
5216
5065
5291
5291
5289
5310
5250
5043
5376
5464
5382
5195
4894
5245
5117
4925
5004
5181
5296
5434
5433
4821
4932
5069
3865
5502
4414
5570
5344
5579
5360
5558
4948
5320
4737
5623
5308
5362
5361
5160
4987
5213
4971
5139
4910
4979
5254
5401
5126
5199
5381
5192
5180
5099
5146
4781
5219
5297
5108
5217
5091
5042
4897
5127
5428
5213
4898
4971
5214
5115
5227
5279
4948
5186
5100
5198
5367
5058
5395
4828
5323
5149
5320
5291
5065
5122
5006
4937
5131
4930
4858
5157
5172
5117
5010
4731
5234
5490
5605
4997
5133
4977
5170
5258
4939
5040
4998
4983
5091
4685
5245
4969
5081
5118
5148
5088
4919
4956
5189
4939
4700
5012
4885
4846
5085
4892
4968
4954
4719
4960
4910
4932
4951
5029
5192
5313
5156
5190
5146
5048
5181
5170
5224
4968
5071
5488
5151
5125
5197
5252
5150
5560
5341
5345
5212
5175
5394
5332
5183
5167
5168
5157
5196
5207
5332
5416
5273
5058
5421
5118
5304
5384
4973
5349
5400
5393
5201
5463
5821
5495
4787
5283
5333
5499
5141
5468
5368
5309
5342
5268
5714
5533
5231
5458
5303
5354
5758
5291
5340
5740
5272
5375
5722
5454
5589
5546
5600
5735
5527
5585
5705
5359
5671
5511
5385
5547
5518
5440
5657
5509
5790
5536
5459
5337
5462
5513
5606
5638
5569
5447
5526
5528
5800
5727
5689
5700
5431
5640
5506
5442
5338
5525
5603
5476
5139
5707
5513
5407
5440
2941
5564
5356
5568
5547
5338
5539
5501
5545
5554
5227
5320
4360
5551
5543
5396
5639
5466
5264
5618
5386
5461
5468
5371
5459
5453
5486
5496
5274
5123
5146
5553
5542
5664
5646
5417
5455
5766
5246
5413
5274
4285
5479
5340
5316
5301
5327
5276
5405
5158
5143
5163
5318
5297
5082
5323
5218
5437
5273
5371
5497
5398
5326
5283
5385
5459
5345
5188
5394
5443
5550
5473
5353
5150
5217
5053
5220
5228
5285
5285
5072
5390
5085
5239
5041
5399
5302
5341
5591
5390
5434
5288
5367
5311
5349
5170
5348
5340
5564
5740
5467
5451
5551
5243
5326
5569
5401
5358
5921
5438
5372
5575
5171
5480
5411
5384
5227
5459
5344
5451
5531
5445
5487
5374
5376
5359
5270
5612
5470
5284
5376
5466
5578
5721
5361
5371
5428
5608
5628
5550
5440
5371
5279
5458
5435
5539
5431
5466
5567
5025
5476
5608
5463
5576
5184
5443
5667
5489
5640
5540
5516
5493
5804
5303
5597
5745
5753
5566
5452
5542
5463
5661
5635
4748
5722
5528
5490
5596
5637
5337
5259
5642
5754
4685
5748
5418
5409
5640
5449
5341
5581
5160
5417
5291
5507
5124
5423
5406
5229
5416
5473
5270
5290
5343
5147
5436
5481
5077
5525
5557
5328
5454
5142
5433
5440
5465
5203
5463
5259
5204
5434
5542
5464
4765
5529
5339
5144
5317
5516
5368
5452
5616
4512
5145
5413
5309
5372
5361
5180
5331
5262
5293
5417
5426
5433
5464
5495
5589
4873
5651
5014
5514
5306
5204
5476
5596
5521
5451
5285
5408
5078
5474
5586
5378
5406
5389
5514
5546
5557
5519
5450
5388
5530
4808
5573
5325
5363
5268
5458
5466
5363
5466
5487
5547
5356
5432
5321
5433
5180
5370
4940
5385
5469
5469
5488
5394
5432
5256
5488
5386
5429
5224
5342
5203
5451
3174
5396
5641
5332
5152
5252
5594
5727
5403
5352
5160
5028
5612
5436
5613
5440
5433
5537
5349
5408
5480
5638
5411
5195
5355
5486
5529
5469
5317
5462
5192
5100
4921
5527
5646
5474
5816
5577
5220
5275
5331
5252
5070
5191
5468
5805
6073
5373
5953
5563
5235
5945
5494
5497
5686
5987
5756
5491
5192
5587
5556
5575
5874
5995
5327
5351
5769
5961
5637
5850
5946
6126
5993
5861
5889
5833
5222
5372
5328
5506
5756
5284
5314
5404
5266
5340
5517
6150
5835
5675
5900
5387
5381
5242
5973
5266
5714
5617
5713
5615
5459
5480
5298
5365
4976
5520
5217
5068
5387
5284
5405
5484
5304
5785
5365
5326
5300
5575
5250
5056
5576
5715
5813
5712
5323
5217
5775
5377
5362
5742
5472
5281
5379
5011
5137
5501
5214
5196
5540
5264
5595
5238
5046
5121
5461
5165
5348
5405
5328
5344
4855
5371
5303
5435
4753
5480
5363
5579
5348
5570
5540
5255
5499
4730
5536
5490
5399
5243
5365
5411
5539
5556
5437
5655
5686
5479
5415
5332
5188
5417
5537
5576
5331
5629
5527
5631
5643
5573
5513
5513
5555
5592
5285
5491
5437
5543
5631
5702
5611
5603
5536
5633
5676
6016
5961
4561
4387
5540
5496
5393
5423
5164
5704
6035
5599
5360
4532
5494
4655
5943
5180
5559
5829
5094
5299
5432
5506
5514
5761
5494
5428
5409
5500
5447
5465
5814
5090
5540
5553
5462
5656
5398
5537
5622
5318
5704
5533
5753
5832
5611
5531
5671
5090
5553
5458
5558
5719
5955
5739
5828
5440
5403
5823
5885
5763
5908
5795
5670
5765
5855
5205
4982
5492
5479
5608
4777
5115
5283
5658
5337
5273
5152
5564
5660
5233
5255
5456
4510
5485
5583
5737
5479
5602
5437
5462
5408
5540
5231
5404
5057
5302
4902
5350
5522
5564
5545
5282
5575
5550
5605
5501
5139
5444
5410
5483
5543
5664
5279
5589
5444
5609
5305
5616
5622
5472
5476
5493
5733
5231
5428
5375
5641
5660
5561
5382
5515
5319
5605
5595
3953
5648
5445
5546
5475
5453
5560
5195
5731
5641
5798
5636
5899
5782
5421
5739
5835
5875
5709
5925
5629
5907
5599
5687
5839
5743
5476
5567
5817
5769
5769
5888
5647
5691
5777
5849
5358
5612
5679
5658
5632
5852
5577
5728
5894
5747
5722
5844
5023
5471
5655
5898
5742
5784
5795
5863
5517
5582
5941
5902
5836
5770
5696
5889
5638
5822
5703
5732
5761
5848
5677
5897
5878
5959
5777
5870
5694
5103
5916
5593
5488
5549
5636
5497
5451
5142
5568
5517
5525
5560
5598
5623
5659
5399
5692
5747
5454
5818
5567
5597
5407
5522
5492
5754
5564
5657
5697
5472
5579
5337
4385
5487
5440
5635
5464
5552
5386
5361
5526
5575
5732
5325
5628
5694
3840
5480
5631
4417
5371
5442
5205
5456
4823
5382
5240
5141
5227
4926
4429
4320
5157
5309
5060
5152
5410
3771
5442
5558
5381
4856
5647
4400
5655
5564
5526
5110
5661
4986
5601
5747
5621
5445
5634
4483
5392
5316
5675
5650
5563
5509
5363
5779
5636
5862
5432
5752
5632
5437
5648
5653
5218
5372
5659
5784
5721
5477
5438
5642
5647
5154
4770
5605
4445
5771
5627
5690
5411
5452
5600
5501
5455
5628
5766
5552
5549
5703
5641
5505
5186
5320
5467
5527
5264
5460
5124
5330
3577
5608
5513
5302
5703
5717
5852
5454
5512
5549
5600
5438
5713
5020
5570
5376
5434
5306
5411
5462
5378
5211
5350
5167
5096
5303
5309
5408
5424
5291
5369
5229
5076
5177
5211
4978
5094
5126
5340
5073
5253
4915
5180
5177
5180
5297
5361
5169
5030
5094
5130
5193
5300
5399
5245
5357
5086
5301
5399
5161
5115
5125
5262
5279
5201
5231
5175
5238
3974
5193
5232
5021
5144
5226
5416
5330
5458
5383
5024
5277
5188
5194
5076
5255
5262
5287
5019
5158
5281
5168
5285
5212
5339
5127
5064
5096
5027
5391
5531
5347
5235
5390
5396
5508
5065
5222
5484
5424
5609
5427
5606
5116
5280
5221
5234
5228
5130
5230
5314
5389
5110
5407
5195
5359
5274
5206
5280
5349
5452
5082
5278
5424
5487
5357
5406
5715
5678
5482
5571
5595
5657
5556
5174
5505
5554
5772
5448
5523
5350
5489
5455
5324
4992
5305
5439
5331
4950
5078
5285
5253
5003
5106
5300
5075
4983
3382
4162
4700
5168
5312
4965
4388
5181
4579
4433
5248
5274
5314
5162
5228
4764
4878
5364
4848
5142
5095
5028
5209
5060
4892
5528
5195
5130
5308
5037
5091
5215
5431
5324
3316
5221
5116
5528
5459
5474
5446
5307
5319
5243
5144
4987
5184
5195
4657
4951
5112
5237
5094
2810
5262
5158
5115
5343
4921
5338
5037
5310
3608
5417
5210
5442
5310
5216
5332
5076
5741
5481
5241
5122
5467
4089
5360
5263
4609
5390
5570
5608
5055
5731
5629
5622
5119
5442
5429
5410
5458
5004
5312
5314
5299
5135
5456
4509
5505
5433
5501
5141
5357
4870
5307
5669
5331
5300
5004
5071
5386
5191
5428
5159
5056
5270
5323
5082
5168
5163
4756
5321
5033
5460
5191
4798
4582
4747
4482
5128
5162
5208
4881
2829
4740
4912
5073
5318
5027
4886
4939
5135
5189
5342
4770
4644
5538
5277
4773
4858
4516
5426
4930
4705
5518
4839
5454
5585
5261
4378
5124
5434
5364
5370
5432
5308
5491
5278
4830
5390
3958
5509
5292
5535
5469
5224
5288
5363
4959
3439
5435
5059
5393
5419
3716
4594
5000
4989
5007
5257
5249
5626
5633
5687
5422
4571
3814
5697
5760
5392
5657
5451
5655
5655
5759
5784
5418
4281
5637
3274
5093
5574
5676
5550
5676
5454
4784
5204
5306
5363
5539
5168
5385
4745
4859
3099
5069
5510
3951
4505
5622
5393
5416
5341
5652
5579
5519
5584
5110
5292
5593
5532
5273
5472
4903
4557
4869
5325
5294
5318
5516
5518
5453
5457
5421
5214
5358
5310
5206
4994
5350
5085
4969
3897
4895
4513
4028
5071
5230
5107
5036
5102
5187
5255
5241
5307
5300
5467
5457
5290
5139
4996
5380
5392
5152
4930
2669
5362
5386
5510
5066
5042
5232
5341
5410
5415
5395
5295
5290
5444
5334
5085
5112
5250
4877
5104
4981
5072
5119
4537
5274
5211
5010
5024
4553
5015
5140
4900
4743
5174
5283
5023
5194
5072
4949
5203
4908
5018
5044
5357
5379
5120
5249
4528
4657
4670
5094
5270
5141
5138
5136
5167
5214
4782
4891
5330
5252
4450
5154
5215
5162
5285
5501
4737
5185
4935
3157
5268
5168
5262
5257
5265
5289
5108
5099
5272
5142
5163
5475
5430
5423
4864
4907
4974
5594
5203
5638
5746
5216
4990
4665
3624
5625
5461
4585
5147
5440
5560
5188
5589
5158
5421
5338
5118
4968
5659
5570
6185
6059
4910
5735
4972
5460
5872
5572
5396
5890
5571
5296
5327
4415
5281
4862
5615
5413
4460
5494
5438
5150
5747
5565
5240
5853
5735
5551
5952
5832
5276
6063
6078
5784
5675
5954
5926
4906
5419
4727
5079
4684
5371
4874
5502
5744
5928
5552
5086
5646
5012
5085
5181
5275
5229
4910
5410
5260
5430
5402
5356
5319
5109
5311
5340
5509
5603
5892
5660
5444
5941
5173
5334
5078
4968
5216
4932
5380
5488
5270
5628
5437
5104
4256
5209
5688
5576
5471
5167
5432
5042
5395
5493
5481
5506
5287
5473
5546
5869
5454
6014
5724
5936
5838
5566
5889
5564
5121
5271
5426
5918
5707
5528
5563
5111
5677
5464
5478
5230
5310
4876
5372
5300
5402
5399
5258
5676
5053
5296
5580
5746
5427
5130
5389
5267
5383
5478
5358
4285
5323
5358
3911
4993
5374
5514
5374
5243
5204
3871
5581
5363
5285
5662
5349
5394
4977
4979
5459
4796
5281
5667
5005
5194
5053
5116
5367
5366
5637
5324
5583
5619
5752
5574
5446
5640
5408
5060
5518
5404
5545
4998
5020
5075
5025
5686
5348
5528
5702
5233
5343
5369
5419
5250
5374
4791
5244
5353
5328
5737
5670
5359
5431
5496
5548
5853
5014
5605
5000
5289
4159
5399
5390
5532
5455
5392
5543
5473
5606
5229
5721
5579
5690
4888
5168
4871
5701
5588
5480
4868
4373
5562
5554
5699
5620
5693
5751
5426
5423
5584
5454
5734
5566
5771
5731
5654
5498
5412
5684
5645
5585
5609
5755
5539
5598
5883
5527
5613
5736
5632
5738
5554
5512
5619
5718
5772
5819
5700
5698
5531
5533
5554
5103
5220
5639
5231
5336
5371
5550
5548
5502
5603
5490
5771
5508
5647
4773
5616
5349
5561
5204
5443
5729
5739
5741
5020
5593
5371
5654
5486
5428
5496
5035
5309
5631
5388
5596
5669
5486
5483
5630
5680
5473
5188
5500
5513
5572
5539
5411
5190
5726
5642
5366
5545
5437
5728
5315
5296
5659
5587
5768
5830
5151
5307
5611
5319
5326
5796
5856
5743
5711
5088
5291
5570
5363
5159
5805
5178
5569
5210
5413
5152
5411
4925
5632
5311
5723
5363
5063
5471
5758
5670
5702
5756
5668
5494
5744
5629
5469
5595
5632
4900
5414
5559
5214
5671
5770
5383
5525
5698
5131
5583
5728
5593
5599
4832
5030
5266
5483
5279
5163
4964
5027
5244
5242
5134
5309
5587
5467
5667
5331
5511
5636
5516
4907
4868
5310
5707
5695
5449
5736
5159
3788
5400
4076
5158
5054
5482
5559
3482
5065
5521
5689
5464
5658
5715
5337
5498
5441
5491
5615
5627
5332
5421
5135
5355
5598
5255
5524
5629
5628
5511
5514
5570
4928
5338
5247
5416
5059
5441
4876
5511
5106
4590
5341
5237
5276
5127
5428
4710
5317
5593
5599
5145
4737
5329
4856
5210
5575
5389
5269
5013
5019
4854
4754
5171
5409
5429
5093
5407
5189
5319
4944
4820
5549
5335
4560
5498
5734
5623
5474
5430
5511
5393
5500
5558
5688
5720
5682
5698
5249
5750
5712
5070
5791
5690
5775
5753
5627
5775
5641
5733
5437
5582
5756
5763
5571
5811
4511
5319
5398
5428
5657
5609
5763
5768
5551
4120
2814
5703
5751
5804
5653
5632
5725
5691
5232
5670
5715
4810
5560
5750
5544
5530
5692
5504
5621
5311
4487
5603
5670
5583
5815
5690
5536
5595
5403
5593
5630
5523
5371
5845
5766
5563
5528
5481
5683
3930
5620
5773
5484
5710
5348
5526
5536
5663
5660
5614
5565
5319
5360
5438
5636
5419
5309
4806
5532
5192
5547
5407
5384
5456
5424
5399
5486
5178
5409
5201
5571
5458
5556
5456
5585
5120
5084
5407
5008
5447
5391
5563
5530
4714
5073
5215
4549
5183
5443
5515
5573
5562
5599
5630
3450
5370
5364
4932
5517
4717
4926
5076
5043
5007
5004
5136
5237
5008
4760
5006
4988
4563
5224
4953
5037
4934
5020
4953
5396
5065
5524
5232
5062
5243
5329
4934
4842
5153
5047
4982
5475
5501
5422
5366
5506
5809
5715
5585
5491
5149
5503
5216
5595
5058
5512
5854
5219
5216
5197
5514
5699
5466
4871
5403
5526
5266
5727
5780
5847
5767
5787
5598
5614
5750
5623
5906
5587
5646
5662
5654
5812
5836
5888
5642
5549
5857
5818
5914
5818
5940
6021
5861
5747
5894
5739
5821
5958
5729
5802
5602
5685
5901
5803
5785
5795
5939
5843
5887
5739
5933
5837
5811
5925
6050
6012
6024
5917
5914
5989
5855
5779
6020
6016
5980
5849
5816
5802
5787
5724
5951
5682
5941
5880
5918
5987
5950
5948
5978
5886
5883
5813
6037
5797
5724
5772
5546
5663
5744
5754
5822
5849
5991
5878
5879
5849
5709
5905
5817
5926
6091
5980
5471
5736
5416
5866
5656
5640
5726
5701
5542
5580
5566
5572
2645
5942
5463
5515
5862
5745
5842
5702
3177
5767
5422
5761
5683
5952
5292
5767
5326
5612
5399
5520
5401
5660
5878
5572
5540
5694
5638
5677
5615
5802
5662
5568
5739
5880
5716
5587
5523
5738
5702
5604
5572
5697
5549
5841
5468
5808
4735
5616
5638
5656
4702
5474
5747
5487
5497
5401
5591
5516
5674
5136
5516
5387
5740
5688
4340
5649
5557
5731
5592
5410
5770
5750
5723
5720
5799
5504
5712
5310
5831
5861
5375
5662
5531
5845
5634
4351
5733
5592
5757
5686
5481
5565
5578
5644
5498
5427
5694
4524
3927
4450
3547
5776
5793
5750
5733
5821
5707
5863
5591
5429
5779
5917
5718
5839
5850
5790
5784
5953
5762
5875
5768
5562
5774
5752
5696
5811
5832
5865
5855
5878
5783
5689
5557
5594
5695
5695
5529
5661
5510
5388
5512
5539
5388
5459
5400
5653
5580
5635
5695
5487
5492
5474
5477
5523
5380
5388
5476
5492
5696
5671
5573
5442
5882
5801
5734
5222
5679
5677
5767
5536
5456
5414
5465
5542
5683
5624
5763
5399
5545
5448
5413
5627
5479
5632
5537
5378
5555
5659
5492
5614
5596
5428
5710
5625
5842
5601
5580
5658
5674
5801
5746
5765
5625
5991
5826
6056
5917
5804
5481
5638
5502
5587
5574
5366
5700
5763
5758
5708
5595
5329
5908
5827
5732
5783
5670
5869
6111
5935
5845
5905
6008
5774
5810
5935
5791
6057
5657
5749
5829
5991
5652
5831
5708
5794
5618
5779
5903
5957
5323
5803
5706
5749
5851
5921
5896
5737
5907
5864
5829
6065
5732
6002
5859
5524
5817
5869
5861
5659
5802
5624
5524
5371
5560
5590
5710
5444
5310
5410
5338
5304
5722
5855
5439
5860
5705
5732
5504
5715
5546
5831
5145
5065
5412
5403
5310
5432
5354
5449
6006
5422
5369
5620
5750
5849
5764
5779
5678
5229
5763
5434
5587
5200
5391
5399
5588
5370
5363
5614
5492
5521
5577
5728
5462
5699
5717
5240
5408
5663
5496
5215
5428
5652
5523
5621
5603
5439
5843
5781
5596
5621
5224
5340
5222
5410
6032
5607
5890
5475
5142
5598
5764
5802
5311
1438
5330
5440
5568
5664
5468
5587
5803
5861
5800
5392
5606
5688
5560
5697
5666
5518
5638
5766
5685
5247
5400
5469
5719
5212
5483
5716
5776
4096
5480
5460
5833
5566
5912
5864
5502
5486
5365
5526
5315
5660
5837
5694
5511
5799
5737
5480
4996
5467
5278
5327
5331
4970
5382
5630
5366
5668
5787
5724
5658
5536
5467
5247
5751
4800
5601
5467
5453
5091
4713
4703
5716
5709
5356
5500
5262
5520
5758
5678
5332
5646
5780
5876
5864
5648
5779
5995
5785
5447
5304
5320
5329
5763
4258
3879
3218
3112
2968
3700
4643
6035
5566
5621
6102
6025
5346
5728
5481
2607
3835
4093
3778
5530
5008
4271
4538
3199
4459
5899
3810
5514
4231
6151
5656
6089
4115
5811
4865
4739
5381
5027
4954
5071
4552
4167
4416
5520
5479
5678
5731
5499
4823
4528
1994
3085
5615
5685
6003
5537
5233
5212
5589
4378
3124
5272
5547
5195
3275
4118
5678
4107
5892
6115
5636
6026
6097
6164
6164
5766
3995
5182
6136
6158
3915
2898
5573
5415
3822
5282
3766
5430
6086
5543
5567
5824
5804
5080
5676
5971
5974
6081
6011
6044
6058
6055
6053
3649
6086
5854
6121
4460
6106
6106
3623
6000
6001
6119
6115
5817
6127
5834
3985
5547
4800
4058
4652
3748
5814
5381
4503
4251
5724
4851
6012
6065
6090
5654
6088
6131
6132
6054
6116
6010
5827
6104
5995
5997
6106
6049
6095
5781
5558
5967
5951
5767
4725
5729
6084
6137
6085
6109
6106
6064
6118
6063
5284
6012
6127
5872
5894
5961
6123
5934
5968
6093
5904
5869
6090
6121
5772
5751
5736
5797
5963
5855
5766
5937
5870
6021
6125
5886
6124
5950
5895
5980
5866
5923
5924
6120
3658
5953
5852
6047
5476
5829
5847
5639
5573
5937
5716
5792
5812
5953
5846
6088
6031
6114
5717
6110
5657
6042
6103
6109
6100
5945
5943
6060
6113
5945
5786
5884
5575
5483
5683
5646
4609
5304
5102
5981
5484
5966
5978
5970
5604
5926
5967
5730
5954
5999
5798
5919
5933
5967
6067
5833
5796
5959
6094
5925
5926
5965
5731
5744
5973
5850
5811
5890
5881
5898
5876
5992
5933
5857
5893
5980
5907
5630
6039
5979
6013
5740
5967
5793
5998
5729
5843
5986
5904
5483
5924
5895
6020
5917
5878
6026
5859
5903
5753
5933
5667
5843
5842
5831
6021
5871
6034
6074
6039
5793
5874
5895
5954
5362
5784
5874
5870
5526
5952
5956
5836
5711
5844
5835
5850
5829
6060
5843
6077
5953
5918
5544
5480
5908
5942
5833
5815
5898
5925
5906
5931
5858
5680
5913
5829
5791
5712
5934
5750
5699
5335
6049
5786
5521
5948
6029
5952
5475
5913
5774
5980
5725
5415
5126
5430
5600
5424
5084
5964
5426
5657
5419
5519
5866
5906
5718
5519
5477
5419
5719
5987
5976
6006
5964
5729
5628
5677
5653
5646
5611
5672
5369
5236
5714
5933
5699
5835
5665
5631
5527
5435
5508
5777
5377
5808
5380
5586
5430
5520
5640
3716
5646
4472
5753
5988
5902
5377
5379
5663
5747
5553
5842
5606
5578
5574
5823
5973
5753
4892
5755
5779
4846
6023
5999
6000
5501
5548
5304
6049
5487
5317
5961
5903
5941
5768
5253
5104
5000
4853
5894
5327
5125
5267
5631
5513
5715
5591
4995
5059
5201
5614
5178
4890
4909
4649
5074
4687
5437
5528
5381
5160
5078
5295
5320
5090
5442
5432
5492
5674
5383
4638
5635
5097
5250
4731
4683
5633
5504
4622
4308
4351
4768
5593
5577
5635
4271
5307
5570
5640
5408
5524
5097
4805
4682
5867
5566
5415
5580
5398
5240
4214
4832
4377
4617
5427
5082
5797
6038
6011
5197
4864
4351
4315
4520
5125
5644
4972
5099
5796
5844
5803
5897
6014
4461
5792
6018
5094
5769
5583
5852
5504
5728
5416
5668
5595
5731
5489
5539
5497
5737
5596
5664
5674
5722
5699
5672
5688
5811
5549
5960
4456
5574
5363
5581
5841
5621
4684
4530
5707
6026
5895
5700
5696
5968
5922
5013
5731
5802
5588
5545
5711
5903
5829
5853
5752
5904
5996
5775
6026
5817
5709
5873
6125
6105
6036
6108
5736
6075
6026
6067
6048
5994
6023
6000
6050
6030
5978
6067
5950
6049
5927
6025
6044
5817
6116
5967
5973
5967
6098
6116
3357
5767
6110
5464
6084
6017
6038
5999
3968
6044
6121
6004
5955
6080
5970
6019
6081
5279
1000
5981
6006
6004
5206
4825
4124
6060
5953
5756
6052
6124
5650
5905
6141
5894
6128
6149
5981
6093
5988
6099
6140
5907
5898
5918
5876
6024
6095
6123
6132
6139
6124
6128
6086
6134
6146
5892
5951
5720
5926
5940
6122
5890
6128
6129
6139
6104
6144
5749
5995
5823
5560
2727
6098
6139
5938
6090
5711
6016
6074
6106
6111
6011
6018
6021
6011
6115
6128
5789
6061
6084
5924
6054
5911
6108
6009
6054
6063
6056
6020
5970
5859
5819
6063
5738
5998
5996
6006
5856
5893
6015
5762
5956
5978
5951
5932
5810
5802
5975
5854
5532
5860
5779
5826
5952
6034
5828
5763
5968
6113
6136
6099
6075
5880
6073
6073
5893
6010
6105
6102
6128
6086
6098
5674
5868
6062
4967
4251
5848
5922
5953
5741
5641
5670
5940
5686
6071
5412
5503
5946
6074
6040
5871
6062
5868
5895
5940
5906
5507
5872
5777
5897
6092
5366
5995
5707
5928
5631
5994
6095
5905
6107
6057
6042
6070
5916
6084
6058
6097
6086
5977
6088
6034
6092
6067
6095
6040
6070
6077
6097
5587
5921
5903
5582
5501
5519
5706
6061
5635
5960
5730
6086
5558
5752
5821
5801
5644
6085
6071
6107
5694
5925
5870
4087
5849
6094
6030
6070
5969
5944
6036
6062
6001
6023
6015
5978
5855
5723
5850
5999
5927
5951
6062
5951
5930
6062
5832
5555
6052
5991
5908
5948
5805
5772
5871
6007
5906
5959
5994
5940
6017
6023
5881
5907
5834
6050
6023
6021
5905
5851
5976
5726
5634
6032
6004
6056
5800
6036
5936
5613
5787
5809
5734
5596
5975
6095
5791
5962
6000
5766
5962
5706
6055
5901
5874
5851
5882
6102
5598
6025
6090
6085
5926
3341
5865
6002
5946
5671
5808
5796
5795
6018
5661
5950
4571
6037
6053
6049
5999
5712
5507
5644
5723
5894
5644
5741
5579
5607
5780
5728
5574
6068
5956
5691
5950
5812
5730
5619
5664
5816
5901
5791
5615
5848
5598
5541
5661
5719
5821
5504
5893
5395
5674
5568
5791
5842
5936
5559
5810
5929
5832
5829
5961
5942
6071
5838
5892
5995
6007
5829
5772
5940
5821
5731
5629
5801
5330
5578
5980
5941
5913
5974
5856
6031
5789
5797
5866
5836
5791
5374
5799
5690
5863
5749
5733
5753
5724
5368
5424
5753
5738
5511
5495
5612
5112
5383
5136
5491
5693
5477
4758
5635
6054
6060
6015
6024
5938
5903
6002
5764
5887
5922
5826
5851
5975
6026
5612
5695
5938
6100
5931
6011
5937
6060
6116
6019
5961
5955
5939
5857
6075
6015
5911
5989
6044
6093
6105
6106
5830
5632
5604
5876
5946
5667
5733
5830
5868
5788
5665
5783
5930
6083
5886
4991
5922
6058
6058
6113
6084
5670
5747
5783
5953
5825
5986
5999
5714
6109
6052
5813
5686
6106
6014
5911
6051
5529
5963
5955
5901
5052
5923
5732
6075
5589
5728
5732
5897
5743
5591
5439
5500
5315
5323
5770
5887
5751
5353
5749
5745
6012
5699
5633
5729
5679
6052
6022
4627
6134
5654
5532
5384
5564
4773
5985
5641
5882
5830
5562
5589
5423
5811
5302
5390
5425
5614
5403
5331
5746
5461
5364
5579
5198
5298
5466
5488
6114
5824
6115
5628
5640
5642
5959
6078
5899
5743
5919
5440
6113
5780
5266
5724
5647
5252
5876
5947
5383
5787
5940
5816
5561
5337
5860
5965
5999
5578
5961
5647
5499
5285
5614
5334
5591
5923
5773
5991
5901
4918
6105
5957
5510
4992
5606
5750
5850
5386
5418
5775
5358
5134
5888
6043
5321
5329
5546
5694
3896
5570
5883
5733
5771
5643
5577
5506
6001
5652
5757
5318
5798
5655
5566
5417
5932
5693
5311
5350
5705
5834
5979
6047
6088
5871
5703
6026
6001
5857
5601
5187
5644
5908
5527
3725
5998
5271
5657
4920
5306
5345
5155
5489
5340
5328
4466
2934
5430
5529
5851
5472
5715
6007
5220
5317
3474
5770
5643
5821
5333
5572
5374
5745
5661
6000
5881
6111
5913
5916
6074
5927
5983
6117
5880
5953
5494
5931
5908
6054
5802
5771
5933
5679
5944
5684
5988
5693
5577
5398
6023
5832
5700
5741
5854
5705
5756
5709
5870
5478
5595
5246
5133
5603
5917
5858
5776
5701
5804
5573
5525
5657
5753
5918
5770
5591
5775
5249
5601
5834
5637
5762
5628
5184
5524
5667
5718
5560
5579
5671
5207
5751
5394
5436
5708
5669
5520
5331
5105
5806
6022
5112
5425
5568
5526
5229
5483
4840
5470
5520
5465
5292
5440
5626
5420
5640
5509
5802
3159
5778
5421
5082
5565
5485
5293
5494
5468
5816
5502
5471
5557
5855
5483
5342
5479
4973
5288
5412
5697
5508
5324
4988
5322
5270
5453
5484
5467
5514
5623
5334
5251
5450
5369
4996
5322
5282
5183
5588
5492
4749
5166
5135
5298
5301
4946
5226
5031
4922
4874
5182
5352
5244
5450
5167
5666
5430
5540
5529
5877
5771
5757
5513
5702
5469
5442
5424
5369
5496
5244
4645
5685
5638
5653
5353
5432
5180
5501
5392
5370
5138
5897
5553
5019
5497
5107
5793
5312
5147
5691
5695
5415
5039
5331
5681
5666
5389
5360
5471
5607
5626
5513
5104
4890
5899
5299
5527
5616
5905
5580
5589
5739
5852
5458
5979
5710
5906
5784
6068
5507
5850
4933
4719
5121
5509
5347
5706
5851
5874
5671
5760
5792
5490
5723
5519
5643
3361
6093
5766
5965
5581
5464
5264
5843
5643
5585
4887
5399
5502
5528
5720
5848
5626
5665
6052
5468
5914
6025
5902
5772
5891
6100
6064
6121
5849
5600
5671
5289
5599
6125
5890
5675
5523
5707
5837
6054
6037
5860
6075
5979
5549
5594
5370
5130
5696
5983
6074
5963
6018
6124
5936
5879
5435
5374
5810
5596
6091
6048
5795
5803
5394
4997
5675
5762
5699
5317
5730
5001
5138
5483
5459
4996
5627
5437
4499
4945
5903
6095
5696
5805
5887
5796
5769
5810
5691
5438
5881
6042
5757
6032
5455
5846
5848
6061
5820
6082
5908
5806
5975
6027
5471
5972
6029
6030
5737
5519
5561
5691
6124
5375
6073
5988
5907
5612
6136
5090
5951
5991
3483
5929
5773
5994
5955
5478
5264
5655
5413
5265
5390
5778
5863
6081
5996
5803
6040
5952
5861
5417
5478
5943
5834
5823
5859
5832
5793
5838
5866
5834
5775
5872
5650
5633
5890
5872
5899
6023
5509
4931
5894
5960
5667
6078
5229
5517
3415
5703
5408
5786
5660
5664
5596
5772
5670
5688
5218
6094
6117
5661
6119
5919
5483
5796
5684
3993
5851
6027
5758
5656
5924
5957
5341
5626
6117
6127
6082
6119
5965
6111
6102
5615
6104
5967
5808
5682
6093
5812
5768
5465
6044
6101
5951
6085
6013
6066
5628
6089
6129
5966
5780
6110
5852
5739
5937
6087
5869
5923
5825
5677
6094
5875
5746
5529
5187
5990
5637
5723
5630
5841
3876
6100
6142
5433
5921
5702
5536
5918
5869
5802
5673
5805
5888
5443
6011
5719
5764
5649
6029
5877
6060
6096
5535
5307
5254
5571
5936
5979
5889
5722
5119
6025
5822
5997
5547
5805
5542
5575
4166
5293
5697
5671
5628
5596
6024
6061
5843
5745
5701
5563
5745
5848
5483
5625
5228
5520
5510
5049
5773
5845
5662
5616
5533
5285
5190
5459
5711
5442
5614
6033
5754
5367
5054
5600
5739
5681
5737
5390
5252
5436
5505
5739
5804
5778
5534
5645
5802
5720
5599
5896
5719
5398
5543
5374
5424
5687
5785
5887
5643
5774
5672
5682
5837
5858
5497
5710
5500
5769
5420
5553
5752
5770
5313
5576
5470
5746
5633
5376
5196
5597
5569
5559
5636
5762
5486
6053
5803
5380
5883
5834
5923
6034
5900
5041
5528
5785
5645
5714
5999
5755
5747
6043
5689
5737
5939
5928
5680
6045
5417
5950
6052
5960
5473
5792
5905
5778
5192
5695
5532
5994
5686
5861
5790
5569
5781
5631
5353
5357
4309
5604
5539
5667
5703
5669
5695
5964
5224
5953
5738
5825
5693
5819
5745
5987
6040
5555
6092
6075
5849
5878
5551
5801
6006
5899
5556
5776
5941
5846
5501
5535
5639
5694
5495
5744
5721
6098
5549
5951
5454
5623
5420
5273
5794
5371
5989
5449
5733
5607
5464
5165
5550
5987
5825
5845
5777
5645
5889
5645
5728
5341
5365
5590
5239
5343
5512
5487
5241
5602
5699
5584
5617
5815
5656
5616
5690
5756
5724
5495
5446
6005
5571
5548
5442
5876
5917
5673
5625
5540
5525
5729
5740
5723
5790
5682
5492
5305
5596
5447
5652
5671
5058
5424
5596
5069
5408
5112
5128
5132
5204
5567
5147
5070
5017
4871
5433
5801
5540
5284
5343
5708
5514
5697
5779
5840
5329
4715
5474
5055
5273
5424
5504
5291
5698
5933
5489
5729
5481
5556
5393
4508
5941
5905
5820
5886
5959
5689
5117
5154
5579
5363
5588
5585
5722
3983
5735
5776
5670
5453
5201
5471
5585
5606
5936
5427
5842
5884
6020
5446
5469
5664
5529
5537
5740
5591
5978
5813
5669
5714
5731
5194
5942
5360
5170
5764
5592
5613
5691
5657
5578
5204
5628
5489
5317
4752
5427
5284
5364
5411
4698
5461
5385
5314
5444
5381
5378
4605
5453
5246
5285
5563
5761
5404
5294
5495
5506
5221
5760
5275
5512
5300
5511
5600
5623
5572
5421
5715
5732
5557
5512
5595
5529
5746
5332
5410
5822
5506
5084
5490
5091
4586
5585
5170
5593
5469
5660
5650
5049
5510
5533
5328
4985
5482
5310
5487
5625
5646
5613
5807
5686
5410
5767
5808
5769
5687
5408
5290
5539
5499
5249
5369
5188
5161
5402
5147
5157
5453
5299
5353
5577
5329
5311
5336
5376
5158
5339
5466
5562
5725
5607
5374
5459
5393
5469
5629
5417
5519
5682
5553
5254
5641
5428
5746
5649
5308
5459
5310
5477
5393
4479
4871
5528
5586
5537
5249
5642
5495
5436
5182
5129
3433
5306
5649
5693
5618
5681
5693
5680
5057
5474
5269
5886
5500
5530
5292
5266
5340
5394
5485
5641
5278
5737
5796
5459
5419
5780
5494
5332
5447
5533
5241
5312
5359
5507
5650
5512
5669
5483
5636
5093
5350
5169
5432
5402
5626
5639
5818
5341
5338
5204
5599
5050
5289
5261
5233
5133
5734
5601
5747
5768
5643
5630
5424
5146
5324
5547
5368
5527
5469
5782
5893
5499
5643
5482
5627
5361
5329
5548
5490
5477
5592
5223
5469
5297
4438
5419
5734
5236
5594
5608
5694
5723
5594
5592
5618
5766
5421
5849
5727
5797
5193
5390
5248
4001
5816
5570
5643
5495
5223
5308
5386
5442
5078
5604
5305
5513
5363
5367
5039
4692
5332
3726
5825
5588
5527
5608
5907
5871
5467
5356
5748
5895
5790
5580
5445
5656
5480
5344
5676
5641
4148
5450
5367
5875
5798
5774
5785
5763
5629
5941
5882
5900
5789
5443
5282
5345
5487
5845
5669
5950
5930
6050
6010
6027
5832
6018
5734
5770
5867
5694
5905
5375
5546
5398
5233
5651
5813
5726
5787
5995
5888
5779
5806
5729
5560
5547
5930
5890
6037
5821
5662
5733
5922
6084
5679
5981
5752
5698
5773
5845
5637
5758
5873
5401
5560
5389
5614
5773
5711
5887
5775
5880
5798
5811
5959
5817
5862
4795
5691
5279
5948
5615
5451
5707
5757
5820
5618
5507
5675
5407
5731
5447
5657
5649
5800
5662
5864
5420
5489
5472
5777
5922
5310
5514
5373
5638
5650
5410
5224
5368
5199
5386
5514
5701
5399
5481
5504
3513
5407
5296
5208
5482
5485
5986
5520
5454
5762
5986
5883
5566
5235
4422
5628
5654
5618
5254
5636
5327
5478
5746
5498
5806
5995
5150
5899
5726
5561
5543
5803
5718
5656
5623
5788
5554
5800
5906
5873
5795
5843
5851
5657
5548
5817
5382
5738
5686
5968
5945
5920
5810
5753
5138
5797
5434
5791
5596
5391
5739
5748
5821
5621
5749
5808
5749
5743
5991
5270
5836
5861
5769
5562
5627
5822
5898
5346
5717
5913
4662
5642
5245
5689
5789
5869
5583
5641
5642
5455
5453
5738
5801
5625
5660
5598
5420
5830
5865
5718
5739
5726
5564
5653
5625
5942
5519
5649
5679
5528
5031
5390
5629
5638
5694
5722
5140
4159
5738
5597
5676
5806
5791
5802
5874
6017
5704
5504
5708
5702
5928
5476
5737
5722
5687
5617
5914
5676
5853
6021
5907
5928
6058
5453
5278
5758
5443
5817
5533
5685
5857
6091
5727
5921
5876
5773
5725
6013
5864
5728
5637
5267
5626
5591
4972
5095
5784
5883
5773
5851
5959
5776
5568
5751
5850
6056
6016
5785
5710
5746
5564
5832
5669
5720
5712
5833
5520
5671
5696
5652
5782
5748
5715
5965
5885
5875
5843
5677
5898
5848
5492
5720
5894
5936
5848
5831
6010
5749
5711
5729
5575
5674
5891
5277
4771
5633
5642
5827
5889
5651
5885
5719
5826
6030
5919
5926
5914
5559
5719
5677
5862
5505
5400
5824
5500
5425
5847
5592
5570
5529
5768
5447
5784
5740
5606
5568
5585
5775
5840
5736
5675
5813
5582
5492
5566
5796
5376
5211
5543
5584
5335
5628
5245
5503
4685
5519
5710
5362
5909
5844
6006
5856
5793
5729
5841
5636
5820
5694
4856
5721
5477
5577
5568
5582
5557
5613
5994
5741
5310
5443
5249
5656
5619
5612
5774
5767
5219
5678
5659
5529
5271
5283
5431
5452
5129
4876
5100
4884
4865
5238
5475
5532
5473
5306
5439
5458
5115
5112
5183
5169
5433
5287
5597
5307
5487
5502
5857
5521
5861
5796
5473
5095
5345
4676
4551
5275
4429
4725
5205
5593
5860
5609
5461
5353
5509
5163
4734
5776
5686
5721
5420
5459
5681
5730
5521
5708
5508
5231
5469
5509
5548
5617
5710
5544
5575
5239
5448
5691
5323
5641
5471
5317
5743
5522
5456
5567
5586
5606
5659
5686
5619
5368
5600
5552
5461
5585
5623
5657
5239
5619
5417
5298
5252
5581
5615
5593
5691
5563
5441
4630
5791
5540
5693
5706
5714
5775
5921
5763
5590
5925
5985
5411
5914
5766
5828
5694
5517
5701
5574
5659
5464
5625
5777
5499
5487
5431
5578
5641
5710
5541
5696
5460
5720
5597
5818
5553
5568
5546
5716
5614
5405
5225
5467
5342
5596
5585
5516
5615
5428
5702
5651
5583
5514
5684
5372
5549
5696
5850
5668
5662
5834
5478
5537
5459
5517
5567
5331
5131
5769
5350
5606
5462
5356
5566
5713
5828
5591
5617
5555
5612
5637
5369
5217
5732
5801
5497
5773
5689
5542
5565
5633
5492
5654
5488
5325
5137
5285
5163
5446
5143
5183
5099
4967
5065
5249
5051
5170
5205
5369
5207
5186
4881
5147
5164
5352
5456
5261
5572
5149
5074
5191
5031
5470
5362
5423
4970
4834
4388
4902
5140
5131
3971
5214
4589
5251
5611
5542
5497
5592
5565
5500
5578
5423
5095
5608
5791
5655
5504
5656
5856
5604
5694
5527
4519
5682
5598
5655
5613
5410
5565
5784
5715
5169
5561
5641
5508
5048
5650
5727
5654
5774
5419
5683
5496
5463
5706
5768
5675
5541
5284
5542
5726
5161
5746
5695
4975
5729
5697
5358
5240
5597
5217
5463
5138
5264
5574
5356
5297
5267
5536
5251
5390
5437
5402
5597
5416
5091
5316
5220
5409
5010
5454
5709
5607
5730
5677
5732
5566
5596
5594
5579
4294
5897
5532
5605
5485
5791
6004
5375
5426
5714
5767
5496
5457
5773
5791
6016
5890
5503
5545
5706
5974
5542
5694
5443
5764
5739
5462
5513
5675
5720
5842
5480
5654
5984
5896
5916
5913
5673
6066
5973
5621
5876
5732
5628
5637
5778
5888
5805
5593
5796
5751
5856
5880
5758
5869
5913
5796
5766
5451
5827
5618
5819
6071
5953
5862
5557
5674
5832
5723
5776
5515
5472
5567
5418
5633
5558
5553
5069
5449
162
441
3842
4966
5691
5865
5984
6115
6116
6091
6067
6128
6089
6113
6144
6106
6148
5997
6019
6099
5711
5788
5797
5646
5406
5750
5420
5757
5350
5762
5632
5850
5632
5770
6001
5858
5953
5541
6101
6071
5765
5570
5544
5711
5600
5880
5962
6097
6038
6054
5756
5522
5973
5852
5799
5883
6118
5968
5939
5954
5609
5960
6089
6109
5776
5617
5766
5818
5834
5318
5869
5856
5886
5813
5986
5939
5813
5831
5249
5549
5712
5783
5222
5711
5955
5771
5840
5384
5602
6010
5312
5915
5484
5679
5353
5450
5944
5610
5625
5310
5922
5504
5844
5603
5665
5575
5372
5726
4170
5576
5515
5278
5803
5693
5013
5677
4729
3762
5492
5458
5798
5877
5779
5867
4901
5291
5834
5730
5780
5507
5538
5359
4579
5784
5596
5846
5573
5844
5846
5437
5712
5532
5558
5531
5781
5851
5837
5859
5732
5989
5650
5817
5823
5638
5704
5322
5570
5738
5599
5662
5599
5681
5644
5297
5392
5633
5383
6014
5762
5881
5752
5780
5752
5789
5842
5537
5635
5764
5711
5609
5952
5950
5764
5627
5730
5752
5396
5689
5643
5672
5648
6071
5774
5083
5628
5692
5889
5074
5708
5487
5632
5810
5505
5842
5897
5812
5748
5906
5645
5699
5486
5483
5775
5733
5791
5516
5763
5707
5564
5372
5691
5602
5924
5713
5931
5038
5530
5167
5753
5167
5880
5712
5803
5326
6045
5956
5921
5962
5739
5535
5760
5840
5735
6030
5932
5895
6039
5981
5926
5779
5687
5460
5722
5558
5817
5695
5573
5825
5897
5758
5490
5719
5848
6072
5929
5791
6056
5550
5924
5558
5981
5911
5934
5564
5893
5754
5808
6071
5663
5668
5467
5972
5918
5808
5892
6009
6109
5568
4807
5483
5289
5601
5847
5663
5710
5565
5736
6076
5109
5929
5009
5571
5589
5515
5508
6013
5699
5899
5483
5740
5544
5880
5469
5768
5755
5900
5966
5881
5550
5407
5892
5723
5493
6053
5950
5658
5759
5392
5958
5061
5299
5596
5726
5854
5706
5996
5912
5532
5550
5775
5839
5806
5999
5592
5760
5833
5791
5874
5927
5700
5590
5361
5937
5615
5390
5312
5471
5942
5799
5435
6026
5493
4128
4869
5959
5908
5682
5709
5963
5661
5570
5866
6044
5827
5864
5689
6056
5872
5681
5870
5772
5636
6024
6003
4915
5622
5116
5680
5830
5798
6071
6012
5998
5692
5513
5738
5612
5785
5648
5899
5663
5573
6021
5525
6031
6019
6020
6098
6060
5950
5903
5579
5866
5683
5916
6060
5977
4540
5547
5363
5447
5450
5818
5757
5317
6007
5254
5675
5778
5724
5977
5777
6095
5721
5592
5065
5827
5640
5183
4681
5380
5786
6005
4323
5823
5425
5626
5535
5929
5532
6062
5994
5934
5726
5313
6103
5596
5602
4906
6001
5910
5723
5289
6086
5926
5819
6000
5486
5823
5920
5700
5794
5490
5925
5754
5594
5851
5434
5787
5867
5473
5719
5598
5614
5627
5341
5791
5714
5544
5472
5855
5747
6018
5686
5688
5652
5815
5520
5637
4871
5511
5581
5193
5210
5261
5500
5676
5485
5462
5343
5682
5639
3803
5422
5720
5883
5818
5363
5840
5696
5747
5858
5779
5854
5832
5033
5477
5473
5582
5335
5346
5342
5430
5025
5584
5423
5527
5542
4093
3264
5682
5504
5551
5586
5294
5698
5941
5651
5635
5322
5595
5099
5788
5548
5785
5666
5888
5667
5589
5805
5619
5274
5145
5965
5700
5592
5396
5783
5812
5684
5953
5703
5548
5704
5602
5900
5435
5813
5749
5555
5967
5795
5421
5385
5125
6121
5668
5337
5719
5721
5661
4818
5842
5710
6010
5720
5376
4783
5795
5060
5843
5528
3227
5785
5816
5191
5564
5859
5902
6028
5706
5609
5501
2621
2901
4720
5144
6120
6100
6084
5621
6084
6089
6086
5460
5863
6090
5904
5846
6052
5927
5759
6142
6133
5378
6086
5842
5723
5662
6133
5596
6069
5835
5771
5791
5890
6110
6002
5469
5643
5643
5971
5974
5362
5826
5659
5931
5743
6003
6083
6089
6124
6123
6099
5996
5870
5937
5782
6042
5606
5866
6072
5415
5995
6028
6024
5836
5909
5166
4948
6108
5487
5509
5439
5785
5923
5834
4606
5569
5832
5976
6152
5956
6112
5936
5852
5735
5710
5837
6096
5678
6028
5956
5619
6088
5814
6052
5811
5878
6032
5962
6004
5707
5675
5807
5740
6109
5769
6088
3380
5736
5948
6098
6059
6054
6048
6027
6117
6076
5987
6072
6090
6058
6093
6127
5931
5879
6076
5818
6074
6121
6064
5791
6105
5836
6077
6095
6070
5307
5951
5722
5982
5878
5983
5791
5737
5523
5557
5579
5564
5673
5791
5825
6053
5893
5861
6035
5947
5430
5790
5444
5463
5715
6033
6058
6105
6030
6089
6058
6066
5996
5900
5952
5788
6046
5562
5383
5739
5752
5818
6029
5864
6017
5709
5762
6081
6036
6038
5990
6026
6106
5905
5965
5955
5598
6028
5561
5745
5697
5774
5848
5935
5878
5963
5627
5845
6059
5749
5799
6024
6049
6015
5934
6074
6116
6101
5941
5697
6058
6013
6007
5802
5582
5743
5475
5972
6015
5911
5819
5883
5488
5706
5954
5726
5964
6057
6084
5901
5950
6085
6082
6022
5600
5975
6056
5974
6117
5572
4868
5571
5925
6021
5532
5688
5448
5755
5502
5790
6000
5730
6071
6078
5700
5626
6055
6011
5314
5943
5547
5990
5883
5429
5083
5245
6007
5770
5951
6016
6050
6115
6111
6008
6070
5721
6024
5774
5879
5696
5826
6030
6058
5497
5298
5903
5812
5546
5824
5731
5764
5139
5235
5185
5486
5798
5600
5893
5707
5416
5779
5666
5789
5663
5965
5471
5874
5530
5573
5807
6016
5891
5429
6026
5908
5889
5906
6049
5568
6054
5881
5843
5937
5724
5915
5768
6099
5858
6028
5821
5486
6085
5591
5816
5686
5778
5815
5425
5660
5538
5738
5823
5809
5807
5674
5649
5870
5808
5876
5573
5484
5601
5598
5529
5804
5968
5907
6021
5885
5715
5812
5677
5880
6061
5874
5693
5615
5981
5831
5829
5717
5494
5817
5640
5620
5502
5542
5587
5772
5745
5918
5806
5744
5578
5715
5140
5407
5850
5644
5859
5629
5543
5807
5842
5667
5874
5647
5605
5589
5651
5873
5879
5832
5916
5962
5750
5476
5941
5733
5600
5402
5635
5914
5890
6044
6030
5878
5701
5782
5653
5546
5997
5868
5783
5577
5555
2967
5739
5933
5742
5924
6046
5681
5533
5757
5806
5755
5665
5659
5647
5683
5819
5605
5753
5801
5531
5274
5450
5572
5734
5618
5657
5352
5405
5745
5536
5462
5598
5568
5541
5496
5529
5728
5634
5792
5411
5161
5739
5384
5411
5595
5789
5653
5727
5790
5663
5675
5626
5690
5751
5697
5732
5717
5858
5684
5359
4935
5943
5245
5976
5874
5721
5453
5632
5928
5855
5880
5729
5615
5775
5715
5807
5744
5020
4962
6014
5613
5975
5983
5934
6076
5977
5865
6059
6120
5782
6010
5940
6067
6020
5826
5815
5865
5592
5287
5686
5651
5632
5541
5579
6005
5733
5810
5950
5880
5862
5775
5566
5789
5814
5918
5704
5871
5693
5763
5746
5308
4851
5424
5590
5526
5776
5407
5882
5698
5056
5701
5251
5634
5718
5671
5551
5673
5401
5552
5772
5950
5714
5619
5771
5948
5713
5704
5721
5727
5026
340
3477
4464
5948
5768
5935
5816
5782
5165
4595
5231
5623
5395
5793
5767
5798
5734
5649
5619
5566
4773
5760
5770
5541
5634
5825
3137
6113
5865
6010
6026
5555
6127
5805
5437
6094
5728
5668
5633
5920
5865
5549
5573
5815
6107
5867
5603
5937
5787
5589
5820
5930
5548
5927
5932
5654
5443
5611
5584
5639
5894
5936
5859
5919
5766
5700
5748
5770
5754
5681
5596
5492
5238
4214
5427
5516
5772
5251
5861
5592
5521
5974
5872
5993
5865
6006
5379
5726
5407
5454
5215
5903
5552
5520
5762
5384
6023
5653
3624
6093
5965
6013
5653
5191
6079
5774
5550
5546
5869
5623
5745
5742
6099
5660
5521
5006