1559
1825
2223
2041
1597
1732
1833
1368
1645
1608
1540
1271
1937
1157
1938
1769
1841
1701
1621
1745
1917
1613
2169
1827
1759
1128
1784
1368
1691
1206
1390
1038
1531
1625
1833
1595
1603
1657
1731
1180
1365
1494
1974
1663
2206
1683
2138
1928
1438
1884
1446
1767
1596
1587
1385
1904
1456
1947
1291
1554
1774
1372
1472
1551
1352
2066
1595
1646
2006
1862
1655
1119
1783
1695
1561
1787
1945
1507
996
1153
1792
2230
1701
1708
1783
1587
2082
1623
1958
1410
1163
1857
1299
1932
1673
956
1446
1432
1928
1356
1419
2211
1976
1604
1698
2016
1599
1742
1666
1157
1657
1691
1548
1765
1442
1937
1803
1676
1686
1627
1998
2048
1865
1662
1499
1612
1750
1723
1909
2029
1943
1626
2034
1713
1780
570
1505
1780
1369
1557
1938
1055
1841
1699
2087
1628
1540
1850
1787
1865
1501
1584
1523
1499
1578
1949
2099
1482
1278
1929
1651
1389
1450
1282
1350
1596
1982
1524
1765
979
1428
1926
998
1747
1918
1743
1802
1515
1544
2045
1596
1398
2031
1742
1741
1384
2026
1787
1652
2159
1862
1202
1825
2050
1222
1595
996
1917
1748
2092
1673
1853
2000
1439
1019
1710
1513
1752
1351
1441
1232
1916
1706
1781
1038
1804
1472
1732
1962
2042
2155
1699
1419
1767
1999
1750
1851
2049
1625
2136
1699
1913
1510
1949
1549
1984
1881
1226
1899
1998
1857
1664
1758
1723
1312
1667
1668
1412
1680
1386
1818
1111
1670
1557
1437
1891
1532
1560
1375
1625
1779
1965
1925
982
1059
1775
1853
1741
1368
1016
1543
1650
2260
1348
1579
1724
1904
1368
1575
1818
1598
1745
1970
1471
1760
1611
1818
1669
1544
1800
1783
1808
2019
1541
1470
1558
1965
1995
1808
1667
1695
2045
1858
1372
2015
1518
1150
1604
1577
1128
1633
1716
1797
1852
1446
2009
1520
1882
1968
1038
1677
1927
1394
1796
1424
1650
1641
1742
1459
1662
2045
1154
1346
1617
1869
1651
2165
1372
1488
1816
1649
1693
1659
1968
1748
1708
1365
1279
1923
1237
2063
1334
1970
1899
1736
1463
1694
1202
1916
1820
1705
1978
1833
1718
2185
1620
1600
1914
1832
1738
1807
1905
1527
2069
2066
1217
1927
1877
1533
1348
2208
1714
1875
2156
1104
1775
1987
1745
1440
1377
2105
1510
1018
1883
1523
1217
1248
1551
1653
1939
2035
1963
1485
1940
1742
1926
1612
1653
1385
1737
1960
2082
2314
2214
2342
1724
1690
1608
1630
1640
1217
1645
1875
1716
1804
2007
1411
1676
1556
1891
1669
1634
1347
1800
1500
2220
1678
1635
2169
2160
1592
1669
1172
1660
1672
1722
1887
1695
1472
1895
2121
1586
1470
1994
2208
1932
1342
1854
1740
1065
998
1998
1787
1995
1393
1421
1661
1772
1716
2071
1781
1904
1772
1542
1932
1817
1872
1830
1740
1751
2086
1841
1936
1731
1914
2117
2165
1516
1741
2058
1603
2067
1626
1531
2211
1986
1967
1421
1392
1678
1341
1989
1488
1762
1590
1744
1828
1185
1099
1760
2095
1852
1527
1265
1604
1683
1673
1491
2120
1547
1736
1196
2245
1742
1517
1608
1626
1810
1486
1593
1543
1449
1961
1882
2014
1839
1170
2011
1538
2119
1697
1357
1933
2009
1461
1456
1317
2024
1852
1720
2215
1818
1711
1725
1780
1838
1459
1742
1625
1737
1626
1663
1956
1863
1884
1277
1652
2052
1528
1794
1872
1446
1797
1778
2297
1281
1494
1170
1812
1995
1772
1753
1739
1816
1433
2012
1577
1294
1589
1809
1264
1599
1470
1739
1751
2076
1613
2049
1751
2104
1927
1844
2162
1432
1809
1843
1817
1546
2036
1777
2100
1794
1608
1778
1768
2212
1756
1239
1766
1653
1917
1975
1617
1894
1611
1467
1576
1556
1833
1687
1624
2064
2066
1395
1942
1972
1654
1600
1489
1944
1904
2158
1263
1905
1826
1519
1886
1975
1896
1706
1801
1711
1809
1985
1946
1740
1949
1502
2360
1564
1877
1479
2027
1787
1940
1493
2041
1911
1653
1626
2093
1874
1398
1886
2027
1912
1893
1822
1576
1544
1749
1899
991
1587
1899
1591
1812
1846
1552
1767
1752
1828
2002
1740
2073
1835
2068
2086
1842
2127
2117
1527
1209
2088
1814
2092
1758
1444
1908
1802
1905
1647
1983
2169
2117
1909
1738
1938
1628
1360
1992
1965
1367
1772
1733
1556
2143
1552
1507
1861
1930
1627
1771
1940
2197
1741
1583
2066
1586
1649
1937
1318
1781
1484
1410
1776
2125
2072
1791
1989
1831
1685
2114
1798
1616
1665
1992
1764
1537
1592
1690
1822
1823
1606
2166
2098
1193
2069
1844
1053
1955
2162
1657
2107
1726
1646
1606
1430
1938
1634
1711
1457
1695
1957
1849
2067
1654
1767
1691
1697
1673
1913
1857
1045
1540
1648
1535
2227
1611
1917
1761
1830
1419
2066
1333
1622
1976
1610
2132
1809
1594
1711
1901
1362
1537
1283
1697
1633
1791
2118
1804
2115
1339
1984
1967
2422
2066
1446
1776
1914
1948
1514
2195
1798
1862
1431
1461
2091
1362
1639
1603
2075
1841
1389
1971
1956
1964
1764
1937
1766
1822
1800
1912
1744
1513
2102
1601
1758
1900
1905
1806
1743
1913
1351
1947
1926
1507
1630
2101
1932
1514
1623
1479
1059
1806
1330
1588
1977
1802
1693
991
1993
2290
1808
1672
1998
1236
1644
1168
1763
2072
1544
1977
1554
1783
1635
1726
2067
2033
1206
1775
1980
2361
1820
1692
1664
1611
2041
1012
1721
1072
1638
1175
1873
2136
1981
1737
1849
1565
2054
1645
1612
1713
2130
1555
2058
1904
1343
1671
1618
1965
1304
1514
1861
1604
1757
1597
1904
1955
1855
1534
1866
1848
1989
1298
1444
1864
1927
1581
2206
1851
1748
1838
1579
2152
1449
2062
1685
1789
1887
2172
1618
1753
1863
1622
1815
1717
1764
1897
1568
1471
1919
1741
2235
1843
1814
1621
1590
1428
1652
1423
2074
1923
2338
1879
1300
1802
1849
1797
2299
1882
1887
1997
1937
1994
1931
1899
1818
1703
2050
1509
1794
1662
1974
1804
1666
1398
1485
1540
1988
1983
2006
1786
2016
1296
2295
2043
1712
1115
1676
1864
2020
1550
2243
1896
1956
2093
1101
2188
1694
1771
1553
1855
1507
1396
1751
1217
2239
1683
2198
1702
1656
1329
1689
1841
1805
1471
2014
2015
2294
1870
1535
1135
1840
2246
1784
1631
1925
1717
1750
1744
1709
1538
1982
1724
1458
1380
1579
1902
1703
1995
1934
1606
1907
1653
1836
1811
1665
1582
1643
1849
1728
2214
1811
1442
1615
1661
1969
1804
1158
1865
1631
1601
1474
1618
1887
1955
1636
2066
1688
1567
1539
1345
1981
2165
1573
1634
2230
2172
1732
1848
1569
2047
1453
1813
1870
1640
1823
1800
1629
1996
1890
1764
1553
1848
2103
2227
2220
1506
1726
2044
1629
1967
2212
1434
1771
1633
1874
1720
2169
1756
1904
1585
1294
1572
1753
2076
1945
2032
1744
1808
2196
1746
1909
1796
1976
1676
1536
1843
1883
1450
1727
1779
2028
2067
1686
1361
2023
2048
2133
1753
1662
1492
1929
1780
1505
2010
1692
1838
1649
2188
1697
1776
2078
1744
1598
1238
2065
1940
1818
1396
1862
1734
1618
1184
1904
1732
1697
2110
1953
1537
1977
1372
1806
1856
1917
1248
1162
2126
2331
1993
1625
2069
1501
2051
2115
1697
1755
1773
1268
1847
1764
1834
1170
2208
1934
2401
1834
1951
1848
1689
1725
1450
1663
1775
2066
1763
1833
1876
1950
1874
1834
1955
1936
1743
1495
1470
1855
1721
1822
1763
1681
1957
1909
1793
1998
1787
1727
2156
1563
1333
2072
1998
1587
1526
1734
1780
1731
1341
1729
1949
1877
1320
1694
1717
1558
1928
1994
1853
1568
1828
1616
1614
1252
1672
1733
1454
1650
1920
1300
1492
1762
1762
1805
659
1441
1925
1654
2058
2185
1434
1642
1961
1402
1970
1658
1637
1904
1823
2290
1480
1898
1479
1409
1972
2231
1729
1823
1812
1764
1529
1489
1760
1247
1793
1772
1579
2066
1465
2005
1732
1638
2027
1770
1753
1788
1508
1959
1898
1799
1865
1595
1853
1569
1967
1460
1332
1992
2007
1864
1659
1639
1788
2062
2166
2142
1927
1992
1321
1347
2106
1868
1994
1403
2284
1774
2137
1847
1829
1758
1761
1784
1839
1829
1830
1696
2049
1594
2005
1935
1631
1304
1938
1825
1959
1791
1657
1956
1758
1901
1688
1263
1893
1800
2002
1164
1903
2102
1428
1484
1593
1660
1505
2041
1225
2127
1659
1888
1174
1467
1827
1565
1502
1424
1900
1972
1681
1467
2296
1947
1382
2129
2082
2212
1726
2018
1731
1629
1699
2251
2064
1913
1880
1776
1708
1878
1509
2243
1724
2069
1534
1937
2006
1667
1093
1398
1415
1715
2129
1977
1757
2048
1965
1736
1183
1801
1616
1614
1871
2056
1585
1710
2109
1205
1801
1354
1686
2250
1615
1989
2056
1680
1462
1655
1995
1773
1707
1494
1931
1500
1543
1713
1873
1825
2236
2110
1620
1761
1634
2049
1885
1796
1557
1668
1637
2047
1644
2226
1944
1674
1947
1807
1859
1691
1740
2350
1877
2123
1631
1245
2289
1675
1420
1509
1500
1935
1975
1231
1682
1861
1765
1776
2138
1843
1821
1486
1836
1522
1748
1422
1801
1635
1891
1924
1631
1487
1632
2111
2245
1458
1987
1055
2190
1243
1749
1933
1893
1968
1888
1656
1776
2034
1964
1911
2267
1732
1978
2070
1459
1528
1234
1939
1891
1971
1867
2132
2310
2153
1844
1889
2012
1835
1775
1655
1852
1775
1628
1803
1678
2081
1526
1406
1725
1707
1699
2205
2115
1885
2096
2323
1786
1790
1778
1744
2066
2119
1388
1521
1729
1813
1760
2056
2163
2096
1712
1633
1819
1967
1968
1889
1268
2155
1572
1590
1348
1734
1727
2021
1952
1962
1784
2047
1937
1808
2114
1969
2091
1594
1770
1640
2203
2029
1853
2124
2203
1318
1510
1786
2065
1900
1701
1582
1778
1930
1972
1970
1844
2115
2211
2205
1870
2049
2136
2083
1782
2011
1890
1953
1803
2110
1998
1797
1818
2004
2023
1989
2126
1985
1818
1580
1755
1955
1548
1768
1861
1859
1872
1378
1843
1571
1830
1628
2146
1444
1690
1797
1669
1985
2129
1739
1934
1894
1713
1935
1626
1930
2211
1674
1734
1497
2031
1652
2355
1941
2066
1547
1599
1246
1877
1554
2116
2049
1705
1915
1925
2247
2107
1611
1851
1827
1602
1512
1774
1870
1552
2139
1591
1628
1845
1756
1882
1559
1683
2311
1629
1729
1829
2164
2199
1565
1808
1942
1632
1706
1635
2228
1627
1838
2010
2173
2183
1981
1967
2053
1804
1000
1751
2266
1950
2151
1865
2340
1962
1630
1904
2048
2094
1332
2010
1947
1935
1827
901
1602
2085
1518
1768
1415
1677
1797
1530
1989
1387
1775
1718
1829
1917
2028
2318
1952
1919
1986
1961
1889
1220
1764
1572
1928
1924
1966
1963
1778
2084
2089
2127
1525
1185
1429
2183
1787
2119
1716
1720
1640
1744
1572
1851
2003
2135
1698
1775
2153
1996
1649
2296
1884
1630
2079
2467
1621
2242
2039
1828
2181
2137
2108
1829
2134
1368
1910
1416
2236
1956
1547
1577
1743
1600
1723
2171
1846
1587
1448
1884
2034
1953
1788
1936
1886
1780
1968
1439
2039
1613
1927
2032
2202
1801
1915
1876
2128
1993
1261
1997
1746
1768
1679
1512
1417
2056
1810
2090
2170
2006
2121
2047
2347
2126
2107
1926
2115
1822
1808
1920
1649
1985
2227
1849
1410
1612
1979
1946
1950
1631
2151
2019
1787
1825
1962
1692
1162
1717
2180
1959
2199
1813
2050
1822
2150
1796
2130
1844
2026
1726
1867
1762
1991
1194
1847
1813
2160
1721
1644
2058
1957
1817
1925
1933
2407
2047
1444
1916
2141
1787
1805
1295
1918
2179
1557
2186
1725
1671
1853
2103
1504
2024
1554
1566
1499
1889
1565
2040
1899
1361
2009
1933
1794
1513
1855
1729
1810
1696
1518
1851
2073
2217
1500
1863
2173
1339
1778
2090
1655
1694
1861
1484
2159
1653
1551
1877
1772
1919
1892
1935
1833
1377
2074
1912
1492
1697
1667
1885
1749
1889
2038
1635
1535
1945
1981
1930
1886
1782
2159
1851
2002
2003
1860
1376
1863
1976
1775
1420
1958
1707
2323
1845
2024
1628
2077
2230
1864
1748
2023
2014
2083
1976
1744
1610
1820
1691
1726
1498
1481
1819
1937
2157
1913
2164
1962
1711
2001
2155
1569
2006
2074
1659
1988
1852
2132
1833
2059
1586
2300
1878
1261
2041
1997
1957
2007
1389
2193
1978
2010
1679
2186
2416
1930
2123
1992
1552
1605
2239
1743
1427
2130
2268
1852
2053
2246
1883
1649
2046
2216
1498
2241
1788
1573
1832
1597
1550
1499
2121
2229
1878
2298
1861
1642
1705
1414
1727
2021
2005
1731
1323
1954
1668
2082
1825
2055
1124
1780
1911
1568
1932
1903
1625
1933
1649
2113
1595
1699
2123
2163
1328
2120
1950
1808
1873
2107
2067
1625
1936
1728
2047
2100
1697
2294
2006
1743
2077
2136
2103
1865
1847
1936
1599
1963
1649
2101
1883
1578
2235
2102
1865
1840
1613
1605
1878
1712
1832
1563
1522
1926
1286
1911
2211
2232
1776
1955
1956
2052
1928
2230
1802
2103
1932
2304
1852
1864
2108
1893
2266
1454
2128
1653
1616
1920
2081
2141
2072
1710
2120
1921
2310
1217
2203
1964
2100
1676
1426
1859
2155
2001
2230
1747
1942
1342
2355
1671
1997
1333
1392
1719
2445
1448
1701
1851
1903
1906
1756
1728
2357
1856
2215
2201
1569
1815
1855
1926
1677
1993
1830
1849
1008
1658
2358
1893
1702
2210
1882
2067
1930
1819
2238
2183
1367
1861
2126
2053
2087
1791
1494
1878
1530
1196
1233
2314
1830
2166
1717
1615
2190
2035
1465
2162
1788
1651
1700
2266
1799
1880
2166
2271
2108
2263
1813
1919
1737
1422
2180
2253
2265
1637
2232
1661
1406
1287
1603
1925
1967
1902
1920
1738
2090
2171
2286
1642
1981
1789
1939
2147
2166
1640
1638
2240
1741
2027
2077
1968
1871
2165
1945
1781
1790
1585
1941
1439
1868
2134
1731
1818
2004
2060
2039
1963
2146
2165
1767
2075
2041
2128
1522
2191
1765
1357
2152
1545
2284
2139
2048
1124
1248
1855
1980
1603
1295
1474
1752
1983
1648
2075
2208
2224
1770
2211
1854
1749
1791
1841
1943
1278
1977
2194
2125
2117
2121
1764
1572
1874
1828
1692
2229
1613
2113
2242
2351
2036
2038
1504
1949
1636
1774
1353
2290
2063
1737
2191
2044
2149
2288
2043
1918
1776
1666
2011
2300
1683
1805
1598
2020
1902
1897
2074
1576
2022
2071
2112
1928
2310
1917
1694
1877
2012
1623
1781
2144
1506
1327
1821
2197
2000
1417
1662
2203
1998
1858
1568
2072
1734
1636
1789
2154
2082
1899
1400
2176
2022
1444
2215
1946
1837
1845
2070
2150
1772
1562
1957
1843
2234
2068
1752
1867
1700
1797
1724
2274
1830
1749
1420
2147
2241
1685
1931
1674
2176
2043
1886
2056
1858
1908
2305
1956
2302
1879
2090
1663
1980
1965
1914
1615
1674
1974
2260
2081
2018
2223
1975
1902
1929
1927
2044
1588
2072
1710
1948
2249
1558
1976
2263
2185
1997
1780
2169
1916
1422
1860
2206
1366
1983
2026
1217
2087
1984
1883
1762
2304
1856
1882
2290
1902
1852
2104
1867
1757
1709
1970
1930
1598
1174
1681
1952
2253
2385
2058
2082
2000
1923
2202
1951
1472
2051
1891
2401
1908
1918
2227
1709
1739
2108
1827
1962
2141
1638
1872
1451
2052
2109
1748
1429
2064
2159
2131
1830
2034
1950
1741
2451
2036
2368
1866
1817
1975
2123
2142
2057
2205
1834
1713
2193
2129
1502
1954
1852
2024
2233
2190
2155
1972
1810
1710
1653
1984
2314
2026
1714
2135
1992
2347
2200
2330
1829
1860
2372
2467
2248
1922
1825
2067
1467
2056
1834
1958
2251
2334
1825
1854
2290
2074
2314
1999
1898
1444
2041
2129
1732
2136
2099
2195
1707
2064
2051
2201
2099
1310
2037
2058
2116
2202
2096
1996
1931
1554
1824
1982
1540
2253
2096
2174
2354
2109
2177
1991
1555
1212
2049
1984
1385
1979
1855
2130
2296
2130
2066
2032
2212
1715
2058
1646
1719
1804
1969
1769
1527
1743
1789
2122
2040
1799
2006
2130
2108
1927
2376
2147
1938
1862
2057
1960
2135
1902
1614
2077
1875
1547
2042
1924
1747
1580
1971
2191
1309
1635
1945
1739
1519
2031
2416
1948
1581
2277
2054
2027
1349
2011
1872
1863
1584
1553
1920
1914
1640
2152
2469
1735
2090
2067
1637
1593
1928
1632
2305
1331
2031
2010
2109
1985
1761
1637
2110
1791
1864
1798
1755
2249
2004
2156
1739
2091
1660
2287
1807
1972
1761
1907
1448
1372
1856
2000
2324
2213
2208
1800
1929
2026
2131
1779
1858
1724
2259
1996
1690
1816
2133
1248
2170
2289
2202
1831
1899
1972
1557
1991
1948
2184
1870
2211
1799
1624
1603
2092
1706
2284
1662
1618
1913
1822
1650
2082
1846
2165
2104
1732
1576
1957
1902
1630
2102
2343
1883
1633
2281
1358
1902
1969
1940
2184
2011
2172
2026
1669
2136
2063
1494
1873
2237
2292
2020
1859
1533
1852
1838
2185
1760
1781
1557
1684
1945
1834
2116
1774
1826
1965
2274
1493
2158
2042
1919
2160
2014
1687
2081
2120
1960
2231
1592
2046
1929
2067
1952
2001
1960
1998
2164
1476
1701
1878
2036
2295
1957
2287
1572
2186
2062
2090
2116
2394
1988
2073
1968
1738
2205
1828
1747
2016
1890
1788
1637
2306
1717
2072
1703
1722
1798
1975
1588
2257
2220
2134
2215
1778
2003
1934
2203
2318
1675
2077
2009
1940
1831
2032
1390
1875
1666
1487
2146
2166
2324
2336
2141
2051
2065
2344
1974
1541
1657
2171
1557
1917
2111
2020
1599
2282
1675
1737
1962
2100
2331
1666
1984
2264
2031
1567
2008
2064
2442
2245
1982
2327
1987
2018
2192
2022
2044
1754
1948
1893
1898
1775
2141
2031
1774
1901
2065
2306
2159
2431
2230
1585
2001
2270
1889
2288
1955
1938
1427
1520
1968
1618
1826
1679
2022
1797
1550
1897
1823
1996
2014
1995
2036
1678
1993
1784
2412
1985
2135
1703
1983
2236
1828
2348
2088
2022
2090
2024
2301
2042
1761
2121
1606
2440
1552
2171
1811
1919
1704
2062
2306
2281
1895
2176
2197
1647
1804
2185
1936
2153
1186
1815
2350
2042
2001
2047
1389
2412
2129
2079
2122
1953
2172
2294
2187
1767
1844
1773
1773
1801
2170
1954
1916
2030
2289
1984
2037
2256
2208
2360
2378
2393
2273
1788
2081
2334
2113
2145
1105
2048
1880
1826
1750
1543
1975
2058
1797
2097
2268
1866
2224
2104
2078
1603
2202
1923
1739
2063
1807
1182
1948
1778
1948
2001
2083
1900
2240
2036
2240
2355
2178
1612
1588
2180
2364
2353
1857
1593
1910
1952
1667
2229
2008
1904
1757
1582
2043
2230
2089
1638
2015
1771
2162
2129
2341
1938
2079
1774
2212
2101
2369
2408
2180
2166
2062
2117
1542
1960
2087
1851
2056
2307
1606
1801
2012
1580
1128
2035
1767
2119
2271
2062
1744
1626
1830
1983
2075
1912
1741
1674
1799
2263
1602
1785
1501
1824
2134
1641
1980
2073
1953
1905
2076
2006
1930
2427
2263
2234
1926
1731
1862
2280
2163
2018
1942
1422
2354
2397
2207
2127
2172
1764
1732
2230
2077
1813
2186
2203
2128
2393
2306
2170
1726
1849
2028
2326
2218
1561
2142
1995
2124
2193
2000
1520
1575
2203
2173
2011
1997
2159
1962
1550
2079
2063
1679
1859
1880
1870
2010
2153
2154
2382
1401
2181
1761
2183
2199
2187
1773
2100
1987
2191
1569
1809
2100
1994
2308
2334
2180
2128
1782
2248
1964
1775
1973
1426
1864
2071
1950
1848
1310
2009
2104
2081
2027
2038
2238
2437
1822
1882
1991
1948
1586
2079
2250
2068
2107
1812
1899
1668
1745
1584
1410
1615
2098
1653
2094
2034
2290
1903
1980
2154
2061
1877
2215
1787
2142
1814
1696
2152
2214
1747
2084
2290
2318
2089
2140
2048
1982
1865
1837
2083
1932
2078
1717
2163
1895
2300
1888
2120
1951
2415
2366
1922
1546
2138
1494
1982
2022
2260
1774
2290
1962
1913
1906
2095
1687
2251
1917
2023
1913
1683
2385
2179
2428
2212
2000
1814
2118
2032
2445
2147
2079
2100
2330
1720
1841
2401
1775
2343
1856
2116
2377
2201
2002
1662
2159
2031
2075
2176
1971
2106
2017
1628
2197
1915
2012
1971
1749
1690
1595
2298
1793
1412
1840
2395
2486
2130
1971
1855
1937
1808
1962
1876
2042
1972
2197
2002
1852
1730
2123
2121
2358
1912
2049
1790
1869
1814
1776
1441
2123
2075
1910
2462
2202
1980
1954
2049
2301
1502
1947
2176
1874
2301
2068
1730
1774
2145
2181
1586
2250
2160
1594
2121
2287
1849
2044
1554
2021
2292
2193
2061
2201
1949
1769
2026
1773
2131
1790
1804
2255
2021
2035
1688
2006
2088
2334
2159
1551
2289
1974
2241
1894
1727
2494
2201
2064
2321
1838
2201
1618
1373
2171
2284
1926
2343
2211
2222
2266
1875
2344
1866
1342
2335
1758
2068
2214
1811
2169
1966
2054
1970
1672
2343
1592
2034
1612
1855
1747
2137
2197
1376
2136
2229
1407
2107
1735
2178
2200
2222
1963
2141
1804
2337
2063
1623
1532
1592
1679
1830
1907
2295
1999
1647
2162
2070
2019
2039
2339
2340
2249
2029
1643
1948
1931
2272
2137
1981
2290
2355
1903
2377
1842
2081
1294
1940
1638
2411
1890
2050
2144
2314
2408
2100
2171
2094
2496
2162
1877
2078
2276
2325
1945
2074
1390
2344
1889
2319
2439
2193
2426
2455
1900
2046
2204
1842
1985
2042
1818
2021
2099
2117
2348
1557
2001
1723
1575
2385
1828
1374
1820
1954
1956
2082
2163
2296
1630
2269
2078
1843
1813
1821
2340
1894
1940
2130
1775
1570
1764
2145
2300
2212
2115
2021
2467
2162
2279
1906
1350
2095
2419
2338
2254
2254
1919
1938
1734
1617
2099
2069
2358
2148
1771
1699
1918
1871
1892
2228
2278
2301
2042
1740
2197
2298
1949
2203
2232
1783
1943
1780
1780
2496
2226
1822
2244
2114
2061
2080
1799
2105
1958
2234
2202
2408
2119
2082
2064
2056
2175
1814
2388
2336
1651
1930
1964
1565
1947
2409
2242
2290
2003
1244
1955
1906
2154
2304
2337
2322
2382
1883
2154
2116
2080
2072
1796
1808
2279
2300
2219
2116
2281
2191
2152
1977
2325
1773
1845
1814
1843
2053
1913
2428
2181
2303
2403
2297
2243
1996
1999
1907
2187
1787
2427
2072
1977
1982
2058
1846
2286
1400
1742
1747
2119
2223
2043
1878
2022
2116
2182
2344
1940
2155
2218
1944
2128
1978
2227
2377
2438
2051
1959
2018
1430
1824
1819
2097
1864
1829
2236
1978
2446
2194
2234
2086
1874
1971
2038
2368
2326
2227
1978
1956
1977
1900
2506
2061
1909
2364
2162
2007
1655
2380
2215
1942
1516
1808
2264
2309
1634
2401
1943
2176
2501
2402
1953
1751
1975
2053
2156
2193
2295
1692
2233
2240
1546
2283
2045
2212
2172
2188
2138
1802
2161
2155
1305
1893
2335
2060
2200
1601
2266
2270
1723
2053
1986
2311
1969
1900
1988
2375
1725
1823
1929
1676
2385
1989
2122
1704
2192
1604
2167
2006
2322
2056
1262
2086
2265
2152
1787
1983
1871
2018
2092
1890
1947
2005
2333
2209
1843
2257
1854
2426
2108
2374
1488
2461
1980
2435
2063
1916
1990
1856
1928
1398
1875
1773
1689
2255
2055
2350
2146
2334
2167
2174
2175
2003
1604
2249
2431
2025
2060
2047
1662
1832
2401
2150
2236
2192
2025
2366
1895
2022
2440
2109
2063
2370
2306
1848
2415
2042
2075
2056
2142
1910
1642
1650
2378
1823
1344
2155
2258
2320
2171
1952
1974
2251
2167
2060
2157
1718
1789
1845
2214
1996
1855
1686
2156
2223
2027
1891
1640
1978
2109
2064
2240
1679
2299
2188
1941
1880
2248
1796
1712
2333
1987
1809
2163
1865
2468
2163
1770
2076
2168
2174
2206
1852
1532
2135
2424
2255
1984
1835
1724
2358
2072
2018
2121
2081
2255
2103
1855
1665
1964
2476
2119
2414
2075
1978
2370
2428
1940
1957
1869
2082
2428
2145
2137
1894
2276
1932
1943
1726
1791
1982
2239
1475
2208
1958
1977
2466
2071
2356
2214
1855
2180
2217
2308
2136
2021
1987
2255
2344
1703
2242
1688
2050
2274
2197
1928
2366
2058
2159
2365
2374
2018
2228
2463
2077
1944
1841
1492
2280
2430
1690
1760
1927
2008
2112
2027
2174
2217
2136
1274
2124
1767
2286
2184
2295
2375
2380
2222
1976
2340
1896
2462
1798
2391
2057
1512
1820
1462
1930
1677
2250
1969
2168
2228
1662
2443
2077
2270
2004
2259
2146
2359
2124
1712
1974
2194
2270
2067
2001
2161
2209
1806
2004
2279
2326
1971
1844
1838
1612
2089
2029
1929
2352
2176
2081
1610
1915
1886
1956
2236
2214
2095
2145
2161
2430
2120
1918
2106
2154
1742
1885
2061
2168
1969
2109
1994
1994
2281
2017
1845
1969
2166
2095
2065
1663
2085
2227
1905
2085
1525
2117
2036
2296
2158
1990
2097
1856
2181
1648
2426
1940
1792
2060
2256
2137
1911
2144
1956
2114
2082
2252
1945
2212
2017
1925
1558
1918
2479
2312
2030
2135
2315
2210
2440
1849
2034
2128
1990
2454
2276
2257
2222
2394
2215
2326
2349
2060
2348
1613
2317
2014
1879
2018
2158
1855
2277
1673
1850
2359
2149
2035
2185
2250
2262
2224
2260
2135
2182
2407
1708
2186
1932
2186
1615
2343
2424
2138
2415
2087
1850
2236
2074
2394
2210
2340
1882
1874
2027
2060
2386
2281
2393
2094
2050
1710
2518
2069
2364
2303
2442
2150
1991
1838
2035
2164
1762
2046
2522
2222
2366
2148
2197
2133
1654
2221
2281
1511
1664
1976
1971
2122
2343
2186
2256
2110
2271
2310
2322
2329
2476
2403
2103
2434
2317
1965
1972
2424
1659
2356
2166
2274
2166
1758
2066
1544
1997
2273
2092
1901
2198
2253
2167
2111
2048
2004
1939
1905
1798
1673
1959
2273
2005
2356
1919
1689
1736
1648
2344
2114
2332
1932
2006
1935
2064
1942
1825
1905
2057
2130
2480
2470
2124
1439
2257
2136
2060
1756
2030
2158
2017
1720
1988
2075
2033
2052
2098
2146
1738
2342
2180
2497
2120
2306
2368
2212
1847
2370
2045
2274
2305
2250
2328
2466
2397
2348
2391
2218
1577
2126
1980
1695
1626
1869
2212
2061
2145
2312
2265
1686
2061
2014
1748
1972
2179
1944
1930
1987
2157
2236
1887
1748
2393
2300
2320
2139
2148
2386
2339
2416
2119
2170
2230
2291
1734
2329
1782
1909
2098
2205
2050
1996
1793
2116
1661
2344
2404
2251
2263
2087
2371
2446
2149
2188
2351
2369
2077
2059
1859
2351
2080
2290
2411
1996
1846
1947
1948
1696
1706
2236
1914
2252
2120
2017
1733
1783
2195
2022
1897
1786
2145
2256
1652
2016
1612
2221
2137
2048
2481
2048
2304
2371
2096
1940
2077
2356
1935
2339
1868
2060
2257
2236
2161
2119
2085
2185
1877
2266
1937
2231
2049
2239
2067
2059
1894
2296
2210
2236
2364
2480
1948
2355
2050
1818
2184
1950
2375
2113
1707
2014
2030
2030
2171
2158
2104
1904
2307
2316
1930
2090
2065
2313
1982
2386
2214
2080
2094
2167
1934
2279
1905
2348
1871
2387
2082
1978
2342
2378
1880
1931
1963
1871
2287
1558
1908
2102
2256
2398
2340
2426
2282
1913
1768
2227
2029
1945
2066
1992
2180
2102
1843
2441
1944
2046
2165
2376
2318
2137
2414
2055
2268
2029
2194
1932
1703
1844
2160
2036
2376
1918
2085
2012
2348
1981
1655
1970
1883
2428
1813
2259
2411
1786
2268
1855
1880
2103
2326
2324
2373
2189
2278
2376
1862
2205
2069
2310
2141
2464
2168
2016
1858
2198
1894
2351
2110
2231
2344
2385
1849
1983
1644
2270
2378
1768
2166
2348
1797
2415
1730
2034
1639
2017
1814
2038
1274
1846
2230
2177
1842
2329
1688
2386
2317
2017
1813
1971
2460
2258
1544
2090
2266
2220
1939
2154
1913
1804
2280
1619
1484
2235
2148
1738
2168
2060
2290
1656
2026
2029
2026
2102
2055
2419
2124
2158
1865
2330
1639
2086
2395
2346
2015
2122
2394
2064
2111
2123
2025
1951
2120
2346
2210
1862
2232
2261
2026
2261
1895
2157
1934
2098
2008
1845
1913
1940
2184
2434
2048
2227
2294
2327
1991
1940
2138
2189
2218
2144
2061
2112
2082
1940
2176
2154
1772
2153
2151
2100
2052
2252
2412
2082
2111
2127
1860
2166
1674
2218
1970
1815
2077
1894
2325
2283
2304
1880
2183
2404
2185
2321
2158
2070
1698
2196
1966
2257
2344
2343
2437
2007
2134
2125
1802
2188
1768
2044
2191
2415
2285
2283
2350
2310
1784
1981
2429
2329
2322
2021
2364
2282
2176
2415
2193
2254
2236
2264
2202
2348
2301
2094
2183
2090
2019
2260
2231
2023
2235
2347
1893
2106
1827
1966
2296
2185
2310
2072
1519
1597
1884
2159
2138
2266
2074
2360
1896
2262
2072
2312
2210
2227
1768
1797
1966
2020
1970
1854
2082
2046
1902
2029
2480
2064
2226
2398
2133
2082
1952
2150
1906
2017
2137
2226
2013
2248
2127
1755
2395
2100
2080
2219
2118
2185
2180
2403
2119
1441
1935
1993
2108
2144
2372
2298
2436
2266
2194
2279
2312
2378
2046
2329
2300
2214
2142
2449
1901
2317
1987
2329
2339
2244
2395
2295
2111
2308
2052
1646
1801
1738
1599
2106
2382
2050
2279
2416
1970
2430
1609
2096
2120
2141
1940
2454
2029
2334
2268
2433
2398
2227
2217
2219
2098
2104
1904
2235
2458
2093
2368
2269
2089
1905
1743
2360
2389
1889
2248
2017
2185
2377
2081
2138
2434
2101
2381
2100
2437
2270
2296
1892
1759
2352
2063
1914
2107
2430
2430
2390
2048
2347
1712
2021
2390
2265
2395
2087
2098
2251
2365
2046
1984
1540
1937
1927
2384
1906
2332
2420
2133
2180
2017
1890
1985
1862
2102
2398
2085
2384
2272
2386
2210
2386
2400
2270
2442
2169
2296
2030
2363
2137
2266
2472
2132
2232
2304
2338
1970
2454
2194
2028
2156
2167
2290
2189
2192
2171
2402
2239
2390
2172
2295
1803
1966
2137
2396
2021
2437
1828
2168
1644
2239
2189
2007
2182
2270
2347
2274
2376
2099
2309
2141
2313
1906
2446
1786
2149
2468
2172
2342
2337
2306
2187
2021
1812
2146
1910
2274
2346
1966
1621
2352
2232
1940
2149
2266
2361
1897
2410
1518
2334
2364
2133
2441
2286
2087
2368
2100
2394
2309
2119
2331
2236
2314
1846
2206
1983
2433
2368
2004
2364
2377
1910
2400
2352
2430
2430
1935
1810
2266
2369
2257
2271
2308
1850
2420
1866
2240
1975
2119
2202
2176
2196
2360
2138
2316
2348
2347
2344
2385
1845
1970
2193
2320
1940
2262
2496
2154
2223
2051
2269
2256
1990
2239
1955
2335
2344
2132
2224
2314
2232
2287
2247
2402
2355
1924
2110
2186
2423
2377
1927
1913
1892
1673
1720
1841
1982
2052
2002
2193
1940
2090
2317
1999
2267
2284
2270
1812
2167
2162
2274
2226
2138
1884
2213
2317
2056
1904
2283
1750
2308
1644
1892
1956
2327
2262
2107
1832
2142
2282
2175
2034
2468
2240
2264
2403
2286
2446
1991
2275
2488
2364
2115
2399
2150
2227
2016
1712
2281
2204
2100
2108
2194
2058
2209
2209
1957
2278
2348
2352
2112
2256
2218
1944
2476
2356
2305
1927
2034
2309
2135
1879
2266
1730
1966
2357
2250
2348
1952
2321
2221
1936
1987
2080
2137
1905
2047
2222
2343
2158
1822
1978
2458
1948
2081
2210
2428
2218
2351
2194
2098
2450
2115
2029
2104
1978
2228
2260
2403
2256
2081
2068
2148
1846
2061
2185
2044
1458
2145
2348
2468
2192
2330
2154
2060
2210
2179
2240
2228
2000
2262
2016
1711
2292
2193
2376
2064
2368
2468
2262
2072
1934
2112
2330
1771
2329
2004
2042
2271
2356
2137
2141
2343
2240
2340
2190
2396
2454
2176
2176
2309
1970
2214
2394
2103
1893
2430
2146
2415
2133
1897
2228
2154
2172
2026
2321
1822
2265
2193
2442
1884
2396
1936
1811
2410
2236
2340
2137
2390
2176
1970
2356
2219
2178
2276
2124
2438
2175
1665
2163
2132
2244
2051
2176
1734
2096
2060
2184
2205
2372
2123
2344
2347
2051
2107
2012
2407
2103
2021
2172
2248
2227
2441
2311
2434
1820
2412
2275
2330
2034
2263
2307
2125
1831
2197
2086
2230
1648
2006
2283
2352
2227
2003
2374
2382
2189
2150
2356
1853
2055
1935
2064
2389
2193
2237
2227
2041
2358
2266
1820
1794
2182
2355
1988
2258
2068
2266
2154
2432
1768
2150
1789
2468
2062
2400
2115
2385
2073
2204
2348
2235
1952
2243
2235
2014
2077
2261
2034
1858
2360
1850
1854
2141
2416
1944
2411
2231
2168
2343
1838
1496
2309
1918
2162
2219
2123
2164
2158
2197
2433
1785
2180
2376
2404
1854
1952
2274
1692
2266
2050
2224
1970
2206
1854
2282
2403
2274
2240
2138
2314
2433
2232
1884
1952
2098
1970
2111
2042
2145
1715
2305
1913
2230
2205
1756
2402
2266
1990
2376
2051
2402
2176
2339
2372
2193
2142
2135
1865
2307
2176
2188
2446
1472
1678
2395
2240
2194
2154
2389
2162
2256
2343
2372
2184
2060
2446
2243
2140
2256
2399
2104
2274
1969
2355
2266
2254
2029
2476
2184
2468
1939
2402
2248
2480
2244
2296
2213
2257
2124
2339
2235
2133
2296
2308
2236
2270
2176
2420
2033
1932
2227
2209
2254
2524
1812
2151
2228
2190
1897
1930
2052
2056
2029
2274
2290
2060
2356
2086
1978
2270
2223
2411
1910
2433
2350
2155
2343
2395
2239
2105
1780
2102
2429
2089
2135
1835
1782
1836
2068
2433
2270
2429
2269
1784
1932
2084
2248
2434
2343
1966
2166
2306
2146
2348
2351
2386
1811
2227
2217
2309
2472
2357
2137
2257
2137
2056
2120
2394
2329
2433
2130
2184
2472
2399
2433
2056
2407
2393
2158
2412
2232
2209
2004
2099
2226
2378
2089
2043
2395
2352
2188
2224
2137
2151
2402
2048
1874
1766
2365
2004
2003
2189
2296
2266
2240
2051
2213
2119
2236
1916
1836
1902
2137
2325
2391
2179
2279
2429
2304
2009
2433
1996
2404
1988
2360
1978
2399
2257
2261
2356
2343
2386
2187
2262
2434
2334
2352
2342
2360
2340
2083
2227
2004
2149
2360
2212
2101
1830
2158
2200
1939
1898
2058
1731
2279
2077
2333
2241
2232
2068
2359
2207
1895
1990
2212
1894
2051
2364
1764
2060
2224
2266
1823
2166
2235
1918
1983
2232
2296
2395
2176
1926
2060
2275
2017
2282
2066
2302
2442
1892
2434
2368
1463
1656
2008
1520
2007
2351
1970
2022
2404
1647
2356
2158
2175
2052
2210
2395
2068
2102
2415
1974
2404
2399
2189
2351
2377
2184
2347
2334
2154
2454
2264
2171
1825
2376
2421
2133
2395
2108
1931
2347
2348
2396
2356
2045
2286
2433
2056
2094
2230
2232
1798
2158
2060
2184
2180
2295
2014
2085
2434
2060
2060
2176
2085
2270
2120
2266
2382
2395
2042
2130
2190
1885
2296
2364
2307
2261
2402
2103
2257
1909
1892
2462
2400
1382
2260
2257
2355
1698
2372
2017
2330
2210
2065
2415
2428
2296
2227
2382
2012
2098
2464
2472
1904
2069
2222
2137
2476
2274
2454
2266
2386
2176
2262
2314
2340
2278
2274
1814
2344
2313
2433
2068
2433
1990
2376
2476
2378
2433
2269
2024
2248
1995
2056
2352
2180
1978
1932
2438
2022
2235
2060
2472
2086
1927
1767
2209
2307
2013
1954
1548
2075
2298
2442
2064
2310
2319
2390
2227
2330
2415
2004
1866
2390
2415
1737
2282
1978
2192
2141
2162
2355
2076
2267
2099
2252
2231
1858
2355
2433
2434
2293
2176
2399
2454
2110
2052
2436
2003
2017
2304
2275
2248
2227
2060
1970
2296
2124
2099
2423
2296
2343
2296
2142
2472
2356
2394
2429
2228
2372
2056
1927
2228
1949
2194
2428
1846
2395
2399
2137
2464
2347
2275
2476
2145
2282
1913
1755
2060
2099
2176
2225
2152
1498
2446
2262
2244
2166
2213
2258
2137
1836
2346
2472
2433
2033
2186
2180
2356
2336
2357
1982
1974
2317
2236
2042
2158
2309
2433
2060
2262
2177
2193
2362
2480
2352
1974
2244
2013
1970
2060
2274
2402
2038
2308
2240
2282
1726
2365
2355
2176
2022
2364
1952
2270
2378
2309
2351
2343
2382
2056
2472
2424
2060
2348
2262
2305
1999
2089
2472
2361
2309
2334
2142
2430
2472
2434
2197
1974
1686
2275
2232
2454
2434
2236
2266
2468
1936
1684
1838
2026
2201
2181
2355
1978
2433
2412
2390
2060
2258
2360
2107
2434
2403
1970
2438
2138
2356
2304
2430
2026
1908
1916
1861
2150
2189
2262
2360
2472
2438
2022
2232
1983
2339
2103
2024
2282
2356
2333
2386
2429
2235
2343
2086
2462
2029
2286
2257
1966
2380
2395
2394
1978
2399
2141
2400
2280
1567
2244
2381
2326
2393
2496
2223
1885
2066
2317
2120
2098
2266
2374
2042
2090
2344
2256
2368
2068
2060
2228
2274
2021
2347
1956
2330
2227
2441
2184
2068
2150
1984
2230
2206
2223
2434
2266
2103
2180
2282
2403
2480
2433
2099
2450
2352
2434
2274
2433
2219
2296
2090
2454
2232
2468
2248
2180
2266
2180
2313
1940
2386
2142
2343
2436
2004
2154
2266
2227
2146
2368
2157
2176
2472
2480
1889
2305
2107
2368
2411
2472
2201
2103
2319
2352
2377
2400
2339
2454
2209
2399
2305
2395
2399
2180
2154
2068
2060
2434
2043
2386
1917
2396
2226
2407
2351
2343
2365
2394
2310
2454
2420
2112
2317
2266
2141
2176
2072
2180
2317
2266
2172
2275
2141
2433
2256
2055
2138
2209
2433
2355
2433
2442
2472
2094
1932
2266
2099
2266
2248
1974
2368
2266
2239
1987
2227
2017
2060
2170
2368
2360
2355
2257
2464
2386
2450
1931
2382
2386
2444
2227
2128
2262
2175
1970
2376
2228
2180
2468
2468
2449
2258
2137
2090
2227
2308
2180
2142
2248
2060
2334
2438
2368
2382
2060
2138
2282
2415
2395
2266
2210
2416
2446
2433
2162
2454
2316
1974
2396
2472
2077
2348
1764
2363
2488
2381
2266
2382
2310
2472
2372
2162
2329
2180
2395
2480
2433
1721
2188
2266
2441
2344
2313
2329
2395
2348
2269
2352
2343
2434
2400
1931
2209
2158
2180
2090
2480
2214
2450
2138
2364
2274
2042
1983
2176
2262
2107
1850
2017
2360
2368
2232
2102
2423
2420
2476
2472
2434
2231
2470
2394
1913
2248
2382
2232
2446
1931
2370
2306
2176
2309
2472
2228
2415
2454
2269
2382
2317
2262
2434
2326
2060
2386
2252
2348
1540
2266
2266
2480
2348
2228
2442
2205
2228
2235
2378
2338
2060
2232
2472
2317
2372
1966
2145
2433
2274
2434
2364
2172
2025
2433
2154
2060
2416
1979
2256
2348
2342
1991
2042
2266
2472
2017
2060
2382
2119
2434
2274
2391
2300
2060
1931
2438
2271
2454
2308
2433
2188
2386
2429
2026
2266
2364
2119
2214
2184
2232
2248
2171
2235
2248
2227
2454
2395
2344
2176
2176
2227
2209
2433
2339
2301
2352
2124
2154
2347
2434
2266
2394
1571
2153
2060
1884
2330
2368
2170
2433
2160
1548
1930
1822
2274
2416
2386
2480
2176
2472
2258
2399
2404
2262
2364
2454
2176
2154
2357
2344
2365
2410
2266
2305
2450
2266
2256
2454
2398
2454
2248
2176
2206
2103
2348
2390
2228
2266
2266
2193
2355
2441
2228
2110
2184
2480
2364
2326
2042
2433
2402
2394
2119
2268
2227
2347
2438
2454
2438
2022
2386
1935
2266
2231
2403
2450
2430
2468
2026
2160
2274
2378
2423
2090
2437
2021
2236
2099
2472
2052
2472
2472
2018
2356
2248
2060
2301
2472
2454
2399
2351
2368
2052
2348
2434
2382
1970
2382
1987
2176
2472
2382
2171
2433
2438
2376
2223
2274
2227
2060
2248
2415
2352
2224
2262
2227
2468
2433
2012
2266
2266
2124
2450
2480
2227
2227
2188
2386
2480
2158
2313
2137
2266
2438
2262
2433
2141
2266
2198
2347
2438
2454
2433
2300
2227
2206
2296
2158
2266
2142
2480
2056
2430
2411
2382
2382
2454
2227
2236
2223
2248
2472
2189
2343
2266
2172
2194
2004
2300
2394
2060
2416
2404
2270
2232
2098
2372
2065
2266
2361
2240
2342
2020
2193
2227
2410
2480
2480
2415
2476
2402
2266
2480
2232
2240
2454
2462
2180
2232
2282
2266
1940
2274
2468
2060
2266
2256
2012
2266
2386
2293
2438
2217
2378
2348
2273
2347
2344
2446
2330
2480
2382
2454
2360
2068
2394
2060
2441
2227
2008
1884
2313
1935
2347
2382
2344
2343
2441
2228
2415
2282
2184
2232
2438
2227
2180
2352
2382
2381
2228
2266
2266
2472
2438
2429
2434
2472
2386
2274
2248
2188
2454
2162
2472
2488
2296
2149
2368
2176
2434
2176
2232
1943
2423
2450
1956
2472
2262
2100
2222
2038
2266
2269
2360
2266
2394
2436
2416
2472
2343
2395
2155
1982
2434
2480
2253
2223
2434
2433
2441
2227
2365
2394
2305
2454
2399
2248
2386
2052
2232
2022
2454
2258
2386
2472
2434
2050
2266
2218
2382
2138
2266
2468
2228
2060
2060
2232
2394
2434
2176
2382
2472
2468
2438
2137
2480
2004
2476
2355
2348
2274
2240
2468
2468
2266
2472
2394
2399
2141
2399
2266
2437
2382
2304
2184
2296
2262
2227
2343
2381
2099
2480
2214
2438
2433
2433
1768
2480
2060
2395
2266
2480
2316
2395
2472
2227
2232
2309
2309
2434
2410
2399
2270
2266
2378
2472
2438
2247
2248
1988
2060
2468
2227
2438
2472
2399
2361
2223
2368
2060
2236
2061
2228
2464
2344
2472
2386
2434
2189
2488
2158
2266
1974
2270
2433
2296
2395
2146
2382
2402
2218
2472
2412
2433
2429
2236
2262
2480
2232
2117
2472
2415
2386
2248
2144
2462
2480
2137
2343
2180
2468
2472
2396
2196
2420
2364
2430
2468
2176
2274
2209
2360
2382
2404
2480
2390
2104
2472
2433
2382
2227
2352
2433
2102
2270
2162
2266
2235
1854
2266
2364
2402
2438
2347
2472
2274
2446
2347
2052
2472
2400
2450
2399
2188
2454
2180
2434
2248
2399
2442
2266
2433
2391
2266
2227
2227
2429
2390
2432
2176
2395
2184
2402
2232
2248
2188
2228
2248
2227
2454
2382
2423
2454
2438
2248
2441
2266
2472
2378
2472
2472
2433
2304
2382
2248
2060
2382
2386
2472
2433
2266
2472
2382
2434
2433
2228
2232
2468
2382
2355
2334
2382
2450
2425
2352
2176
2266
2194
2468
2266
2395
2060
2194
2227
2262
2232
2119
2442
2274
2269
2262
2338
2386
2138
2395
2454
2176
2438
2382
2060
2462
2274
2472
2368
2232
2356
2390
2382
2309
2368
2454
2468
2258
2304
2296
2188
2269
2480
2472
2227
2468
2266
2180
2266
2434
2313
2337
2176
2266
2472
2060
2433
2382
2454
2472
2438
2227
2266
2386
1913
2227
2433
2266
2433
2433
2433
2472
2382
2400
2266
2433
2434
2274
2450
2472
2433
2228
2434
2454
2420
2226
2472
2266
2395
2438
2390
2176
2394
2476
2142
2304
2274
2360
2352
1918
2248
2394
2480
2244
2248
2266
2468
2266
2348
2420
2228
2266
2060
2468
2382
2193
2344
2094
2472
2022
2434
2433
2266
2472
2390
2266
2266
2210
2470
2433
2368
2382
2348
2400
2433
2430
2176
2300
2351
2266
2266
2480
2266
2386
2266
2003
2343
2472
2480
2300
2232
2266
2318
2214
2361
2462
2472
2271
2266
2424
2472
2433
2266
2060
2472
2472
2415
2472
2116
2266
2382
2438
2266
2227
2394
2266
2266
2266
2266
2266
2176
2060
2386
2415
2416
2266
2266
2433
2248
2472
2296
2472
2382
2348
2224
2227
2386
2472
2472
2400
2146
2305
2184
2468
2119
2227
2454
2415
2330
2227
2352
2472
2386
2228
2480
2399
2468
2052
2060
2266
2462
2176
1983
2454
2415
2372
2266
2468
2266
2240
2434
2266
2429
2356
2415
2368
2368
2248
2060
2262
2472
2454
2325
2227
2472
2386
2356
2305
2472
2472
2396
2468
2433
2266
2266
2266
2180
2228
2408
2334
2176
2060
2438
2266
1854
2347
2420
2454
2060
2227
2472
2415
2464
2352
2146
2433
2386
2266
2274
2420
2433
1952
2266
2433
2472
2266
2433
2454
2150
2472
2227
1970
2480
2060
2189
2415
2266
2480
2344
2394
2158
2347
2330
2060
2110
2472
2060
2266
2472
2266
2434
2454
2180
2472
2433
2347
2399
2472
2266
2060
2309
2266
2480
2158
2232
2266
2430
2472
2266
2274
2228
2472
2227
2266
2468
2480
2180
2438
2454
2468
2386
2454
2407
2433
2266
2480
2472
2472
2468
2472
2454
2433
2433
2228
2394
2472
2060
2189
2382
2386
2060
2472
2472
2266
2433
2438
1956
2472
2480
2480
2376
2468
2227
2262
2266
2266
2476
2198
2472
2454
2227
2433
2060
2441
2194
2244
2433
2376
2227
2472
2060
2266
2386
2382
2386
2433
2266
2480
2266
2434
2472
2468
2042
2355
2468
2386
2472
2266
2248
2382
2262
2382
2176
2266
2433
2433
2158
2430
2197
2429
2442
2386
1970
2266
2382
2232
2266
2382
2176
2266
2248
2433
2060
2472
2274
2438
2472
2433
2390
2446
2468
2266
2434
2472
2060
2400
2472
2266
2454
2442
2433
2472
2228
2472
2266
2266
2248
2394
2472
2355
2433
2472
2120
2266
2433
2266
2266
2468
2090
2472
2472
2472
2472
2472
2472
2060
2274
2266
2310
2472
2266
2472
2274
2266
2472
2124
2360
2472
2438
2386
2438
2158
2266
2472
2400
2189
2438
2382
2228
2266
2433
2434
2382
2472
2395
2334
2454
2266
2472
2480
2266
2382
2266
2434
2266
2262
2060
2433
2396
2266
2429
2378
2142
2008
2176
2472
2438
2266
2344
2060
2420
2274
2094
2472
2386
2021
2386
2472
2416
2266
2472
2266
2228
2266
2266
2266
2248
2472
2472
2472
2468
2468
2266
2472
2386
2060
2399
2394
2415
2262
2433
2472
2436
2404
2415
2227
2429
2472
2228
2296
2266
2472
2266
2248
2228
2274
2352
2433
2060
2240
2360
2248
2433
2434
2400
2468
2266
2060
2060
2472
2266
2266
2428
2394
2472
2176
2266
2454
2232
2374
2386
2119
2142
2060
2196
2382
2433
2472
2415
2382
2378
2142
2472
2464
2180
2472
2228
2433
2454
2266
2180
2407
2266
2266
2472
2386
2344
2429
2472
2266
2227
2348
2472
2433
2438
2433
2348
2347
2227
2434
2454
2386
2386
2266
2390
2472
2060
2296
2021
2472
2266
2433
2329
2232
2400
2266
2228
2472
2433
2472
2266
2378
2472
2472
2454
2193
2266
2454
2266
2266
2472
2386
2266
2472
2060
2248
2472
2266
2348
2438
2438
2266
2480
2472
2472
2060
2472
2227
2480
2262
2433
2472
2433
2310
2266
2386
2266
2228
2266
2433
2472
2441
2266
2258
2454
2266
2060
2476
2352
2433
2416
2232
2176
1970
2141
2472
2430
2266
2433
2438
2266
2472
2347
2060
2060
2368
2382
2227
2468
2060
2472
2454
2266
2266
2227
2227
2193
2266
2266
2480
2266
2232
2446
2274
2382
2454
2060
2472
2438
2472
2423
2348
2138
2472
2472
2438
2386
2266
2438
2390
2468
2438
2266
2266
2060
2454
2472
2104
2266
2266
2433
2438
2266
2060
2266
2382
2102
2480
2472
2472
2480
2434
2394
2266
2454
2176
2266
2434
2429
2472
2433
2462
2472
2472
2472
2438
2266
2343
2416
2266
2310
2472
2441
2394
2472
2334
2472
2266
2256
2386
2454
2430
2214
2434
2296
2382
2472
2472
2176
2248
2472
2472
2382
2262
2480
2266
2382
2262
2433
2176
2348
2434
2266
2266
2227
2472
2266
2176
2266
2180
2434
2433
2386
2433
2434
2472
2472
2438
2266
2472
2343
2266
2454
2386
2266
2434
2266
2266
2433
2227
2266
2190
2434
2480
2042
2227
2480
2266
2266
2433
2003
2382
2382
2472
2227
2433
2394
2454
2436
2266
2364
2446
2472
2232
2472
2266
2060
2266
2060
2266
2347
2472
2240
2060
2343
2438
2266
2386
2433
2472
2232
2274
2436
2359
2266
2381
2472
2472
2060
1970
2433
2248
2266
2454
2386
2266
2472
2266
2472
2266
2441
2399
2022
1988
2472
2266
2468
2227
2472
2347
2434
2274
2468
2472
2438
2266
2060
2472
2472
2227
2266
2472
2378
2261
2378
2266
2266
2472
2266
2266
2348
2314
2266
2472
2454
2454
2266
2438
2266
2472
2382
2433
2060
2472
2266
2438
2274
2266
2454
2266
1940
2468
2266
2060
2434
2232
2266
2454
2266
2266
2468
2472
2266
2438
2434
2438
2386
2266
2462
2352
2248
2060
2060
2060
2468
2060
2468
2180
2326
2051
2434
2472
2399
2396
2176
2472
2433
2378
2228
2172
2396
2434
2060
2266
2256
2060
2266
1970
2266
2266
2437
2262
2180
2386
2395
2472
2398
2232
2266
2382
2472
2305
2266
2361
2248
2266
2472
2266
2433
2472
2382
2060
2266
2472
2266
2472
2433
2472
2368
2454
2472
2266
2266
2472
2415
2382
2180
2300
2395
2347
2266
2480
2390
2434
2274
2227
2329
2468
2472
2382
2480
2480
2227
2454
2433
2266
2438
2262
2472
2434
2188
2458
2266
2348
2434
2356
2060
2228
2472
2472
2060
2434
2386
1974
2266
2472
2266
2248
2434
2382
2430
2176
2386
2138
2472
2480
2472
2355
2274
2454
2472
2472
2343
2382
2343
2434
2433
2176
2227
2472
2472
2232
2274
2198
2304
2454
2441
2266
2464
2060
2434
2480
2343
2472
2266
2472
2476
2434
2454
2266
2433
2425
2193
2266
2248
2434
2416
2266
2266
2433
2271
2266
2228
2343
2266
2266
2433
2454
2438
2434
2347
2266
2266
2346
2382
2340
2329
2438
2464
2434
2210
2454
2180
2386
2060
2394
2472
2438
2386
2472
2171
2339
2266
2442
2472
2415
2274
2399
2378
2266
2404
2472
2472
2060
2472
2188
2434
2472
2480
2472
2433
2472
2396
2382
2472
2472
2472
2266
2266
2472
2056
2227
2472
2472
2266
2433
2266
2472
2433
2472
2472
2438
2378
2433
2433
2042
2378
2472
2266
2266
2266
2086
2348
2438
2434
2266
2188
2193
1935
2468
2386
2454
2472
2454
2060
2348
2472
2060
2236
2433
2390
2180
2365
2274
2214
2438
2060
2472
2193
2382
2429
2368
2060
2416
2382
2399
2472
2476
2347
2434
2262
2387
2266
2433
2060
2228
2441
2454
2433
2472
2228
2266
2266
2060
2382
2266
2472
2348
2438
2433
2480
2433
2266
2266
2415
2176
2454
2296
2438
2266
2433
2266
2266
2454
2400
2436
2424
2222
2424
2222
2222
2424
2424
2424
2361
2389
2358
2266
2472
2395
2452
2222
2258
2228
2266
2472
2433
2438
2415
2266
2433
2472
2188
2403
2480
2438
2266
2262
2438
2472
2472
2441
2266
2344
2433
2438
2060
2060
2472
2434
2364
2468
2472
2472
2472
2472
2266
2411
2020
2359
2428
2380
2456
2472
1414
1357
2138
2337
1336
2032
2429
2433
2351
2274
2464
2393
2208
2424
2222
2148
2266
2232
2472
2472
2060
2266
2254
2234
2389
2468
1503
1619
2179
2390
2020
2424
2424
2234
2424
2437
2394
2266
2060
2454
2248
2410
2389
2424
2222
2424
2363
2208
2468
2472
2497
2266
2223
2386
2433
2386
2425
2266
2180
2382
2266
2428
2456
2162
2227
2386
2194
2180
2266
2382
2472
2266
2256
2568
2474
2308
2470
2330
2266
2060
2348
2394
2366
2364
2395
2488
2468
2232
2441
2454
2400
2258
2060
2468
2472
2266
2454
2354
2480
2266
2454
2395
2504
2518
2386
2472
2568
2568
2556
2294
2354
2360
2226
2192
2240
2472
2456
2436
2448
2308
2342
2122
2496
2521
2500
2307
2068
2222
1989
2354
2448
2447
2357
2354
2542
2495
2328
2411
2402
2422
2342
2424
2367
2342
2338
2354
2520
2383
2222
2312
2424
2307
2401
2472
2394
2433
2060
2452
2222
2222
2424
2410
2454
2456
2354
2342
2282
2560
2290
2415
2274
2382
2522
2260
2560
2354
2140
2470
2536
2395
2060
2266
2468
1982
2287
2076
2433
2468
2432
2532
2222
2424
2222
2424
2338
2394
2222
2222
2390
2222
2401
2222
2222
2424
2389
2174
2428
2308
2238
2266
2386
2450
2472
2348
2528
2408
2506
2210
2489
2496
2266
2440
2410
2436
2436
2475
2496
2367
2398
2424
2401
2460
2436
2354
2428
2436
2199
2568
2140
2556
2360
2226
2312
2173
2414
2378
2457
2484
2426
2222
2355
2384
2568
2312
2504
2266
2060
2274
2434
2433
2448
2428
2436
2436
2468
2359
2248
2480
2382
2441
2472
2472
2444
2260
2354
2568
2260
2140
2354
2458
2266
2124
2140
2197
2423
2474
2332
2338
2394
2376
2485
2260
2383
2222
2222
2188
2424
2394
2410
2192
2410
2488
2208
2277
2222
1977
2259
2324
2020
2428
2424
2393
2410
2394
2222
2424
2530
2514
2496
2466
2140
2521
2140
2526
2522
2140
2532
2208
2343
2410
2410
2390
2389
2188
2044
2560
2474
2256
2354
2316
2229
2401
2424
2410
2222
2432
2200
2568
2354
2308
2346
2140
2556
2472
2222
2288
2222
2424
2222
2424
2461
2380
2039
2342
2222
2390
2436
2293
2208
2390
2187
2410
2496
2522
2354
2568
2436
2428
2024
2436
2256
2375
2222
2208
2394
2222
2424
2258
2528
2356
2389
2234
2428
2410
2424
2222
2256
2304
1689
2136
1928
2103
2243
1357
1169
2028
2424
2222
2424
2428
2436
2424
2424
2422
2136
2436
2390
2354
2273
2428
2020
2464
2060
2429
2060
2342
2414
2222
2424
2444
2266
2450
2471
2424
2401
2187
2390
2390
2222
2350
1970
2308
2560
2239
2354
2261
2330
2436
2424
2424
2424
2303
2424
2144
2222
2304
2187
2338
2307
2342
2328
2375
2020
2222
2406
2140
2450
2521
2354
2506
2389
2372
2380
2260
2140
2466
2470
2500
2424
2424
2222
2020
2020
2222
2424
2516
2568
2542
2540
2252
2308
2252
2022
2220
2436
2440
2414
2428
2308
2109
2012
2181
2277
2000
2234
2222
2360
2222
2424
2338
2268
2187
2020
2359
2482
2518
2202
2484
2410
2420
2354
2430
2173
2424
2222
2424
2424
2192
2338
2312
2424
2424
2280
2140
2400
2394
2424
2338
2020
2424
2222
2222
2424
2428
2238
2043
2025
2051
2333
2474
2568
2346
2470
2354
2354
2260
2155
2184
2526
2354
2513
2354
2454
2307
2568
2307
2506
2256
2568
2328
2492
2568
2322
2418
2361
2234
2239
2326
2354
2328
2384
2324
2484
2394
2067
2390
2424
2424
2424
2424
2424
2424
2222
2389
2401
2187
2204
2426
2173
2222
2424
2424
2389
2020
2365
2544
2140
2484
2114
2354
2526
2568
2568
2354
2354
2148
2220
2157
2245
2458
2020
2136
2424
2424
2012
1837
1837
2144
2340
2222
2436
2410
2340
2474
2520
2058
2338
2414
2568
2472
2470
2406
2156
2081
2436
2556
2385
2530
2495
2427
2509
2296
2534
2140
2521
2328
2522
2354
2522
2474
2521
2389
2436
2222
2284
2350
2200
2025
2025
1837
2004
1670
2250
2390
2568
2342
2354
2521
2116
2342
2361
2308
2192
2222
2222
2424
2394
2268
2222
2222
2496
2256
2189
2087
2109
2399
2407
2436
2222
2222
2389
2510
2467
2560
2140
2526
2354
2568
2140
2395
2424
2406
2020
2342
2020
2390
2234
2222
2424
2390
2188
2244
2424
2342
2414
2220
2424
2394
2338
2410
2424
2234
2187
2222
2187
2424
2389
2424
2410
2234
2376
2424
2394
2410
2312
2397
2020
2308
2394
2394
2222
2424
2136
2070
2424
2136
2424
2222
2342
2432
2222
2326
2338
2342
2452
1964
2402
2342
2548
2508
2390
2410
2394
2222
2402
2424
2213
2192
2334
2140
2458
2568
2568
2140
2474
2140
2560
2568
2239
2328
2521
2206
2354
2544
2436
2389
2424
2222
2389
2390
2105
2380
2472
2474
2542
2474
2354
2526
2568
2354
2556
2276
2424
2020
2424
2304
2532
2424
2394
2424
2424
2436
2436
2324
2424
2187
2520
2281
2422
2187
2424
2424
2390
2460
2230
2327
2006
2424
2424
2496
2354
2510
2424
2355
2410
2222
2448
1997
2389
2424
2401
2410
2424
2436
2534
2526
2140
2354
2376
2354
2354
2542
2307
2294
2222
2406
2424
2422
2354
2521
2354
2475
2560
2521
2542
2480
2354
2140
2140
2354
2140
2140
2542
2428
2479
2568
2141
2043
2004
1670
1878
2187
2359
2532
2568
2568
2510
2308
2234
2424
2328
2544
2391
2450
2354
2331
2192
2436
2222
2410
2328
2424
2424
2424
2379
2311
2222
2222
2318
2568
2536
2470
2354
2474
2474
2020
2128
2140
2536
2393
2289
2410
2428
2140
2307
2312
2222
2390
2222
2105
2440
2394
2187
2424
2354
2248
2363
2246
2389
2410
2222
2436
2424
2430
2568
2256
2544
2266
2140
2328
2414
2544
2354
1926
2524
2410
2424
2410
2389
2307
2394
2424
2188
2338
2234
2522
2521
2128
2432
2506
2356
2020
2328
2222
2410
2389
2226
2394
2234
2568
2354
2414
2401
2354
2401
2342
2208
2424
2389
2393
2020
2544
2532
2342
2436
2375
2390
2410
2140
2470
2568
2140
2473
2394
2222
2394
2532
2354
2460
1950
2222
2436
2260
2470
2140
2268
2542
2444
2338
2354
2522
2544
2342
2389
2424
2208
2448
2300
2556
2568
2140
2568
2346
2021
2294
2428
2338
2402
2438
2282
2256
2509
2443
2364
2428
2398
2222
2394
2093
2424
2328
2424
2168
2425
2355
2222
2428
2342
2338
2389
1938
2081
1837
2004
2208
2424
2424
2179
1790
1838
2025
2342
2308
2209
2480
2449
2260
2294
2424
2424
2024
2390
2402
2301
2188
2375
2342
2410
2270
2514
2354
2448
2428
2177
2345
2208
2424
2424
2222
2222
2342
2140
2406
2354
2390
2393
2152
2222
2191
2424
2424
2424
2394
2222
2222
2222
2020
2188
2389
2136
2401
2020
2424
2020
2222
2342
2020
2354
2324
2222
2394
2342
2389
2222
2424
2222
2390
2424
2187
2144
2164
2424
2338
2424
2367
2110
2222
2424
2140
2389
2389
2424
2222
2222
2342
2514
2140
2354
2474
2556
2390
2020
2428
2410
2424
2448
2568
2140
2474
2328
2307
1970
2118
2389
2192
2312
2136
2307
2482
2364
2424
2424
2136
2436
2390
2260
2475
2542
2342
2484
2509
2438
2354
2256
2522
2270
2222
2222
2424
2275
2020
2375
2424
2367
2542
2260
2474
2474
2222
2312
2424
2424
2424
2410
2424
2410
2208
2187
1951
2222
2338
2394
2428
2394
2556
2521
2354
2140
2568
2474
2496
2380
2424
2252
2308
2380
2188
2192
2222
2390
2424
2222
2342
2462
2424
2188
2222
2424
2394
2342
2375
2273
2359
2234
2020
2006
2044
2424
2264
2424
2222
2379
2424
2324
2192
2222
2020
2450
2354
2350
2354
2354
2436
2208
2334
2092
2560
2520
2136
2424
2390
2187
2424
2408
2212
2542
2462
2282
2444
2306
2222
2380
2424
2422
2394
2388
2424
2226
1818
2436
2187
2394
2308
2222
2424
2222
2389
2308
2208
2472
2354
2106
2222
2308
2328
2354
2187
2424
2424
2222
2428
2410
2152
2256
2222
2208
2234
2526
2474
2354
2424
2464
2424
2355
2424
2406
2222
2424
1798
2452
2020
2436
2308
2222
2222
2394
2428
2390
2390
2462
2140
2140
2532
2424
2447
2484
2354
2568
2350
2174
2521
2556
2364
2222
2440
2208
2140
2338
2428
2428
2424
2222
2548
2434
2394
2424
2389
2414
2425
2510
2140
2260
2140
2470
2542
2498
2222
2222
2389
2187
2024
2340
2410
2424
2020
2436
2394
2410
2256
2222
2226
2389
2208
2187
2436
2222
2424
2222
2032
2472
2532
2392
2020
2222
2379
2354
2453
2568
2514
2474
2220
2410
2260
2524
2544
2410
2192
2208
2389
2140
2393
2512
2500
2560
2521
2328
2508
2222
2020
2222
2389
2230
2222
2428
2394
2389
2366
2508
2208
2424
2139
2386
2188
2428
2406
2312
2455
2428
2222
2424
2390
2390
2375
2222
2222
2222
2222
2424
2389
2303
2222
2398
2424
2338
2051
2140
2447
2136
2222
2520
2140
2521
2484
2389
2272
2342
2354
2398
2354
1926
2436
2308
2020
2424
2428
2136
2101
2432
2428
2342
2222
2424
2389
2424
2303
2424
2222
2438
2526
2568
2556
2342
2389
2424
2424
2424
2234
2394
2324
2342
2390
2338
2188
2390
2208
2394
2389
2222
2307
2380
2390
2424
2314
2548
2544
2426
2526
2140
2308
2474
2532
2338
2394
2394
2389
2375
2390
2282
2424
2424
2324
2342
2364
2340
2074
2260
2086
2560
2401
2328
2428
2256
2534
2258
2192
2394
2424
2338
2222
2390
2394
2020
2332
2303
2401
2389
2424
2222
2024
2424
2394
2424
1990
2389
2448
2556
2320
2542
2425
2222
2424
2389
2338
2390
2544
2548
2474
2307
2424
2393
2424
2258
2188
2436
2187
2020
2410
2424
2390
2394
2424
2424
2428
2342
2226
2389
2394
2222
2389
2424
2020
2222
2440
2106
2106
2338
2342
2020
2424
2208
2424
2140
2394
2368
2458
2434
2424
2509
2520
2020
2424
2424
2436
2424
2222
2424
2222
2424
2424
2424
2354
2424
2512
2514
2346
2398
2568
2312
2484
2282
2402
2424
1938
2282
2398
2390
2424
2187
2424
2338
2212
2225
2394
2199
2354
2328
1926
2472
2389
2375
2140
2222
2520
2556
2474
2093
2260
2544
2226
2192
2185
2424
2431
2354
2140
2218
2401
1985
2424
2410
2020
2222
2192
2192
2436
2294
2020
2136
2424
2410
1532
2390
2389
2424
2222
2532
2360
2338
2102
2222
2393
2424
2196
2258
2514
2140
2498
1972
2354
2422
2222
2222
2436
2222
2394
2222
2192
2354
2436
2424
2393
2428
2448
2520
2254
2222
2424
2222
2222
2192
2126
2428
2556
2354
2406
2472
2307
2354
2354
2375
2410
2428
2242
2222
2020
2424
2394
2222
2389
2164
2556
2474
2114
2279
2424
2234
2342
2020
2424
2389
2424
2444
2269
2380
2338
2140
2222
2222
2192
2393
2222
2414
2424
2136
2426
2318
2192
2359
2234
2222
2192
2355
2424
2222
2358
2424
2208
2187
2406
2354
2484
2222
2410
2354
2222
1990
2311
2424
2436
2192
2222
2307
2384
2222
2410
2338
2460
2307
2510
2222
1836
1416
1316
1922
2176
2260
2318
2428
2410
2424
2192
2356
2226
2122
2208
2428
2398
2418
2520
2424
2436
2424
2222
2360
2448
2568
2436
2424
2222
2342
2324
2222
2360
2359
2424
2424
2140
2386
2509
2424
2376
2136
2424
2389
2532
2424
2342
2222
2424
2393
2360
2398
2222
2222
2342
2390
2338
2448
2424
2476
2438
2424
2187
2136
2436
2226
2136
2428
2222
2394
2222
2532
2548
2568
2354
2140
2521
2388
2187
2222
2342
2440
2338
2222
2440
2226
2222
2390
2458
2424
2410
2222
2410
2428
2020
2394
2424
2426
2548
2256
2444
2370
2424
2212
2424
2544
2344
2354
2404
2187
2389
2307
2308
2020
2424
2222
2222
2390
2246
2474
2354
2346
2258
2448
2222
2424
1986
2222
2436
2222
1901
1316
1316
1128
2242
2389
2188
2424
2140
2222
2428
2424
2187
2436
2191
2303
1982
2306
2336
2222
1985
2410
2105
2187
2424
2424
2410
2188
2410
2428
2222
2222
2424
2338
2424
2355
2260
2389
2394
2346
2428
2424
2320
2424
2140
2020
2424
2222
2338
2376
2410
2178
2222
2136
2394
2308
2422
2394
2436
2222
2460
2362
2222
2440
2394
2428
2136
2208
2389
2222
2152
2424
2424
2424
2222
2222
2234
2497
2521
2354
2288
2311
2424
2020
2258
2521
2354
2497
2424
2153
2312
2390
2359
2394
2222
2342
2200
2222
2536
2436
2436
2436
2371
2020
2394
2054
2389
2020
2424
2222
2222
2424
2234
2496
2420
2238
2140
2200
2423
2354
2498
2208
2424
2436
2424
2424
2187
2440
2234
2222
2222
2307
2020
2428
2308
2187
2436
2424
2234
2389
2208
2424
2140
2424
2461
2222
2376
2424
2354
2222
2192
2394
2308
2436
2208
2390
2424
2410
2428
2342
2424
2222
2020
2020
2424
2376
2140
2544
1926
2372
2222
2424
2328
2329
2222
2355
2153
2389
2389
2222
2234
2222
2390
2389
2338
2436
2424
2020
2293
2359
2222
2153
2410
2020
2225
2136
2322
2222
2222
2222
2158
2354
2466
2222
2410
2122
2394
2222
2410
2222
2359
2448
2092
2222
2319
1926
2568
2556
2474
2260
2265
2346
2331
2424
2342
2222
2424
2375
2192
2222
2338
2424
2342
2424
2424
2222
2140
2401
2366
2458
2448
2424
2390
2222
2136
1920
2162
2521
2496
2222
2152
2222
2222
2222
2222
2424
2222
2338
2394
2424
2389
2424
2394
2389
2234
2293
2192
2436
2304
2436
2272
2424
2389
2222
2424
2424
2389
2324
2390
2424
2273
2396
2222
2222
2428
2136
2424
2187
2222
2308
2340
2136
2410
2406
2359
2442
2496
2357
2410
2342
2202
2187
2428
2360
2424
2338
2424
2226
2396
2157
2208
2354
2532
2436
2020
2410
2496
2532
2508
2556
2367
2020
2136
2187
2424
2410
2424
2375
2424
2222
2424
2393
2020
2188
2424
2424
2222
2196
2222
2342
2020
2303
2020
2450
2496
2389
2332
2390
2436
2136
2424
2376
2424
2485
2478
2389
2424
2428
2355
2338
2424
1986
2428
2424
2424
2303
2222
2394
2375
2244
2354
2424
2326
2388
2424
2424
2192
2376
2222
2532
2139
2424
2389
2234
2222
2436
2303
2428
2222
2234
2314
2052
2424
2268
2186
2342
2424
2307
2389
2424
2394
2222
2389
2424
2414
2394
2390
2187
2187
2360
2436
2418
2470
2140
2473
2208
2424
2410
2342
2375
2102
2389
2424
2222
2354
2389
2334
2307
2222
2222
2424
2157
2375
2424
2390
2354
2394
2410
2222
2222
2428
2424
2260
1715
1376
2042
2410
2393
2222
2436
2338
2389
2294
2328
2222
2222
2222
2354
2390
2410
2222
2424
2315
2394
2222
2394
2452
2474
2458
2359
2152
2105
2342
2222
2424
2342
2342
2208
2375
2389
2020
2222
2222
2212
2496
2384
2222
2424
2424
2424
2234
2174
1754
1715
1632
2460
2376
2020
2424
2410
1986
2152
2222
2424
2222
2414
2428
2020
2222
2110
2341
2424
2191
2424
2424
2222
2222
2222
2187
2389
2020
2424
2436
2124
2436
2222
2410
2222
2222
2424
2222
2424
2222
2424
2424
2222
2342
2234
2020
2338
2208
2188
2222
2020
2394
2222
2436
2394
2389
2424
2359
2136
2346
2342
2424
1748
1344
2171
2389
2187
2222
2428
2315
2384
1512
2042
2222
2196
2394
2304
2355
2424
2436
2428
2032
2308
2342
2140
2342
2192
2359
2342
2384
2222
2428
2226
2389
2342
2234
2428
2020
2424
2424
2389
2342
2188
2389
2222
2410
2222
2192
1964
2226
2389
2234
2460
2436
2222
2424
2354
2389
2410
2424
2140
2448
2390
2390
2424
2424
2020
2208
1971
2222
2424
2307
2022
2568
2556
2354
2140
2410
2328
2307
2390
2188
2375
2234
2222
2432
2342
2282
2520
2020
2140
2346
1702
2140
2446
2222
2222
2222
2424
2222
2187
2222
2222
2350
2428
2222
2020
2424
2355
2359
2355
2424
2222
2020
2359
2389
2424
2410
2436
2360
2114
2342
2418
2413
2101
2226
2410
2222
2424
2222
2424
2424
2424
2389
2390
2226
2410
2222
2222
2020
2174
2521
2419
2424
2534
2140
2354
2024
2424
2424
2424
2424
2389
2424
2393
2308
2424
2269
2436
2342
2424
2424
2424
2354
1985
2226
2428
2338
2222
2428
2389
2410
2424
2359
2424
2394
1985
2428
2390
2222
2389
2424
2222
2436
2422
2422
2376
2234
2424
2428
2424
2303
2136
2222
2024
2424
2532
2359
2428
2342
2424
2436
2222
2222
2020
2222
2020
2187
1938
2338
2424
2410
2424
2222
2222
2226
2424
2350
2140
2338
2389
2338
2306
2462
2222
2187
2359
2222
2424
2375
2389
2020
2222
2410
2222
2400
2222
2424
2354
2556
2222
2428
2176
2328
2418
2222
2222
2355
2338
2424
2428
2448
2380
2020
2424
2294
2299
2269
2424
2136
2222
2342
1750
1548
2178
2393
2398
1938
2234
2422
2428
2136
2401
2424
2332
2514
2508
2389
2436
2187
2394
2222
2428
2389
2389
2191
2222
2394
2222
2376
2222
2424
2338
2338
2324
2424
2424
2338
2222
2256
2308
2410
2422
2446
2316
2020
2389
2424
2102
2188
2424
2315
2424
2299
2140
2363
2143
2436
2222
2342
2410
2222
2020
2424
2360
2192
2424
2424
2222
2410
2428
2424
2222
2122
2187
2208
2424
2484
2508
2556
2473
2449
1938
2020
2380
2222
1985
2436
2338
2178
2410
2222
2389
2187
2394
2394
2222
2424
2424
2393
2328
2308
2258
2520
2406
2238
2508
2408
2424
2192
2496
2140
2478
2316
2222
2188
2402
2424
2509
2051
2542
2378
2389
2389
2390
2196
2428
2424
2222
2187
2187
2390
2424
2436
2424
2389
2422
2208
2428
2440
2424
2428
2222
2424
2114
2389
2222
2222
2436
2436
2208
2448
2521
2354
2386
2436
2162
2187
2338
2020
2358
2390
2440
2436
2140
2394
2472
2177
2424
2208
2424
2226
2222
2376
2424
2260
2390
2428
2140
2140
2032
2188
2424
2222
2173
2424
2424
2390
2424
2424
2222
2222
2162
2424
2140
2188
2222
2436
2222
2428
2424
2140
2222
2424
2436
2389
2328
2389
2424
2222
2188
2414
2355
2354
2020
2304
2375
2428
2230
2428
2054
2394
2359
2020
2396
2277
2390
2424
2222
2424
2389
2256
2222
2394
2226
2020
2390
2414
1176
1382
1652
2270
2390
2196
2092
2222
2414
2424
2342
1736
2426
2410
2020
2364
2389
2222
2389
2364
1780
2342
2394
2410
2342
2246
2233
2390
2406
2410
2424
2394
2337
2222
2389
2226
2410
2389
2234
2020
2222
2390
2428
2461
2426
2342
2436
2234
2136
2428
2222
2324
2222
2389
2424
2406
2424
2424
2464
2514
2463
2508
2436
2424
2410
2436
2424
2390
2410
2424
2428
2068
2389
2338
2359
2424
2428
2389
2342
2222
2394
2304
2126
2222
2424
2192
2362
2338
2390
2424
2424
2424
2472
2226
2226
2338
2101
2424
2338
2424
1800
2177
2389
2396
2389
2122
2424
2234
2359
2222
2424
2360
2128
2119
2390
2426
2556
2428
2394
2394
2170
2388
2521
2568
2312
2442
2364
2406
1968
1548
2080
1590
1564
1715
2140
2222
2188
2233
2424
2342
2222
2187
2390
2307
2410
2020
2222
2354
2260
2136
2424
2020
2208
2308
2424
2136
2222
2398
2354
2424
2389
2222
2394
1852
2424
2424
2319
2338
2136
2136
2508
2498
2428
2222
2222
2140
2187
2230
2414
2234
2140
2340
2222
2414
2346
2222
2222
2466
2350
2424
2393
2020
2556
2568
2256
2307
2342
2452
2424
2187
2424
2436
2424
1990
2410
2222
2222
2436
2389
2222
2424
2424
2234
2436
2208
2380
2449
2140
2512
2355
2389
2158
2342
2187
2428
2359
2140
2394
2199
2341
2428
2424
2338
2222
2424
2424
2222
2424
2394
2226
2436
2136
2346
2222
2174
2054
2440
2398
2161
2308
2020
2101
2544
2534
2484
2303
2140
2424
2496
2452
2222
2390
2222
2342
2232
2548
2342
2401
2410
2140
2520
2424
2424
2424
2338
2222
2342
2222
2434
2354
2470
2410
2020
2222
2496
2556
2354
2460
2222
2140
2424
2222
2390
2436
2234
2389
2422
2424
2222
2390
2338
2448
2222
2342
2020
2389
2401
2424
2424
2544
2466
2556
2383
2101
2424
2458
2464
2424
2006
2410
2187
2410
2398
2020
2428
2222
2389
2500
2307
2390
2364
2428
2222
2153
2136
2222
2544
2336
2424
2424
2424
2402
2394
2418
2510
2407
2222
2020
2428
2346
2342
2188
2338
2521
2552
2312
2140
2462
2238
2330
2208
2024
2410
2354
2354
2568
2532
2389
2303
2390
2379
2424
2500
2470
2019
2428
2338
2413
2390
2222
2152
2424
2250
2222
2304
2020
2394
2222
2222
2389
2436
2532
2187
2234
2355
2384
2389
2208
2390
2410
2410
2424
2428
2234
2390
2394
2222
2222
2342
2424
2192
2304
2424
2342
2222
2389
2188
2136
2318
2354
2354
2560
2472
2394
2389
2222
2376
2389
2226
1985
2424
2342
2424
2394
2424
2256
2376
2354
2136
2390
2192
2187
2222
2346
2222
2222
2354
2424
2428
2366
2568
2520
2222
2394
2226
2144
2020
2222
2402
2234
2210
2354
2342
2436
2424
2424
2324
2394
2196
2222
2393
2458
2346
2324
2424
2406
2260
2328
2521
2513
2476
2102
2401
2424
2424
2222
2338
2222
2406
2424
2520
2466
2350
2342
2436
2432
2424
2413
2508
2526
2436
2410
2304
2338
2424
2508
2283
2422
2436
2366
2544
2354
2508
2394
2389
2140
2394
2436
2354
2522
2568
2437
2410
2389
2222
2428
2394
2188
2187
2341
2394
2222
2140
2389
2424
2324
2436
2424
2020
2394
2393
2428
2390
2428
2390
2222
2438
2020
2338
2424
2510
2556
2426
2338
2211
2342
2456
2222
2406
2424
2424
2440
2394
2410
2315
2424
2222
2424
2394
2222
2222
2208
2222
2342
2222
2342
2461
2544
2208
2390
2226
2424
2140
2222
2424
2234
2424
2342
2424
2222
2424
2390
2178
2222
2222
2020
2321
2188
2273
2424
2222
2428
2342
2222
2436
2354
2342
2425
2222
2222
2093
2374
2448
2427
2042
2354
2521
2532
2122
2399
2342
2366
2484
2354
2346
2520
2355
2496
2398
2544
2560
2485
2422
2424
2390
2436
2398
2522
2470
2336
2460
2042
2521
2140
2506
2389
2390
2222
2436
1983
2423
2140
2484
2342
2222
2424
2424
2222
2226
2222
2496
2354
2544
2424
2222
2342
2424
2020
2187
2389
2496
2568
2514
2556
2458
2440
2423
2261
2556
2448
2390
2222
2393
2380
2436
2424
2342
2346
2338
2424
2424
2020
2424
2390
2410
1818
2187
2222
2330
2479
2288
2307
2424
2375
2222
2359
2312
2221
2389
2338
2436
2226
2366
2312
2526
2472
2410
2410
2389
2157
2460
2513
2436
2312
2222
2394
2187
2424
2436
2338
2424
2424
2342
2188
2342
2394
2307
2318
2458
2424
2366
2414
2428
2148
2424
2392
2389
2333
2556
2437
2316
2358
2412
2354
2423
2560
2520
2393
2234
2020
2500
2462
2448
2318
2215
2424
2187
2453
2401
2424
2394
2428
2342
1986
2222
2406
2568
2342
2298
2173
2269
2410
2226
2436
2424
2222
2424
2136
2428
2520
2308
2236
2222
2460
2140
2496
2428
2222
2393
2436
2424
2354
2222
2424
2410
2448
2473
2526
2462
2436
2354
2390
2428
2222
2512
2484
2342
2470
2466
2542
2484
2338
2410
2460
2429
2556
2508
2424
2222
2424
2222
2192
2136
2234
2406
2424
2542
2495
2436
2312
2342
2192
2276
2307
2509
2485
2342
2222
2424
2323
2398
2462
2424
2319
2222
2232
2506
2410
2424
2510
2400
2460
2342
2424
2354
2354
2486
2222
2222
2222
2442
2444
2568
2362
2222
2428
2226
2230
2389
2338
2406
2307
2034
2354
2271
2136
2406
2400
2346
2521
2346
2472
2222
2406
2024
2342
2122
2390
2187
2020
2315
2208
2360
2389
2426
2158
2307
2394
2390
2398
2520
2542
2304
2389
2424
2414
2436
2354
2140
2450
2354
2542
2568
2319
2424
2308
2222
2532
2518
2354
2354
2474
2354
2520
2338
2251
1296
1557
1511
1724
2154
2436
2389
2222
2424
2389
2338
2513
2448
2312
2470
2394
2110
2461
1580
1628
1176
2032
2277
2389
2393
2396
2256
2424
2424
2424
2394
2152
2354
2346
2568
2462
2467
2140
2450
2424
2394
2020
2222
2424
2428
2520
2256
2509
2355
2222
2222
2452
2480
2472
2472
2454
2472
2433
2433
2286
2436
2472
2520
2449
2394
2444
2460
2472
2422
2428
2256
2068
2222
2568
2521
2354
2484
2342
2458
1926
2295
2354
2423
2461
2208
2485
2530
2354
2526
2522
2442
2394
2187
2303
2424
2222
2222
2410
2101
2222
2448
2521
1926
2455
2405
2090
2102
2272
2414
2398
2342
2424
2226
2389
2424
2222
2526
2436
2454
2266
2266
2468
2146
2509
2140
2526
2474
2528
2200
2460
2060
2400
2266
2264
1543
1883
1754
1770
2352
2262
2428
2346
2440
2188
2142
2402
2410
2383
2378
2472
2354
2568
2494
2342
2342
2376
2568
2256
2401
2424
2424
2389
2394
2246
2516
2385
2448
2222
2020
2449
2542
2470
2246
2424
2485
2244
2140
2204
2020
2436
2544
2354
2410
2437
2448
2395
2472
2430
2424
2500
2536
2296
2366
2228
2307
2204
2460
2454
2472
2347
2266
2266
2480
2352
2444
2449
2390
2254
2222
2436
2444
2389
2234
2424
2297
2424
2424
2342
2432
2359
2449
2568
2260
2495
2422
2428
2430
2513
2238
2208
2222
2424
2397
2222
2058
2410
2544
2287
2244
2509
2354
2140
2222
2222
2354
2428
2222
2390
2359
2020
2568
1926
2246
2424
2426
2405
2434
2466
2468
2518
2478
2389
2222
2568
2496
2560
2298
2465
2169
1883
1924
1804
2472
2393
2424
1997
2060
2232
2472
2382
2028
1892
2140
2389
2436
2348
2430
2254
2342
2222
2460
2472
2358
2489
2473
2454
2472
2300
2415
2068
2266
2382
2221
2463
2410
2418
2370
2438
2060
2266
2468
2242
2472
2438
2480
2480
2433
2468
2260
2424
2520
2560
1926
2544
2354
2556
2520
2375
2188
2394
2375
2222
2424
2410
2222
2436
2394
2485
2140
2532
2092
2389
2414
2342
2226
2410
2187
2487
2432
2270
2338
2222
2394
2328
2428
2222
2367
2354
2560
2402
2208
2390
1998
2307
2346
2307
2458
2222
2222
2426
2473
2235
2430
2358
2222
2234
2226
2473
2544
2390
2222
2376
2342
2222
2020
2418
2556
2436
2222
2464
2497
2037
2378
2560
2568
2495
2402
2307
2414
2436
2457
2354
2542
2140
2516
2354
2544
2424
2222
2222
2374
2544
2424
2466
2389
2222
2428
2391
2140
2366
2424
2346
2424
2390
2509
2216
2208
2222
2389
2140
2354
2471
2389
2342
2508
2256
2560
2435
2178
2140
2424
2222
2360
2424
2448
2424
2389
2140
2496
2521
2322
2402
2222
2294
2424
2222
2471
2436
2424
2222
2424
2414
2308
2497
2424
2390
2520
2509
2484
2307
2226
2222
2454
2222
2020
2338
2424
2187
2424
2294
2548
2410
2222
2386
2342
2314
2342
2282
2218
2568
2419
2363
2424
2222
2342
2172
2354
2346
2476
2556
2441
2428
2308
2394
2424
2396
2294
2354
2412
2466
2556
2446
2424
1899
2246
2460
2508
2422
2436
2188
2520
2295
2322
2266
2472
2032
2370
2382
2433
2391
2424
2372
2472
2318
2394
2222
2488
2474
2432
2354
2568
2521
2474
2140
2342
2428
2338
2530
2432
2300
2458
2521
2331
2140
2348
2277
2436
2222
2556
2542
2524
2424
2424
2442
2462
2260
2166
2140
2509
2338
2526
2568
2428
2312
2424
2390
2187
2526
2497
2508
2140
2424
2354
2256
2222
2390
2414
2188
2424
2452
2042
2556
2413
2222
2020
2050
2020
2172
2235
2447
2234
2393
2424
2375
2428
2436
2520
2286
2354
2475
2474
2256
2222
2424
2354
2454
2424
2424
2428
2354
2222
2436
2520
2354
2534
2242
2222
2424
2056
2354
2299
2522
2222
2508
2460
2222
2355
2058
2410
2308
2271
2397
2415
2428
2424
2192
2424
2307
2486
2568
2080
2140
2436
2414
2338
2211
2520
2330
2424
2428
2508
2075
2192
2387
2390
2222
2508
2346
2354
2449
2454
2560
2140
2522
2466
2226
2518
2140
2262
2308
2222
2346
2152
2338
2390
2192
2228
2542
2354
2568
2140
2140
2312
2556
2556
2046
2532
2226
2428
2362
2485
2140
2568
2521
2342
2520
2289
2060
2415
2485
2334
2460
2436
2222
2410
2410
2222
2424
2556
2536
2530
2556
2556
2436
2222
2376
2359
2222
2020
2436
2222
2272
2307
2423
2446
2544
2548
2466
2436
2020
2222
1985
2346
2513
2434
2424
2398
2490
2497
2188
2410
2096
2465
2330
2424
2508
2354
2514
2532
2222
2140
2222
2458
2476
2354
2042
2520
2342
2342
2020
2376
2401
2424
2424
2366
2472
2424
2474
2556
2556
2532
2256
2164
2222
2242
2424
2424
2342
2424
2424
2424
2258
2536
2222
2438
2497
2500
2226
2424
2484
2272
2410
2436
2498
2247
2140
2355
2389
2356
2281
2266
2266
2266
2375
2346
2343
2382
2540
2552
2389
2424
2303
2428
2330
2354
2520
2394
2359
2406
2389
2448
2556
2354
2556
2475
2282
2254
2222
2314
2424
2436
2394
2208
2424
2389
2386
2568
2532
2436
2136
2424
2390
2520
2308
2140
2462
2556
2346
2568
2256
2544
2140
2460
2342
2338
2390
2520
2514
2093
2342
2418
2222
2362
2472
2560
2462
2424
2424
2410
2406
2394
2389
2496
2338
2472
2222
2424
2438
2467
2472
2303
2222
2312
2270
2342
2020
2222
2020
2389
2342
2552
2354
2544
2472
2449
2436
2187
2410
2389
2442
2470
2140
2140
2140
2354
2496
2318
2520
2474
2534
2522
2544
2424
2509
2424
2258
2470
2544
2020
2436
2474
2354
2342
2128
2424
2020
2424
2485
2256
2556
2128
2427
2556
2556
2470
2318
2222
2473
2417
2429
2522
2509
2544
2509
2434
2424
2432
2390
2338
2226
2532
2140
2556
2018
2188
2271
2140
1926
2423
2320
2556
2422
2420
2222
2424
2424
2020
2432
2424
1926
2342
2556
2412
2482
2470
2520
2454
2448
2312
2424
2461
2354
2532
2256
2354
2514
2460
2428
2208
2375
2020
2222
2436
2222
2428
2482
2450
2410
2544
2354
2521
2556
2354
2556
2428
2106
2410
2424
2424
2428
2520
2548
2307
2222
2560
2140
2458
2544
2514
2450
2508
2380
2140
2281
2346
2568
2438
2472
2462
2484
2568
2498
2354
2514
2240
2390
2475
2354
2295
2244
2394
2222
2544
2260
2532
2434
2461
2346
2502
2342
2502
2490
2414
2544
2568
2308
2520
2222
2436
2224
2187
2424
2458
2381
2534
2526
2292
2272
2098
2542
2509
2312
2140
2140
2042
2500
2470
2496
2448
2556
2411
2460
2188
2488
2544
2450
2320
2556
2208
2342
2192
2222
2140
1936
2436
2246
2410
2308
2520
2428
2330
2258
2234
2342
2389
2508
2381
2556
2283
2532
2436
2568
2462
2426
2556
2346
2416
2452
2472
2385
2260
2427
2406
2355
2398
2424
2424
2187
2338
2308
2328
2342
2506
2494
2424
2020
2508
2544
2426
2466
2354
2256
2497
2530
2544
2544
2510
2312
2300
2530
2337
2532
2393
2556
1926
2140
2532
2359
2330
2556
2318
2282
2020
2389
2394
2424
2164
2342
2520
2222
2462
2532
2484
2544
2510
2458
2516
2226
2352
2436
2226
2390
2389
2384
2375
2380
2458
2474
2222
2560
2542
2308
2448
2389
2524
2514
2526
2509
2083
2376
2222
2342
2398
2494
2300
2485
2352
2422
2222
2222
2303
2448
2328
2428
2521
2522
2194
2424
2424
2508
2370
2428
2390
2424
2476
2074
2346
2458
2232
2406
2478
2322
2487
2530
2458
2098
2556
2472
2020
2472
2544
2458
2354
2222
2222
2338
2410
2330
2354
2544
2140
2446
2497
2460
2222
2552
2256
2479
2532
2424
2187
2303
2390
2140
2518
2140
2560
2308
2256
2497
2509
2448
2556
2526
2556
2509
2462
2167
2322
2556
2300
2416
2126
2359
2432
2419
2532
2032
2222
2157
2446
2342
2354
2330
2416
2509
2526
2266
2488
2389
2258
2472
2502
2434
2222
2394
2496
2342
2560
2556
2408
2288
2423
2544
2408
2462
2508
2424
2116
2532
2556
2532
2498
2462
2458
2354
2454
2479
2548
2472
2346
2424
2046
2187
2222
2192
2222
2222
2404
2387
2424
2424
2222
2350
2508
2306
2464
2222
2222
2424
2256
2532
2407
2544
2556
2346
2501
2506
2387
2446
2497
2140
2544
2532
2354
2290
2280
2426
2556
2560
2568
2526
2437
2389
2532
2514
2556
2330
2472
2410
2324
2530
2281
2462
2470
2222
2222
2020
2424
2140
2140
2209
2218
2306
2247
2260
2526
2556
2316
2532
2544
2480
2342
2530
2462
2524
2518
2236
2366
2422
2416
2556
1926
2416
2489
2203
2510
2412
2497
2508
2222
2140
2544
2508
2556
2556
2354
2446
2448
2342
2247
2532
2532
2484
2544
2260
2330
2426
2354
2568
2514
2508
2401
1872
1837
2226
2166
2212
2378
2222
2342
2223
2051
2338
2427
2388
2298
2424
2414
2192
2342
2354
2401
2522
2308
2450
2188
1837
2285
2222
2208
2466
2423
2530
2328
2342
2212
2448
2536
2462
2514
2556
1926
2518
2556
2140
2497
2530
2548
1926
2474
2414
2303
2366
2399
2376
2479
2475
2520
2470
2304
2458
2448
2436
2394
2568
2346
2520
2448
2410
2424
2157
2222
1985
2222
2192
2380
2450
2556
2544
2502
2474
2448
2496
2350
2428
2140
2341
2417
2389
2380
2560
2514
2544
2544
2436
2556
2544
2472
2390
2222
2424
2424
2394
2428
2483
2167
2506
2492
2438
2316
2318
2530
2140
2446
2342
2318
2140
2474
2509
2376
2140
2544
2548
2354
2522
2328
2514
2260
2222
2342
2234
2544
2466
2505
2346
2330
2414
2520
2436
2414
2474
2500
2532
2338
2460
2497
1833
1884
2004
2333
2380
2427
2351
1670
1790
2462
2328
2521
2312
2438
2438
2369
2414
1934
2494
2560
2544
2092
2390
2258
2208
2389
2428
2394
2222
2192
2424
2389
2298
2460
2544
2556
2140
2518
2508
2226
2390
2222
2494
2401
2360
2496
2520
2312
2474
2308
2140
2427
2509
2415
2544
2544
2556
2140
2522
2518
2140
2307
2568
2462
2442
2222
2415
2462
2458
2354
2475
2532
2509
2475
2521
2376
2475
2521
2346
2490
2468
2259
2406
2528
2093
2140
2462
2490
2258
2268
2452
2378
2462
2556
2509
2542
2544
2458
2484
2394
2424
2536
2544
2140
2526
2544
2197
2410
2426
2462
2376
2330
2407
2530
2354
2466
2281
2260
2544
2556
2544
2498
2506
2466
2354
2248
2354
2497
2532
2496
2406
2429
2300
2552
2354
2354
2542
2354
2354
2521
2342
2138
2544
2556
2510
2484
2544
2168
2330
2496
2520
2342
2330
2486
2330
2331
2300
2556
2312
2556
2342
2415
2394
2354
2560
2474
2521
2479
2520
2401
2424
2532
2248
2532
2264
2308
2316
2439
2532
2140
2474
2544
2532
2496
2460
2449
2508
2248
2436
2532
2452
2114
2140
2506
2164
2424
2556
2556
2532
2438
2346
2436
2439
2415
2022
2271
2532
2560
2552
2182
2374
2434
2516
2498
2346
2494
2484
2472
2246
2474
2256
2522
2568
2411
2140
2140
2475
2354
2544
2354
2307
1926
2552
2458
2453
2524
2520
2460
2330
2544
2487
2521
2474
2521
2098
2526
2552
2450
2300
2526
2552
2468
2438
2346
2480
2454
2556
2568
2346
2342
2354
2463
2497
2486
2520
2532
2556
2544
2518
2098
2520
2454
2318
2208
2449
2516
2548
2485
2532
2536
2486
2391
2532
2240
2496
2430
2442
2548
2544
2536
2508
2419
2544
2472
2222
2428
2426
2490
2273
2428
2489
2232
2299
2502
2544
2544
2338
1926
2552
2338
2471
2338
2330
2406
2520
2536
2510
2338
2540
2518
2338
2544
2438
2288
2338
2291
2193
2402
2500
2436
2208
2536
2536
2322
2438
2536
2322
2524
2486
2548
2548
2330
2534
2556
2140
2140
2548
2536
2548
2505
2497
2536
2189
2510
2536
2404
2544
2504
2418
2548
2485
2296
2502
2548
2240
2514
2536
2548
2501
2429
2552
2544
2338
2505
2379
2512
2524
2532
2536
2458
2504
2548
2408
2489
2463
2522
2419
2560
2462
2552
2506
2536
2532
2536
2552
2272
2272
2330
2396
2330
2408
2536
2463
2502
2536
2395
2489
2497
2528
2536
2426
2462
2280
2296
2380
2486
2520
2486
2318
2474
2260
2418
2252
2457
2465
2440
2418
2528
2528
2296
2267
2520
2346
2379
2408
2528
2138
2477
2434
2536
2536
2489
2518
2322
2528
2528
2283
2489
2434
2528
2481
2412
2528
2481
2536
2275
2481
2294
2204
2520
1971
2466
2486
2474
2298
2241
2439
2260
2422
2492
2396
2544
2544
2338
2330
2490
2536
2439
2510
2203
2528
2471
2500
2423
2430
2512
2116
2434
2498
2476
2518
2430
2442
2489
2490
2536
2434
2439
2520
2402
2424
2528
2314
2306
2508
2486
2470
2512
2520
2482
2268
2473
2245
2422
2488
2332
2396
1963
2045
2455
2267
2344
2410
2520
2484
2413
2465
2504
2504
2473
2512
2306
2312
2259
2504
2512
2434
2520
2263
2480
2405
2452
2504
2512
2322
2388
2426
2418
2524
2359
2516
2481
2512
2520
2410
2512
2470
2512
2504
2418
2504
2220
2426
2504
2504
2450
2496
2496
2462
2457
2492
2496
2293
2426
2272
2512
2504
2298
2298
2504
2478
2306
2414
2470
2496
2376
2260
2462
2504
2371
2410
2504
2512
2306
2161
2204
2410
2410
2380
2410
2208
2098
2216
2512
2512
2504
2426
2212
2418
2450
2484
2430
2473
2486
2108
2426
2342
2488
2345
2504
2512
2520
2376
2298
2280
2259
2457
2403
2496
2286
2457
2436
2444
2433
2466
2314
2494
2314
2520
2276
2402
2315
2414
2520
2473
2280
2130
2520
2384
2512
2254
2358
2435
2418
2422
2165
2212
2422
1920
2178
2079
2298
1406
668
2032
2324
2234
2126
2400
2289
2387
2306
2512
2426
2512
2466
2288
2512
2462
2282
2267
2520
2502
2520
2494
2314
2439
2473
2221
2462
2233
2481
2422
2118
2153
2302
2379
2375
2461
2316
2473
2379
2181
2049
2293
2260
2367
2379
2208
2520
2474
2282
2434
2260
2512
2426
2306
2470
2512
2272
2314
2392
2520
2494
2434
2486
2430
2413
2520
2400
2512
2504
2456
2259
2401
2512
2298
2345
2504
2504
2447
2310
2312
2512
2504
2388
2427
2462
2280
2448
2414
2500
2478
2443
2153
2466
2448
2426
2306
2473
2512
2465
2306
2204
2512
2470
2204
2406
2508
2387
2390
2306
2520
2255
2512
2512
2233
2267
2288
2314
2289
2329
2363
2236
2212
2434
2508
2398
2473
2470
2473
2325
2512
2212
2520
2473
2473
2359
2473
2122
2182
2426
2426
2392
2473
2341
2473
2426
2182
2465
2306
2482
2490
2512
2473
2469
2516
2478
2426
2512
2460
2267
2324
2426
2426
2333
2439
2005
2469
2473
2345
2302
2298
2504
2418
2512
2473
2254
2319
2442
2388
1936
2486
2246
2384
2431
2508
2396
2473
2422
2473
2473
2473
2383
2259
2186
2280
2520
2512
2490
2482
2426
2520
2224
2314
2310
2512
2306
2473
2367
2473
2434
2427
2473
2426
2426
2481
2473
2473
2259
2398
2403
1989
2395
2395
2070
2374
2413
2413
2298
2379
2345
2455
2354
2468
2314
2223
2236
2412
2416
2416
2398
2403
2416
2456
2352
2214
2210
2091
2387
2353
2312
2442
2494
2220
2349
2134
2426
2388
2473
2332
2447
2426
2434
2263
2434
2473
2426
2426
2469
2434
2494
2189
2429
2382
2346
2476
2270
2450
2362
2351
2291
1952
1914
2218
2424
2476
2468
2404
2442
2403
2442
2432
2197
2130
2262
2450
2372
2197
2376
2412
2364
2365
2398
2416
2378
2442
2442
2356
2218
2481
2477
2434
2434
2434
2228
2301
2264
2290
2528
2502
2520
2456
2444
2520
2469
2353
2229
2391
2318
1997
2250
2255
2087
2348
2301
2382
2403
2476
2296
2528
2528
2481
2228
2387
2434
2411
2348
2418
2476
2244
2429
2313
2356
2398
2326
2174
2414
2385
2316
2360
2416
2210
2416
2305
2416
2398
2406
2424
2442
2398
2218
2319
2197
2374
2424
2450
2374
2197
2424
2398
2424
2424
2386
2394
2394
2174
2096
2322
2179
2424
2360
1994
2300
2432
2432
2458
2412
2476
2364
2364
2218
2450
2244
2429
2214
2168
2406
2218
2346
2270
2376
2364
2380
2357
2398
2351
2330
2398
2356
2356
2330
2187
2179
2380
2424
2406
2419
2416
2456
2450
2403
2390
2321
2244
2424
2406
2424
2424
2416
2412
2406
2174
2398
2380
2269
1342
2354
2380
2197
2398
2368
2192
2334
2406
2312
2304
2411
2476
2430
2132
2244
2424
2385
2406
2110
2360
2360
2274
2359
2256
1530
2377
2370
2324
2286
2109
2362
2380
2394
2226
2438
2450
2406
2299
2338
2380
2307
1690
2380
2290
2174
2380
2450
2451
2460
2476
2458
2450
2440
2528
2498
2184
2310
2296
2404
2424
2404
2374
2406
2218
2385
2356
2424
2095
2301
2096
2422
2360
2450
2424
2390
2424
2435
2481
2396
2348
2322
2211
2301
2348
2348
2203
2301
2367
2360
2406
2270
2476
2383
2450
2346
2424
2450
2494
2444
2480
2490
2481
2395
2275
2442
2349
2142
2103
2340
2225
2283
2300
2396
2369
2395
2254
2131
2395
2387
2387
2387
2374
2353
2387
2181
2408
2244
2403
2361
2118
2384
2463
2395
2400
2392
2216
2383
2395
2395
2232
2432
2432
2364
2390
2429
2246
2022
2228
2344
2434
2458
2373
2404
2432
2244
2387
2432
2262
2424
2408
2424
2353
2301
2301
2275
2385
2374
2406
2429
2348
2136
2450
2414
2312
2406
2372
2367
2432
2270
2450
2270
2368
2450
2165
2255
2361
2438
2387
2434
2416
2228
2228
2275
2444
2429
2348
2118
2320
2348
2442
2438
2229
2434
2430
2442
2340
2216
2095
2301
2298
2242
2395
2395
2416
2309
2388
2038
2400
2276
2395
2383
2403
2348
2391
2387
2302
2348
2350
2335
2435
2434
2148
2392
2387
2301
2291
2348
2348
2434
2348
2088
2095
2181
2336
2310
2116
2361
2490
2432
2432
2244
2334
2424
2188
2028
2476
2437
2364
2450
2244
2432
2390
2265
2205
2349
2414
2181
2387
2473
2455
2484
2463
2434
2369
2252
2450
2458
2378
2395
1984
2095
2442
2481
2332
2324
2367
2484
2489
2354
2442
2408
2364
2357
2022
2387
2422
2434
2416
2224
2344
2434
2442
2391
2237
2366
2387
2189
2361
2370
2344
2348
2348
2010
2450
2252
2017
2450
2416
2205
2020
2394
2226
2394
2438
2344
2490
2434
2181
2322
2387
2181
2471
1837
2434
2254
2438
2390
2403
2450
2450
2398
2458
2446
2476
2296
2502
2455
2458
2119
2432
2411
2422
2413
2228
2070
2450
2138
2378
2432
2226
2276
2226
2403
2244
2458
2109
2395
2181
2293
2422
2416
2344
2442
2395
2189
2422
2138
2356
2348
2142
2348
2348
2291
2262
2142
2340
2318
2057
2336
2348
2211
2348
2349
2348
2314
2348
2348
2306
2348
1945
2348
2395
2442
2438
2340
2434
2391
2442
2218
2510
2240
2080
2484
2325
2232
2484
2212
2484
2442
2458
2270
2368
2458
2252
2432
2226
2432
2458
2228
2434
2189
2481
2447
2069
2387
2444
2430
2435
2348
2387
2520
2379
2426
2142
2134
2348
2358
2314
2447
2396
2395
2354
2353
2387
2434
2314
2508
2312
2520
2434
2434
2383
2376
2422
2344
2434
2395
2395
2481
2353
2387
2312
2181
2134
2439
2310
2189
2395
2275
2375
2344
2481
2481
2330
2258
2348
2293
1936
2262
2348
2189
2387
2438
2442
2218
2481
2430
2236
2464
2468
2377
2301
2292
2348
2220
2403
2266
2194
2194
2352
2434
2434
2489
2181
2481
2348
2434
2434
2481
1984
2275
2443
2295
2481
2421
2463
2241
2283
2476
2275
2481
2520
2216
2481
2275
2341
2481
2314
2516
2481
2481
2481
2275
2489
2528
2322
2322
2434
2322
2314
2357
2275
2502
2520
2296
2263
2481
2481
2257
2276
2320
2486
2444
2486
2520
2489
2498
2336
2528
2481
2481
2481
2228
2400
2332
2314
2434
2387
2481
2361
2434
2434
2434
2228
2369
2443
2259
2434
2439
2387
2469
2275
2489
2414
1662
2481
2367
2387
2328
2434
2489
2328
2320
2189
2367
2387
2377
2194
2395
2320
2353
2418
2430
2344
2481
2473
2369
2434
2387
2387
2434
2301
2434
2348
2395
2228
2072
2387
2426
2332
2340
2336
2387
2473
2387
2473
2401
2426
2431
2477
2379
2340
2328
2434
2348
2387
2387
2340
2434
2340
2344
2379
2194
2447
2375
2434
2434
2310
2426
2387
2392
2134
2194
2181
2348
2434
2434
2375
2345
2387
2203
2301
2353
2142
2301
2095
2387
2344
2434
2387
2434
2434
2387
2250
2134
2301
2395
2369
2416
2310
2212
2348
2369
2348
2142
2147
2340
2087
2387
2310
2391
2210
2189
2481
2520
2520
2426
2528
2510
2204
2402
2520
2314
2520
2528
2536
2481
2233
2387
2481
2481
2275
2356
2401
2275
2463
2528
2314
2434
2486
2482
2516
2520
2528
2208
2379
2520
2520
2379
2435
2392
2387
2181
2387
2387
2387
2387
2387
2282
2442
2387
2186
2228
2388
2400
2178
2434
2426
2369
2369
2186
2434
2259
2336
2387
2337
2134
2258
2384
2228
2228
2426
2353
2416
2083
2387
2289
2002
2249
2388
2520
2228
2520
2395
2340
2426
2387
2395
2122
2387
2379
2387
2340
2392
2387
2340
2387
2361
2430
2388
2387
2387
2228
2320
2387
2383
2387
2100
2426
2387
2293
2397
2434
2375
2379
2387
2422
2353
2396
2340
1889
2395
2387
2387
2434
2361
2263
2528
2502
2528
2443
2190
2388
2416
2344
2434
2340
2430
2361
2228
2481
2367
2422
2396
2181
2238
2387
2435
2202
2375
2387
2186
2181
2408
2353
2177
2434
2400
2344
2365
2434
2349
2434
2369
2477
2434
2157
2263
2320
2395
2349
2348
2344
2349
2434
2348
2442
2400
2426
2232
2069
2434
2469
2438
2384
2379
2356
2477
2516
2434
2439
2185
2442
2434
2481
2391
2430
2481
2477
2387
2395
2310
2210
1975
2340
2116
2301
2348
2271
2447
2143
2396
2455
2305
2236
2434
2438
2469
2434
2434
2379
2395
2411
2490
2275
2395
2469
2481
2439
2481
2275
2520
2481
2215
2481
2481
2314
2520
2345
2489
2396
2228
2336
2044
2095
2387
2228
2377
2422
2353
2348
2434
2434
2520
2481
2418
2520
2404
2520
2520
2456
2275
2477
2442
2340
2434
2278
2408
2348
2387
2177
2408
2075
2383
2275
2494
2122
2434
2091
2422
2434
2434
2434
2336
2387
2173
2216
2344
2396
2302
2387
2142
2228
1932
2257
2387
2434
2343
2341
2387
2143
2434
2228
2422
2228
2195
2194
2263
2004
2434
2155
2387
2344
2395
2369
2387
2181
2348
2416
2434
2434
2190
2422
2434
2434
2189
2228
2396
2434
2396
2251
2275
2536
2460
2482
2520
2435
2439
2332
2481
2434
2391
2194
2163
2255
2302
2387
2134
2387
2434
2049
2387
2434
2434
2048
2387
2387
2297
2275
2375
2395
2177
2387
2353
2181
2247
2142
2283
2144
2348
2434
2434
2387
2395
2463
2387
2275
2400
2481
2442
2275
2444
2520
2401
2520
2470
2520
2473
2473
2330
2396
2393
2455
2442
2349
2423
2396
2361
2387
2481
2400
2357
2316
2228
2348
2349
2349
2388
2344
2348
2348
2311
2387
2395
2298
2301
2262
2340
2100
2142
2387
2387
2281
2395
2434
2275
2348
2383
2336
2177
2348
2150
2309
2344
2403
2348
2387
2171
2395
2301
2395
2348
2279
2163
2395
2434
2395
1944
2365
2387
2189
2228
2434
2221
2375
2045
2327
2178
2348
2348
2348
2348
2340
2040
2153
2387
2364
2040
2107
2348
2234
2181
2022
2142
2324
2211
2254
2369
2142
2387
2181
2340
2228
2022
2383
2481
2481
2481
2228
2430
2387
2263
2369
2387
2387
2190
2092
2391
2416
2434
2293
2288
2340
2225
2387
2387
2396
2424
2408
2434
2369
2434
1889
2387
2434
2400
2189
2422
2434
2301
2430
2275
2434
2202
2443
2370
2228
2422
2434
2481
2249
2400
2481
2477
2302
2395
2228
2434
2273
2455
2434
2314
2314
2353
2387
2221
2348
2348
2369
2189
2395
2147
2348
2348
2228
2228
2387
2365
2434
2434
2356
2387
2002
2353
2463
2469
2469
2481
2396
2344
2387
2181
2310
2434
2434
2387
2416
2434
2422
2434
2434
2348
2434
2434
2122
2473
2434
2481
2481
2340
2354
2387
2142
2336
2301
2309
2143
2228
2336
2333
2408
2387
2340
2348
2142
2410
2434
2369
2142
2228
2134
2216
2434
2198
2228
2395
2434
2267
2528
2528
2481
2443
2396
2348
2330
2143
2434
2095
2387
2400
2395
2083
2442
2481
2353
2387
2422
2387
2434
2434
2395
2455
2395
2434
2144
2322
2258
2375
2077
2434
2395
2171
2361
2416
2353
2387
2357
2369
2189
2370
2434
2224
2442
2502
2486
2508
2452
2189
2481
2424
2434
2275
2416
2434
2392
2289
2302
2142
2301
2387
2387
2387
2422
2434
2328
2181
2369
2383
2383
2396
2336
2395
2142
2336
2332
2301
2340
2379
2348
2434
2438
2434
2481
2520
2108
2482
2473
2181
2434
2302
2442
2105
2353
2481
2275
2396
2387
1890
2226
2387
2395
2147
2340
2152
1985
2173
2348
2357
2377
2400
2387
2038
2322
2293
2340
2353
1975
2387
2387
2353
2387
2330
2189
2387
2387
2142
2301
2297
2387
2434
2210
2387
2196
2354
2263
2387
2392
2362
2455
2228
2455
2277
2481
2447
2357
2272
2340
2336
2254
2194
2400
2228
2434
2054
2228
2387
2434
2281
2455
2169
2228
2210
2293
2091
2434
1949
2322
2255
2233
2366
2478
2426
2430
2228
2332
2452
2327
2366
2160
2314
2400
2416
2435
2314
2416
2228
2387
2434
2228
2387
2337
2387
1975
2434
2434
2434
2481
2189
2383
2481
2520
2267
2220
2395
2294
2387
2036
2387
1989
2369
2301
2340
2370
2387
2387
2124
2310
2228
2443
2392
2344
2422
2143
2395
2395
2377
2022
2322
2434
1936
2271
2287
2395
2242
2383
2348
2434
2228
2400
2373
2340
2481
2481
2305
2395
2442
2403
2022
2326
2356
2236
2315
2452
2486
2434
2481
2340
2396
2056
2310
2369
2430
2142
2400
2340
2129
2422
2434
2400
2340
2366
2400
2160
2256
2434
2297
2134
2340
2340
2340
2246
2395
2283
2336
2163
2387
2181
2348
2142
2048
2109
2095
2395
2349
2348
2344
2275
2434
2228
2369
2395
2130
2395
2228
2177
2189
2400
2118
2400
2395
2349
2228
2434
2198
2357
2275
2400
2486
2349
2434
2412
2396
2434
2383
2395
2340
2400
2387
2434
2434
2387
2387
2142
2267
2198
2469
2181
2431
2341
2473
2362
2305
2348
2197
2377
2108
2348
2395
2289
2286
2416
2434
2434
2169
2340
2387
2434
2241
2434
2246
2396
2395
2263
2219
2258
2301
2404
2142
2151
2326
2301
2387
2228
2378
2400
2434
2228
2481
2482
2520
2422
2520
2422
2481
2257
2396
2400
1971
2301
2087
2473
2126
2353
2375
2387
2434
2434
2400
2185
2434
2004
2434
2447
2434
2400
2069
2307
2481
2434
2434
2396
2434
2401
2481
2455
2447
2228
1983
2451
2443
2435
2434
2434
2481
2481
2481
2194
2387
2366
2382
2299
2405
2113
2215
2142
2332
2383
2459
2400
2301
2439
2071
2074
2177
2434
2362
2481
2447
2421
2395
2481
2275
2481
2481
2275
2275
2400
2481
2190
2255
2469
2434
2275
2084
2481
2275
2481
2340
2434
2387
2387
2022
2210
2481
2481
2346
2228
2434
2387
2434
2311
2452
2336
2405
2152
2315
2401
2413
2401
2245
2397
2022
2434
2434
2331
2400
2319
2358
2183
2405
2401
2468
2405
2494
2397
2408
2447
2434
2434
2422
2481
2536
2275
2520
2087
2481
2434
2447
2396
2302
2236
2447
2486
2455
2520
2439
2439
2460
2481
2486
2452
2237
2246
2452
2362
2452
2434
2379
2195
2320
2447
2429
2469
2463
2344
2434
2400
2434
2392
2443
2478
2439
2452
2405
2447
2241
2481
2447
2455
2349
2481
2481
2430
2375
2396
2434
2439
2473
2434
2388
2228
2387
2375
2434
2434
2387
2383
2233
2401
2233
2422
2444
2388
2254
2520
2393
2486
2242
2486
2520
2434
2293
2243
2228
2434
2228
2267
2405
2298
2319
2405
1876
2439
2280
2452
2401
2353
2443
2447
2481
2228
2416
2396
2422
2434
2242
2366
2366
2400
2400
2387
2242
2091
2268
1954
2271
2434
2434
2481
2430
2400
2213
2226
2405
1900
2246
2199
2199
2452
2477
2237
2140
2210
2434
2443
2466
2362
2288
2220
2275
2397
2435
2233
2520
2019
2155
2396
2482
2481
2176
2118
2349
2311
2387
2452
2153
2486
2520
2486
2195
2421
2481
2272
2413
2212
2272
2447
2448
2481
2451
2275
2069
2134
2481
2275
2377
2357
2348
2400
2416
2473
2486
2452
2340
2142
2349
2421
2395
2275
2481
2396
2314
2236
2357
2434
2348
2400
2351
2349
2143
2434
2365
2434
2143
2455
2311
2195
2455
2473
2520
2405
2268
2460
2361
2358
2181
2486
2396
2447
2430
2473
2434
2434
2384
2443
2397
2397
2191
2307
2440
2342
2363
2140
2232
2482
2350
2385
2469
2393
2350
2397
2174
2200
2191
1779
2276
2448
2482
2395
2473
2338
2473
2482
2357
2461
2070
2481
2481
2144
2434
2297
2168
2400
2167
2481
2481
2400
2396
2468
2486
2314
2482
2481
2455
2481
2481
2366
2336
2387
2387
2163
2353
2169
2340
2434
2431
2448
2337
2290
2425
2276
2383
2323
2413
2160
2413
2293
2396
2387
2387
2074
2397
2350
2359
2225
2397
2410
2350
2330
2224
2482
2190
2319
2435
2178
2435
2434
2455
2387
2388
2400
2473
2262
2207
2280
2340
2497
2481
2434
2481
2228
2392
2224
2442
2442
2257
2313
2528
2442
2387
2469
2520
2426
2512
2434
2434
2363
2486
2413
2443
2481
2383
2463
2489
2481
2426
2395
2328
2434
2395
2187
2434
2430
2314
2520
2481
2400
2434
2186
2520
2395
2447
2297
2481
2422
2328
2348
2046
2190
2443
2443
2434
2416
2344
2203
2395
2370
2194
2442
2396
2207
2434
2434
2400
2405
2405
2426
2246
2430
2395
2481
2481
2358
2443
2528
2486
2443
2189
2395
2434
2486
2481
2434
2434
2473
2422
2340
2250
2336
2434
2434
2422
2434
2443
2349
2366
2421
2489
2189
2249
2349
2434
2447
2481
2481
2416
2241
2481
2413
2434
2169
2451
2416
2387
2224
2361
2468
2434
2348
2442
2439
2434
2473
2494
2280
2361
2366
2354
2275
2306
2185
2254
2473
2413
2482
2156
2357
2498
2489
2199
2345
2284
2481
2481
2400
2395
2477
2443
2395
2236
2481
2477
2438
2520
2267
2455
2520
2233
2387
2392
2229
2338
2350
2238
2486
2481
2185
2350
2396
2228
2288
2430
2481
2216
2486
2416
2181
2294
2216
2434
2481
2396
2435
2442
2424
2490
2481
2439
2442
2442
2481
2275
2434
2434
2400
2362
2447
2413
2203
2413
2383
2486
2366
2413
2345
2275
2469
2267
2249
2512
2353
2473
2473
2434
2528
2473
2481
2481
2481
2228
2520
2520
2520
2434
2455
2434
2267
2473
2422
2482
2502
2314
2434
2481
2508
2520
2516
2302
2520
2520
2370
2439
2520
2414
2422
2361
2468
2216
2430
2486
2280
2401
2452
2528
2484
2216
2473
2520
2520
2439
2482
2314
2452
2272
2440
2452
2452
2452
2452
2405
2452
2387
2346
2481
2481
2520
2520
2520
2470
2422
2481
2442
2473
2314
2520
2490
2268
2426
2208
2395
2414
2438
2310
2481
2434
2430
2520
2224
2435
2267
2478
2267
2074
2520
2477
2425
2152
2422
2516
2430
2520
2478
2520
2520
2516
2212
2486
2422
2520
2280
2473
2455
2361
2447
2447
2468
2388
2486
2481
2520
2369
2473
2528
2314
2528
2296
2314
2396
2400
2442
2455
2439
2473
2301
2443
2236
2442
2395
2387
2481
2528
2237
2528
2481
2481
2473
2314
2108
2520
2422
2474
2383
2259
2435
2494
2430
2288
2074
2314
2520
2481
2426
2155
2344
2434
2392
2435
2435
2448
2482
2528
2014
2276
2376
2400
2276
2439
2481
2481
2422
2463
2520
2508
2181
2455
2400
2257
2481
2477
2422
2469
2257
2481
2481
2455
2494
2069
2177
2473
2250
2434
2455
2276
2228
2236
2434
2434
2481
2421
2473
2528
2520
2520
2481
2478
2384
2298
2473
2249
2508
2473
2520
2520
2520
2434
2473
2442
2442
2430
2442
2481
2528
2528
2520
2208
2233
2108
2443
2108
2516
2108
2473
2422
2520
2520
2430
2508
2520
2481
2512
2494
2502
2520
2520
2281
2434
2482
2395
2416
2435
2275
2520
2358
2444
2430
2434
2181
2241
2387
2477
2520
2302
2520
2520
2520
2473
2090
2291
2233
2469
2489
2481
2391
2512
2486
2220
2520
2344
2520
2520
2520
2473
2512
2422
2267
2431
2481
2508
2144
2319
2528
2502
2434
2471
2174
2436
2478
2331
2430
2434
2502
2438
2520
2318
2520
2473
2401
2512
2474
2512
2379
2469
2473
2473
2443
2489
2473
2520
2473
2220
2465
2465
2426
2520
2510
2246
2448
2442
2296
2520
2284
2320
2314
2276
2478
2202
2520
2290
2486
2288
2512
2333
2512
2454
2457
2228
2482
2349
2434
2482
2314
2473
2512
2389
2336
2379
2314
2294
2314
2482
2276
2444
2486
2486
2482
2482
2482
2276
2486
2502
2482
1968
2440
2498
2520
2314
2520
2264
2455
2323
2380
2395
2520
2516
2439
2474
2512
2478
2516
2486
2486
2481
2473
2508
2478
2426
2473
2482
2465
2520
2520
2296
2520
2430
2306
2528
2516
2434
2520
2520
2455
2486
2482
2520
2474
2392
2473
2306
2502
2520
2376
2512
2466
2434
2272
2494
2473
2473
2404
2306
2426
2314
2388
2170
2520
2220
2169
2520
2173
2414
2516
2481
2520
2161
2379
2481
2494
2520
2486
2516
2520
2520
2426
2502
2520
2473
2443
2482
2520
2478
2138
2520
2340
2528
2306
2222
2512
2430
2520
2516
2473
2520
2512
2502
2494
2455
2520
2520
2426
2280
2494
2489
2486
2322
2520
2473
2520
2486
2520
2516
2474
2314
2426
2267
2091
2431
2019
2418
2314
2520
2422
2482
2473
2502
2528
2520
2224
2520
2442
2272
2466
2520
2520
2520
2502
2520
2400
2426
2482
2314
2482
2524
2435
2481
2388
2388
2425
2486
2447
2486
2512
2520
2481
2528
2520
2512
2502
2520
2422
2494
2512
2520
2508
2486
2314
2474
2520
2473
2512
2512
2288
2520
2427
2512
2512
2344
2314
2520
2473
2430
2426
2520
2406
2512
2443
2426
2512
2430
2384
2478
2027
2473
2280
2468
2478
2332
2486
2380
2440
2439
2376
2108
2512
2276
2520
2520
2388
2520
2516
2190
2314
2224
2520
2276
2481
2512
2371
2465
2474
2512
2510
2508
2418
2520
2414
2481
2263
2482
2469
2443
2229
2434
2512
2512
2520
2482
2482
2520
2520
2520
2520
2512
2512
2430
2512
2422
2520
2481
2434
2528
2442
2443
2314
2520
2314
2434
2296
2528
2336
2512
2512
2482
2392
2022
2224
2486
2290
2512
2512
2436
2423
2473
2251
2461
2457
2272
2512
2314
2408
2502
2473
2431
2520
2422
2512
2185
2520
2520
2455
2512
2520
2520
2520
2520
2435
2306
2482
2426
2520
2520
2486
2444
2474
2470
2474
2342
2520
2267
2520
2520
2520
2520
2408
2512
2458
2418
2500
2340
2512
2473
2486
2512
2306
2336
2314
2432
2512
2512
2435
2512
2512
2302
2314
2520
2520
2512
2406
2504
2410
2383
2384
2512
2502
2220
2434
2502
2520
2474
2520
2494
2434
2512
2418
2301
2272
2216
2306
2512
2151
2478
2388
2482
2452
2427
2375
2481
2486
2482
2512
2421
2264
2200
2448
2455
2512
2512
2384
2314
2520
2314
2474
2306
2268
2461
2512
2470
2306
2234
2306
2426
2414
2392
2512
2512
2512
2323
2512
2375
2512
2512
2481
2473
2473
2512
2512
2268
2276
2431
2014
2512
2512
2500
2512
2478
2512
2473
2430
2520
2512
2468
2384
2228
2520
2494
2314
2520
2482
2276
2474
2456
2387
2473
2478
2512
2486
2422
2512
2439
2473
2379
2422
2512
2190
2512
2387
2473
2430
2345
2414
2264
2418
2504
2512
2512
2426
2520
2384
2388
2474
2474
2474
2306
2306
2465
2508
2414
2512
2512
2264
2473
2494
2439
2426
2512
2478
2478
2434
2376
2520
2260
2494
2465
2512
2426
2512
2466
2322
2314
2422
2473
2294
2422
2306
2306
2439
2512
2478
2494
2512
2512
2512
2306
2512
2494
2478
2470
2267
2494
2512
2512
2061
2330
2426
2481
2358
2512
2306
2512
2314
2520
2512
2306
2478
2380
2422
2473
2512
2512
2482
2494
2520
2502
2177
2494
2486
2512
2512
2306
2512
2512
2422
2512
2520
2512
2422
2494
2306
2422
2504
2500
2512
2512
2298
2473
2306
2512
2520
1924
2306
2512
2402
2520
2528
2520
2358
2520
2520
2426
2367
2512
2504
2512
2508
2512
2443
2470
2306
2220
2482
2504
2306
2192
2512
2512
2306
2436
2520
2100
2520
2512
2512
2272
2512
2473
2520
2392
2520
2053
2268
2520
2306
2434
2434
2520
2461
2486
2466
2426
2473
2428
2306
2208
2494
2466
2306
2494
2512
2512
2345
2294
2294
2512
2384
2508
2306
2267
2512
2520
2426
2465
2494
2473
2512
2473
2434
2435
2306
2276
2512
2473
2512
2306
2478
2512
2473
2512
2426
2388
2520
2306
2494
2398
2474
2245
2267
2104
2474
2478
2508
2512
2465
2422
2396
2512
2238
2422
2470
2512
2306
2512
2512
2512
2512
2470
2306
2512
2260
2508
2314
2473
2494
2502
2520
2520
2375
2512
2384
2512
2426
2520
2212
2473
2512
2512
2474
2358
2465
2435
2520
2481
2473
2288
2434
2494
2512
2306
2473
2520
2314
2474
2478
2376
2226
2173
2357
2520
2418
2512
2512
2512
2512
2512
2306
2306
2512
2414
2520
2426
2512
2520
2426
2383
2387
2314
2241
2512
2341
2284
2298
2512
2470
2174
2473
2384
2520
2481
2481
2520
2520
2481
2520
2434
2520
2520
2486
2520
2520
2388
2512
2512
2288
2216
2508
2512
2508
2520
2306
2512
2306
2473
2406
2266
2431
2268
2422
2512
2426
2494
2512
2306
2092
2380
2512
2512
2474
2465
2512
2512
2434
2306
2512
2512
2494
2306
2216
2486
2456
2512
2380
2470
2435
2512
2512
2512
2512
2476
2416
2430
2166
2232
2512
2512
2468
2474
2512
2502
2474
2066
2426
2267
2481
2478
2430
2520
2319
2387
2426
2512
2397
2520
2361
2366
2520
2520
2494
2330
2520
2314
2314
2520
2388
2478
2512
2494
2306
2126
2494
2512
2520
2314
2314
2512
2512
2496
2434
2512
2504
2496
2486
2422
2508
2461
2494
2508
2432
2237
2492
2364
2508
2512
2096
2426
2512
2120
2520
2455
2466
2500
2512
2516
2520
2439
2376
2512
2494
2314
2476
2481
2224
2306
2422
2512
2512
2478
2436
2234
2408
2465
2430
2367
2414
2473
2306
2414
2306
2512
2328
2512
2512
2306
2494
2512
2267
2520
2349
2272
2474
2002
2426
2169
2392
2512
2406
2421
2512
2306
2508
2512
2430
2520
2473
2520
2440
2520
2512
2426
2474
2246
2306
2465
2460
2512
2504
2426
2494
2512
2512
2368
2426
2473
2473
2306
2257
2216
2512
2512
2512
2306
2520
2447
2512
2213
2470
2220
2465
2512
2494
2512
2415
2500
2136
2379
2512
2220
2520
2314
1836
2478
2288
2520
2422
2512
2435
2473
2259
2512
2473
2520
2302
2512
2478
2508
2478
2396
2314
2306
2439
2512
2465
2512
2200
2512
2426
2466
2494
2465
2422
2473
2520
2512
2516
2508
2482
2494
2502
2473
2426
2314
2498
2473
2512
2324
2512
2474
2512
2520
2481
2473
2380
2504
2306
2474
2512
2512
2512
2512
2461
2512
2520
2402
2512
2512
2268
2268
2465
2100
2512
2473
2512
2166
2426
2474
2512
2482
2426
2422
2408
2520
2520
2512
2465
2512
2520
2422
2512
2512
2220
2512
2455
2306
2474
2504
2512
2473
2478
2473
2512
2306
2379
2458
2494
2512
2422
2306
2512
2268
2314
2520
2108
2520
2528
2208
2512
2336
2508
2473
2494
2512
2512
2512
2426
2169
2504
2465
2508
2100
2302
2100
2418
2426
2508
2260
2465
2486
2504
2375
2512
2200
2375
2294
2500
2422
2504
2294
2512
2494
2418
2461
2448
2448
2424
2496
2298
2504
2504
2427
2504
2473
2466
2512
2473
2512
2512
2494
2470
2422
2520
2465
2260
2264
2504
2504
2504
2474
2470
2504
2512
2302
2486
2259
2465
2512
2473
2512
2512
2357
2512
2418
2486
2486
2504
2074
2192
2465
2053
2298
2520
2512
2512
2512
2453
2418
2504
2462
2466
2504
2512
2520
2259
2379
2512
2500
2427
2470
2465
2508
2448
2468
2512
2389
2426
2422
2440
2414
2457
2277
2500
2387
2298
2512
2298
2470
2500
2272
2486
2264
2470
2512
2512
2512
2466
2474
2306
2418
2396
2422
2216
2432
2473
2494
2494
2418
2465
2512
2371
2512
2512
2272
2465
2486
2508
2443
2512
2400
2314
2508
2494
2494
2512
2404
2512
2435
2512
2455
2512
2418
2306
2508
2426
2126
2470
2478
2512
2465
2288
2426
2314
2455
2494
2404
2434
2512
2306
2268
2306
2486
2512
2306
2512
2414
2512
2272
2173
2512
2436
2512
2418
2473
2470
2512
2340
2504
2474
2280
2504
2419
2473
2512
2306
2473
2306
2181
2414
2494
2512
2306
2259
2255
2294
2267
2010
2504
2419
2492
2500
2504
2426
2512
2512
2418
2410
2306
2473
2478
2457
2512
2306
2440
2482
2502
2520
2520
2322
2422
2520
2520
2216
2520
2465
2426
2520
2478
2100
2337
2422
2494
2520
2520
2520
2455
2494
2478
2306
2306
2418
2512
2302
2298
2473
2473
2426
2512
2422
2431
2512
2439
2462
2504
2504
2512
2023
2512
2494
2396
2494
2512
2512
2119
2512
2455
2520
2473
2465
2512
2384
2512
2473
2306
2512
2380
2508
2414
2267
2250
2512
2512
2512
2422
2177
2512
2500
2512
2512
2512
2426
2512
2424
2512
2237
2478
2520
2422
2520
2512
2422
2473
2460
2512
2512
2314
2220
2473
2512
2473
2474
2465
2512
2268
2512
2512
2198
2461
2418
2473
2306
2220
2478
2500
2496
2320
2512
2512
2512
2512
2473
2426
2512
2512
2512
2520
2520
2314
2383
2473
2504
2418
2512
2268
2448
2482
2134
2512
2220
2520
2512
2247
2512
2306
2478
2435
2512
2520
2476
2306
2422
2383
2268
2504
2426
2516
2418
2508
2474
2259
2504
2466
2259
2512
2512
2512
2465
2512
2520
2259
2494
2474
2520
2409
2512
2470
2426
2508
2404
2100
2512
2436
2465
2512
2474
2396
2468
2312
2243
2473
2304
2520
2379
2473
2520
2520
2502
2314
2314
2520
2512
2387
2482
2478
2486
2516
2520
2276
2412
2267
2520
2404
2272
2473
2512
2220
2512
2512
2267
2508
2508
2288
2512
2512
2465
2512
2508
2384
2314
2430
2473
2481
2502
2512
2466
2259
2494
2512
2508
2418
2288
2512
2504
2512
2267
2512
2512
2508
2512
2512
2306
2220
2466
2516
2208
2520
2228
2434
2314
2512
2384
2272
2470
2426
2512
2306
2294
2432
2512
2306
2474
2508
2461
2306
2267
2473
2314
2474
2306
2418
2512
2512
2512
2512
2306
2512
2481
2267
2520
2478
2520
2314
2520
2520
2434
2130
2512
2508
2267
2512
2380
2447
2444
2520
2276
2306
2259
2470
2512
2482
2465
2426
2466
2408
2298
2238
2426
2508
2306
2306
2422
2512
2512
2512
2414
2306
2520
2512
2432
2468
2431
2512
2336
2431
2508
2512
2426
2512
2314
2474
2473
2430
2512
2512
2430
2314
2217
2520
2426
2510
2318
2516
2208
2490
2314
2348
2520
2482
2494
2375
2520
2508
2520
2494
2439
2520
2520
2481
2520
2520
2520
2375
2520
2224
2118
2520
2440
2138
2520
2520
2520
2520
2463
2434
2375
2461
2520
2520
2426
2486
2520
2190
2520
2512
2379
2216
2512
2314
2520
2520
2288
2229
2314
2250
2494
2349
2314
2474
2478
2422
2340
2512
2470
2439
2520
2306
2306
2512
2512
2380
2520
2520
2512
2375
2298
2220
2512
2512
2512
2512
2512
2473
2520
2434
2520
2512
2512
2512
2414
2512
2512
2512
2512
2512
2512
2401
2520
2267
2520
2520
2508
2512
2482
2426
2354
2306
2520
2508
2375
2187
2230
2314
2442
2520
2512
2448
2426
2520
2481
2494
2520
2465
2512
2508
2504
2504
2288
2465
2208
2314
2520
2422
2234
2298
2448
2306
2100
2466
2466
2465
2426
2481
2502
2486
2478
2394
2494
2520
2478
2520
2520
2512
2314
2422
2476
2434
2502
2473
2520
2481
2474
2512
2426
2516
2264
2396
2466
2496
2512
2058
2500
2306
2504
2494
2474
2520
2296
2322
2520
2520
2520
2481
2434
2482
2376
2439
2163
2100
2078
2408
2520
2474
2494
2220
2259
2512
2419
2344
2288
2350
2427
2470
2481
2512
2216
2314
2473
2486
2314
2520
2434
2396
2267
2512
2422
2306
2512
2520
2512
2504
2383
2302
2473
2481
2474
2369
2520
2494
2478
2216
2520
2473
2512
2470
2306
2508
2306
2383
2447
2379
2520
2314
2208
2306
2482
2470
2486
2520
2426
2256
2422
2387
2314
2430
2388
2504
2481
2502
2465
2414
2263
2216
2460
2508
2466
2512
2418
2426
2516
2512
2520
2314
2375
2520
2108
2340
2473
2520
2512
2520
2516
2310
2474
2408
2224
2520
2508
2220
2474
2457
2512
2426
2090
2512
2481
2520
2190
2512
2314
2508
2228
2504
2204
2100
2512
2494
2512
2478
2473
2512
2288
2520
2481
2520
2262
2392
2384
2520
2478
2520
2520
2466
2376
2520
2324
2199
2359
2321
2512
2422
2478
2512
2481
2508
2369
2512
2520
2397
2520
2439
2481
2486
2414
2023
2290
2504
2478
2508
2512
2220
2478
2314
2457
2320
2298
2504
2512
2443
2496
2402
2446
2496
2496
2504
2368
2376
2496
2290
2481
2512
2504
2320
2466
2492
2396
2512
2474
2512
2435
2224
2512
2494
2512
2520
2383
2306
2178
1976
2512
2473
2508
2280
2504
2504
2480
2496
2502
2512
2512
2422
2461
2306
2465
2504
2470
2418
2282
1963
2298
2508
2496
2368
2379
2147
2316
2418
2504
2488
2496
2262
2115
2100
2285
2414
2426
2392
2458
2512
2512
2512
2272
2375
2482
2508
2267
2422
2306
2473
2512
2512
2512
2504
2504
2340
2165
2512
2512
2474
2458
2422
2494
2481
2430
2520
2520
2520
2436
2520
2504
2268
2512
2520
2512
2272
2520
2520
2496
2512
2372
2512
2512
2361
2512
2512
2478
2473
2422
2494
2189
2470
2520
2306
1983
2314
2486
2520
2520
2324
2512
2494
2512
2474
2422
2504
2274
2329
2462
2472
2287
2414
2462
2408
2512
2216
2512
2508
2496
2248