33555.7
37255.13
30836.28
31940.14
32012.41
24317.43
36842.46
18439.326530612245
21826.39
16852.85
15558.08
18923.821052631578
14518.051546391753
14094.010989010989
12856.87
7788.833333333333
10257.96
5302.671232876713
2412.5272727272727
1482.8666666666666
92.29729729729729
99.7012987012987
103.52222222222223
94.10344827586206
91.65753424657534
97.42465753424658
100.98275862068965
97.08955223880596
85.0
89.42105263157895
103.0
100.74117647058823
100.5945945945946
98.6
104.0
103.31818181818181
103.0
88.47368421052632
93.80434782608695
103.90384615384616
95.04255319148936
101.875
94.83720930232558
85.0
93.6086956521739
96.25
99.01428571428572
89.58620689655173
98.39784946236558
103.0
93.24096385542168
95.04040404040404
93.34146341463415
100.33333333333333
103.77966101694915
93.5952380952381
85.0
89.0
93.14285714285714
99.07246376811594
103.0
96.04
2386.759493670886
97.51724137931035
98.0
589.2808988764045
95.07228915662651
104.0
103.2280701754386
93.5813953488372
85.0
90.53846153846153
103.23728813559322
1419.468085106383
5283.1547619047615
93.6987951807229
532.1333333333333
1142.4883720930231
2515.29
103.83636363636364
103.55
103.33333333333333
103.0
102.05434782608695
90.8529411764706
104.0
907.6666666666666
28829.16
104.0
248.6595744680851
19325.76923076923
2632.8555555555554
24130.593406593405
91.72413793103448
85.0
94.0
87.11764705882354
27577.9
25823.222222222223
17407.97
11484.565217391304
103.0
87.0377358490566
20514.354838709678
28736.43
2019.81
103.02127659574468
324.89285714285717
1119.04
85.0
607.2929292929293
97.32098765432099
155.29787234042553
930.13
612.08
96.47058823529412
89.91891891891892
21519.35
97.88333333333334
98.0
7740.06
591.5157894736842
103.3030303030303
103.88235294117646
972.5571428571428
616.6914893617021
2535.19
1474.1616161616162
97.7948717948718
97.73846153846154
124.28915662650603
665.983606557377
169.92
104.0
89.11666666666666
1063.3116883116884
2680.4
521.7678571428571
1104.8292682926829
18920.19
93.69662921348315
85.0
18096.53164556962
96.63076923076923
935.8285714285714
895.7808219178082
104.0
2426.57
11139.657534246575
202.69662921348313
1316.4468085106382
103.0
1212.43
89.57627118644068
35220.52
93.89887640449439
5029.06
11888.283018867925
103.0
88.73584905660377
790.483870967742
1602.8
342.84415584415586
95.21875
96.21
571.3818181818182
510.4782608695652
1041.875
103.0
506.55128205128204
1018.8405797101449
1011.64
98.3409090909091
85.0
87.38333333333334
87.16
98.3061224489796
5782.72
711.2875
103.33823529411765
103.0
103.52873563218391
104.0
102.32786885245902
31152.42
100.55952380952381
1729.15
98.96491228070175
99.76470588235294
1199.6352941176472
370.0
18731.21
103.71212121212122
1318.804347826087
532.7058823529412
103.0
21229.28
9366.88
2966.4646464646466
100.34939759036145
85.54166666666667
644.685393258427
103.0
929.027397260274
103.0
252.5
13437.68
99.45070422535211
1404.4948453608247
7998.7125
577.5
499.53333333333336
2167.1530612244896
98.0
20324.272727272728
59749.068181818184
16577.321428571428
98.0
246.6153846153846
25294.684210526317
56159.5
103.0
103.0
98.71428571428571
98.0
1342.8152173913043
2368.5057471264367
54233.8
1197.4255319148936
9285.65
47274.163265306124
85.0
99.27586206896552
90.01639344262296
44517.50588235294
8610.77108433735
872.1830985915493
85.0
57057.979797979795
493.0967741935484
61417.27
97.11111111111111
104.0
101.25510204081633
102.07142857142857
99.8
103.50561797752809
104.0
104.0
103.9
102.39240506329114
100.44318181818181
103.0
103.0
92.61538461538461
91.96
5064.494382022472
139.0
26332.91
103.0
1305.3181818181818
103.0
103.0
100.58241758241758
39714.23170731707
88.36206896551724
85.0
22802.727272727272
98.0
98.0
93.9375
90.77777777777777
36693.46464646464
100.61363636363636
98.70114942528735
91.54651162790698
11075.725274725275
94.91525423728814
98.0
4350.965909090909
11910.243243243243
85.0
93.02409638554217
103.0
93.79
86.22641509433963
85.0
22577.45
73804.12
92.94444444444444
98.0
98.0
101.54838709677419
103.0
103.0
62615.166666666664
516.1509433962265
103.0
91.8108108108108
17763.0
17937.214285714286
85.0
85.0
1192.6896551724137
92.05405405405405
52008.94805194805
103.0
103.0
103.0
101.88888888888889
44820.12631578947
92.21348314606742
78796.64
88.3015873015873
100.3125
101.4375
26333.62
85.0
50726.21621621621
69062.64
97.08955223880596
40075.21
98.16666666666667
9082.68686868687
89.76811594202898
89.53030303030303
100.0253164556962
18505.0
95.21428571428571
98.78947368421052
98.0
574.264367816092
49802.41935483871
10954.188405797102
55473.068181818184
63350.63636363636
92.94680851063829
40068.41
85.0
96.49425287356321
103.0
103.0
97.73809523809524
98.0
98.0
88.7457627118644
85.0
85.0
93.91428571428571
90.75949367088607
26386.473684210527
85.0
85.0
94.95294117647059
101.96551724137932
103.0
103.0
103.0
110105.46268656716
77543.87
61305.38
125026.3595505618
21057.7311827957
94.32098765432099
100.41758241758242
100.44444444444444
2073.3650793650795
26765.426966292136
85.0
181.95
96.93877551020408
98.0
99.24137931034483
101.5909090909091
103.0
101.28
98.0
92.54320987654322
87.16
103.0
101.97402597402598
104.0
102.73684210526316
99.1864406779661
103.0
103.0
93.79545454545455
790.5909090909091
85.0
22805.18181818182
12907.9
59610.78
85.0
97.17647058823529
98.71428571428571
103.0
2416.29
88.859375
89.98630136986301
85.0
88.859375
85.0
93.78823529411764
41596.68
12051.936170212766
96.0958904109589
101.8135593220339
98.0
98.0
95.66279069767442
103.0
103.0
103.0
103.0
98.06451612903226
92.35227272727273
87.78571428571429
85.0
85.0
85.0
87.77049180327869
98.0
89.27142857142857
95.46774193548387
93.52631578947368
103.0
103.0
94.31764705882352
94.19565217391305
85.0
92.0
91.9041095890411
103.0
94.0
85.0
85.0
85.0
86.03846153846153
103.0
86.10204081632654
85.0
85.0
90.55882352941177
85.0
85.0
85.0
85.0
85.0
85.0
85.0
85.0
85.0
85.0
85.0
85.36734693877551
85.0
85.0
88.72413793103448
95.35
98.27868852459017
94.0
103.0
95.94594594594595
94.10112359550561
85.0
90.72727272727273
96.5
94.4186046511628
95.35
85.0
85.0
85.0
94.20454545454545
95.45945945945945
94.75903614457832
97.46153846153847
94.32530120481928
98.35483870967742
100.84
93.78571428571429
94.10344827586206
103.0
94.4390243902439
95.35
97.81818181818181
94.75903614457832
97.28571428571429
95.51948051948052
103.0
103.0
99.14285714285714
103.0
99.78571428571429
100.88235294117646
97.0
94.62790697674419
103.0
97.0
103.0
95.07142857142857
99.21052631578948
103.0
95.75324675324676
100.7090909090909
103.0
103.0
96.67567567567568
95.84615384615384
94.97590361445783
97.0
103.0
95.51948051948052
97.9375
103.0
103.0
94.74117647058823
96.36842105263158
97.0
95.51948051948052
103.0
97.35820895522389
95.89473684210526
99.52631578947368
103.0
97.0
103.0
95.07142857142857
103.0
103.0
98.5
100.67441860465117
103.0
95.22222222222223
100.66666666666667
97.73846153846154
94.79746835443038
101.53061224489795
97.65625
101.2
103.0
103.0
94.97590361445783
103.0
100.73076923076923
103.0
103.0
103.0
101.8
95.0
103.0
98.14285714285714
103.0
103.0
103.0
103.0
101.38461538461539
100.67045454545455
100.6829268292683
98.76190476190476
101.83333333333333
101.09210526315789
103.0
103.0
103.0
103.0
100.7710843373494
100.11111111111111
95.84615384615384
103.0
101.21428571428571
103.0
100.84705882352941
95.55844155844156
100.9113924050633
100.67441860465117
100.73255813953489
100.67045454545455
102.69411764705882
100.70588235294117
100.71084337349397
101.38709677419355
103.0
98.21875
103.0
100.6219512195122
96.36585365853658
101.70967741935483
100.83098591549296
97.11538461538461
100.6829268292683
100.6829268292683
2459.8490566037735
5419.723404255319
12457.967032967033
5033.0526315789475
7041.133333333333
18962.32075471698
11331.696629213484
14975.380952380952
32415.844827586207
22942.37634408602
101.19444444444444
16604.905660377357
9929.460674157302
8900.25352112676
4563.166666666667
5980.552941176471
14568.031578947368
5845.436781609195
1939.0882352941176
12352.313725490196
7364.976744186047
11632.323076923078
18321.979166666668
17756.097826086956
15206.395604395604
32874.934426229505
12420.05633802817
13535.79569892473
15245.585858585859
101.77049180327869
14679.1
29939.83582089552
16842.9793814433
3111.5060240963853
12323.673913043478
9607.521739130434
11590.057471264368
101.50602409638554
8526.32584269663
12880.193181818182
3111.5662650602408
16762.444444444445
17952.089285714286
97.0
6764.96
14879.268817204302
15885.494736842105
17020.4375
17198.463157894737
25089.85
27363.29090909091
1720.8961038961038
33421.13333333333
16222.79569892473
17020.541666666668
16863.975609756097
16051.202127659575
7538.0
4564.678571428572
4361.170454545455
7120.247191011236
13833.384615384615
8162.790322580645
15898.666666666666
9714.417582417582
12595.3
6592.532467532467
12249.388888888889
10965.54347826087
8622.272727272728
16082.337209302326
12420.154929577464
11331.865168539325
22819.909090909092
17281.1
12879.272727272728
13651.361445783132
14631.639534883721
9821.211111111112
17199.78947368421
19573.974025974025
16084.43023255814
28107.46551724138
8920.564705882352
12441.32098765432
11209.388888888889
2117.0806451612902
23425.893333333333
7365.093023255814
18516.0
18353.483146067414
20040.691489361703
17950.186813186814
25515.13559322034
13026.310344827587
15039.934782608696
5983.094117647059
12064.872340425532
10098.44
100.94520547945206
7365.593023255814
10718.75
103.43037974683544
5695.282608695652
100.89156626506023
1814.9315068493152
937.35
307.3095238095238
101.33333333333333
526.7884615384615
102.79411764705883
214.83076923076922
101.34146341463415
331.5813953488372
513.9684210526316
353.64772727272725
101.65432098765432
364.1547619047619
245.79761904761904
101.19444444444444
102.8
102.95
103.42857142857143
101.11538461538461
101.53658536585365
103.44155844155844
100.6875
101.87931034482759
102.67441860465117
103.14814814814815
101.2394366197183
101.45833333333333
103.3030303030303
103.45
102.97402597402598
101.21794871794872
100.94871794871794
102.0
103.43589743589743
2652.2448979591836
102.80392156862744
101.62903225806451
100.94871794871794
101.78666666666666
103.21666666666667
103.16666666666667
5202.408163265306
1665.2
102.7872340425532
103.21818181818182
103.19298245614036
226.0375
102.1604938271605
100.9113924050633
100.98701298701299
101.525
101.66666666666667
3177.6666666666665
4505.640449438202
3075.8928571428573
8719.862068965518
7084.4838709677415
13255.017543859649
7453.0
1664.15
13028.528735632184
15545.303370786516
14397.536082474227
18671.445945945947
8248.402597402597
23207.246153846154
23825.46835443038
20694.54430379747
20927.1875
34361.56451612903
20712.536082474227
17566.322580645163
22820.272727272728
22413.821428571428
19702.515463917527
27743.02564102564
21146.389473684212
22227.104166666668
6735.141304347826
11201.02
7980.279569892473
6551.042105263158
5346.731182795699
5349.913043478261
21025.64
5376.652173913043
13814.060606060606
5346.5161290322585
6444.216494845361
5262.0842105263155
9020.092783505155
5235.378947368421
12447.66
26905.52
24576.721649484534
37964.51515151515
23900.29761904762
55627.84848484849
23325.35714285714
15847.104166666666
1049.1571428571428
10178.979591836734
8840.181818181818
19523.536082474227
18711.90425531915
31446.75
27687.77922077922
29501.739726027397
13063.38
13332.1
5155.917525773196
2580.5052631578947
2603.6145833333335
1273.4893617021276
10101.90909090909
1275.8191489361702
3950.8817204301076
1289.9684210526316
2604.68085106383
638.2
1302.2659574468084
672.4464285714286
1276.6808510638298
1315.3263157894737
1355.1875
1313.5578947368422
1302.3333333333333
1274.8695652173913
1303.0434782608695
1290.3225806451612
1303.404255319149
1288.8602150537633
1206.85
1375.18
6324.8
10363.270833333334
5180.79381443299
1347.6444444444444
1333.578947368421
1278.4516129032259
1306.5483870967741
1292.3936170212767
1332.0430107526881
2570.7291666666665
1288.2553191489362
1307.0736842105264
3845.3979591836733
1279.3516483516485
24694.76
1265.9255319148936
16117.87
13619.13
709.5
162.06024096385542
1221.6206896551723
636.51
232.64
343.74725274725273
216.1529411764706
5564.5
9821.18888888889
101.44285714285714
19619.947916666668
1682.367088607595
6052.0952380952385
7539.976190476191
7912.3
9474.075
7367.53488372093
103.45569620253164
8719.551724137931
4513.105882352941
7201.352272727273
20926.916666666668
3187.8765432098767
102.64634146341463
36617.723076923074
6947.602739726028
103.4390243902439
68817.77
25081.722222222223
53808.53
25900.57608695652
68818.28
67664.42857142857
13326.494117647058
103.45
103.45121951219512
103.4390243902439
40434.822916666664
103.45569620253164
103.44303797468355
103.1566265060241
14136.76404494382
8544.783783783783
10154.16091954023
101.62650602409639
1626.6829268292684
102.85365853658537
4788.5875
9288.926470588236
3042.9882352941177
102.06024096385542
4512.541176470589
103.38356164383562
5914.523255813953
5981.835294117647
1624.560975609756
12738.078651685393
8718.931034482759
11592.425287356322
16399.510869565216
14141.921348314607
16225.053763440861
19831.092105263157
9135.072289156626
8717.747126436781
13026.241379310344
17498.73417721519
9027.916666666666
10273.186046511628
8718.793103448275
7367.523255813953
6593.909090909091
4618.9277108433735
1644.4567901234568
11458.71590909091
103.43037974683544
103.44303797468355
103.44871794871794
103.43037974683544
4411.724137931034
103.44303797468355
103.08571428571429
102.5375
103.44303797468355
103.43589743589743
103.44303797468355
103.39189189189189
103.4375
103.4390243902439
102.92682926829268
103.4320987654321
103.43037974683544
103.34722222222223
103.42307692307692
102.47692307692307
103.4320987654321
103.14634146341463
102.925
102.0
101.2625
103.3896103896104
103.4320987654321
103.43037974683544
103.45
101.58024691358025
102.5679012345679
103.28395061728395
103.42168674698796
103.42168674698796
4674.219512195122
101.74074074074075
102.60759493670886
103.38157894736842
1645.9012345679012
103.43589743589743
100.82051282051282
103.0
103.41463414634147
103.42857142857143
100.82051282051282
1705.2564102564102
103.43037974683544
101.875
102.74025974025975
102.75641025641026
103.4375
102.79166666666667
103.34782608695652
103.425
103.31746031746032
103.4320987654321
103.26666666666667
103.28125
103.37142857142857
100.83132530120481
100.88607594936708
103.425
102.35
103.14814814814815
102.21875
103.3
103.43037974683544
103.3896103896104
103.39473684210526
103.18181818181819
12597.68888888889
25091.89
23841.99
26340.78
25091.42
28840.23
29256.366666666665
13254.982456140351
32874.934426229505
28840.23
103.34328358208955
8432.733333333334
27590.62
28107.46551724138
25953.275862068964
103.4054054054054
28840.23
18844.5
20472.347826086956
4267.966666666666
34323.95890410959
64586.8064516129
103.0
26332.23
10511.107142857143
39559.93421052631
101.60655737704919
22592.35
22453.34736842105
23839.85
24704.075757575756
67562.68
103.3972602739726
103.27692307692308
55625.86666666667
27575.39
68818.79
66309.12
32690.246376811596
31339.04
103.17142857142858
17140.848484848484
22151.867647058825
101.35820895522389
52963.820512820515
31339.08
12194.41935483871
40577.49295774648
31339.33
103.33333333333333
49422.80263157895
48273.55421686747
38418.94666666666
17952.17142857143
49067.14864864865
30089.83
49759.96153846154
42798.83544303798
32588.49
30089.66
62574.5
64634.10989010989
28839.27
41307.765957446805
61930.77319587629
62574.38636363636
28840.43
30089.04
30089.26
43832.45
40084.59
60075.54
26340.66
56326.75
47580.39
47580.74
40084.06
23840.42
27590.09
22592.07
20092.51
9090.85
445.68
101.49
100.47126436781609
100.98
100.46428571428571
233.92391304347825
101.22
100.41573033707866
100.47058823529412
101.08080808080808
100.44047619047619
101.06
100.47126436781609
101.05102040816327
100.875
100.84536082474227
101.27
100.26190476190476
100.05128205128206
100.67032967032966
100.7872340425532
100.17105263157895
100.0
101.09
100.2439024390244
100.38372093023256
99.89873417721519
100.15189873417721
100.01298701298701
100.5
100.35632183908046
100.86734693877551
100.75280898876404
100.27272727272727
100.41379310344827
100.79166666666667
100.0945945945946
100.83870967741936
99.98630136986301
101.02020202020202
100.91752577319588
99.95945945945945
100.6
100.8265306122449
100.92
101.04
101.2
100.29411764705883
100.49438202247191
100.84848484848484
100.32142857142857
100.80851063829788
96.91489361702128
99.45
99.94444444444444
100.79787234042553
100.86170212765957
101.01
100.0886075949367
97.36263736263736
99.28571428571429
100.7032967032967
100.79166666666667
100.99
100.34939759036145
100.86734693877551
100.97938144329896
100.81443298969072
100.06666666666666
99.90789473684211
100.09782608695652
101.11
100.84536082474227
100.9795918367347
97.77906976744185
97.76344086021506
101.05
101.5
100.92
100.89473684210526
100.87
100.82
100.68131868131869
98.61855670103093
100.97
99.63829787234043
100.0886075949367
101.03061224489795
100.07792207792208
101.11
100.91
100.9795918367347
101.09
101.15
101.09
101.31
100.51851851851852
101.33
101.32
101.51
101.04
101.16
100.96
100.85714285714286
101.03
100.59550561797752
100.82474226804123
100.98
101.15
100.62105263157895
101.23
101.52
101.47
101.04
101.15
101.27
101.38
100.53932584269663
100.8125
101.46
100.4
101.15
101.57
100.43373493975903
101.72
100.45
101.92
101.4
100.97
101.21
100.97
101.62
101.08
100.9
101.15
101.67
101.21
101.6
101.04040404040404
101.37
100.95959595959596
100.84693877551021
101.99
102.18
101.38
100.85393258426966
100.15384615384616
101.18
100.88421052631578
101.82
102.31
101.5
101.32
101.32
98.34615384615384
100.06666666666666
102.08
100.85263157894737
100.91919191919192
102.16
103.56410256410257
102.21
101.26
101.28
101.36
101.89
18842.97
9607.54347826087
102.14
102.33
102.03
101.57
101.25
102.03
101.3
101.77
101.14
97.96
102.43
101.55
101.72
100.90816326530613
102.06
102.1
101.48
103.58974358974359
102.27
102.62886597938144
102.5
101.59
103.6
101.07
100.84536082474227
100.76086956521739
101.23
100.04
102.08
102.46
102.70103092783505
102.55
102.21
102.37
101.08
100.91919191919192
98.65934065934066
99.32183908045977
101.0
102.2
514.41
101.01
99.52
98.21428571428571
155.79545454545453
102.19
102.07
101.85
100.41666666666667
100.62222222222222
100.44318181818181
102.36
102.15
103.57692307692308
102.37
101.24
104.0
100.05
98.21
96.97894736842105
101.88
101.23
102.43
388.40860215053766
100.46938775510205
153.41573033707866
100.16483516483517
514.48
262.7
186.28235294117647
469.3131313131313
465.71
538.69
514.36
587.45
309.6236559139785
490.35
419.07070707070704
100.04347826086956
100.55555555555556
489.74
612.22
103.5421686746988
101.83
660.54
247.83
101.65
237.32584269662922
538.74
101.69
515.15
368.58
179.18279569892474
587.45
587.5
465.65
636.31
611.93
587.37
563.07
611.93
612.02
636.21
611.88
660.69
611.98
130.5375
100.5632183908046
205.3763440860215
490.23
417.09
101.93
537.99
660.64
350.5257731958763
419.35353535353534
611.98
587.6
441.51
563.23
100.64367816091954
100.8936170212766
11768.536082474227
100.28395061728395
100.1951219512195
100.125
100.25
100.03947368421052
100.3170731707317
338.6195652173913
98.40229885057471
100.3780487804878
522.8061224489796
463.97
439.8
587.55
441.88
611.88
100.7032967032967
101.65
100.03947368421052
98.7764705882353
99.93333333333334
18842.95
100.1566265060241
100.01298701298701
100.01298701298701
99.95945945945945
101.07
100.59782608695652
640.22
307.3263157894737
689.77
249.59595959595958
100.35353535353535
592.16
101.31
386.75531914893617
101.68
614.94
100.9
27588.99
25090.55
28839.14
30088.62
21340.41
20091.06
98.15730337078652
99.71428571428571
100.0
10732.31914893617
19622.895833333332
99.92857142857143
99.91780821917808
99.78082191780823
98.0
100.61363636363636
494.07
17710.51
26331.03
12061.702127659575
103.53012048192771
28826.52
101.9247311827957
25189.6
32612.26
763.61
27588.42
33837.31
788.24
715.07
3238.45
34044.76
1787.81
14158.01
32572.89
36320.78
28999.47
42570.66
37570.34
35077.22
40071.24
43815.88
38823.19
28838.46
32586.72
37585.67
33837.26
32581.03
37581.41
36326.24
35079.29
36329.74
36321.01
38821.15
36335.86
28835.75
32585.34
36335.62
22591.91
23840.09
6883.7
28910.91
28837.15
36336.39
36336.24
7745.91
36336.37
22592.68
101.61
21342.38
27589.17
35071.81
33830.89
25081.65
27584.42
36326.17
9513.739583333334
27576.24
100.75268817204301
99.7605633802817
98.29411764705883
99.61971830985915
99.875
32571.91
40067.25
33820.28
32571.42
31323.59
31325.35
30077.55
30079.2
36319.46
37569.0
40067.48
27579.71
27580.45
37571.04
40068.89
46313.79
45064.72
51309.87
41316.19
53088.74747474748
32573.67
37568.46
27252.07608695652
36320.55
33821.76
32671.08
36318.14
36319.2
715.62
762.43
8181.74
9281.93
734.7
854.77
3232.72
19178.92
1891.04
6738.76
4364.25
36394.1
959.83
859.73
836.9
810.03
10527.87
3228.76
25232.49
37621.54
5729.33
38832.94
28986.27
24176.81
22905.2
6904.77
4481.79
10388.93
17862.32
12990.16
7963.91
32676.54
2007.53
35071.95
35071.91
35070.28
36319.99
37568.18
40067.09
859.2
14209.19
40066.35
45063.18
38817.33
30077.5
21502.6
1863.14
3211.06
1981.88
5706.66
11737.11
8230.04
8059.8
10606.91
9406.65
22853.66
24176.13
35220.87
41320.52
38846.88
37572.13
38817.79
100.88235294117646
28902.91
14698.83116883117
35072.11
28901.29
32624.54
40068.49
36320.74
99.69117647058823
36321.23
11454.35064935065
37570.25
35071.86
99.69117647058823
41317.26
40068.19
27652.45
35096.44
32575.28
38868.53
41315.91
35599.905263157896
42994.07070707071
38818.73
38817.1
36320.68
37567.69
40066.53
36322.15
35070.7
36320.98
36320.93
31326.62
37570.05
27750.51
26550.39
41316.77
36370.44
14281.06
2061.64
8207.43
99.87272727272727
35121.27
35071.91
31397.4
37571.83
32575.76
31326.97
14132.94
20089.0
13840.79
14256.31
809.97
22852.19
19203.61
15430.24
99.52631578947368
22402.22619047619
36320.29
33823.7
21506.98
29791.39175257732
28829.11
28974.44
40068.44
30174.25
37619.66
18377.865853658535
99.69117647058823
37569.85
34865.77319587629
33847.42
35070.59
36321.44
40067.6
38819.02
40068.09
31325.57
36321.7
40068.39
36319.64
41316.55
41316.2
40067.69
38819.32
35019.36559139785
28853.24
37569.44
41317.31
103.0
99.56716417910448
9408.28
28902.29
35072.79
40067.0
37568.55
37569.37
25080.57
25081.64
40067.62
22852.04
40068.19
36320.38
33824.25
37570.18
13105.26
15482.05
737.64
16337.86
22730.54
37060.02040816326
40067.99
36320.78
40067.34
37569.9
36320.55
38817.47
36322.24
101.46774193548387
861.04
99.22950819672131
25325.45
41317.42
32721.6
36324.21
35073.26
31326.86
12959.98
99.25
28609.597826086956
34263.32323232323
9357.94
861.53
2135.58
15089.24
41317.34
36320.99
20476.71
13057.33
22827.91
33921.36
24150.72
22852.03
40068.24
42566.38
41316.97
30224.89
40068.05
42566.33
40067.84
38843.86
27700.05
36370.09
41316.53
30223.24
24200.28
42566.52
33944.71
37568.43
30221.67
27797.56
781.42
10458.77
27797.61
808.61
8133.63
32660.09
756.61
731.48
781.69
636.77
661.52
732.38
37584.45
31336.28
25258.17
2035.73
781.96
22811.04
32585.73
35085.26
830.44
757.92
4504.84
21658.47
9356.62
805.7
781.35
6808.7
756.32
611.94
26340.89
8110.51
31363.33
5513.26
32914.49494949495
552.2680412371134
12737.58
99.64179104477611
11197.898734177215
99.64179104477611
781.26
4140.53
10578.85
18377.80487804878
99.53846153846153
33823.24
28827.26
6738.0526315789475
21552.56
17879.79
320.2564102564103
641.29
99.64179104477611
6759.62
4361.43
14281.21
9382.75
8183.53
22852.04
811.88
28924.9
37569.05
20377.34
16583.67
7790.38
21334.41
16338.24
8917.68
22583.45
17587.38
16337.89
25081.01
18836.45
17587.27
13864.86
17587.51
18836.4
18836.47
20085.37
12665.18
13840.37
12665.17
20085.48
21334.5
18860.99
16485.78
12763.29
18959.23
23832.43
20085.49
7865.64
20085.66
17587.56
12689.81
13889.61
33820.72
23832.59
12713.85
17587.58
23832.03
20085.59
22583.54
23832.47
17783.99
13963.31
22583.5
17636.37
25081.39
19007.79
18934.71
23832.59
15187.17
13963.46
23832.55
18839.19
22583.55
18836.67
22583.53
26330.36
27579.38
23832.53
26330.47
25155.11
27579.53
23832.44
27579.48
28828.43
27579.33
27579.38
32573.31
20182.95
30077.39
27579.32
27579.48
30077.27
26357.9
22583.48
23832.39
18836.6
27579.45
28828.34
27579.32
30077.38
22632.51
23881.65
26330.43
25081.35
28828.34
31326.31
25081.17
26330.38
30077.53
27579.48
27579.42
26330.39
26428.58
27579.42
22681.71
30077.34
26330.41
28828.34
37568.26
26331.16
27579.44
27579.41
27579.11
26329.97
25081.27
31348.85
31326.25
28828.36
25081.36
17905.34
33823.91
32575.32
30084.23
32575.26
26405.22
23962.96
26339.7
20085.41
17667.63
23832.03
27579.21
26330.21
22583.26
18836.38
18836.06
23833.66
22583.39
25085.0
12812.36
20085.37
28829.23
20085.22
23832.14
21358.75
13840.24
18837.78
20085.42
3089.39
4020.05
2966.9
11391.25
8966.93
18934.41
13840.24
15089.2
17587.29
16338.22
13864.97
12689.47
10093.28
23832.3
23832.13
20085.05
16338.28
18860.77
16338.27
23832.08
13844.88
10096.78
15094.82
20086.38
12592.79
20086.17
18836.23
21334.15
11366.3
11415.39
13840.07
17587.28
6346.46
11342.26
20084.84
15089.51
17587.33
13840.21
18835.79
8843.91
12591.32
15088.71
17587.27
16338.29
17587.11
27576.36
11342.03
12591.2
12591.21
13840.01
18835.61
22580.46
6346.22
1503.9213483146068
2876.2444444444445
6605.885416666667
9114.185567010309
5531.065217391304
15394.214285714286
16337.68
25080.3
99.92753623188406
9603.891304347826
8844.3
13840.25
5097.24
6348.48
11341.79
13844.89
13845.3
12590.99
8844.07
37571.41
10092.79
6346.36
15552.092783505155
100.83333333333333
6888.586956521739
5097.02
1443.8064516129032
17763.161616161615
11342.16
13842.59
23840.9
7598.1
11346.37
16343.95
13840.98
5097.12
4669.878048780488
4173.641304347826
17586.38
11342.12
12590.79
296.6
197.56
246.64
98.66
197.16
198.92
100.96
98.78
97.81
97.36
97.82
97.23
94.45918367346938
97.58
96.87
98.84
97.55
98.22
96.85
97.54
97.59
92.02409638554217
97.92
97.09
94.75
97.48
95.08
96.26
97.46
97.06
98.62
94.3061224489796
97.35
98.78
97.34
97.4
97.37
98.28
98.83
100.1
101.28282828282828
98.33
96.36
94.34
99.31
96.04
98.58
91.91025641025641
98.59
98.09
97.6
97.58
96.19
96.07
94.88
96.26
98.79
97.62
95.58
99.22
96.77
99.72
101.24
104.0
100.01
92.12790697674419
8839.47
16337.87
6341.27
6338.35
5091.4
13838.73
13838.42
92.22727272727273
92.46808510638297
92.81111111111112
92.05681818181819
91.9888888888889
92.77
92.78260869565217
36318.19
20079.15
3841.81
26330.39
17587.51
5091.21
92.79120879120879
12584.64
21985.154639175256
35070.34
13833.55
21328.37
35069.3
20086.08
15082.36
27574.04
28823.6
95.38
20079.0
11335.01
38816.88
28823.16
33819.86
33820.14
33820.37
40066.12
33820.37
31321.79
26324.85
17580.94
28824.29
10085.44
15082.37
5089.04
8836.69
92.43023255813954
22585.52
16331.36
92.71717171717172
92.43010752688173
23826.62
27574.12
92.31958762886597
98.48076923076923
98.40816326530613
7590.01
92.82417582417582
93.03529411764706
93.34117647058824
28823.29
10085.79
15082.47
92.52325581395348
2899.5955056179773
7587.27
5296.854166666667
16330.51
31332.8
1465.7472527472528
23826.3
36330.84
37581.13
37581.1
37580.79
40080.53
33832.09
36331.21
40080.32
20085.08
20085.92
19022.070707070707
13108.885416666666
12053.648936170213
92.59756097560975
25077.18
22576.73
2964.2758620689656
92.14102564102564
92.3048780487805
23825.46
26324.29
27574.12
22577.41
27573.98
27574.05
31321.5
28823.07
25075.36
18903.74
25075.67
26325.0
31321.68
28823.29
31321.38
20080.6
27573.92
23825.92
28823.03
31321.17
28823.33
26324.72
26324.81
28822.99
25075.65
30072.05
28823.29
25125.13
28823.03
26325.01
25075.67
28827.01
30072.58
26324.78
20078.9
13835.4
23826.4
30072.22
25075.34
33820.13
27574.46
32570.26
27574.2
31321.24
25075.48
21327.37
36318.08
36318.38
30072.03
22577.4
27573.99
31321.08
27573.53
30071.85
28822.79
27573.3
13523.860215053763
23825.82
20078.15
17580.1
8609.329545454546
92.2375
23825.53
25075.26
27573.49
27573.44
22576.8
26324.23
19018.434343434343
92.4625
92.39240506329114
92.275
92.44578313253012
27573.02
25074.74
25074.9
25075.13
30071.91
31320.96
30072.09
21327.71
30071.89
30071.98
30071.93
26324.28
30071.86
23827.0
27584.63
27584.32
25082.48
33819.49
32577.77
32570.27
28822.58
30075.48
31321.22
32570.47
37567.03
31321.12
32573.25
32570.41
10428.52
607.1
5456.13
15182.05
26334.59
20086.35
26335.35
15400.74
11556.01
31321.24
31321.37
27575.57
17776.43
26422.83
7760.69
13818.87912087912
26323.63
36317.69
23924.53
27574.07
12879.13
18831.75
28921.14
14151.87
25149.2
6705.27
9056.37
21327.04
8707.218390804597
22576.42
18145.77319587629
31320.85
22773.43
7905.09
3105.14
8028.39
4305.73
7909.686868686868
23973.25
8003.91
22576.22
32569.98
16453.88
23825.6
22578.16
22576.11
23830.17
20082.87
36321.95
33820.53
14126.61
28896.27
23874.7
25074.5
14029.38
1679.9545454545455
23825.34
30071.47
10028.647727272728
92.84615384615384
92.45569620253164
18977.31
30071.77
30146.58
12954.41
15280.77
33819.67
27573.45
18853.46
25074.78
27572.69
26323.87
28825.12
25074.66
9014.357142857143
92.34210526315789
21450.86
33819.03
37566.86
30146.17
35068.43
22824.39
3184.04
36317.68
28846.87
35068.77
30146.04
25124.27
25173.15
26587.939393939392
23034.632653061224
10381.1
26323.38
23035.0
27572.37
26323.63
30070.83
30072.01
28824.04
25075.17
21330.16
36318.14
30071.25
25148.23
17777.34
26323.63
30071.48
9181.58
18952.28
4408.24
22701.04
27647.83
37567.09
30096.82
24068.040404040403
15530.808988764045
10378.894117647058
23271.22680412371
20024.542553191488
25127.37
31320.71
35073.23
23874.75
3018.9285714285716
5533.23
19105.21
28906.08
21359.021276595744
26323.67
26323.99
27573.72
30072.16
25074.69
14104.6
18952.63
22650.98
11579.37
20126.72
1709.3956043956043
23829.41
27578.39
12880.15
27672.31
32570.77
27597.51
15329.1
660.51
26323.81
27572.99
27574.83
21450.76
22699.73
27573.17
1859.73
22674.95
30071.53
26329.24
27575.62
28823.92
28822.29
23997.46
23953.77
35068.43
28822.47
30070.98
30072.11
31320.21
23948.35
21449.71
1855.34
15301.54
26348.3
6782.55
28822.77
28821.73
30073.15
30072.22
27573.45
31321.64
31320.52
28822.29
28822.11
27573.88
32577.8
30075.52
35069.19
26326.89
28822.11
27603.38
30070.72
28821.93
30071.44
28871.67
31320.57
25123.68
30071.26
28824.15
30071.26
22724.5
27573.04
14079.41
25104.11
5533.04
9231.25
28822.29
27597.68
27573.17
9231.1
30073.94
28829.48
25196.81
11704.3
28831.11
30071.47
27621.58
27671.65
27622.37
22723.22
28822.87
12828.44
30080.92
28832.81
3135.03
15327.84
14102.41
30082.84
26330.11
27573.5
31320.96
21477.49
22674.58
15280.93
17781.15
19026.25
30072.14
30077.26
27671.97
28872.54
8131.98
30105.74
21450.66
28872.43
28822.65
23899.76
21475.0
31326.53
25149.27
4354.78
28822.96
28828.67
27573.86
19002.2
20226.0
27575.42
28822.47
26348.86
28822.65
11654.62
20176.82
27578.48
26334.4
26355.54
28824.83
25125.34
27575.39
13321.811764705883
28823.19
27582.5
25105.73
25125.39
26328.1
26348.32
28822.83
26324.71
27573.68
27573.5
27575.93
28822.11
25174.22
30072.48
12903.53
28825.32
25173.76
92.68
10429.27
21474.87
32571.93
26330.26
19027.01
27574.04
30072.34
27576.26
23924.81
20201.01
22675.24
92.2
615.1515151515151
3032.54
25148.61
10452.51
30071.8
23923.55
30071.78
31332.45
27582.9
28832.15
27572.78
27581.7
26330.95
27622.7
17777.62
27572.42
92.29729729729729
10503.261904761905
22674.9
28821.86
27572.24
28821.61
7956.67
7803.074074074074
21425.39
27572.42
28821.57
28821.93
27572.96
27572.78
28821.57
25848.711340206184
25150.47
27597.62
30073.27
28822.47
25174.37
28822.06
28848.04
31319.67
20681.516483516483
30070.36
16068.988372093023
10479.97
30071.62
31320.79
31320.04
30071.1
27621.44
27573.01
16334.05
12662.39
18832.54
9013.3
11388.73
11339.71
13837.43
11339.7
15086.24
10187.04
17585.31
18832.2
10212.47
16334.8
16335.17
8914.38
15086.2
12588.3
12588.68
8841.26
13837.05
18832.73
17633.2
21331.06
17584.1
16335.48
10188.3
20082.25
17584.82
20082.44
16335.61
17584.26
22580.04
20081.9
18833.7
11437.65
20082.27
21330.95
17584.17
12587.39
13837.65
16335.98
18833.79
17584.32
16335.12
11339.89
18833.64
13837.59
8842.5
13837.65
12637.66
11340.13
1690.57
246.27
11339.84
15086.22
11340.16
11413.55
17584.39
15086.58
15086.74
18833.55
16335.77
203.65555555555557
13834.06
10290.081632653062
13835.03
15083.71
15084.82
8067.18085106383
11337.37
10161.03
18830.21
7593.38
15086.77
13837.81
13837.04
17584.36
13837.48
15110.97
12613.06
2890.96
8842.21
10091.02
11340.18
11339.41
13837.34
16333.3
13836.85
13837.27
6440.64
15086.24
6343.74
12589.15
12588.79
16335.12
12588.88
10090.75
10091.21
12588.36
12588.59
13836.56
8841.34
11338.36
10090.74
7593.03
13837.81
98.67676767676768
7593.03
11339.48
8841.74
11340.05
319.43
7592.97
10164.17
16335.38
5095.32
10090.82
10091.35
7592.88
10091.18
7593.27
2596.91
11340.21
2597.74
100.19148936170212
1347.6
2597.02
2916.19
23828.38
12589.13
5168.18
10210.98
99.17
17658.06
32569.88
8842.24
99.37
10091.15
344.62
18833.05
11509.69
16341.47
18841.54
18833.53
271.11
3846.18
6344.27
7593.17
7593.02
20082.49
21333.13
6343.93
10090.95
98.91
15086.75
15088.69
6589.39
11340.08
13837.46
12588.91
11339.8
1347.05
98.26
11337.53
98.4
98.73
99.11
98.39
98.54
3844.1
1345.66
98.91
98.57
98.97
98.53
16338.34
98.76
97.86
1347.07
15086.28
17584.5
1346.7
98.36
25078.47
16409.72
2596.41
98.03
3845.22
97.5
97.73
99.1
98.37
121.92
3844.31
1347.41
10484.05
98.47
98.21
98.7
12588.48
97.86
97.97
7591.87
1347.09
16335.86
7665.7
17584.67
97.89
97.96
11339.14
98.14
98.33
97.94
97.86
98.14
8841.1
97.96
98.33
97.59
98.71
97.32
97.96
6342.0
97.36
97.56
98.15
97.96
98.14
98.14
97.76
7590.76
98.15
98.13
97.54
97.76
97.37
15085.39
97.76
97.79
98.14
98.18
97.15
6341.85
97.55
97.17
96.62
97.0
97.37
97.01
97.19
97.18
96.98
96.35
96.98
27575.04
32571.45
5092.64
2594.46
97.17
96.78
2594.65
12586.99
97.16
96.23
96.98
96.79
10089.17
5092.77
96.98
96.1
96.78
3843.82
10089.12
8839.78
96.59
97.18
97.37
97.19
97.55
96.99
33820.3
97.05
97.56
96.99
97.94
244.19
97.36
5092.28
97.76
96.41
97.56
97.95
96.97
96.2
97.56
97.96
96.97
96.21
97.39
11337.36
16334.38
96.56
97.3
97.37
96.96
36318.75
96.38
96.75
15085.35
96.76
12587.48
97.38
97.94
96.58
96.58
8839.19
97.2
97.58
97.95
97.96
97.77
98.33
97.95
97.56
97.96
97.18
97.98
97.95
98.16
98.34
97.75
98.1
97.55
97.41
97.18
98.35
97.98
97.79
97.58
97.98
97.92
99.78494623655914
98.94
97.96
98.14
96.93
22580.0
96.74
96.42
96.96
96.34
97.16
11338.71
96.86
96.21
96.69
97.75
97.52
17976.86
96.75
96.76
28825.45
97.09
11731.56
99.47457627118644
96.28
22579.56
12586.72
96.8
96.6
96.79
96.8
97.38
98.1
7590.36
97.17
97.18
96.24
96.82
97.59
1344.21
97.01
97.99
45061.75
96.99
97.17
25421.8
23829.18
96.21
42563.96
3843.46
1344.52
31518.94
32768.13
31494.3
95.98
41314.58
12586.55
96.04
21330.26
95.86
96.05
12979.6
96.08
2593.31
96.05
96.64
96.64
97.01
96.43
5091.26
96.24
1392.96
96.99
2667.22
35192.25
29045.36
3842.35
95.67
96.26
96.85
96.09
95.9
96.25
96.82
97.26
97.8
96.26
97.04
95.71
42563.98
16333.84
30073.26
95.71
41314.2
1343.99
36317.9
95.52
96.47
96.46
96.28
97.98
95.72
8837.71
97.6
99.29
97.81
95.99
95.81
95.86
97.13
96.84
96.8
10087.31
96.86
95.86
96.85
97.97
98.15
96.66
97.01
96.25
97.4
97.42
97.39
96.85
96.84
97.23
97.41
97.98
97.61
97.44
95.99
97.47
96.12
97.44
96.89
95.31632653061224
95.1875
94.8125
96.31
96.29
94.92929292929293
95.79
96.54
95.21
94.86
94.8061224489796
95.52
1046.83
94.76288659793815
96.71
95.95
96.52
95.95
98.02
97.47
97.24
94.95918367346938
96.35
95.22
96.32
96.73
4081.9148936170213
96.3
94.52808988764045
95.23469387755102
95.0204081632653
95.41
96.53
94.58163265306122
94.96907216494846
95.13
96.72
94.75257731958763
95.95
95.79
96.34
95.22
97.27
97.48
96.93
97.29
96.25
94.05434782608695
95.31
96.71
96.72
94.92
94.93
94.63265306122449
96.32
95.17
96.32
97.63
96.55
95.68
96.87
96.49
93.8936170212766
96.53
95.45
97.62
96.23
96.89
95.36
96.87
97.04
97.79
1344.99
95.53
96.58
96.73
96.05
95.07
96.49
95.74
96.5
97.6
96.07
95.67
2723.642105263158
97.24
95.60606060606061
96.83
13838.96
94.52747252747253
94.63541666666667
95.8
94.71428571428571
93.57142857142857
95.36
95.0
96.51
94.38541666666667
13801.280487804877
2359.7818181818184
20299.779411764706
51320.25
5092.73
94.83673469387755
96.12
94.71717171717172
95.39
1344.3
15083.08
95.39
95.72
96.99
95.08
2592.93
1344.11
96.66
5092.31
2593.65
96.06
5091.2
96.09
95.56
96.61
98.35
100.47
95.37
95.72
3842.61
1345.95
97.02
95.3030303030303
97.15
100.34
99.99
101.26262626262626
95.76
95.22
93.88372093023256
99.99
98.35
93.13253012048193
93.76470588235294
93.24691358024691
5092.14
8840.12
16333.37
6366.72
98.29
97.94
99.23
98.51
99.06
100.64
103.49462365591398
101.54166666666667
99.48
99.78
99.27
99.81
102.69148936170212
99.14
98.52
99.81
99.3
103.51136363636364
98.5
99.1
99.6
98.73
97.26
97.62
95.08
93.83908045977012
95.03092783505154
93.74418604651163
93.61176470588235
92.16901408450704
93.73809523809524
94.81443298969072
95.45360824742268
96.57
96.57
99.26
97.86
100.71428571428571
100.17171717171718
97.45
96.41
98.9090909090909
98.80412371134021
96.42
98.05
96.95
99.8080808080808
97.76
96.52525252525253
95.83
94.72043010752688
94.0340909090909
96.16161616161617
99.45454545454545
100.75
100.39795918367346
100.1919191919192
101.11
96.72727272727273
97.15
95.72
96.52083333333333
97.79797979797979
96.41237113402062
95.87
95.71
95.20833333333333
96.26
97.3298969072165
102.38
102.68041237113403
96.03092783505154
99.72916666666667
102.16494845360825
100.53061224489795
99.8061224489796
98.75
96.71875
94.92631578947369
95.20833333333333
95.92857142857143
96.04123711340206
97.41836734693878
97.6
99.1875
96.96907216494846
94.54945054945055
95.14
96.41
96.98
95.64948453608247
96.08
94.73195876288659
95.69
94.98979591836735
96.44
95.34
94.91752577319588
95.28282828282828
95.38541666666667
96.04123711340206
95.11340206185567
95.30526315789474
95.08247422680412
95.01020408163265
95.33
94.94736842105263
95.58333333333333
95.59375
95.02083333333333
96.03030303030303
96.26
96.96907216494846
95.60416666666667
95.33
96.11224489795919
95.67
94.25
93.76829268292683
94.03571428571429
93.67901234567901
96.05154639175258
94.93684210526315
95.71
94.9278350515464
95.73118279569893
96.20618556701031
95.07608695652173
95.45652173913044
96.0721649484536
97.42105263157895
97.42105263157895
98.34693877551021
95.83505154639175
95.59375
94.90721649484536
95.21875
95.37755102040816
95.30927835051547
96.96808510638297
96.06315789473685
95.89473684210526
96.68367346938776
96.78350515463917
96.37234042553192
96.45
95.77083333333333
96.02127659574468
96.54166666666667
96.58762886597938
96.69791666666667
96.4421052631579
96.36170212765957
96.41237113402062
97.3298969072165
96.70833333333333
97.37894736842105
97.82608695652173
97.47311827956989
96.96907216494846
97.55319148936171
97.5360824742268
21330.08
61217.255319148935
96.36363636363636
97.64646464646465
97.0909090909091
97.29032258064517
97.46875
97.08333333333333
96.20618556701031
97.29032258064517
97.70103092783505
97.14432989690722
97.90721649484536
96.97938144329896
96.58762886597938
96.28888888888889
6406.30303030303
61157.75555555556
53802.69
41411.72
17975.68
9968.95
1231.5913978494623
122.64285714285714
97.41836734693878
97.76530612244898
98.5
3845.13
98.51020408163265
98.34736842105264
97.64646464646465
97.38947368421053
97.28125
96.52083333333333
96.89583333333333
96.37234042553192
97.61052631578947
96.94680851063829
96.66304347826087
96.7872340425532
96.96703296703296
96.52083333333333
96.85714285714286
10261.18
94.96842105263158
94.3932584269663
8838.31
96.0
96.2127659574468
94.97802197802197
4000.4166666666665
96.85263157894737
6344.55
1398.8333333333333
38816.82
13835.77
36317.86
17588.69
95.81914893617021
15089.4
95.61702127659575
30081.21
38815.39
56306.0
61308.11
67552.72
61402.64
60572.242105263154
59768.21111111111
7667.161616161616
31321.58
58471.532608695656
65048.72
30077.52
58816.41
61239.34042553192
19099.48
27987.39
46446.75
12265.66
41669.26
36501.49
1142.37
899.87
487.52
367.16
23838.31
512.53
463.91
463.93
245.75
415.63
366.71
439.57
512.37
5437.15
14015.61
565.9
1765.41
442.39
491.81
11463.16
492.14
663.32
540.85
394.24
417.36
466.31
416.43
439.1
269.48
369.68
391.69
366.83
441.66
439.56
100.625
197.94
418.57
344.58
103.6231884057971
343.57
391.82
489.49
294.38
539.96
737.12
637.45
635.27
732.31
537.93
566.04
564.7
684.56
610.82
103.11538461538461
731.69
609.13
367.2
465.61
663.06
517.22
564.87
563.19
394.23
513.88
98.97701149425288
805.13
808.44
849.97
1045.31
318.74
221.66
103.6029411764706
342.97
197.68
7670.38
18841.16
15166.09
12595.44
28837.8
15094.36
23839.76
38831.22
27587.47
22590.14
25089.18
1402.1458333333333
22614.25
12594.58
26336.57
48826.96
45079.28
21556.727272727272
22591.31
11757.84
37703.7
732.27
26678.02
8130.4
25283.06
47577.84
1020.39
14497.35
18198.03
26435.23
45079.37
26580.87
30087.7
41332.34
45080.65
33835.96
46329.42
27588.45
46326.78
22591.31
37582.48
27587.57
37582.44
1046.41
1046.87
34076.96
11419.9
32657.68
52574.04
35084.12
48827.89
50077.06
43829.35
15363.32
2276.98
1078.15
1002.57
1079.8
859.27
958.35
1030.72
929.56
981.19
900.6938775510204
823.4842105263158
959.07
19357.26
25373.831578947367
959.04
884.13
646.4823529411765
1029.27
1031.64
1005.96
26754.93
38906.23
37753.48
3473.52
1028.71
1103.47
9678.49
3503.12
4797.12
35400.24
36648.51
1124.11
10950.13
9674.89
4454.67
17931.76
33833.84
23935.85
11539.96
3423.29
10774.58
36552.21
31529.92
11665.28
493.22
883.01
35303.55
27905.59
3039.13
468.8
492.04
662.1
538.97
493.82
686.81
2153.8
929.36
686.0
16488.41
18841.15
538.97
489.93
26459.06
22589.57
27587.9
5440.11
3040.7
16442.14
12765.24
15608.45
30087.33
33836.51
20190.17
26338.66
28861.83
4461.93
10732.94
31552.8
30160.92
20335.43
759.75
17813.97
782.38
736.26
784.06
28826.72
641.45
6785.04
23829.69
23830.4
25080.54
17813.55
7939.61
4140.2
15233.88
22589.08
26338.63
17690.37
21438.14
14086.73
19036.83
6712.15
27587.5
32586.61
25089.54
23912.51
707.09
21436.93
36332.93
25259.69
27586.67
21484.55
707.74
609.74
19011.88
14208.74
30086.82
27588.61
28837.64
19084.78
19084.18
755.12
11632.05
32620.48
30075.05
37567.49
33820.85
658.11
11776.39
10552.34
780.26
780.67
809.12
806.88
735.87
858.47
808.06
5683.5
31384.18
38816.65
35074.26
754.52
20405.41
8181.82
804.34
755.3
658.34
682.66
21341.56
20092.9
25331.57
28958.25
17834.22
98.70967741935483
27587.78
490.62
686.67
419.52
443.6
541.21
833.54
759.84
492.27
422.4646464646465
100.09638554216868
212.0681818181818
638.65
288.0652173913044
99.9625
100.29268292682927
99.35064935064935
588.21
857.65
22930.93
930.65
515.12
19229.79
21414.03
34004.62
36381.03
38830.93
12816.03
32584.32
2179.09
882.24
711.85
710.52
950.45
808.6
688.39
736.86
761.23
858.37
567.47
614.89
948.58
827.23
3350.06
45078.19
19086.43
518.67
405.44329896907215
494.32
469.57
16345.51
31336.48
31336.2
9379.74
17837.31
566.82
5488.3
493.63
418.1
538.23
514.5
851.79
971.97
18068.3
706.94
11757.44
43828.2
19036.43
615.07
540.67
419.63
1740.61
730.07
729.81
22761.18
27588.18
27587.56
32584.41
27589.91
586.9
681.17
15239.85
38828.05
26338.28
9186.03
26337.98
3132.51
31335.31
8298.31
17902.13
23976.91
22754.25
26328.82
28825.78
22728.32
5587.03
43814.65
36320.22
41311.78
43809.91
26328.5
11583.71
8246.71
953.36
22902.8
37584.43
36334.88
38833.69
37584.64
37582.19
30233.54
43827.45
663.0
638.08
858.3
5828.36
735.28
37653.43
35083.76
687.67
6810.14
41314.42
35068.71
35073.34
20446.97
542.55
5464.95
21454.06
27576.43
30073.25
21550.27
876.97
876.35
859.98
854.74
13084.12
835.68
808.82
33884.09
809.41
859.96
804.29
876.41
803.56
38829.68
38829.58
36334.32
10679.98
856.97
37582.55
38833.54
27735.07
4434.72
26572.82
852.87
25346.94
4285.02
5729.89
6997.16
19029.37
16752.54
6932.84
4508.3
20375.68
805.1
6952.63
833.88
808.58
24097.36
37569.01
37569.01
8173.9
851.42
6977.12
38833.04
31431.95
40080.46
38833.69
37584.21
834.84
828.08
36368.37
35143.13
40086.83
17971.33
827.88
17976.44
36319.63
19157.6
831.2
786.41
3260.23
2035.18
8149.32
30200.84
13081.38
25250.45
810.74
785.37
6983.25
760.32
780.09
10534.53
780.15
755.71
8077.73
9328.37
30147.02
9304.19
12978.41
22797.41
32572.5
31348.09
22775.38
32596.53
32571.97
9279.3
35068.11
33820.49
32568.87
32572.63
17879.25
14204.6
761.21
21600.0
16654.33
15430.17
6785.84
22752.22
12979.78
31323.03
12951.08
753.47
779.14
8076.84
31346.51
25248.18
30072.07
30073.93
28873.83
27649.29
25272.75
23902.24
31323.56
26327.74
31320.59
31321.08
32572.13
22580.86
30096.99
30073.96
32571.97
19195.36470588235
28897.55
27576.36
31321.75
30073.72
27575.41
20083.09
21331.97
23830.01
1737.71
21330.9
21331.92
21332.08
17584.99
18833.96
16336.34
20082.7
21331.83
18834.02
23829.37
22653.03
17633.72
28824.67
28824.82
23829.5
27575.83
25078.32
25078.33
26327.53
28825.0
27576.03
28824.54
21331.78
23829.27
21331.49
22581.01
30107.83
21331.36
21331.77
17585.41
16336.11
17584.76
16336.01
17584.93
16336.25
17609.36
11534.63
6590.01
15183.79
12686.89
15087.19
17584.91
13838.31
16336.95
17584.82
20091.62
20084.34
17585.21
15190.12
20086.04
18833.42
20083.03
13984.03
513.35
513.3
17585.14
16336.6
20083.22
5411.41
17584.86
6661.4
20091.44
20091.1
15092.93
16335.59
16337.96
21339.27
440.53
4091.99
489.38
466.05
490.94
21341.19
21341.22
18842.35
20091.78
20091.04
23839.89
26337.3
562.06
585.06
7788.03
514.76
4162.23
18836.19
20081.23
22589.77
23839.34
583.8
15135.89
15135.88
20090.7
18840.68
7863.76
18839.14
17584.42
21337.9
20090.89
21340.45
20088.9
511.92
13911.2
17585.59
16336.15
17585.09
11462.42
18834.4
440.75
20083.07
8988.46
489.96
20089.9
20091.75
23839.72
12689.01
537.61
22590.56
5389.55
489.76
21341.09
11516.95
20091.38
16343.23
18841.83
468.03
489.14
20092.32
15190.65
6635.57
440.76
443.67
9013.03
18838.54
21340.75
21340.86
21340.85
18833.96
18833.83
492.54
6614.79
21341.16
16366.75
21340.84
21341.55
18841.02
18837.29
5414.4
4237.76
25088.98
541.46
492.67
541.12
18834.51
1690.12
11491.35
561.59
537.39
512.86
586.81
468.55
513.97
5414.11
23839.9
566.22
517.41
21341.08
23839.99
9116.11
26338.66
26339.01
22590.49
17665.86
634.01
17609.74
22580.96
541.89
23840.06
23864.54
17691.39
566.34
513.8
13935.84
492.49
492.29
22614.88
22588.8
21338.29
23840.13
517.38
2939.61
21332.37
1790.05
538.29
586.34
103.26666666666667
23839.54
23832.16
590.81
23912.27
538.45
566.16
7964.81
26338.29
7891.42
586.48
538.33
566.23
586.43
562.6
7936.6
562.2
610.09
590.99
562.69
5486.85
640.05
26337.81
586.21
20190.01
590.41
663.89
663.37
638.66
591.38
614.2
638.88
25089.9
14090.07
27635.64
591.51
590.6
32583.91
5538.35
562.23
22615.22
637.18
609.58
25090.51
563.16
611.2
639.3
541.14
565.34
539.86
615.14
688.17
1811.79
614.52
587.52
635.12
565.86
538.14
537.71
12809.98
562.27
516.42
12736.39
464.57
541.88
97.44
96.51
97.35
97.15
467.37
441.19
419.07
467.99
465.24
103.32835820895522
103.31818181818181
463.68
26338.78
17689.56
7936.63
91.0625
464.47
565.86
145.35
96.55
467.56
565.32
516.22
5464.61
613.62
492.12
542.1
638.89
613.87
541.23
10438.52
94.32
94.66
95.22
94.73
95.19
94.09
95.8
95.4
95.42
94.76
94.98
95.15
93.79
94.83
95.08
94.52
95.02
96.17
95.19
95.04
95.01
95.07
95.54
96.04
94.83
95.1
95.84
96.68
96.88
95.87
95.24
95.56
96.56
96.52
95.54
96.3
95.28
96.1
96.34
96.4
96.1
96.49
96.31
95.93
96.7
95.01
95.99
96.41
96.49
96.51
96.6
95.33
96.35
95.2
95.65
95.59
95.38
96.66
95.81
95.7
96.36
95.81
96.64
96.74
96.38
95.62
96.55
96.61
96.1
96.57
96.95
96.54
96.23
96.62
96.52
96.57
96.75
96.49
96.51
96.62
95.95
96.7
96.77
96.22
96.44
96.33
96.62
97.18
96.72
96.25
96.36
96.43
96.55
96.75
96.49
96.77
96.97
96.73
96.78
97.27
96.5
96.74
96.9
96.91
96.95
96.29
96.95
96.31
96.94
96.65
97.01
96.96
96.77
95.82
96.76
97.01
96.55
96.58
96.56
95.95
96.98
96.61
97.04
96.19
97.04
96.35
96.45
96.54
96.93
96.92
96.78
97.24
96.78
97.16
96.88
96.89
97.25
96.97
96.8
96.78
96.36
97.25
96.98
96.41
97.2
97.23
96.68
96.85
96.73
97.25
97.07
96.31
97.19
97.09
97.12
96.97
96.52
96.82
96.99
96.89
97.16
96.57
96.66
96.89
96.66
96.25
96.56
96.77
96.72
96.64
97.09
96.15
94.68085106382979
94.85
90.78125
93.66279069767442
96.03
97.83
96.66
98.96
97.94
97.38
99.9278350515464
98.45
99.09
99.95918367346938
97.33
97.58
96.6
97.39
97.71
97.24
96.08
96.74
96.69
97.41
97.02
98.02
97.58
97.02
97.66
96.64
97.26
96.68
96.83
97.59
97.46
97.19
96.73
97.58
96.2
97.15
96.8
96.37
95.24
95.25
97.03
95.68
94.72164948453609
89.1774193548387
91.56338028169014
91.22727272727273
87.75925925925925
94.96969696969697
96.63
96.66
97.08
96.12
96.61
95.8
96.26
96.14
96.3
95.82
96.19
96.72
95.86
95.76
96.07
95.72
96.05
95.66
96.01
95.93
96.12
96.01
95.41
94.83838383838383
95.7
95.13265306122449
96.72
96.22
96.66
96.78
95.52
95.58
96.43
96.28
96.32
96.85
96.67
95.66
96.69
96.76
96.91
96.87
96.79
97.48
98.09
98.13
96.72
97.28
97.15
97.33
97.22
97.28
97.78
97.78
96.41
96.99
96.74
96.94
99.98924731182795
97.32
96.22
96.04
95.05
96.91
96.74
98.77777777777777
97.12
97.05
97.38
97.77
98.06
98.24742268041237
103.49253731343283
101.26506024096386
96.61
95.02
94.58333333333333
94.29
93.56043956043956
94.66666666666667
91.8157894736842
91.0
92.22666666666667
154.65822784810126
24249.59
17933.69
45064.22
93.61797752808988
91.68831168831169
93.38823529411765
92.72289156626506
92.6987951807229
999.82
1101.3
959.67
13834.49
93.81052631578947
92.8641975308642
878.26
1126.42
1053.89
13322.82
3482.9
95.03
35071.38
94.4
958.91
983.66
1103.41
52565.89
38817.92
1101.53
41484.0
1153.8181818181818
85.0
4924.21
9752.03
50081.05
47581.92
51330.5
51330.42
41316.55
94.44
19444.45
2307.23
34106.38
95.04
1000.36
1057.42
959.74
35086.32
610.06
1000.44
52578.6
1073.86
55076.82
56304.98
36590.77
1074.03
1033.2
5981.3
1130.69
31738.57
34164.18
41515.67
46312.88
48830.65
95.32
30325.96
46313.22
46332.28
45082.16
31593.38
8354.76
1057.2
16334.95
1345.2
50080.15
32906.18
984.87
935.59
4610.66
25605.61
53828.98
46331.71
95.45
38834.67
52579.04
25605.99
29145.82
15581.79
95.71
95.35
934.53
14556.2
34092.53
193.48
41334.06
96.73
98.38
15093.24
8844.13
97.01
936.07
3432.5
46386.21
1025.99
1002.19
1051.42
18207.76
119.81
95.12
935.8
970.1041666666666
1058.28
45082.83
46332.55
46313.83
46332.04
45082.85
33837.12
45083.49
48831.43
43833.84
47582.24
4560.32
10095.4
45082.36
99.09
100.74725274725274
98.24
41333.9
22590.4
98.45
43833.6
95.94
7077.35
787.9
18109.93
40085.6
40085.66
2596.59
40080.26
98.18
6962.5
98.99
95.93
95.99
3844.86
100.88659793814433
100.78787878787878
100.76344086021506
905.57
466.32
37585.59
6677.094736842106
984.61
1028.86
100.80645161290323
40084.48
511.78
904.44
96.6
27588.77
95.83
30356.05
10730.19
854.11
5267.03
42582.87
46332.98
16856.08
27833.09
14310.79
20551.42
38830.89
8843.89
38835.53
100.07
100.84848484848484
8847.35
100.81052631578947
100.76595744680851
100.84536082474227
100.84
100.91836734693878
99.38
100.23
100.86170212765957
100.84375
100.77083333333333
100.81052631578947
100.71428571428571
2595.86
95.95
96.04
95.74
100.8989898989899
1363.010101010101
95.73
99.87628865979381
96.0
94.9381443298969
93.92631578947369
98.04
97.73
95.11
95.89
95.44
95.03
94.79381443298969
25519.32
1202.41
1174.62
94.45918367346938
22587.02
1201.45
4901.19
1235.1340206185566
39224.49
1193.44
1170.07
1203.98
1221.6666666666667
17174.86
60056.47
51564.53
1247.2448979591836
49093.23
58664.6875
1367.2
60060.52
57550.05
31787.59
60572.05263157895
61215.914893617024
59258.29473684211
59136.45054945055
58665.625
59213.07526881721
1270.6063829787233
1241.15
1203.040404040404
1120.74
1225.5876288659795
1169.2
829.46
99.47826086956522
100.95
100.96
101.0
1024.83
1213.9591836734694
1224.9278350515465
1179.8080808080808
860.23
194.08
55075.27
98.38383838383838
100.95876288659794
98.8265306122449
1209.9484536082475
56348.01
1054.04
52576.24
33834.05
100.96969696969697
100.95876288659794
100.94791666666667
100.9375
100.89690721649484
100.52577319587628
53826.63
57253.82978723404
55075.62
41355.26
99.20833333333333
100.89690721649484
100.91666666666667
100.03157894736842
46329.73
99.63
98.87628865979381
17591.41
58154.878787878784
26999.15
100.82
100.87
100.45
101.01
101.03030303030303
100.88775510204081
101.04
101.01
101.05
27588.73
100.93
10097.02
13281.16
39176.66
1048.06
222.44
100.8
11345.84
30234.96
20092.98
11346.41
12596.1
1227.87
983.77
591.75
30088.12
100.90526315789474
16834.22
8871.42
738.68
1214.3737373737374
1176.2857142857142
1152.88
1024.84
100.6
418.72
245.23
99.88
101.1010101010101
100.38
3848.12
100.39
100.64
101.02
149.57
562.22
101.1
101.14
538.32
56776.721649484534
27588.85
13844.27
977.69
100.84210526315789
1194.46
173.82
1149.9
926.43
23937.09
101.0
22590.06
7596.69
100.71
100.96
99.89
36335.06
100.84
101.16
101.12
30087.55
100.72164948453609
101.16
1762.63
20796.54
17592.05
101.22
101.23
30135.82
1180.79797979798
1175.18
9186.73
1081.34
538.04
878.19
17051.23
42630.62
48829.43
42581.8
4726.5
59284.44210526316
25088.79
53826.96
45080.66
100.18367346938776
57473.397959183676
712.73
3788.1237113402062
1186.5876288659795
59913.67021276596
15951.52
342.1
100.98
99.41
465.98
101.12
101.36
101.25
101.29
101.18
26338.52
100.66326530612245
101.23
100.88
99.10526315789474
101.33
6565.51
950.55
1049.89
1151.78
1097.69
415.14
804.45
1237.031914893617
6045.78
23839.16
99.54
100.33
491.41
101.43
99.68
1166.1836734693877
1145.36
1104.44
41707.09
58560.244680851065
61217.40425531915
883.64
1262.1855670103093
56917.71717171717
7253.59
3962.979381443299
564.54
1054.18
998.54
226.1578947368421
1273.505376344086
1248.0645161290322
1315.82
1346.65
98.6875
245.83
103.4186046511628
1150.1632653061224
100.3
1128.89
41331.62
45251.67
100.32
100.84
103.03448275862068
103.14942528735632
102.88
99.94
100.09
98.88888888888889
53826.14
98.4795918367347
58154.9898989899
58668.1875
98.43877551020408
99.23
99.23
613.15
907.18
97.89873417721519
33096.666666666664
187.59259259259258
97.72916666666667
98.81818181818181
8858.878787878788
30135.15
58667.260416666664
60609.709677419356
1393.0229885057472
1390.3186813186812
1407.9302325581396
11343.67
60608.709677419356
1301.215053763441
1340.5212765957447
1366.12
1320.87
195.49
16342.59
51643.48
101.72164948453609
2786.032258064516
1387.0618556701031
67032.05952380953
61152.85227272727
46401.68
1340.5777777777778
54143.95
58690.05319148936
55054.71
63232.758241758245
37567.03
99.42
99.37
171.41
99.52
102.51578947368421
98.52
121.71
98.12
96.57
98.54
103.50561797752809
343.29
97.08
103.73913043478261
99.78651685393258
99.04
2646.62
220.89
1080.29
1104.28
122.68
98.67
11685.62
24397.9
853.18
7246.0
1193.91
973.89
1193.21
1104.41
732.14
901.85
1217.46
1204.4040404040404
1276.1263157894737
925.7934782608696
975.8061224489796
364.35135135135135
403.27777777777777
1145.42
765.547619047619
861.6161616161617
1047.19
1192.43
1120.14
730.14
10872.79
3548.7
5905.83
39050.81
34174.98
35570.18
14499.59
1022.47
1301.5757575757575
1144.14
1103.0
1097.1
1144.42
1072.94
2370.16
44048.85
7321.52
1223.07
1193.26
1194.1
1126.33
1052.55
1022.88
1049.51
1100.08
1075.0
1000.85
1046.43
1268.09
1095.33
997.62
1144.24
1046.81
1100.89
1079.35
1054.31
1103.83
1201.52
1195.15
1119.04
1168.86
1168.19
1119.4
1046.46
1022.02
1094.71
1021.64
1021.82
997.46
972.95
1046.48
1097.55
1096.81
1022.08
997.34
1070.84
1143.96
1129.4848484848485
1094.99
1143.55
1178.949494949495
1070.38
1143.45
1143.55
1143.37
1094.53
972.67
850.66
924.34
850.96
777.86
850.96
827.85
948.9
851.17
924.11
827.12
851.45
802.61
899.5
851.17
924.24
826.84
875.58
900.17
900.55
973.31
973.26
924.34
948.95
462.0
535.61
850.74
102.05263157894737
899.86
826.61
754.13
899.96
729.7
778.13
100.5
97.49
802.15
875.27
1070.02
997.85
998.03
1094.81
1094.71
1045.2
1118.86
1143.14
1118.68
996.85
1094.48
1045.74
1118.86
1069.66
1069.61
972.44
924.01
899.54
1021.59
997.03
1021.0
972.52
996.9
875.12
899.58
874.94
972.39
972.57
728.84
875.4
996.7
923.68
1021.18
948.55
1020.95
948.37
924.27
899.22
826.64
826.69
850.89
777.59
777.49
850.8
704.53
875.25
777.8
802.36
826.69
777.26
729.19
102.33783783783784
102.13333333333334
267.11
875.15
947.68
899.28
874.61
923.09
948.22
923.66
972.78
728.55
168.62
801.85
193.13
850.51
802.11
606.77
923.66
752.99
1021.16
801.93
996.81
1020.8
1020.67
800.7
776.9
752.57
752.78
728.06
850.33
703.76
752.22
363.48
102.14634146341463
102.4235294117647
266.01
801.36
825.78
947.68
947.27
971.91
970.74
899.41
508.98
996.68
947.53
923.41
777.55
850.39
874.26
923.15
898.92
972.09
873.63
825.26
703.7
97.77
873.61
898.38
849.36
727.07
532.23
382.1333333333333
216.01
703.12
751.86
178.68235294117648
86.7
923.15
800.86
898.51
972.04
1021.06
849.54
850.01
751.63
411.74
265.68
484.36
874.13
923.15
752.47
923.33
752.61
849.8
88.9298245614035
1117.15
1044.53
1021.32
1045.44
1094.25
1021.19
1045.7
1070.08
1045.98
899.84
1094.82
1094.87
1211.8469387755101
680.31
1143.74
1045.57
1045.7
1069.95
1020.93
1141.53
1045.96
1070.21
996.81
1021.32
655.42
654.85
850.25
1068.02
972.17
924.04
1198.1340206185566
996.9358974358975
680.06
826.56
972.95
90.171875
85.0
1247.3684210526317
802.05
947.3
777.68
1337.6
1245.032258064516
1210.5416666666667
1350.032258064516
1297.731182795699
1143.87
1046.45
704.69
1119.23
1094.59
924.43
1119.38
1070.39
997.51
1070.31
753.46
777.97
948.66
754.09
704.81
900.09
1094.98
973.37
997.88
778.22
899.89
1070.21
972.66
1119.15
1046.46
1168.51
1143.74
1168.38
900.13
753.97
851.31
729.45
680.04
875.51
1095.35
1168.5
1046.32
1143.34
1176.3505154639174
1236.9787234042553
1192.5
1225.6494845360826
1070.3
924.59
851.35
971.46
1168.17
1143.74
1143.61
1143.74
1168.25
1143.74
1184.9791666666667
1297.3736263736264
1284.9787234042553
1260.625
1311.3478260869565
1310.5
874.58
1213.5714285714287
997.24
997.3
1190.53
899.58
631.54
1047.8144329896907
753.58
1213.5102040816328
1094.72
534.33
1141.32
1119.23
1141.38
631.47
90.86567164179104
164.11940298507463
636.5
91.33333333333333
776.31
802.14
875.83
1323.967032967033
1337.141304347826
1324.2696629213483
1324.2696629213483
1324.2696629213483
1258.0434782608695
1310.5
924.8481012658228
1337.141304347826
817.8571428571429
1337.554347826087
1195.6
1247.4
1310.5
1296.7303370786517
6736.175824175824
1338.3522727272727
1324.2696629213483
1310.5
1310.5
1296.4137931034484
1351.808988764045
1324.2696629213483
1296.4137931034484
1351.808988764045
1310.5
1282.6477272727273
1366.2045454545455
1338.3522727272727
1324.5862068965516
1244.0
1297.1573033707866
1337.7333333333333
1324.2696629213483
1310.5
1324.2696629213483
1350.901098901099
1350.901098901099
1337.7333333333333
1310.5
1297.032967032967
1338.3522727272727
1270.2808988764045
1283.2666666666667
1337.7333333333333
1376.3870967741937
1272.2
1323.967032967033
1324.2696629213483
1282.0
1310.5
1297.032967032967
1323.967032967033
1094.53
1111.7702702702702
1284.4255319148936
1283.858695652174
1070.36
1078.6486486486488
1323.967032967033
1118.84
1119.1
996.61
826.11
923.2
950.01
852.27
1053.06
1078.45
1152.08
1029.22
1226.34
1201.87
1103.58
1079.05
1030.09
1233.5894736842106
1321.6555555555556
1188.1515151515152
1248.15625
1364.105882352941
1335.1494252873563
1174.3673469387754
1246.8333333333333
1286.8453608247423
1363.103448275862
1459.56
1388.34375
1337.5760869565217
1323.967032967033
1310.5
82209.97142857143
1119.1
1119.97
1120.97
1435.45
1391.66
1122.63
1175.05
1127.63
1152.46
92.6923076923077
92.66304347826087
92.65591397849462
92.73118279569893
833.05
268.88775510204084
855.63
92.95604395604396
93.43617021276596
93.37777777777778
93.08421052631579
93.3763440860215
93.37777777777778
93.48936170212765
93.48936170212765
93.53260869565217
93.48421052631579
93.72043010752688
93.56701030927834
93.43298969072166
93.18279569892474
93.88
93.78125
93.81052631578947
93.51612903225806
93.67391304347827
93.3763440860215
93.64516129032258
93.72043010752688
93.56382978723404
93.94736842105263
93.69072164948453
93.58064516129032
93.28571428571429
93.58064516129032
93.67391304347827
387.62
192.2
436.91
512.33
439.5
241.24
461.96
562.34
510.79
240.97
582.99
582.93
586.26
535.91
464.08
462.69
438.51
413.86
485.75
534.37
560.54
511.45
561.08
535.31
513.44
5434.57
462.15
509.78
6586.39
461.37
6659.27
12835.21
21434.08
16460.08
11535.42
12809.48
26334.22
20159.89
14010.07
14083.41
558.41
4233.72
582.67
534.16
11559.61
14083.47
4282.61
12858.31
17709.62
20233.16
6683.54
20160.02
21384.99
23859.83
9109.48
15259.49
12809.41
21409.5
11608.57
25108.93
15210.72
15308.51
18934.47
20184.27
12833.67
607.18
20208.72
23908.34
10359.09
11608.7
656.34
18984.61
4285.81
4259.9
20184.4
1859.0
16558.73
19008.39
3110.08
14060.23
10409.72
20234.49
5460.15
19033.45
16533.36
1860.13
6686.12
10360.23
15259.62
21385.45
14035.99
18960.11
11610.5
22634.87
22610.09
15259.3
558.16
20208.72
7957.78
17735.01
14134.51
22634.28
18934.6
20184.15
18984.42
27583.83
17709.44
22634.28
16508.72
20184.08
17783.23
18983.77
20184.4
16509.18
12907.36
14083.17
27583.64
22683.3
14131.86
16509.38
23883.83
14058.77
5507.46
20233.17
4184.95
11559.42
582.61
17734.01
17734.2
15284.42
18959.23
9182.69
6757.07
11560.13
6635.35
12785.23
10358.96
1856.48
12785.23
2959.92
20159.75
6683.72
11584.7
656.14
510.03
16411.44
21360.72
18886.08
17758.51
20184.21
17782.9
18959.31
17661.19
11533.98
16385.23
9108.73
18933.4
7932.4
631.83
12857.05
656.34
9182.45
20255.59
25155.88
14082.86
22754.54
364.95
438.16
316.36
6514.66
389.29
413.7
12761.07
2839.28
340.8
4112.95
462.08
365.02
316.43
292.36
1711.78
486.56
608.45
5387.44
463.71
511.2
20159.51
584.56
15187.49
5387.12
4039.89
462.31
10384.72
7860.98
4186.58
559.83
1809.24
9062.38
15162.06
10213.67
462.4
9135.18
4235.16
559.6
608.44
632.83
657.05
632.82
1784.63
7885.53
14009.95
413.85
535.53
535.46
535.33
5338.17
2839.72
1565.44
4114.16
487.3
560.45
1760.43
632.9
16459.46
535.59
18909.22
6636.21
5482.58
559.52
559.86
7788.41
438.16
10262.0
2936.68
511.04
20081.18
7910.02
535.24
1784.57
486.69
340.59
487.09
18831.84
20083.96
7837.0
2863.6
21330.08
20081.86
7811.91
437.79
415.17
487.07
6661.03
633.78
536.55
511.46
510.83
486.24
9062.28
535.74
462.23
12732.86
486.28
486.8
6609.46
510.85
538.84
489.88
12759.14
7811.03
16334.11
462.58
463.01
437.34
341.09
390.24
487.49
1638.65
389.35
413.84
389.78
390.03
462.65
438.59
267.99
219.5
195.49
170.66
292.45
195.4
8840.67
365.67
316.97
292.28
292.36
365.41
292.59
1590.63
6514.9
1614.91
5241.71
292.78
341.32
4065.29
414.56
365.43
1517.67
2791.65
2718.25
1493.47
219.93
100.41025641025641
6343.03
267.94
6440.22
292.59
170.95
317.04
316.81
268.51
316.51
268.46
365.74
341.31
170.92
195.23
195.17
7591.88
11338.39
7591.81
292.7
1419.75
10089.64
8840.89
7615.98
6342.82
5093.97
1468.05
1444.09
3894.06
98.14
172.08
244.4
3992.14
2668.45
97.88
98.14
98.38
98.53
98.04
98.44
99.01
99.19
99.6
99.76
99.71
100.6
100.28
100.32
100.53
100.78
101.08
101.41
101.31
101.27
101.4795918367347
101.55
101.62
101.51
101.6
101.77
101.8
101.84
101.73
101.74
101.86734693877551
101.72727272727273
101.81818181818181
101.69
101.84848484848484
101.69
101.89
101.89
101.9278350515464
101.86734693877551
101.84536082474227
101.73958333333333
101.82474226804123
101.77551020408163
101.74226804123711
101.30927835051547
101.65
101.73737373737374
102.1
101.94897959183673
102.07368421052631
101.9247311827957
101.35051546391753
100.45
100.67
100.55
100.63
100.04
100.76
100.35
99.9090909090909
100.15
100.42
99.83
100.74489795918367
100.34
100.24
99.37
98.65
98.76
99.78
100.84
101.3061224489796
101.05154639175258
100.28
100.59
101.88775510204081
102.22680412371135
101.98989898989899
101.47474747474747
101.34693877551021
101.08333333333333
100.1938775510204
101.14736842105263
102.01063829787235
102.12371134020619
102.15625
102.10526315789474
102.05208333333333
100.62
100.8
100.2
98.32
98.4
98.49
99.12
101.94791666666667
102.03092783505154
99.32
1613.34
12709.89
388.47
98.19
98.56
100.21
101.1938775510204
340.04
291.63
315.83
99.8
242.94
291.75
98.99
170.45
340.11
291.34
267.63
5190.53
1491.94
291.7
218.71
242.7
194.55
98.91
145.93
243.32
102.21875
102.38383838383838
102.26315789473684
194.72
267.35
291.58
291.62
11340.2
12589.33
103.35714285714286
6343.46
6367.98
340.01
5336.71
3990.75
2862.62
2813.54
2910.6
8841.89
11340.52
6611.04
582.85
461.62
6585.99
20084.69
2886.91
17586.34
20083.01
22583.21
11338.12
316.07
4087.05
4014.52
8913.44
6488.84
2741.55
340.29
4063.9
7811.32
18908.98
12663.06
9012.89
20231.1
583.54
21551.4
33826.23
3225.82
8100.6
6779.36
3128.98
486.3
30152.19
31327.91
22753.4
23905.12
9034.8
340.98
102.12857142857143
10139.83
413.11
1856.49
703.78
5749.35
825.85
5677.21
15525.63
5798.71
30273.14
35100.33
16798.48
29047.58
38822.01
32672.68
36396.95
26597.65
899.22
873.65
873.2
1831.49
17630.77
4086.43
582.69
1905.07
20109.08
15281.64
35123.43
21648.9
3274.23
25178.54
679.98
777.07
727.42
30078.88
848.99
873.14
922.38
17950.4
20350.84
15499.35
630.11
776.13
703.25
461.11
95.62
678.69
94.88
13960.21
1759.27
606.67
9302.18
6756.1
15209.43
16435.04
14105.87
217.32
314.4
95.59
95.56
2935.66
703.01
31331.03
12662.76
18836.56
95.45
96.17
95.72
10089.86
31331.15
36325.93
94.31
37579.15
35080.72
31331.76
37579.17
35080.21
21335.28
13838.36
96.5
95.6
96.25
97.13
97.21
93.64
23834.53
95.84
94.41
94.63
17586.61
94.47
2593.83
31331.51
17384.74712643678
94.09
751.87
12589.66
94.69
16338.88
94.7
509.9
630.65
6781.03
14349.85
6950.39
9352.5
30080.76
20233.24
630.81
606.75
655.1
10090.73
93.88
95.65
95.42
95.1
95.2
95.25
1783.53
606.85
510.08
607.25
558.56
728.06
557.84
630.93
776.2
679.73
38822.28
751.76
727.54
8840.17
94.92
95.11
94.60606060606061
94.52
95.39
94.58
94.86
94.35714285714286
94.02
582.55
15088.11
23830.69
30076.76
21431.94
15088.46
94.10204081632654
314.25
216.82
631.61
583.1
607.2
558.66
4281.89
509.95
534.07
167.54
582.56
118.75757575757575
509.58
558.63
95.09
94.77
16409.49
20157.36
15281.95
582.48
582.71
582.89
534.42
95.54
96.04
94.42
95.14
94.7
94.61
94.85
94.2
94.35
94.09278350515464
94.37
94.47
94.49
96.15
95.56
95.12
95.26
95.65
95.03
94.65
94.36
119.09183673469387
6706.97
606.69
93.77777777777777
558.02
94.05
582.74
558.28
5506.51
94.33
94.18
191.75
4232.35
9205.1
1081.01
582.17
167.62626262626262
558.09
2812.32
93.92929292929293
606.63
94.08163265306122
93.94791666666667
93.85
558.16
533.7
582.37
6658.38
12831.62
6682.63
94.63
94.8
95.5
95.12
93.95918367346938
94.81
95.57
93.9375
558.07
606.2
93.72916666666667
10430.34
18980.5
557.79
5481.84
20132.95
26330.71
7931.72
5433.54
1660.86
2959.45
5335.71
557.76
3056.47
17706.97
93.90721649484536
93.65979381443299
6706.73
4232.43
93.72340425531915
94.56565656565657
94.36
94.43
94.05050505050505
4208.57
22631.32
22631.22
435.88
93.87
94.67
95.17
94.16
26330.29
9156.63
3032.01
12807.02
5335.22
1758.65
508.99
93.7
94.21649484536083
8839.56
7589.79
93.91919191919192
94.37755102040816
93.87628865979381
143.93814432989691
509.2
6439.0
20157.22
20181.5
15256.94
10430.3
11582.32
25081.08
18883.62
93.91836734693878
21333.68
93.78787878787878
7638.98
534.18
533.66
142.85858585858585
16433.76
94.17171717171718
94.38
435.92
94.55
93.95959595959596
93.8080808080808
94.44
94.19
94.76
215.76
93.85858585858585
94.73
362.79
23903.9
533.59
289.77
6657.89
3176.41
5674.97
93.17708333333333
94.81
93.05050505050505
95.4
94.3
94.14141414141415
5458.14
32575.89
93.70408163265306
93.28571428571429
94.71
94.08080808080808
142.59
93.70833333333333
93.85858585858585
93.68367346938776
94.08163265306122
94.04166666666667
94.81
94.41
94.38947368421053
3918.214285714286
94.27
94.24742268041237
94.06060606060606
94.46
94.4
4232.49
94.43
94.82
93.92857142857143
10112.49
94.01
95.05
94.68
94.08163265306122
93.96938775510205
27578.84
26329.65
11339.05
93.76767676767676
94.75
94.61
93.6938775510204
93.98
93.74489795918367
95.1
94.68
9058.71
16481.58
33848.53
94.8
94.48979591836735
93.76530612244898
4183.26
95.35
95.53
4231.63
6608.93
11581.39
26425.94
15474.08
22823.84
26523.18
8148.9
20301.23
7955.45
726.79
17827.49
509.16
6537.01
167.5
94.77
94.71
5139.98
27626.85
92.91752577319588
6681.94
25273.69
22823.58
5650.07
17948.2
22823.58
35097.51
35073.05
798.91
11654.24
33872.55
31446.7
35121.84
13023.64
22775.24
5432.73
581.1
11823.7
532.96
4279.9
33848.12
847.55
30149.18
26426.24
10598.31
16674.65
19100.57
27772.39
16530.09
33872.72
26450.18
26329.13
26522.63
13024.35
30076.9
9180.26
25177.64
13024.58
26330.11
21356.88
14079.21
17899.39
22847.57
6850.87
7833.77
7858.46
17972.97
26426.07
750.34
13000.33
38820.66
23951.84
14056.05
2910.08
17658.24
17947.55
17947.94
10525.64
2023.46
3248.42
30174.65
38822.37
14321.33
86.25490196078431
86.1875
25249.13
823.08
9252.31
629.38
4376.37
8075.75
4328.36
436.08
485.01
557.09
5432.31
1684.86
508.55
1563.66
3989.73
387.95
192.96
95.29
339.59
18834.11
7858.15
119.44
94.64646464646465
21356.99
4134.16
460.12
314.33
192.75
94.29
508.33
5456.53
532.67
9131.47
508.2
6584.21
11339.99
315.0
435.93
13885.98
436.13
387.45
386.99
17730.39
363.7
266.71
95.41
95.6
95.6
95.69
95.59
290.75
95.93
95.43
95.78
95.87
96.12
96.06
96.27
96.23
96.18
96.0
96.36
95.54
95.75
96.54
96.36
96.18
96.51
95.78
95.54
96.3
13836.56
96.43
96.3
96.25
96.04
96.12
96.26
96.33
95.62
96.24
95.67
96.3
96.29
96.0
96.05
96.5
96.36
95.8
96.04
95.68
96.18
96.02
95.68
95.51
95.47
95.17
95.11
95.49
95.95
94.93
95.43
95.32
95.75
95.63
95.25
95.43
95.7
95.62
95.55
95.82
95.21
95.74
95.7
95.33
95.87
95.85
95.89
96.16
95.5
95.72
96.02
95.86
95.71
95.89
96.14
96.44
96.1
96.21
96.39
96.39
95.94
95.61
95.91
96.05
96.02
95.95
95.28
95.29
95.61
95.86
95.43
95.54
95.54
95.91
96.13
96.08
95.85
95.97
95.86
96.05
95.72
95.92
95.97
95.85
95.97
95.4
95.81
96.09
96.28
95.66
95.81
95.71
95.84
96.03
95.45
95.72
96.12
95.93
95.82
95.92
95.47
95.98
96.18
96.06
95.85
95.9
95.76
95.71
96.09
96.05
95.75
95.88
95.97
95.91
95.62
95.99
95.87
96.09
96.08
96.19
95.8
96.13
95.45
95.88
96.0
96.41
95.87
95.88
96.09
96.58
95.4
96.43
96.07
96.06
96.34
96.14
97.52
96.09
97.13
97.14
96.59
590.55
98.81
99.1
101.94
101.97
102.1
102.08510638297872
102.66666666666667
101.99
95.71
96.1
101.93
95.49
95.82
119.74
98.24
95.78
95.25
97.39
95.82
97.99
95.4
101.42
96.26
95.85
95.54
95.23
96.01
95.47
95.89
95.23
95.38
95.3
95.25
94.76
119.61
984.82
762.27
95.37
95.22
95.65
95.87
95.64
94.83
94.66
100.2
101.25
101.25
95.72
94.98
95.49
95.61
101.18181818181819
101.05154639175258
101.05
97.72
98.76
101.13
95.83
95.17
94.92
94.87
95.65
101.15
101.02
101.0
100.85567010309278
101.05
101.28
101.24
100.98989898989899
101.19
101.03
101.04
100.93939393939394
98.23
96.42
97.33
94.16
100.12
101.05
95.51
96.11
94.52
95.71
94.23
97.44
97.46
100.84848484848484
100.92
100.98979591836735
101.07
100.89795918367346
101.07142857142857
100.96938775510205
101.12
101.19
101.12
101.16
101.0909090909091
101.13
101.17
101.54
101.42
101.71
101.66
101.65
101.32
98.91
101.52
101.43
98.23
98.24
101.49
101.19
99.82
98.77
99.46
97.41
98.7
98.28
96.35
95.9
95.28
95.65
96.63
98.26
98.11
101.27
101.3
100.89
101.08
101.11111111111111
101.13
97.63
95.19
95.45
96.54
96.96
96.91
95.72
95.75
97.06
95.71
95.69
95.97
95.86
96.65
96.05
97.48
98.27
98.33
97.67
97.31
98.0
99.65384615384616
96.55555555555556
95.45
95.0
95.6
95.3030303030303
96.34
97.71
96.41
96.01
95.4
95.67
95.63
95.62
95.46938775510205
95.14432989690722
95.06
95.41
95.72
94.91919191919192
95.61
95.06
95.81
96.19
96.22
96.34
95.62
95.1
95.35051546391753
95.62
97.15
96.16
96.77
104.0
94.76086956521739
94.74
94.44897959183673
93.5625
94.28865979381443
94.63
95.56
96.39
100.38095238095238
95.99
95.37
95.58
95.53
95.03
95.83
95.53
95.26262626262626
95.34
95.71
96.91
100.71578947368421
100.6
95.76
95.3
95.7
95.04
95.93
96.08
95.0
96.21
95.43
95.63
96.39
97.03
96.92
96.39
96.5
96.42
94.84848484848484
94.71111111111111
94.3932584269663
94.17204301075269
94.3932584269663
95.6875
94.74489795918367
95.5
95.33
96.50537634408602
95.28
97.2
95.60606060606061
94.76344086021506
99.6086956521739
100.0923076923077
96.68478260869566
95.6067415730337
95.03061224489795
94.6067415730337
94.6043956043956
94.7159090909091
94.39080459770115
94.71111111111111
94.28888888888889
94.3932584269663
94.5
1212.6224489795918
201.4945054945055
1339.093023255814
13481.130434782608
679.64
10842.301075268817
94.6043956043956
95.14772727272727
94.6067415730337
94.29347826086956
94.2840909090909
93.83720930232558
94.3932584269663
94.6067415730337
95.13333333333334
94.5
94.3956043956044
94.94949494949495
97.15053763440861
59329.37113402062
65050.27
95.65853658536585
95.32098765432099
13837.17
58656.114583333336
56764.61855670103
21333.87
10090.56
11340.04
38829.19
30083.39
18836.62
9301.252631578947
94.85185185185185
94.3956043956044
95.9659090909091
94.70652173913044
12590.01
43826.93
32580.75
25084.65
40077.84
38829.48
55072.36
69342.44578313253
67836.97590361445
10091.13
23836.09
68814.85
61857.52808988764
61258.625
61230.62765957447
58052.22680412371
13838.44
60010.42857142857
58052.092783505155
8332.329670329671
94.5
94.6067415730337
94.19565217391305
94.64646464646465
94.2
94.19354838709677
96.07
96.25
95.17948717948718
97.02631578947368
97.0
98.19101123595506
94.35106382978724
94.5
94.06818181818181
94.5
94.17977528089888
94.06818181818181
94.18681318681318
95.16279069767442
94.18681318681318
1696.5217391304348
809.19
95.65853658536585
94.78494623655914
94.8433734939759
94.73170731707317
94.56043956043956
94.52747252747253
94.52808988764045
94.69473684210526
94.82978723404256
95.1195652173913
95.89333333333333
94.81318681318682
95.17857142857143
94.17977528089888
2840.5824175824177
94.07777777777778
94.27906976744185
94.6043956043956
95.85714285714286
95.07228915662651
94.9090909090909
95.08602150537635
94.80645161290323
58570.71276595745
94.75268817204301
4212.945054945055
93.85227272727273
3920.418367346939
94.64948453608247
37579.0
6740.670212765957
9398.489361702128
42576.47
43825.91
62566.70652173913
37578.14
41326.19
64018.75581395349
32908.38383838384
17014.135416666668
43825.53
9600.315217391304
25335.76767676768
94.40860215053763
94.83673469387755
95.04166666666667
6739.5
53813.66
50066.3
55062.9
57561.74
53813.89
54355.82828282828
48816.88
55062.9
51315.18
50066.3
48816.88
48816.88
46318.58
43820.63
45069.54
43820.37
45069.74
47568.4
43820.18
46318.62
45069.48
46318.6
38823.6
43820.46
45069.63
42573.88
42570.82
42571.39
43820.51
41322.14
31327.3
36324.82
41321.57
41321.52
37574.31
37573.95
38823.65
36325.41
38823.15
38823.19
27579.81
36325.23
31328.33
32577.78
35076.08
33826.55
35076.3
32577.84
35076.55
32577.92
28832.57
26334.89
30083.49
28834.14
32582.56
30083.38
36330.26
28834.33
18837.87
41328.11
38823.16
28830.06
26332.01
25082.93
33826.67
27584.69
32578.05
28830.24
36325.26
31329.05
41321.71
42570.74
37953.181818181816
33827.58
36325.2
43820.29
31329.2
32578.33
41321.77
35076.2
33827.52
32578.42
31328.95
32578.39
31334.12
30080.34
32578.39
36325.77
37574.75
36325.52
32577.98
27581.15
30080.15
31329.68
31328.66
33831.17
36187.677777777775
36327.42
31333.75
31333.69
41322.01
35076.01
33826.95
33827.2
27581.26
28830.33
27581.1
25083.02
25082.78
25082.71
27583.08
31329.05
28830.56
28830.46
28830.95
28830.66
31329.08
31332.53
31329.64
31328.79
35076.66
28830.59
23833.7
31328.69
32578.13
32578.25
31329.04
30079.59
26331.92
26332.39
26331.9
25082.46
27581.21
26332.09
27581.53
26331.91
25082.75
26331.77
31328.58
27580.3
27579.32
21333.18
26328.05
28825.65
31329.08
31328.41
31328.75
27581.13
27579.98
31327.34
28824.8
26329.65
30074.05
31322.84
30076.55
31323.02
27581.58
27581.03
28829.86
27579.99
27581.0
35075.94
40065.15
37567.4
38816.65
36319.69
35073.75
35069.46
36318.94
35069.93
33821.76
37569.53
38816.53
38816.83
35070.51
36318.61
37567.68
38816.99
35069.75
36318.38
37567.56
37567.53
38816.38
36318.37
36318.1
35075.67
35070.1
35075.39
37572.17
35074.43
33824.61
30079.41
28830.51
30079.3
35076.68
33827.47
33827.26
32577.94
32578.05
31329.08
33827.26
33827.4
36325.78
36325.48
36325.71
35076.46
35074.39
36321.53
35070.65
36323.07
33826.14
36321.57
35075.31
36320.28
37568.92
37567.35
33824.02
37567.23
40067.18
38816.55
35075.88
36319.94
36318.09
37567.19
36318.5
36318.35
35076.53
35073.05
35075.96
37569.54
38824.11
37574.87
36325.94
35076.62
36325.86
35076.49
36325.27
35075.44
36321.76
36325.73
32577.59
37570.04
35073.69
36324.27
35074.93
35074.46
38822.5
38819.08
36324.73
40066.15
36319.51
38821.05
38820.82
38817.01
41315.23
37573.12
40066.02
37574.66
37573.11
37575.19
36325.81
36322.32
36325.37
36322.63
36322.63
36322.71
38816.15
38816.38
35069.19
36319.26
37574.74
32577.71
37572.93
36323.37
35069.39
40065.48
38818.99
36320.78
36325.97
37574.89
35074.28
33827.72
35070.32
37567.91
37570.6
37570.41
40064.76
38816.1
37567.49
37567.13
40065.25
37568.8
38820.96
35076.49
35076.8
36321.49
38816.41
37573.06
38816.2
37568.17
38821.81
32577.14
33826.78
33827.33
35076.67
35075.63
36324.56
37573.43
38817.5
37567.4
38816.42
40065.26
99.64383561643835
38816.67
38816.48
40065.5
40065.57
37567.96
102.84210526315789
40065.66
42563.43
43812.39
40066.31
41314.08
41314.07
42563.62
40065.4
42563.62
41314.41
42563.44
45061.43
45061.1
45061.29
43812.61
42563.37
45061.45
42563.58
43812.62
41314.36
43812.65
41314.8
41314.5
41314.89
42563.64
42563.57
40065.54
40065.58
42563.92
42563.93
43812.9
45061.96
41314.91
38817.35
41314.82
41314.99
42563.91
42564.05
43812.78
45062.01
45061.99
46310.98
41315.01
45062.3
47559.79
43812.78
40066.58
45062.34
45061.99
45062.11
35071.95
46311.51
46310.81
32573.78
46310.88
47560.07
47559.82
47559.92
47560.05
46311.08
47559.89
46311.23
37569.11
38817.31
18836.44
103.09375
26329.54
37568.76
46310.72
46310.72
43812.86
45061.75
46310.64
42564.41
23832.52
32574.29
43812.7
45061.5
46310.72
46310.74
46310.65
45061.84
45061.75
45061.62
40065.86
42563.38
41314.57
40065.49
38816.61
40065.64
42563.61
42563.72
41314.33
41314.76
40065.55
42563.68
41314.93
43813.09
38817.02
41314.66
41315.14
40065.98
38817.22
35071.19
38817.24
40066.21
40066.15
41315.23
41315.24
43813.2
41315.28
41315.16
45073.83
45066.83
43813.32
43812.89
45061.84
45061.79
43812.93
43812.97
45065.17
43824.63
43825.65
43825.44
43824.77
41314.76
41315.04
41317.49
41315.33
41315.13
41314.99
42564.14
40066.1
40066.03
40065.79
42564.0
42564.17
43812.72
42564.06
43812.74
43812.95
42564.12
41314.81
43812.99
43812.78
45062.08
43813.23
42564.09
42564.25
45062.11
42564.15
42564.2
40066.1
40066.25
41315.44
41315.25
40066.19
41315.34
41315.14
40066.53
41315.41
40066.47
41315.31
41315.56
40066.33
40066.21
40066.0
41315.2
42564.23
42564.44
42564.31
42564.3
42564.12
43813.22
42564.45
41315.19
42564.46
41315.08
43813.2
43813.06
45062.07
43813.05
46311.23
45062.14
45061.75
46310.89
45062.19
45062.03
47560.18
47560.21
46311.4
43813.13
45061.97
46311.21
46311.25
45062.34
45061.83
47560.18
47559.95
47560.26
47560.35
45062.05
46310.77
46310.9
46310.9
47560.27
46311.06
46310.51
47560.0
46311.17
46311.15
45061.94
45062.02
42563.71
40065.49
42563.65
42563.44
43812.7
45061.84
46311.01
38815.98
37566.83
38816.27
38816.39
20083.4
20083.43
21332.83
18834.02
42563.74
13836.02
57553.2
56871.868686868685
66300.42
57451.510204081635
63196.34020618557
60054.57
66970.83838383839
56304.23
12586.5
15085.21
56754.9587628866
52556.85
31328.54
60657.68686868687
61894.83157894737
59774.666666666664
13835.9
17584.4
12586.68
15085.67
3997.1770833333335
10291.979591836734
15085.34
11337.18
6532.98969072165
62553.83
56755.37113402062
93.54347826086956
11337.44
15085.82
4038.5894736842106
7742.326530612245
93.45161290322581
43813.14
93.6304347826087
6467.591836734694
5192.673469387755
10088.2
7589.52
10088.35
11337.62
7589.51
6340.37
93.58510638297872
3918.122448979592
1408.6736842105263
3997.7083333333335
11337.67
52557.24
38816.59
93.56989247311827
11337.67
16335.48
93.61052631578947
94.06382978723404
93.44680851063829
93.5
93.49473684210527
11337.72
6600.666666666667
11337.72
4038.8947368421054
11337.72
11337.72
15085.98
8838.99
12587.32
21333.26
25081.24
5299.239583333333
16335.46
10088.51
93.59139784946237
8839.28
8838.93
6467.7959183673465
6533.494845360825
6340.09
16335.4
8838.8
16335.4
17584.82
23831.89
10088.76
13836.48
2669.226804123711
17584.74
6467.561224489796
11337.59
11337.46
10088.04
16335.27
16335.14
13836.35
12587.07
4038.8105263157895
5299.104166666667
6600.3125
5245.164948453608
5353.989473684211
5409.989361702128
7742.663265306122
26330.45
16335.01
12586.75
7983.968421052631
20083.22
21332.53
22582.06
17584.42
17584.5
16334.96
23831.68
17584.43
93.32584269662921
93.18888888888888
8838.54
18833.98
15085.9
7983.905263157894
13836.19
16335.07
22582.12
18833.92
12586.75
93.40449438202248
21333.06
21332.77
16332.88
21328.22
13836.33
93.0989010989011
93.17045454545455
1451.2173913043478
15085.51
15085.42
11685.360824742267
21330.78
21328.25
22577.21
16334.87
16332.94
93.375
1481.3666666666666
93.07865168539325
4080.404255319149
13836.45
93.34831460674157
15085.61
25080.97
13834.07
93.02272727272727
6958.054945054945
93.17045454545455
2932.556818181818
2869.4777777777776
15234.89898989899
18829.25
9296.505263157895
26323.9
25075.06
31320.81
42563.22
28822.45
25077.54
32575.78
21327.83
21327.55
28822.72
26330.07
27573.42
30071.82
33819.34
28822.6
35070.98
37566.83
46310.8
40067.84
33819.42
33819.43
36317.6
38817.79
45061.91
40065.28
30078.46
33831.93
31331.27
23830.67
22577.09
27573.68
26324.85
32571.44
37567.14
35068.64
31320.97
12583.97
22576.91
25075.37
17580.62
25075.35
22577.09
25075.46
22577.02
25075.2
27573.58
25075.38
18829.69
27573.64
15082.07
8151.612903225807
11803.21875
18829.25
21327.76
20078.58
17580.39
26324.44
28822.61
30071.67
31320.94
36317.47
31320.64
30071.54
27573.18
15081.89
18829.4
21327.7
25075.21
23825.89
26324.39
22576.87
15388.0
20078.4
25075.16
26324.39
26324.6
26324.45
26324.39
26324.75
26324.4
27573.68
21327.98
25075.34
22577.0
27573.55
30071.91
25075.32
27573.63
28822.55
27573.51
30071.83
32570.15
27573.18
28822.3
32569.94
37566.45
35068.08
28822.59
28822.33
27573.47
25075.04
27573.36
25075.3
27573.29
31320.68
27573.48
28822.37
25075.17
31320.44
30071.54
27573.22
31320.64
32569.53
35067.8
33818.88
32570.14
30071.77
28822.62
28822.64
31320.81
33819.14
31320.96
30071.57
28822.12
26324.08
26324.43
26324.44
22577.03
25075.37
23826.25
20078.91
21327.86
22577.17
26324.33
35067.45
28822.2
28822.56
23825.96
27573.34
21327.55
23826.35
21328.26
21328.18
22577.1
27573.5
21328.53
18829.56
17581.6
2594.06
100.41025641025641
100.27631578947368
5092.56
21328.9
28822.51
41312.84
36316.21
36316.22
32568.77
36316.2
33817.94
33818.16
37565.18
40063.47
33817.92
40063.49
37565.18
41312.44
38814.32
37565.21
40063.28
41312.25
40063.07
40063.29
40063.3
40063.31
40063.29
38814.14
40063.31
37565.05
37564.99
36315.86
42561.4
36315.85
40063.3
38813.76
40063.12
37564.79
41312.25
38813.78
38813.77
42561.21
42561.21
41311.89
41312.07
42561.02
41312.07
40062.91
42561.06
41314.19
41311.89
41311.72
41312.11
38813.59
45059.17
42560.84
45059.17
43810.24
40062.82
45059.18
43810.04
43810.26
46308.35
43810.27
42561.09
41311.81
38813.44
40062.39
42560.89
43810.07
42561.11
47565.34
41313.3
45059.22
43810.25
43810.09
45058.98
41311.75
42561.12
43810.26
41311.74
41311.72
41311.73
42560.88
41311.77
43815.28
42561.08
40062.96
41311.89
40062.74
40062.75
40062.73
38813.4
42561.06
42561.05
40062.74
40062.74
37564.27
40062.75
36315.29
38813.59
37564.61
41311.9
41311.9
40062.72
38813.75
40065.85
33817.87
35066.75
37564.79
33817.99
37564.6
32569.17
40064.74
36316.37
40062.88
36315.63
37565.69
36315.64
37564.61
38816.02
38813.94
41312.04
41312.03
36315.64
33817.32
35066.48
32568.37
37564.78
31319.95
35066.46
32569.36
31323.99
31323.05
30070.81
33823.53
36315.6
38824.94
37574.38
36316.27
35067.46
33821.27
36322.03
31320.26
32568.77
36315.61
33819.71
36315.59
37570.97
36323.16
35074.22
35073.75
38816.17
37570.9
35068.55
35066.45
33817.83
31324.85
36315.59
36323.62
33821.08
36322.89
38816.53
38813.94
37568.82
33817.28
36315.58
35074.2
33824.79
35073.94
37564.96
36319.33
37569.56
33824.53
36319.86
35073.47
36323.61
37564.93
32572.85
36322.0
35074.2
35074.39
33817.67
36315.98
35066.84
36315.78
36315.76
33822.6
36315.8
37565.13
36315.98
36315.99
36321.65
36323.83
32575.58
32575.54
36324.54
33825.33
32575.73
32572.32
31326.7
32576.12
33825.35
32576.12
32570.12
31320.41
33819.13
32569.46
31321.93
31327.07
32576.3
31322.5
31320.99
33818.83
31320.71
28822.31
31320.87
32569.47
30071.55
32569.84
32569.61
30071.53
33818.78
31320.72
32570.08
33819.03
31322.23
31325.43
30073.03
32570.32
30073.26
31320.93
32569.69
32571.67
33818.06
30072.79
32574.15
32569.29
31321.9
33817.99
33818.42
31325.16
31324.08
31323.57
30071.16
28824.25
28821.99
27575.5
31323.08
30074.31
32569.29
30070.9
31320.23
31325.53
30071.01
28823.35
30071.12
30071.47
33818.25
30070.97
32569.29
32569.31
33818.08
31320.18
32569.32
28822.78
31320.98
30071.11
31320.1
30071.18
31320.16
28822.58
30071.2
32569.28
31322.68
31321.55
30071.58
30071.18
32569.51
31319.75
33818.47
33818.31
32569.29
32568.89
32570.0
32571.12
32570.84
32569.31
31321.52
32568.97
33818.31
32569.15
31320.13
33819.97
36317.03
33818.15
32568.96
33818.12
33820.54
31319.99
31320.64
33818.39
32574.44
33818.0
32568.77
32569.18
28821.9
32568.99
31319.99
32573.02
33818.13
32568.98
33818.14
33818.93
33817.96
32572.99
31323.93
30074.21
31320.53
31320.22
32569.79
32569.17
32569.18
33818.63
30071.08
32569.18
30071.09
30075.46
30071.02
31320.75
30071.86
31320.17
31324.11
30071.08
30073.74
30073.61
27578.13
28822.87
26326.4
30076.81
28828.05
31320.22
28827.78
30071.07
30074.89
27578.85
26329.84
27576.02
28827.1
28828.49
27578.28
26329.59
28825.27
27579.28
28827.89
28828.55
28828.34
26329.65
27579.18
25080.42
23831.21
26329.74
23831.08
26329.69
27579.12
26329.68
25080.23
26329.87
26329.42
25080.23
25080.48
25080.45
25080.45
23831.13
25080.56
22581.83
26329.84
25080.22
23831.14
26329.82
26329.68
23831.01
26329.68
26329.88
23831.03
23830.99
25080.38
25080.47
25080.23
23831.17
26329.64
27579.11
25080.6
25080.26
26329.4
25080.22
25080.25
25080.04
23830.94
26329.57
25080.19
26329.46
25332.333333333332
25079.87
23830.85
23830.58
25080.26
25080.02
26329.42
23830.94
23830.79
25080.43
26329.62
26329.45
23830.62
22581.53
25080.21
19819.821052631578
22581.52
23040.26530612245
23830.84
23830.76
23830.76
22581.37
22581.35
22581.32
23830.72
16213.806451612903
22581.32
21332.09
22581.37
23830.74
22808.58585858586
92.9875
22581.35
22581.53
22581.31
22581.35
22581.32
20029.531914893618
23830.72
25080.0
11450.852272727272
22581.17
93.275
21331.9
18504.6
21331.89
21331.72
21765.35714285714
25080.72
92.95
22581.32
14130.606741573034
22581.34
22581.26
21331.82
22581.25
22581.26
25080.19
25079.76
23830.52
23830.51
26329.34
25080.01
25080.16
23830.52
22581.29
26329.38
26328.43
26329.36
27578.81
26329.37
26329.37
25079.98
23830.72
26329.15
25079.88
26329.13
25079.73
27578.62
26329.2
31328.13
26329.15
25079.74
26329.32
26329.15
27578.54
27578.55
26329.31
26329.34
27578.41
30072.29
30077.44
27578.41
28827.8
26329.16
26328.96
26328.97
27578.77
27578.38
28827.82
28828.03
28827.83
27578.59
26329.14
25079.9
25079.88
26329.33
25079.89
27578.76
26329.32
26329.13
26329.33
27578.57
27578.54
26329.31
23830.48
25079.88
26329.13
23830.68
25079.9
25079.89
23830.48
23830.59
22581.35
21331.88
23830.8
23830.73
23830.75
23830.68
23830.8
21332.09
22581.33
21332.09
21332.15
21332.5
21332.37
22581.2
21332.37
22581.61
22581.61
21332.32
22581.69
20082.85
21332.46
21332.4
23826.12
22581.76
23826.17
21332.42
22577.79
23826.06
22581.96
20083.12
20083.07
21332.61
21330.81
22577.14
25075.28
25075.22
23826.13
22577.05
26324.57
21332.51
20082.96
22580.95
22577.0
22577.08
21332.43
21332.38
22581.85
23830.14
23831.23
22581.87
22581.93
21332.38
22579.1
21331.84
22576.95
22581.81
25075.19
26324.24
25075.19
23831.24
21332.38
21332.46
22581.75
22580.47
23831.17
23826.24
23830.63
21332.34
22581.82
20083.0
21327.74
23826.09
23826.26
23825.98
23826.04
21327.75
21329.36
22576.96
22576.9
20083.26
21327.95
21327.83
22577.04
22577.11
23826.13
22577.18
22577.05
22577.11
23826.27
21328.1
22577.18
21327.89
21327.83
21327.89
22577.03
22577.27
22577.17
21327.84
22577.11
21328.1
22577.17
21328.01
22577.1
22577.04
22577.03
23826.07
23826.2
23826.28
23826.13
22576.99
22577.11
21327.71
22577.11
22577.14
22577.05
22576.99
21328.04
23826.21
23826.09
22577.19
22577.05
21327.9
22577.05
23826.21
23826.21
22577.12
22577.0
23826.15
23826.28
21328.04
23826.33
22577.19
23826.27
23826.33
23826.21
23826.35
25075.36
26324.51
25075.49
22577.19
22577.26
22577.24
22577.19
22577.2
22578.0
25075.49
23827.28
23826.34
23826.35
23826.27
25075.43
25075.49
25075.36
26324.45
25075.37
26324.51
25075.37
23826.21
23826.29
25075.37
23826.34
22579.36
22577.13
25075.43
23826.48
23826.34
23826.35
25075.5
25075.49
22577.39
22577.38
21328.3
23826.47
23826.35
23826.41
22577.26
21328.17
22577.32
23826.28
23826.35
22577.51
23826.47
23826.48
23826.47
23829.1
23826.35
22577.47
23826.55
22577.21
22577.34
23826.47
23826.34
25075.57
25075.56
23826.35
26324.65
23826.48
23826.42
23826.47
22577.27
22577.41
22577.33
22577.27
21328.18
22577.4
22577.34
23826.42
23826.42
23826.37
22585.24
21328.31
21328.18
22577.46
23826.41
23826.48
23826.48
23826.48
22577.34
23826.51
22577.28
22577.46
21328.32
23826.48
23826.55
22577.4
23826.42
22577.28
23826.48
22577.47
21328.39
21328.24
22577.34
22577.47
23826.5
21328.32
22577.33
22577.47
23826.62
22577.47
22577.52
23826.67
23826.6
22577.46
22577.52
23826.62
23826.74
23826.61
22577.52
23826.61
22577.46
22577.59
23826.67
23826.62
23826.61
23826.67
22577.66
22577.46
23826.67
21328.45
22577.53
23826.67
22577.47
23826.67
22577.46
22577.46
25075.76
23826.49
22577.47
22577.47
23826.68
22577.65
22577.53
22577.53
22577.6
22577.47
23826.68
22577.47
22577.53
23826.81
22577.53
22577.46
22577.52
22577.6
22577.46
23826.68
22577.47
22577.6
21328.51
23826.62
22577.46
22577.53
22577.46
23826.62
22577.65
23826.68
23826.62
23826.74
23826.74
21328.45
22577.66
22577.59
22577.59
22577.6
22577.6
22577.6
22577.53
22577.66
22577.53
22577.59
22577.6
21328.51
22577.6
22577.66
22577.59
22577.59
22577.66
22577.6
22577.65
22577.6
22577.79
21328.51
22577.79
21328.63
23826.87
23826.74
22577.6
23826.74
22577.6
22577.72
21328.64
22577.6
22577.66
23826.88
21328.64
22577.72
22577.6
23826.94
22577.79
23826.74
23827.02
23831.88
21332.36
22582.38
23826.81
22582.53
23826.75
22580.57
25077.25
22582.46
22582.59
22578.13
22582.05
22577.73
22577.73
22577.73
23826.88
22579.55
21333.16
21328.52
23832.32
22577.73
22577.67
21330.32
22577.72
23828.3
22577.79
22580.16
23826.88
22577.72
23832.9
22583.48
23832.32
21333.81
22580.09
22578.07
21328.64
22577.79
22577.66
22577.8
22577.8
22582.04
22577.8
21333.37
22577.86
23828.49
22582.98
22583.1
22583.49
23832.46
22577.86
22577.8
21328.78
22577.93
21328.64
22577.8
22577.86
22578.61
21333.43
21328.84
22577.93
22577.93
22577.93
21330.94
21332.83
22582.25
21328.78
21333.37
21333.37
21333.37
22577.93
21328.78
21328.85
20079.62
20079.56
20079.63
21329.05
21328.77
21328.78
20083.95
20082.33
20081.52
20080.23
21328.85
21328.78
22578.41
21329.32
20082.72
21328.91
21328.91
20079.88
20079.82
18830.74
20079.88
20079.75
18830.73
20079.69
20079.69
18830.74
20079.7
18830.67
18830.56
18830.48
18830.48
20079.75
18830.55
18830.55
18830.74
18830.67
18830.68
18830.68
18830.82
18830.62
18830.69
18830.69
17581.66
17581.54
18830.68
18830.69
18830.81
18830.81
17581.66
17581.66
17581.67
18830.81
18830.81
17581.66
20079.96
18830.88
17581.72
17581.86
18830.81
17581.79
18830.81
18830.81
18830.81
18830.75
18830.82
17581.66
17581.66
18830.94
17581.85
17581.79
17581.66
17581.79
17581.79
17581.79
16332.7
17581.79
18830.93
16332.64
17581.85
18830.94
16332.64
18830.94
17581.79
17581.79
18830.94
17581.8
17581.66
16332.77
17581.79
17581.79
17581.79
18831.01
16332.77
17581.92
17581.92
17581.86
17581.92
17582.05
17581.86
17581.92
17581.87
17581.87
16332.77
16332.71
17581.92
17581.93
17581.93
17581.93
17582.0
17581.88
18831.02
17581.87
17581.93
17581.87
16332.91
17581.87
16332.79
17582.01
17582.07
17581.87
16332.86
16332.85
17582.01
17582.01
16332.85
16332.79
16332.86
17582.2
17582.01
17582.14
17582.08
16332.92
17582.01
17582.01
17585.79
17582.08
17582.01
16333.0
16332.86
16332.99
16332.99
16332.99
16332.99
17582.01
15083.85
16332.99
17582.01
16333.0
16333.0
15086.13
17582.14
16333.0
16333.06
16333.0
16333.0
16333.0
16333.12
15087.01
16336.63
16336.7
16335.83
15084.25
16336.63
15083.98
16336.64
16333.13
16336.7
15087.35
16333.26
13835.22
15086.6
15084.11
13837.93
15084.11
16335.56
15087.08
15087.08
15087.41
15084.57
15084.11
15085.73
15087.48
15084.24
15084.24
15087.35
15084.3
15084.24
15084.24
13835.09
13835.9
15087.48
15084.24
13838.19
13838.19
15087.48
13835.09
13835.22
15084.37
13835.22
15084.31
13835.22
13835.22
15084.38
15084.37
13835.16
15084.37
12586.07
13837.78
13835.57
12586.21
12586.14
13838.26
12586.21
13835.36
13835.49
13836.56
13835.36
12587.28
12586.27
13838.39
13835.49
12586.33
15084.64
12586.33
13835.56
11337.45
12586.4
11337.44
12586.6
12586.54
12586.81
11339.94
11337.39
12586.6
12586.67
12586.94
11337.58
11340.01
11337.51
11337.71
12589.37
11339.81
11340.08
11337.84
10088.69
11339.53
10088.69
7592.01
10088.89
10090.98
10088.89
10091.11
10091.18
10089.01
10089.15
8840.0
10089.08
7592.53
8841.09
98.03571428571429
10089.15
8839.81
99.0657894736842
8842.01
11337.83
12589.43
11337.97
8841.63
10088.49
11336.99
8840.67
8840.72
6341.62
5092.41
6341.62
6341.88
2593.83
7591.37
6342.15
6341.83
6341.94
6341.76
5092.28
3843.12
5092.41
5092.15
5092.28
5092.61
5092.86
5092.67
5092.61
3843.06
3842.54
5092.28
3842.86
3842.99
3842.79
5092.41
5092.68
3843.06
5092.42
3842.74
1344.16
1344.02
94.54
94.6
94.09
2593.19
2593.2
1343.77
94.1
94.23
94.35
94.22
94.09
94.17
94.23
94.23
94.48
94.41
94.42
94.22
94.36
94.17
94.27
94.35
94.1
94.28
94.41
94.28
94.35
94.35
94.29
94.48
94.22
94.35
94.15
94.16
94.22
94.27
94.19
94.21
94.02
93.64
93.88
93.77
93.82
94.02
94.09
94.08
94.09
94.09
93.83
93.9
93.89
93.59
93.89
93.84
93.9
93.97
93.84
93.9
93.91
94.04
93.84
93.97
94.1
93.83
94.22
94.14
94.21
94.08
94.15
94.08
94.0
93.94
93.88
94.02
51309.23
50060.09
94.02
93.88
93.78
93.71
93.71
93.9
93.83
93.78
52558.2
94.1
94.03
93.84
93.84
93.84
93.84
93.92
93.84
93.71
54903.448979591834
41315.99
1343.46
1343.46
2592.95
1343.44
2592.93
5092.03
93.98
52558.08
55067.31
20084.82
93.98
94.11
93.9
93.9
93.91
93.77
93.85
93.52
46322.36
93.72
93.78
93.66
93.72
93.66
93.72
93.85
93.97
93.73737373737374
52558.08
26325.92
93.84
93.72
93.78
93.91
93.77
93.91
93.72
93.72
8839.83
93.89
93.84
93.9
93.9
93.84
93.97
93.97
93.9
93.59
53807.16
55056.25
93.71
93.78
93.74
93.72
93.84
93.71
93.9
93.72
5092.08
3842.53
3842.53
94.02
94.02
93.77
93.96
93.96
93.95
93.58
93.76
93.83
93.9
93.83
93.77777777777777
93.7
93.9
93.83
93.83
93.76
47561.46
3841.28
93.63
93.7
5090.3
93.7
93.83
93.76
93.77
93.5959595959596
2592.54
93.76
93.69
28824.15
93.76
93.7
93.7
93.76
93.63
93.63
93.44
93.57
93.69
93.71
93.5
93.71
93.62
93.7
93.77777777777777
93.58585858585859
93.44
93.5959595959596
93.56
93.70707070707071
93.82
93.69
93.69
93.69
93.57
93.5
93.63636363636364
93.62
93.61
93.49
93.68
93.69
93.88
93.74
93.74
93.68
93.74
93.74
93.79
93.55
93.74
93.87
93.87
93.74
93.86
93.53
93.47
93.47
93.4
93.48
93.6
93.61
93.67
93.73
93.6
93.42424242424242
93.43434343434343
93.54
93.42424242424242
93.6875
93.62626262626263
93.54
93.62626262626263
93.71428571428571
93.8
93.51020408163265
93.41
93.47474747474747
93.42424242424242
93.34
93.58163265306122
93.73195876288659
93.6
93.47
93.47
93.63265306122449
93.72340425531915
3840.85
93.42424242424242
93.70526315789473
93.46
93.4
93.73195876288659
93.41414141414141
93.53
93.5
93.43877551020408
93.34343434343434
93.5
93.56122448979592
93.70408163265306
93.59
93.52
93.59
93.60606060606061
93.51546391752578
93.5360824742268
93.56122448979592
93.58762886597938
93.38144329896907
93.52577319587628
93.42857142857143
93.47474747474747
93.58762886597938
93.47474747474747
93.55555555555556
93.72164948453609
93.42424242424242
93.5050505050505
93.47
93.42424242424242
93.76530612244898
93.73
93.52
93.59
93.6
93.6875
93.41
93.55
93.55555555555556
93.48484848484848
93.47
93.55555555555556
93.53
93.73195876288659
93.65979381443299
93.36734693877551
93.6421052631579
93.48958333333333
93.5204081632653
93.6421052631579
93.52577319587628
93.57142857142857
93.48484848484848
93.34
93.47422680412372
93.35051546391753
93.14432989690722
93.22916666666667
93.27835051546391
93.54639175257732
93.42708333333333
93.4639175257732
93.51578947368421
93.42708333333333
93.45263157894736
93.07142857142857
93.25263157894737
93.23958333333333
93.27835051546391
93.41935483870968
93.14432989690722
93.07142857142857
93.45263157894736
93.1938775510204
93.27835051546391
93.16494845360825
93.17708333333333
93.12244897959184
93.18947368421053
93.21649484536083
93.54255319148936
93.30526315789474
93.37894736842105
93.36458333333333
93.46808510638297
92.91578947368421
92.89583333333333
93.20212765957447
93.03125
93.26595744680851
92.98936170212765
93.29032258064517
93.49462365591398
93.32978723404256
93.35416666666667
93.07291666666667
93.05319148936171
93.24468085106383
93.11702127659575
93.15384615384616
93.11827956989248
93.34831460674157
93.40449438202248
93.25806451612904
93.24468085106383
92.91578947368421
92.86021505376344
92.75
93.12222222222222
93.05319148936171
93.05376344086021
92.93258426966293
93.11111111111111
92.77777777777777
48819.43
47570.27
92.89010989010988
92.6086956521739
92.92134831460675
52567.87
92.92222222222222
92.92134831460675
92.89010989010988
92.68888888888888
92.72340425531915
92.91489361702128
93.03225806451613
92.97802197802197
92.94623655913979
92.66666666666667
92.86666666666666
92.83516483516483
92.95505617977528
92.6989247311828
92.83695652173913
93.08510638297872
93.01098901098901
93.06593406593407
92.72826086956522
92.72826086956522
92.97826086956522
92.95505617977528
92.67032967032966
92.43298969072166
92.75555555555556
92.89247311827957
92.86458333333333
93.08510638297872
43822.2
92.59139784946237
46320.91
92.78260869565217
92.24175824175825
37574.77
12586.31
31327.84
43822.14
45071.38
43821.86
45071.23
42572.18
25080.25
43821.55
22581.15
23830.78
38824.21
12586.21
30078.37
30078.13
33826.07
43821.68
41322.71
43821.42
42571.77
28828.28
33826.25
35075.75
40073.5
32576.67
27578.86
33825.99
30077.39
35075.31
42571.64
37573.83
41322.88
30077.67
31327.07
37574.36
36325.14
30077.66
28828.36
27579.0
27579.02
28828.68
31327.59
36325.53
31327.71
35075.83
37574.76
36325.2
33826.16
32576.75
33826.3
31327.13
36325.32
36325.28
33826.13
32576.89
32576.91
33826.39
31327.43
31327.35
31327.21
28828.48
27579.26
30078.27
31327.72
30077.97
32576.92
32576.67
31327.13
31327.12
31327.14
31327.57
31327.89
31327.69
30078.33
33826.28
33826.07
30077.58
31327.37
30077.74
31327.24
30078.15
31328.0
31327.61
33826.59
32576.64
33826.21
36324.59
37573.55
35074.86
40072.39
37571.6
35067.64
37565.6
37565.94
40063.85
40063.91
42561.94
41312.6
43810.95
43810.4
46308.29
42562.29
47557.96
40071.51
41321.26
37573.07
38821.89
40065.32
40067.32
41311.76
45059.61
41321.58
43809.83
43810.28
48805.13
51303.41
51303.06
48805.33
48805.89
47558.56
53801.34
48806.01
46308.45
50054.85
51303.82
52552.56
52552.57
50054.84
51303.99
51303.62
53801.7
47567.18
47556.54
41312.48
46307.94
46308.29
51303.05
55050.12
53800.79
51303.03
37565.66
25078.36
47556.65
33817.98
30071.95
97.56962025316456
97.55696202531645
98.37974683544304
43813.29
42563.95
85.0
37573.32
57351.270833333336
85.0
19812.684210526317
41322.0
32578.77
99.82857142857142
42572.49
40067.26
55063.62
55065.29
57564.12
53815.87
53809.93
53810.58
52566.45
55065.49
55065.67
53096.757575757576
56314.69
51317.97
48820.03
50069.53
51311.23
52555.99
51312.82
55621.49494949495
55058.95
55064.61
56303.5
50058.79
43814.32
41320.0
43814.37
45063.38
41316.41
43813.97
42564.44
46316.71
46311.49
42564.82
40067.31
43813.6
41315.69
43813.74
45063.04
43813.75
45062.55
40066.98
38817.92
37569.66
37569.54
37569.46
38818.86
36320.85
35071.79
33823.05
33822.81
36320.42