48281.2
41053.01
34732.39
42177.31
45755.03
40830.16
43280.47
43502.08
42225.03
39606.49
42178.11
49551.25
34633.37
38480.68
37132.66
38260.49
47051.81
58202.29
51956.74
39778.36
46932.37
48350.88
38699.68
52102.31
38306.11
43452.79
54476.21
29659.85
42152.7
37351.5
48475.41
45975.16
45828.6
49407.98
42248.26
49553.5
52075.81
40858.24
38308.23
45926.1
42301.61
42324.07
39800.71
38358.49
43476.49
43429.19
48472.07
48472.15
47028.8
43451.12
51955.63
49502.35
47149.26
49674.83
43330.99
42352.15
51853.72
50850.38
45902.56
54497.65
43453.77
48450.63
49528.96
33482.85
45829.57
47101.67
40808.07
38405.18
55894.53
42081.17
49627.29
37181.39
40952.96
43352.73
31030.24
38258.12
43475.22
51882.53
42080.89
38506.42
38504.12
50824.77
47052.98
45950.92
36102.73
54378.27
42252.34
48428.23
37136.08
43403.82
46021.18
48303.63
32255.86
43622.83
58174.94
56952.34
39751.83
39754.73
35832.84
48376.6
49577.47
44726.8
45879.29
59476.1
33601.46
47004.64
50777.11
38480.44
52123.83
39801.55
43506.12
45853.98
32403.99
49503.18
40952.78
36030.83
39703.46
45905.9
35831.05
50972.76
50776.75
47174.29
44797.9
53348.12
34756.46
48229.89
37350.47
43428.18
28558.6
42057.9
44605.76
39824.69
44772.69
45732.74
38381.05
56954.8
42178.47
34634.99
45879.63
54404.03
42205.44
48376.67
40808.47
44580.39
48351.01
33456.68
55750.42
44532.11
43425.92
41909.3
39706.27
42129.75
52150.6
49528.62
40903.5
44772.39
39656.04
40931.84
32328.42
46931.85
42201.76
55825.34
38500.64
33552.32
45559.19
38428.13
42348.16
38307.64
35906.12
31226.58
39703.66
48377.32
37108.79
44456.12
43452.31
43329.6
42252.86
34560.02
44507.02
54427.33
52004.96
45927.6
39703.76
48133.09
31011.54
50655.24
43500.67
45779.6
40980.13
32134.95
42229.27
45878.2
49527.28
45950.74
49675.24
37353.76
47127.38
42276.52
41004.41
40979.11
29708.9
43230.44
44532.22
37280.56
49553.68
54623.26
33482.3
48279.35
42201.42
44750.57
43548.3
50850.81
47030.91
50899.28
52172.44
50753.86
43455.1
39798.97
51953.24
50826.06
38281.93
38478.11
48203.55
38628.1
49457.04
42177.91
34609.76
47100.76
36027.82
37327.25
45926.42
51856.3
40978.01
40952.06
38430.07
34658.07
46072.83
39751.97
39726.28
52025.63
37131.72
43282.39
40954.14
42250.76
44531.87
35931.75
45806.25
33506.06
43356.27
30983.97
35931.93
44676.68
32330.89
37134.61
44627.88
44678.04
40931.17
40878.4
45925.23
38236.83
42203.25
58103.32
44605.27
42006.33
39872.8
50922.78
44484.5
44748.75
58176.55
36176.73
48303.45
45831.32
48377.68
43451.58
33336.16
44529.4
45973.28
41002.46
44603.31
42156.48
47055.34
34805.07
45706.27
45976.82
47078.84
38504.99
32302.81
33723.87
50800.47
39875.08
44555.15
37424.43
38379.05
29734.2
43454.02
42276.93
42302.96
50994.23
43353.73
40808.92
40951.24
47152.81
38552.08
36077.8
49453.68
48328.81
33652.85
38550.81
50897.41
48351.45
39557.04
53329.18
27137.89
43351.24
36003.83
50901.47
50824.39
41098.96
40809.45
44701.87
42033.7
46095.73
40879.62
42202.18
42104.56
52170.74
33626.07
47126.2
49599.85
48473.1
36078.31
39606.99
42397.54
38382.08
49624.49
49625.55
55702.67
45830.98
44526.74
40659.47
40903.78
42057.85
37110.36
43406.55
28653.85
44702.75
38257.27
41124.42
49527.91
38383.09
37229.44
39581.24
49626.54
43596.8
48203.68
41146.42
44605.95
50774.52
39557.14
38577.69
45755.72
45927.89
50777.05
49529.8
37231.9
39559.77
49430.22
45952.46
41024.15
43378.9
38576.38
38503.63
43329.11
42155.36
46954.93
37229.85
50999.81
46932.81
55799.97
39656.03
44365.12
48278.5
31203.85
44676.84
32232.78
38383.32
58273.96
49651.75
39678.91
38456.95
40808.28
47100.94
38576.43
48448.0
45997.95
35983.45
53205.46
39582.84
48401.57
44504.23
45903.74
45854.65
34730.32
35904.86
40782.22
40928.14
44750.4
42057.87
52001.66
36007.26
52050.32
40856.28
50851.33
55749.41
48398.46
35759.59
42105.06
34705.71
33506.27
45757.18
49627.01
50948.6
44677.22
47128.05
42227.67
44652.87
40928.23
38503.31
39729.76
43232.01
31082.62
31105.59
38358.36
38551.74
40978.14
40926.85
44507.33
47126.46
44651.48
49576.92
40711.35
29733.74
43572.29
43257.55
43353.41
58343.82
38455.88
44849.95
39606.29
44555.51
45829.95
39559.08
52247.04
43526.27
44729.82
42078.87
34706.42
40927.94
33653.86
48379.66
40782.25
40903.17
42277.25
39752.79
44528.29
35856.5
40760.47
34779.23
40757.63
32328.93
31104.75
43428.39
42202.58
53252.13
47176.04
53347.48
36152.51
38332.0
43256.66
43379.15
38527.33
55775.02
39457.51
42008.39
34607.09
34851.9
43427.94
49577.9
39510.46
42155.15
39874.22
33505.19
42031.81
32182.56
39654.79
43353.32
39971.06
33482.43
44604.38
47203.93
44677.89
42104.4
41099.15
41048.41
50923.17
52152.73
43450.28
50778.82
53491.86
60628.06
44677.63
40707.26
44505.94
45753.47
43283.28
52004.31
52028.71
39678.96
38402.9
42106.2
43550.59
48276.88
47076.68
44677.95
49773.3
43453.99
42200.36
39655.23
42129.73
33483.75
49506.13
50629.73
39581.58
40927.72
43258.69
42228.18
39582.34
44507.11
38356.07
44654.05
46072.22
49747.98
43502.62
49456.09
47222.49
39825.93
44800.51
38382.78
38283.19
40856.2
31081.56
41101.03
47225.28
42152.86
47081.11
52170.61
47126.84
38405.05
42180.34
26228.87
37133.88
35932.35
39681.69
28459.66
32429.26
47103.64
43282.24
44580.57
40954.72
48283.11
33553.04
48353.72
50676.72
39702.17
53225.86
42031.45
35908.35
43280.84
48375.49
45926.95
38651.45
33480.53
36056.14
39727.31
44624.56
54647.08
47126.94
48378.22
50826.08
45877.86
43454.5
43501.45
26058.67
32208.17
39656.33
42177.36
40881.34
30984.27
43328.06
42225.25
40854.69
49553.0
45756.45
40882.65
42105.21
44775.22
44457.92
42032.81
44651.43
39800.88
47102.54
50922.43
33457.65
34632.52
44702.45
49530.41
54500.35
42083.43
41075.81
45899.16
47200.13
44629.35
45803.82
44530.06
30886.46
40954.35
49526.0
39752.17
50876.89
44651.88
37277.34
45708.95
42300.16
37329.55
40903.61
47203.91
42081.11
50753.41
44604.45
38236.77
43355.51
46980.73
46001.42
39533.07
44678.08
44603.57
34804.01
38431.05
40879.41
45928.18
33629.68
44627.4
39557.18
43478.99
40880.07
45901.95
42204.62
42081.35
33601.31
44553.81
44725.94
40882.62
45926.04
42276.98
52050.57
45680.27
38404.61
44726.1
43305.99
44655.62
44433.76
43552.21
40906.24
39484.0
51857.31
44558.11
52077.22
45832.57
42053.8
52196.28
43475.18
43451.16
38479.65
43234.26
38748.75
44678.25
49576.67
49676.68
40757.89
40830.86
40831.78
44505.23
55629.57
50898.05
54769.87
49576.83
42155.76
35978.15
42079.66
39535.24
53276.48
41983.81
52026.62
40927.95
41100.49
39679.17
42079.81
38573.99
38261.34
52125.44
57098.14
33457.24
52074.23
49577.05
44481.97
41051.42
41096.6
44874.76
48205.0
32330.08
42080.46
35909.23
37279.17
52075.53
47081.6
38260.39
43255.84
40906.06
33456.55
52002.94
38282.89
49555.38
34827.49
49479.26
47198.03
52270.66
35958.43
35953.66
50753.39
42299.49
47100.88
42151.95
34902.93
39802.88
34831.7
42493.57
57024.39
32137.2
52195.8
43426.25
37278.61
47077.66
52027.99
45878.77
42275.45
31058.04
42324.45
40782.78
43427.63
52001.45
39750.35
44751.19
39654.53
42177.13
34779.66
48400.64
38431.18
34925.8
28483.23
38381.34
47249.62
45780.03
35933.38
52000.85
36103.2
42056.13
38404.27
42179.27
37106.17
39824.64
42180.07
41025.86
54577.89
39825.96
48328.72
44676.22
41981.54
50947.03
42228.02
47128.24
39874.76
37280.63
45731.75
42132.5
32257.78
44628.64
44482.56
33533.09
33725.31
51834.72
45849.52
39556.94
34706.1
47176.84
46045.85
44627.86
32233.77
45830.64
43427.58
43550.75
34756.46
35932.9
40952.68
38501.88
39703.79
40808.61
47078.9
42105.64
52197.56
39704.3
43282.29
49723.14
39826.01
38671.15
43304.91
47196.65
49528.84
43255.47
45928.23
44726.22
40927.23
47177.42
37133.68
39732.21
44602.56
44432.94
32258.14
44652.47
32257.72
48475.16
43184.31
45854.45
44628.91
43279.22
42252.75
28703.44
50826.85
47125.93
47151.12
42055.32
45781.57
45976.71
44679.05
32159.05
30028.01
35910.07
43259.97
42252.54
47296.98
39876.24
36002.33
41001.6
38454.24
40929.39
42108.32
34780.55
49675.81
38554.82
49455.41
47025.46
45953.87
42253.45
45827.99
50752.1
43452.82
54624.53
48207.01
38381.1
42250.6
47103.25
50999.39
42130.81
39679.93
38331.5
44604.9
43232.97
44628.51
51954.4
44728.31
49677.35
44628.53
33412.12
40733.69
34903.52
47225.64
42129.64
47200.27
47175.64
43501.02
32306.81
45755.71
53325.91
46070.78
44553.71
40928.14
52122.08
44848.61
42275.99
45879.32
49504.85
48230.01
43355.52
43330.96
40708.45
43283.64
43551.74
50923.81
40930.95
32185.39
33505.38
52125.0
50972.45
39774.3
45806.13
47153.29
48302.82
40977.9
47246.57
39702.43
42152.04
42107.7
33384.75
38334.75
38381.37
49479.57
37254.64
54720.9
45997.98
44630.9
32329.76
40904.66
45758.94
48304.5
48207.02
44724.32
43184.68
36005.61
55652.41
34684.37
50777.97
50823.2
37108.29
42253.3
45730.51
37328.87
54550.36
44454.87
42249.36
49599.42
52003.65
45901.67
36029.27
39776.24
47176.23
53230.83
44872.35
38573.26
40978.22
47003.92
35931.63
38478.85
41002.76
50851.58
47075.53
39801.2
45928.57
43381.32
37084.4
45781.14
40879.48
33629.15
38529.01
42130.4
34901.83
48351.85
32474.82
43450.84
34682.64
51977.59
43525.67
38354.11
48206.61
40880.81
26133.37
42080.52
43425.7
47076.8
39605.16
38430.26
42082.02
40955.33
43474.1
39655.08
32158.37
48303.65
49478.21
39655.28
41029.22
43401.54
54476.51
39750.93
46979.97
39680.72
38430.57
42031.7
53326.04
44578.63
48253.02
39558.52
45854.42
45879.34
52125.47
53374.67
43452.82
37156.66
48447.14
49626.5
38380.27
41052.16
33578.38
37082.61
48327.32
52099.55
45730.13
42106.21
42131.17
48302.11
50777.35
40881.78
42302.92
48426.62
39755.05
39681.43
50778.55
38406.24
46762.94
43548.4
34805.12
41053.24
42176.5
37034.3
42228.94
50777.85
45828.78
35857.27
47149.43
48378.8
45877.9
50799.42
56999.85
46981.84
34900.75
43379.49
49574.71
40881.81
37275.79
44674.08
37205.25
50826.27
45976.39
46956.04
43285.09
47127.4
42178.65
40831.3
41959.66
58348.83
45879.8
42107.88
45803.33
33383.82
34681.09
44605.31
34780.68
45827.93
42081.59
42322.71
42252.69
43475.37
42081.89
39607.12
45805.02
43478.32
42155.13
45949.04
39780.22
40905.32
35980.99
46906.99
44531.69
29782.21
49601.47
47173.99
45733.7
45902.73
45805.16
48401.34
42055.46
38505.15
35810.82
47006.76
43522.64
36004.23
48329.4
44604.66
45656.95
35904.28
44603.76
43403.73
44580.14
43376.2
40980.39
45829.18
31130.47
32526.74
42007.1
43428.65
48279.04
36054.25
37180.9
40807.65
38305.73
47105.76
44554.91
50949.1
37300.63
39679.78
49576.1
45926.95
44629.79
50970.26
44557.47
39681.33
50804.84
53425.68
39729.15
38479.34
44678.76
39677.79
43281.42
40733.55
40856.41
59498.38
38333.0
37012.03
45707.83
45804.21
37229.06
45955.08
45925.84
33360.32
43502.94
59351.82
51857.46
38554.05
43379.31
36077.92
37206.5
43476.71
39484.05
38528.03
49599.36
34608.92
37083.48
42081.64
36151.45
50654.78
39630.21
36005.85
48255.43
38260.3
36029.91
48326.13
49550.49
37110.66
45877.31
42178.66
45853.61
33603.22
45804.73
32208.23
44703.39
37157.36
36078.4
43305.32
48229.26
43477.38
37206.18
40808.38
53350.64
47105.74
45853.81
38330.83
47030.85
48231.98
51830.67
38531.11
46934.4
33628.34
49649.93
55726.58
29662.38
37352.44
39731.22
40952.79
50801.33
50655.64
43598.2
42131.44
39580.35
49552.7
43572.76
45801.89
55751.41
38286.33
32308.65
50949.69
39825.45
32353.44
34852.08
48376.29
38455.04
42128.76
44703.12
53277.21
28681.18
45780.25
38576.48
52077.76
40980.73
41936.91
34733.39
42226.89
39774.14
38358.6
48331.18
38527.2
43355.44
44555.82
48256.8
44724.95
35787.12
27233.95
43379.76
42177.04
50681.68
37205.48
47007.43
47056.33
44605.01
34684.24
42179.13
33677.15
49725.31
49673.45
44459.75
44581.47
44673.6
50849.55
47100.49
44748.77
30863.29
52248.43
45949.11
44580.49
50826.47
44531.37
43280.15
50802.98
49554.84
45828.94
44602.75
42176.75
52052.75
42300.71
44628.11
44578.57
47051.9
45561.03
44604.05
45976.24
44554.32
52075.43
47176.71
44603.27
40758.49
38307.78
47128.88
50775.86
42080.03
49578.43
39631.54
44528.45
39487.01
43207.26
48229.5
34781.85
38359.42
47372.16
37182.19
37181.08
35908.93
40952.72
38382.07
48375.32
50923.85
40901.99
38381.94
26158.16
39852.89
38356.56
42106.39
36079.01
32282.48
39728.16
38284.97
43353.15
37132.4
41056.8
44655.03
57047.68
38453.6
39533.05
54623.11
37423.96
44700.47
39631.04
38333.46
43404.21
45953.75
42449.13
48376.14
42203.96
45928.2
44530.52
50776.29
45853.27
37206.2
40930.37
39608.4
49550.43
46024.63
37154.36
43232.54
48275.84
43527.02
51977.33
53375.29
47031.21
34778.94
46958.94
42203.99
47201.13
42178.19
42300.37
44776.04
43256.19
44725.86
53277.03
52122.66
48325.67
43399.45
34682.4
54573.53
40979.36
39779.56
49578.05
44507.17
36005.96
48254.79
43257.52
37156.49
45879.57
52195.69
45707.05
56829.22
37231.34
40855.96
47103.32
48203.85
40879.83
33677.9
46955.51
45778.83
36003.8
45897.64
39560.2
40759.29
37180.53
47153.81
44505.35
40856.7
40881.37
40929.69
41002.62
42177.1
47177.8
47254.26
47272.24
43380.09
44580.6
44579.98
45950.19
34803.47
48548.06
48203.81
49576.67
48452.09
48206.14
44580.03
40954.11
35836.14
48401.73
43426.29
34659.18
44408.84
37228.61
47197.7
53396.2
38526.95
39535.49
40955.74
43501.05
37058.06
47150.25
47101.46
54355.96
38478.48
47103.62
37351.92
46025.3
45805.84
45831.77
44608.19
40831.31
42079.02
52246.0
43328.07
47031.77
41982.2
42227.04
45851.61
49677.6
47051.42
33382.83
60676.88
34754.15
39704.37
33359.4
42252.46
39678.39
49452.99
45999.83
40833.06
39483.72
49699.85
39678.27
48377.18
47054.57
37228.69
27284.96
42251.01
38258.33
39509.87
35832.9
42106.73
44531.7
49576.73
40807.28
48447.0
38455.8
34756.24
42031.07
38480.43
45998.89
47101.2
39776.91
49650.64
35856.63
39706.87
42155.31
41002.05
37181.33
54622.95
34560.85
32161.37
40853.07
38502.56
40902.92
40879.77
47078.87
42178.55
41174.72
41097.62
35907.23
39533.41
48401.04
44604.47
56998.86
50679.09
33530.53
49603.24
44626.64
48425.56
38480.76
39755.67
51979.85
43426.41
38283.96
38404.61
38456.92
43624.97
50973.0
37279.41
46046.75
50776.91
42224.83
48401.64
43353.79
39826.88
43181.1
37254.45
44652.7
35957.17
43429.12
45952.99
49748.55
39751.56
35785.63
43256.4
41983.25
36053.82
45951.36
53156.82
40855.8
38481.14
52076.72
32063.15
45925.95
49603.5
45923.82
50999.62
47224.13
38429.04
42248.48
42202.42
49698.43
44701.88
43230.78
33553.02
33384.9
53155.35
44652.52
48257.77
50853.02
35857.85
42203.8
49528.83
55727.36
45902.33
55751.54
49626.61
59325.5
50825.06
48326.92
39702.14
45926.01
50826.27
34901.51
37277.66
34758.03
37131.7
42153.12
43474.46
42127.55
44581.55
42179.43
44409.59
37208.47
37255.99
48302.27
47052.04
38331.53
42107.16
35907.73
47124.89
27455.63
44581.35
40904.58
40930.44
43380.7
39630.65
49578.61
44752.13
44502.98
44655.78
34705.83
44627.27
34806.45
34632.34
32087.52
46046.91
33435.39
54624.01
40880.13
42251.36
54524.51
35932.25
27504.0
48329.47
50703.86
42278.56
41029.13
44750.89
39705.82
35811.59
43449.16
43500.36
47101.13
37304.25
34876.33
50972.66
44601.61
48378.92
32304.05
39536.53
54502.76
38504.66
36076.67
41935.26
42229.01
44749.76
48304.3
38429.03
39749.58
34631.3
50925.13
39752.85
52148.96
44649.46
53325.63
44479.49
43426.67
37229.68
34536.73
49649.82
37080.84
34681.79
47031.86
35956.19
56948.99
34704.93
44480.43
41101.07
42007.56
47127.14
56927.09
57120.44
48400.28
36964.45
36053.71
53156.99
47248.5
47055.49
39825.95
49627.16
40929.92
38406.76
42082.07
38213.2
45829.24
44799.73
43356.84
50901.99
44529.88
51022.13
43327.43
40950.35
50825.85
42008.84
43401.78
47224.79
48230.77
42032.3
48498.92
43307.1
34756.45
38553.04
40904.22
49505.14
38355.62
48400.41
47297.15
39556.22
43551.0
30934.14
39950.3
32357.91
40854.49
48301.55
50702.68
38305.65
54524.69
44556.66
49626.24
49628.1
29881.29
43403.32
40903.29
40856.7
38379.07
43502.04
48353.38
52004.1
43431.66
45902.81
42227.24
47003.4
39630.37
47152.17
34997.68
39801.25
36249.28
55725.69
50751.71
44579.6
54523.16
54694.79
41049.31
40881.38
48277.1
38524.38
48402.21
44629.95
41002.75
52150.85
43355.71
42153.64
49749.57
34854.18
40783.46
44606.51
49453.84
44655.42
40856.44
55753.41
41000.8
43304.41
44383.8
41051.25
44531.98
49576.26
43551.63
40976.59
52002.75
44457.88
34755.63
42300.15
39630.54
31105.04
44653.6
44727.53
47077.77
42177.78
27359.24
36054.92
48402.22
48398.73
39582.52
50777.93
47029.23
45756.6
35954.62
42081.37
48303.59
38431.7
38554.96
48229.36
39704.28
43427.14
52005.65
49431.74
48377.6
45926.12
39678.77
54648.26
48278.99
52053.62
44726.05
39510.14
37083.82
45756.39
47201.4
32328.96
43357.21
43477.55
43379.65
35833.92
48401.11
43307.04
40854.99
50802.52
38404.84
50826.58
44703.34
34659.95
55798.33
42177.86
37107.38
40930.11
52050.34
45951.3
47200.99
48376.8
50726.86
41051.23
43304.41
35980.42
40882.69
33288.62
50849.84
48424.07
35883.77
54599.38
37253.05
43427.13
47125.2
40929.45
47297.05
48278.27
45949.28
37182.05
44579.33
40856.55
43548.84
50824.07
37253.3
32280.2
32281.6
45826.84
43403.02
50778.89
37034.86
48449.64
43501.47
49626.49
42033.52
42057.51
37084.84
36006.29
34732.18
45876.88
49625.43
37179.39
43280.46
47030.56
38381.92
43477.2
40928.8
41025.77
42079.71
47078.98
48522.44
44628.08
34878.87
42104.93
47201.26
61971.52
48495.47
40806.73
42031.65
49602.0
44652.88
39630.87
42302.9
45802.29
38430.42
47176.38
39827.07
42227.81
48132.2
39631.86
47174.4
48302.34
40951.61
44507.64
49673.62
48449.0
44701.84
42275.4
44797.05
39677.42
28631.53
40857.49
42008.11
49430.58
36053.15
43400.82
45803.77
48352.2
47102.24
49601.26
42081.76
50775.99
50800.35
35954.94
44727.19
44798.33
30885.64
38625.38
43332.34
45976.76
37400.77
45804.08
45926.48
50703.21
42348.15
43523.07
39755.34
33553.74
42251.14
42182.19
48350.87
46957.61
33483.44
45877.36
38478.48
52050.42
34853.05
39826.21
40952.97
49404.87
39705.4
52000.65
48329.33
40832.91
42176.4
48447.91
42129.81
38454.01
40977.68
48449.34
44528.01
37349.84
35956.27
53252.58
52077.19
50875.24
39630.59
34755.38
44846.72
44871.84
39584.98
44605.07
44602.72
42152.68
53295.71
46001.21
39705.56
36027.31
39607.12
37180.07
52001.41
39702.75
39605.85
45900.05
39801.69
36052.07
37326.6
43378.37
38478.16
54647.33
43548.69
52199.29
37182.47
40833.11
42252.63
41147.52
38454.29
43234.61
40902.74
48328.47
41049.84
40927.98
57025.6
37302.14
34731.19
43308.71
38382.47
44385.04
39656.17
42248.82
38502.88
36054.53
49382.49
39801.81
47201.68
48302.2
58225.48
48474.55
40808.21
37229.76
33334.45
28364.98
44505.75
40930.55
47177.42
54452.16
43381.59
43427.11
48349.69
53204.93
52099.2
35956.78
37230.98
54498.06
42178.34
45852.62
39583.55
35883.17
50851.66
43378.55
45877.13
50873.11
40929.14
39729.33
47198.79
37132.21
46836.36
36125.24
38503.43
37256.21
43355.75
39752.01
49553.17
40830.26
50850.35
40880.96
39825.77
55776.58
57051.52
43452.36
48327.61
54523.63
36007.65
44727.91
42201.8
48474.77
45780.76
48255.35
43209.71
47273.55
42057.37
37255.02
47276.02
39681.91
45729.91
40929.83
44653.25
39750.89
46024.43
32232.22
36004.25
42129.54
45781.02
45757.35
39680.41
33505.4
40857.06
50922.35
39559.18
37205.94
44629.13
35906.97
42182.08
40757.65
34754.26
37131.71
42201.33
39850.73
45755.37
39923.95
37159.09
43551.61
52150.05
31275.29
32059.9
35979.68
38406.02
39705.25
39850.98
55703.37
42079.96
53254.2
43355.15
49601.79
53206.28
38457.4
42202.71
40880.74
39654.39
44654.19
38262.03
39705.23
44678.22
49578.33
40879.68
36080.28
38381.36
47198.8
48107.63
48350.33
49574.85
43429.41
41027.28
47177.08
44702.11
40806.39
35907.57
31009.95
41075.18
44626.81
37084.13
50707.55
52076.79
37059.4
47128.85
53250.78
36031.42
40879.96
44653.32
44263.2
49601.38
43428.25
41027.43
37350.81
34655.44
42201.99
41981.89
39582.06
44654.11
42274.44
37083.98
52028.34
45781.45
42275.83
44577.9
45755.16
37205.55
52029.18
38527.23
32281.15
39873.97
31178.75
44723.6
43526.41
38502.93
38430.47
34733.49
44675.31
34902.25
35980.96
47126.76
34631.66
38207.43
39774.56
39609.17
38330.61
44655.27
29929.08
53275.74
44604.54
44801.31
45854.18
47152.49
40903.44
47028.37
46979.08
34706.16
47273.86
45828.36
41052.09
33529.81
42155.38
50852.63
36054.65
42107.57
43281.43
44653.19
40881.39
38529.3
49553.36
44505.06
39851.48
48232.1
43330.89
45659.87
47223.28
47174.54
45973.88
52026.4
46145.46
48255.29
50777.26
42055.24
44653.19
43427.43
45977.29
40731.09
44532.31
31106.61
45756.75
39752.53
44527.88
43478.21
38530.86
42154.63
39656.38
40855.08
44677.05
36077.35
54501.57
43450.17
42107.05
44723.63
45927.07
61897.8
32254.07
42179.13
50948.67
47295.64
39629.29
49603.67
45781.82
48375.63
40929.41
49626.21
35935.09
43426.92
47154.05
52102.29
42153.55
59572.4
34589.6
50827.1
49501.59
47002.46
46859.36
42007.58
44432.85
50874.32
39583.04
45758.76
49550.24
34827.03
48303.71
42078.65
41028.14
45831.01
53324.03
35785.88
53301.31
35956.23
47130.41
35933.84
44726.56
51928.39
50804.11
34804.5
40834.6
47271.08
42205.39
48352.16
47150.74
40980.33
47174.12
51977.93
35979.05
44507.73
42128.85
50752.74
42132.28
37400.23
49429.8
45634.22
39728.32
43308.03
43378.17
43329.06
49698.63
50898.63
49772.64
31155.18
33504.91
42032.5
34731.02
45879.05
37305.39
31083.81
38477.96
49698.67
47103.22
38531.55
46980.2
50827.05
38503.67
50753.35
39704.33
42226.34
48596.95
42371.41
40953.45
33432.8
42031.6
34780.32
38406.52
45826.92
42127.54
37085.23
38477.86
48278.82
41003.86
39607.23
38578.37
43427.19
39632.75
45808.73
32255.58
37157.12
35933.72
44678.79
53297.58
43525.04
49528.07
50872.77
46931.18
33653.0
44628.23
50779.77
48352.53
54525.67
42250.78
43380.14
33556.13
42229.66
53326.78
50778.08
39582.46
38430.71
44653.73
42081.25
42107.15
50825.28
48304.29
38528.02
40979.15
41025.97
34612.49
45729.78
35833.63
42128.88
38284.35
50753.05
43452.61
42155.2
55849.26
48426.25
44630.04
37179.26
39849.93
44678.01
35880.38
38528.85
45925.25
49503.41
48327.26
37327.7
53348.22
37109.6
38407.48
42178.81
42153.22
42156.35
50727.05
43400.6
47200.09
38525.85
38406.01
54599.79
42205.23
29588.59
39705.13
43427.51
47174.38
39655.36
43498.94
48279.89
48401.27
42154.45
49526.6
45853.7
46074.22
39876.15
34754.28
24737.65
43477.91
40805.84
43380.72
44457.23
48472.95
39972.26
55778.96
44748.92
47077.98
42203.56
50776.98
42057.18
45779.93
49477.76
44675.58
44531.7
39729.41
46980.53
39706.25
40908.31
34661.04
38284.52
38383.49
48473.11
36102.11
38454.87
39607.27
54379.82
39558.75
37155.84
52175.08
32353.69
41050.26
37327.92
42348.03
38480.6
49628.87
49599.08
42227.12
48280.14
43303.03
43282.15
45853.14
44605.77
34874.58
43234.89
45880.64
47103.22
33556.02
40806.81
45926.64
51977.24
45830.37
44602.61
45949.62
38576.07
38355.64
42348.74
50825.39
40881.62
48327.89
38307.83
44654.07
33456.01
48305.05
50901.79
49723.53
39752.99
38307.53
39682.59
45825.22
38502.64
44701.9
33505.32
48352.57
55652.45
43355.21
48378.08
47055.53
39850.73
43451.33
40906.05
49697.04
34462.77
49601.65
40979.2
39655.34
42128.73
44750.19
33358.26
38454.13
53397.99
46956.74
47295.92
47126.91
35980.51
37204.02
44629.04
29830.81
48375.41
41051.24
43257.44
44651.91
41076.66
50725.66
48426.62
48374.84
48400.07
55679.51
40783.89
45755.81
37351.98
44554.69
40783.4
43625.08
44580.66
43377.17
40856.91
50875.83
43402.6
41028.34
40881.44
46932.45
42348.65
43477.63
47172.27
34632.92
41982.52
47127.31
33699.97
49577.2
37205.66
34682.56
39606.91
48449.15
39728.79
54476.03
42178.89
35883.25
41002.58
42154.11
39583.82
44699.31
52004.84
37130.51
39726.66
43258.55
33604.88
48427.69
44752.6
40881.01
41002.3
44727.32
40880.88
38380.72
45828.22
43378.47
43403.05
42155.51
47124.63
38309.21
40978.94
41959.37
46980.03
44747.74
43501.87
39706.73
29930.52
42177.05
42153.64
43500.83
47151.18
40833.46
30935.77
43353.68
43427.52
49479.32
54427.0
49624.8
45949.05
41026.64
31129.27
34658.94
36054.14
39679.37
44701.89
39777.43
42104.92
42202.81
34902.2
48280.0
49506.55
42204.01
50727.71
56975.86
40760.53
50752.75
45903.91
44650.11
48278.46
39776.77
37129.11
39587.84
43378.45
40879.57
42055.25
29780.98
39706.0
43185.77
36103.09
32159.66
38575.81
34632.7
42082.66
43645.98
47053.15
38309.82
38431.83
34901.16
40930.28
39580.15
33386.59
48500.63
35836.45
39825.14
39631.53
38405.21
45973.96
48472.53
42154.74
29978.57
40807.12
42178.76
43355.47
49600.91
48205.31
56949.26
37082.42
43279.34
45850.58
39706.09
48401.47
41957.44
38502.85
43378.6
37156.15
43478.11
43427.92
39751.34
45949.36
39827.92
42229.29
39776.28
38358.58
49770.58
38479.98
43355.51
38407.94
50753.8
43282.94
37180.65
45830.89
48351.29
38577.65
44753.09
42104.34
37230.72
32354.75
42152.32
39556.19
41026.04
39680.85
45951.92
44529.91
46907.54
36079.04
44580.14
53253.27
49647.62
38429.34
45879.69
39829.02
35881.37
44627.3
32233.19
39680.09
43356.71
48354.61
47248.39
43476.06
54648.09
43380.9
52073.09
36052.86
47223.76
49481.05
49528.01
38454.99
38476.62
38453.25
39582.65
38382.27
45684.47
39750.16
38455.42
38504.65
50900.34
47201.56
38431.05
50947.76
35955.12
38481.72
38281.09
35908.29
40930.36
48229.38
49529.79
50828.02
39681.37
49502.65
47104.44
46122.5
52003.03
34658.1
40882.37
34611.45
43205.26
49576.58
44603.76
34731.9
44677.57
50704.5
38308.1
34682.55
43452.02
38479.52
44531.44
47052.4
37229.33
44724.62
53056.71
33506.11
35957.44
38331.56
42227.16
38575.21
48302.49
35906.72
39729.58
48449.82
39703.48
42249.67
42054.85
35957.99
45951.97
40807.84
56975.66
44726.4
48206.92
47176.25
53250.21
51952.14
55922.28
40978.25
37348.91
55897.73
39682.01
46957.31
38529.21
43378.68
48327.66
38504.47
34633.03
45928.2
38406.62
46047.08
40832.13
48254.9
48352.6
45756.87
38504.75
52126.4
49628.9
45827.63
44652.13
43501.55
47103.27
47127.46
42349.66
43498.03
38455.43
39559.59
44602.85
39702.21
42299.94
39800.97
40980.53
39558.9
40926.87
39677.42
37276.07
37180.51
45733.12
35786.31
50926.23
40855.87
34778.86
42131.7
34658.01
42398.62
51977.91
44629.6
43474.86
44726.68
39704.31
44802.61
42201.04
40712.0
43332.5
35908.63
44580.78
45708.32
37256.82
33408.04
28508.71
40931.96
37084.3
56878.95
43329.8
41100.82
43258.06
42178.1
49627.97
44580.1
52218.95
51976.66
48353.0
43378.38
42176.71
43307.2
37229.88
41003.23
42278.22
36031.92
39680.58
39656.54
45902.72
40956.27
47028.45
36004.55
44579.57
45729.21
42178.63
44726.85
48329.42
32257.33
48350.82
40977.47
40929.15
40806.76
40733.57
37351.18
40855.64
40852.13
40906.25
38551.31
47005.27
38383.56
34779.93
47127.44
43404.01
38531.18
40734.5
46981.25
49503.86
52078.14
43453.15
50874.81
44628.76
33605.6
42130.36
47080.39
51953.64
45926.12
44455.73
32235.29
44531.25
30910.11
31005.35
43355.86
38505.73
37279.15
48251.56
34757.71
47054.79
34731.07
55798.43
49408.06
45708.37
45782.35
39655.77
44750.04
52153.1
37376.47
43356.1
43522.43
47248.19
32380.79
47078.39
42131.48
50826.58
42103.86
44800.06
36051.19
49626.34
41000.89
37182.42
45949.2
34655.85
33579.07
45779.19
46980.17
42177.35
44652.86
40977.07
44845.94
49747.51
39582.47
43306.12
32356.62
33385.18
43257.62
54451.98
48427.92
33408.86
42077.79
47276.21
34778.42
38382.56
33507.67
43331.26
36079.0
31007.05
42009.7
40953.51
40904.92
42203.27
42201.91
40857.54
33360.05
45755.64
36053.36
44579.46
46023.16
48305.67
39582.69
41983.45
45902.7
42106.4
45804.52
40930.67
57024.01
47029.89
40881.16
34708.69
30980.04
42250.78
48424.93
54526.1
35787.2
45925.26
35981.31
50875.4
37156.8
48450.98
47200.1
42177.23
43447.93
42080.7
38383.98
43502.47
40978.16
46021.65
29761.1
38430.79
33531.27
43405.33
48203.95
47102.27
36004.94
42206.35
44558.83
32231.47
38408.37
44776.34
44674.02
45925.87
51930.65
41050.35
47154.23
27356.91
37084.56
47029.84
42008.59
36052.65
40951.7
44531.57
38456.76
40880.75
45779.9
45805.66
48350.72
29854.73
43453.09
49627.65
40855.5
48324.69
52076.09
45975.32
43476.5
50754.9
49721.18
41074.34
40977.88
48230.65
34560.31
39702.89
42057.38
29784.57
38383.4
40781.97
37231.61
35834.96
37058.46
43623.45
52054.96
42058.0
43306.71
52100.29
47050.76
48446.83
38430.96
37181.03
37299.45
36029.37
49549.18
47103.97
47154.0
43502.19
45732.46
48421.64
43503.05
35979.09
42127.93
40978.71
50777.26
34638.49
47032.01
31180.05
42154.03
56853.01
39630.87
37229.27
47076.75
37304.7
46002.41
37231.26
48303.94
40858.22
43500.41
44725.88
42078.78
49553.99
35808.59
43427.47
42250.98
42033.13
46981.31
34733.42
44727.28
42130.3
43476.29
48349.88
50703.81
48350.62
50581.08
42375.23
52243.5
45853.47
37156.26
36054.2
55800.82
49527.32
37302.87
34755.08
37255.87
31031.68
41004.08
31079.58
42129.37
41003.31
38477.91
40976.59
44603.06
42156.33
45948.2
44653.43
36003.27
45997.97
48326.66
47126.85
43328.3
46048.65
48278.87
54404.31
36125.26
45854.44
43235.35
36055.77
33554.37
43186.4
45854.72
45754.95
53447.0
33554.95
49409.87
40878.99
48423.74
49529.08
49408.23
52004.18
43378.58
49478.48
43427.77
40903.65
38259.99
37204.36
37056.86
49600.62
39680.17
42151.62
49600.59
37275.54
40952.7
38576.08
40951.8
45827.92
53203.03
50972.81
44577.95
35981.34
43305.29
54720.71
43450.07
29855.62
45828.57
37182.85
50899.38
44579.81
42005.87
35954.49
42127.28
38530.65
45757.74
35834.92
40884.45
55799.53
40857.99
43353.73
34681.74
39634.36
54598.41
49550.69
44676.73
45927.24
48377.37
40905.0
49600.83
44649.67
43623.03
45804.67
35883.84
29807.24
50630.39
38355.89
47053.18
52101.07
40955.03
36007.06
49454.56
48596.32
38360.4
52050.78
44680.03
34634.11
46906.81
53202.41
40807.41
47126.71
34562.67
34927.19
50825.85
45903.64
38506.05
38551.02
48351.62
43159.07
40928.02
49627.14
45904.9
45927.15
38353.64
44700.55
53324.26
39655.22
34804.58
38528.91
41051.93
52003.13
52100.63
50874.35
38235.78
47177.66
35981.05
43379.53
46908.79
42203.79
54501.34
41000.19
58248.02
39704.27
53300.72
52003.19
29857.62
48350.58
43428.37
33433.73
42128.28
37156.35
55923.23
42128.57
50972.26
41074.37
44408.33
38456.46
41050.94
40952.97
36028.92
42226.08
45927.42
36031.19
54599.22
38574.71
49500.9
43503.52
43282.8
42205.52
33461.33
35980.03
59424.56
44579.36
56905.5
42321.06
47176.45
44706.46
38478.43
47126.79
39729.57
33774.06
44726.45
50778.68
43454.71
44508.42
48425.36
43355.27
53227.59
42056.37
54648.05
44534.25
47003.09
44697.91
45878.22
37255.99
49601.54
54306.62
42083.93
45606.77
45974.61
28413.34
50925.59
42180.32
37156.3
48425.68
36128.89
48351.55
43327.95
49601.62
45899.83
43430.69
40973.96
33504.23
49409.04
49574.89
37204.6
53323.58
40882.58
38455.23
44774.45
33556.15
43259.4
49528.21
46981.19
40977.66
46905.62
45804.42
49576.73
40758.98
47149.56
45977.61
42081.77
40807.17
40925.82
62046.28
36030.0
40832.72
38429.97
50853.97
48180.9
48400.9
50852.27
38384.35
36126.85
52150.45
39606.8
43378.05
44627.49
49480.75
52025.73
30836.4
50654.44
53081.41
43452.52
40928.62
34634.85
53300.31
28483.35
53348.98
52147.67
50877.54
38333.2
43452.51
43376.64
35810.32
36052.92
48375.24
37278.95
39702.03
42276.42
45951.16
50754.65
37181.2
42106.18
29662.3
37253.38
45682.36
43403.65
48377.36
44579.93
29636.42
38408.14
47130.14
52055.88
32259.37
47127.97
33577.15
48375.62
48231.6
37182.12
29832.35
32279.45
41984.74
31056.8
44722.96
38308.6
38551.76
47151.02
45781.15
44702.12
41933.83
30983.77
48205.75
37327.7
42155.67
48207.98
43498.81
37300.63
35982.31
59595.9
42299.76
34537.55
44629.1
32329.97
49577.9
42007.52
40856.28
36149.66
39800.29
37350.15
43356.28
44676.6
55749.96
34582.48
39922.94
42155.0
52075.17
40905.96
38431.14
38600.95
39727.52
40879.01
47102.22
38576.77
39802.38
45924.71
45756.74
40902.22
33507.07
44678.89
47055.13
39535.66
43279.47
45804.64
43305.72
37230.29
42228.36
47081.96
47053.5
42204.86
33724.93
35787.44
38529.66
40980.9
45781.59
52198.42
55773.12
49623.38
49699.32
37251.6
45948.1
39458.04
40830.7
41003.12
43451.24
40834.47
41961.23
38355.52
39776.96
37131.02
49575.7
50828.48
24739.93
42130.67
43501.42
47027.9
44530.17
35908.9
39703.04
49552.6
42203.91
45805.07
43303.79
48206.6
51999.59
54426.98
45803.65
37157.31
38627.91
49650.59
48470.59
49601.22
45951.53
53301.49
40927.09
45976.05
38382.78
42327.02
49527.52
33408.64
44459.01
48449.45
53254.66
51980.49
40954.24
41001.52
38528.93
39703.44
44726.95
42081.87
48452.87
39728.65
37155.76
42127.81
39776.41
37133.36
40734.42
44653.01
44605.08
54549.25
43256.74
40855.84
44727.99
44727.69
38477.71
33555.74
40929.4
45924.19
43280.57
44775.79
51047.89
50899.81
44675.87
34610.91
37228.31
44530.92
42324.91
38358.03
49505.21
47175.0
39678.87
49627.15
43476.7
39678.8
45804.31
29977.83
48375.76
47151.48
34752.63
44580.35
39705.16
52001.92
37132.0
46979.74
46932.13
34705.65
38503.14
47101.94
43332.13
43575.18
38480.6
40926.55
47006.31
30983.78
40928.64
39582.48
40953.01
48372.83
43232.13
45924.87
37158.65
44750.6
40881.4
38503.32
44629.37
42056.52
47103.7
47250.94
40927.15
40954.96
39727.26
28485.26
49553.53
34802.2
55873.94
39655.79
40831.21
43203.82
39607.3
44654.09
52048.54
47180.26
39705.58
38308.92
35881.91
39532.28
39654.85
35955.02
42057.13
55605.31
40807.31
41076.41
38356.29
38504.47
39752.82
42104.89
40952.21
48351.26
40784.86
42083.58
43331.0
40927.6
43352.35
43232.42
44653.44
53301.15
42177.69
37329.76
39705.57
50703.51
44629.35
43548.77
48280.93
43526.92
29978.27
45876.11
35980.69
45632.57
47076.53
47276.2
41982.14
48331.38
45803.4
40903.97
39629.61
43281.66
52004.41
42031.89
49723.64
34754.92
44675.34
37254.36
40830.01
54430.5
38357.74
40976.82
47054.08
56901.6
50778.42
55822.79
44578.15
42080.32
37085.35
48347.98
44750.81
44777.41
45730.37
43425.55
49699.7
32331.45
43330.04
44579.82
39534.75
43353.85
48447.41
36028.25
38454.72
43404.24
48327.4
47078.15
35811.31
43574.16
43477.11
47105.4
37253.9
48400.46
28533.29
44751.47
34705.72
40929.71
45950.51
44555.62
37255.05
49675.43
48354.08
45925.28
43499.61
48255.36
42081.75
50852.52
45854.92
44630.42
32356.51
42202.88
45924.65
39657.89
45782.84
48105.77
39657.86
53299.79
39778.49
32477.65
48475.19
41025.78
48231.29
33361.51
43473.76
34755.28
36005.72
42277.31
49353.76
52076.79
33481.23
38260.14
35833.9
34682.71
41051.79
47274.39
33359.54
40784.46
48327.09
34609.52
47198.77
42177.52
38408.82
55822.84
54647.47
42252.44
37252.54
40905.12
38480.16
40953.9
44699.17
38452.8
42202.38
45902.55
39729.65
42182.68
41051.49
43549.65
43255.66
44701.82
45952.06
50873.73
40881.05
43405.35
43303.21
49600.53
43426.56
40831.62
37450.6
38505.49
42105.49
38501.15
30836.26
44604.67
49476.57
52076.0
50825.4
52099.32
49676.3
45904.5
40785.73
38307.63
43380.13
44530.93
38381.88
39730.57
44653.21
37033.75
59447.08
44482.54
29832.12
44527.85
45853.05
46929.32
47126.98
35978.95
44604.71
45682.98
49504.74
39776.36
35807.64
47175.54
33505.07
41004.08
37352.32
43280.07
42325.8
45854.9
37278.05
43426.31
49601.47
47127.64
50729.01
34851.43
48452.12
42202.26
38405.84
40978.14
52050.11
44749.36
27186.23
44504.88
41934.58
48303.23
46978.96
29807.63
45876.75
34805.16
40853.8
37009.7
44556.64
44823.75
43525.95
40929.0
33434.48
42275.49
37180.88
40859.03
54575.56
41025.01
51905.87
40953.73
45877.82
40807.54
36127.83
39630.51
43475.3
38384.53
45926.41
29758.65
46977.42
48449.05
39628.88
33653.65
38527.27
33553.29
43500.98
40929.82
52147.98
40809.78
42274.97
50750.7
32087.77
47153.02
33601.83
48302.19
41076.39
40829.32
35907.02
42130.79
37131.7
47198.72
48449.83
38455.15
50754.22
38527.01
39533.01
44580.58
43503.59
41074.85
45752.83
48327.13
42181.31
45805.82
40878.8
58150.83
36005.19
38673.99
39606.44
49577.69
38602.49
33309.05
36053.06
45900.52
42106.12
43451.15
41027.06
38622.94
45806.04
44434.34
53373.4
53372.83
42154.97
39578.0
42082.76
30984.69
40878.39
33235.44
49649.9
37327.96
35905.03
50827.88
39508.97
43500.28
39630.54
37255.46
50754.31
43427.91
44602.24
47006.66
43477.47
39557.49
32182.29
49577.85
52172.77
44459.17
44703.77
34783.22
21282.67
45903.11
39703.37
54502.01
50776.37
42082.57
40783.12
33458.95
46907.36
43429.9
48401.1
48402.71
42300.6
44652.7
43428.37
39582.08
38578.16
43332.67
37209.4
37399.19
39680.6
49260.96
38525.27
42080.86
44678.1
46023.39
47126.13
45852.57
45928.56
43379.85
49628.27
37280.09
41029.81
45853.87
49695.23
39633.57
44507.99
50948.77
49625.01
40782.25
48205.34
44725.6
39605.34
42178.49
37134.53
56975.08
42152.09
39584.06
40903.97
38403.9
40808.57
50777.53
42300.09
46049.56
49579.35
31006.34
54573.0
39777.05
43404.79
48302.46
43500.51
48329.85
52027.61
39824.74
39653.88
39558.64
44678.3
39654.0
32234.41
37329.6
44628.02
42131.61
38454.33
43331.18
44434.04
39583.95
44606.87
40929.33
42153.96
48256.18
44601.7
43282.59
49603.55
43549.21
44650.88
44677.31
50605.82
44627.09
39750.61
48378.44
35882.87
38479.42
42179.24
42202.82
37031.95
48302.43
42057.91
42033.69
35981.09
45830.15
40828.99
37424.85
53130.6
37303.04
35931.54
40952.28
52049.24
50774.31
38430.27
48278.86
39824.24
39560.86
50801.29
47127.89
35981.63
39755.48
33363.21
28702.32
44679.1
47004.38
40806.36
50922.79
48353.82
24737.68
32403.04
37107.28
44680.95
37228.97
48279.37
44555.86
37232.89
41001.11
48351.67
32258.18
47126.41
44579.08
40908.37
39411.71
42230.29
47003.39
34660.97
48302.61
34608.7
39510.07
53156.98
42180.91
45829.04
44532.33
39705.52
43284.38
42082.81
43402.71
29807.45
48132.18
38503.78
37010.6
34801.73
50825.52
43524.76
37349.52
45803.21
35783.36
44509.43
50801.52
47005.67
50900.3
43328.38
42276.81
47053.47
43549.35
45832.2
50900.96
45998.03
38428.82
39630.38
38477.55
41937.49
29832.18
52126.51
50873.19
44681.0
35884.81
38625.81
39607.67
45780.03
33602.81
53298.76
42055.95
48351.08
42203.36
49699.74
37302.68
28482.77
54575.54
43357.72
43279.52
38504.36
53277.23
37157.72
50898.35
39633.08
37181.11
38310.28
44677.75
39680.06
34609.35
48278.23
44604.49
45927.11
44727.69
53205.44
34585.57
47103.4
31033.22
53128.15
39656.67
37278.52
47128.66
34561.55
32255.85
41026.7
47030.82
50994.0
45829.37
38432.85
43452.92
33454.96
34806.77
44675.87
41099.98
42156.6
48303.87
50849.72
39679.59
50774.88
49579.06
48403.0
35907.16
49457.04
43302.31
46981.88
48180.66
41246.08
31033.63
44531.71
36077.31
37156.79
42274.02
53155.77
42078.88
39580.0
45754.66
45854.45
50705.86
37277.97
47151.09
40663.66
37253.32
47127.12
39630.76
37203.65
52218.16
45924.38
44604.0
37084.47
33605.41
44654.14
40881.28
44674.62
48302.91
37256.2
47099.86
45974.61
34733.16
32332.89
39656.15
38358.47
44774.26
50778.89
40809.47
37302.8
40806.21
35858.02
43479.85
40806.8
36077.83
36102.0
48377.64
49651.41
39681.2
40975.76
42178.0
37037.7
50605.79
35909.45
45951.91
34563.49
34731.01
42375.3
32304.93
47125.8
49675.23
52027.92
46904.65
48305.45
33435.38
42203.04
38504.27
52051.97
41048.73
52246.16
38260.97
50630.82
34779.96
37327.97
34683.38
38302.88
40880.03
50852.55
45805.74
47078.47
53277.7
34755.36
44459.12
38383.98
48278.61
40978.4
42033.59
34803.11
49673.7
50800.22
38480.8
33433.95
49403.91
37399.65
40784.18
40929.78
44702.8
44701.26
45852.9
37497.05
47125.99
45730.33
48496.69
34586.48
33605.14
37131.3
52048.07
42033.69
34682.15
38358.52
38357.45
35785.53
42200.03
32305.02
53472.74
52124.12
50656.88
43327.05
38378.37
34707.32
50852.64
34633.05
47151.21
37009.42
32230.11
38506.02
50951.13
49600.61
39730.31
47270.7
53374.39
50654.83
42326.56
40978.56
33361.18
57124.61
49404.88
44625.8
45782.2
49550.46
42030.61
43521.51
44577.98
37108.64
43549.52
43306.04
43381.6
42203.78
40734.79
54623.32
37132.85
34779.06
43403.67
45751.7
39627.55
47126.73
43380.86
36075.35
35932.67
45781.17
51976.04
44629.48
42009.37
52071.43
52002.13
44484.32
43257.26
45852.25
41982.95
33386.25
44630.46
39729.19
39752.65
47004.78
44776.18
42105.38
39654.19
39631.03
40806.8
54527.02
38357.58
48398.59
44557.12
35859.62
51977.17
38480.27
42179.78
42251.7
34703.95
48281.19
45974.29
44702.41
44652.44
40903.21
37303.65
35930.03
48402.09
48060.62
45686.28
48230.32
49577.77
42007.29
45880.13
39632.24
43476.89
38432.02
42057.41
38503.75
42225.32
43427.09
45977.03
44554.2
45756.35
35808.49
49602.71
44726.81
37181.39
35980.05
48401.63
47076.92
43454.42
36080.9
40857.28
32355.83
47031.05
49551.21
41195.43
43402.34
49604.33
43452.16
33605.66
50700.74
39606.12
46933.51
36080.27
37230.75
34487.24
37206.44
45781.54
39802.05
47002.96
43428.29
42230.1
39655.67
45805.92
42054.64
34658.76
42057.32
36127.81
42177.78
43427.1
33408.13
40833.18
38601.66
35810.48
47124.49
38430.87
52004.69
39584.16
43381.1
40831.97
43549.5
32306.59
40930.75
39680.0
40780.63
42203.54
37107.29
39511.38
39629.29
34608.92
42377.24
42275.29
42107.7
39777.26
44529.86
38527.6
40903.55
37377.57
51022.45
38578.98
40904.29
44848.04
46931.34
26085.69
45950.9
38652.47
42154.73
42082.13
39655.52
50826.52
48378.85
37105.83
35857.11
43574.22
48303.84
40879.77
32184.08
37255.18
41002.15
34777.1
45781.53
54626.4
37253.14
38427.7
52074.8
35957.37
54454.53
42103.55
43356.33
45831.36
39704.62
37301.94
33578.81
42226.91
47250.43
40853.91
42055.66
45829.57
38598.73
50921.68
32283.2
53302.5
34903.67
39754.14
49528.58
50827.93
42179.8
44699.74
40784.56
36054.04
50826.95
49551.81
50753.91
39755.67
38382.78
48230.9
40859.34
52195.29
43209.6
39410.05
37134.04
40831.3
52075.16
49554.44
47079.74
42155.18
40855.77
43208.43
54499.38
38480.01
44750.48
43354.12
42035.85
42103.99
47224.59
47276.21
49625.67
29636.63
38453.9
39727.04
37255.4
39800.0
37060.16
32280.12
38526.56
43452.35
39632.29
44775.89
52100.7
31030.46
52073.89
48353.77
43451.16
35882.18
37104.54
47200.85
47103.63
38383.52
37207.29
47250.08
44678.61
43428.85
42130.57
43377.92
34901.3
47198.31
46023.45
33577.46
44677.63
39851.6
32305.24
38599.9
38431.13
48277.33
35957.15
40905.03
43525.0
40976.97
27260.72
40928.6
33726.7
39604.47
34607.59
52050.74
40979.38
45854.0
43402.97
38306.43
41026.67
34683.39
45926.2
39751.06
40806.78
47101.38
39655.85
43502.31
33409.01
47249.89
43743.99
54308.72
42130.33
50848.72
45928.1
58224.13
42204.06
48398.13
40856.21
56951.19
50800.92
42055.96
39750.47
29809.09
33482.05
43621.97
51929.36
53321.02
44533.15
40830.85
33458.96
49771.25
45825.92
37083.43
35759.0
50703.63
39703.83
47129.22
40735.42
43429.16
52029.83
48377.58
54549.26
34706.37
43283.86
42128.83
47175.33
42153.38
30959.42
43428.76
38526.65
42030.55
36055.13
37229.37
45661.01
38406.44
27333.07
50680.35
43426.13
42252.2
43598.85
52145.96
40856.09
47027.46
45903.98
43452.01
42056.31
38429.45
38406.46
35833.39
37230.64
44456.98
41935.25
50703.57
40784.56
43381.04
39533.75
32209.6
42102.63
47153.73
44703.77
43427.79
47006.41
53199.66
40807.53
42299.23
48232.08
50730.1
37256.0
40659.15
43476.1
39655.53
39729.24
39826.68
42228.42
38455.14
42009.66
44434.32
34631.21
38455.07
42007.06
42107.04
31032.69
43257.32
37254.06
39656.1
49701.21
42252.93
37184.02
47153.02
39658.67
41957.11
48353.71
44749.9
45975.13
45927.57
44605.05
45756.7
33482.7
42226.26
40879.16
32256.39
46979.73
50851.78
55724.87
49601.69
53349.4
49553.16
48473.75
48377.86
51903.9
45924.55
35930.29
50680.49
45856.93
35810.96
43451.0
50875.3
54620.76
48377.06
41002.61
54332.01
44652.74
40881.79
47250.28
33502.72
43430.16
29880.25
39753.16
44752.68
47173.46
39680.99
35955.98
45805.42
43354.81
48449.18
34705.5
36028.66
44578.1
38624.77
32379.45
43329.92
45901.96
39703.0
42106.21
50753.2
49430.46
48279.06
41026.92
38358.28
43379.23
33604.52
40952.81
53253.12
39802.1
55725.83
39727.15
52197.4
44554.85
44701.58
41957.76
45977.52
40955.38
40979.15
44675.35
39632.04
42178.38
45829.76
48401.52
39579.9
49553.24
40883.06
45610.22
45974.51
44777.14
39605.78
44677.25
35981.81
46979.56
31057.48
45974.54
49505.55
38405.17
48307.8
52053.76
34754.0
45975.09
47153.43
60699.6
44875.04
35810.17
38552.81
40926.37
43355.56
53250.44
47153.61
53324.27
48253.77
43377.27
39583.64
44602.76
53399.27
47201.3
52174.77
49453.21
44504.83
49701.68
49602.68
38600.21
45903.51
47129.68
54524.45
34704.89
52099.78
44725.82
46982.5
46982.28
42298.96
34562.01
32379.5
42128.27
48424.21
45780.49
38430.34
45806.4
37155.79
39753.91
44581.74
34535.62
43256.55
39460.99
42057.22
35785.35
45851.06
49505.52
34660.34
49627.78
40878.87
48351.52
49528.08
42104.27
39556.74
36126.13
47176.56
45805.53
42129.92
47297.08
39706.47
43524.15
43380.08
43208.66
49405.37
50998.51
45854.28
34728.2
41003.32
42206.93
44823.06
42297.8
32134.75
43352.5
32403.35
33531.76
43404.58
50924.81
33384.6
38455.15
39752.88
32331.16
48422.55
43475.27
48324.37
38525.33
38431.93
34560.18
32281.0
42079.49
47250.65
48572.73
39852.77
39849.91
47224.22
40831.54
57071.1
44530.06
47199.31
45805.49
44627.08
47007.18
48276.39
53204.28
36102.25
29734.85
45850.26
43476.94
28557.28
36053.91
54546.98
38578.23
40953.03
45853.81
49820.07
47201.78
43302.5
37108.5
39731.01
39802.52
44579.49
42248.04
37229.0
40881.65
38453.41
42228.83
40756.68
38284.32
42228.98
39533.72
47346.48
42253.45
43429.48
39753.22
43282.09
43279.33
43331.11
49599.55
49599.33
39556.9
31079.71
45902.22
45902.37
28534.18
38407.55
38309.05
50774.57
34756.26
39532.74
42203.9
38355.49
49700.56
53301.69
48352.06
32352.82
48302.63
39583.18
54426.59
52102.43
38283.28
42348.58
38334.58
47078.73
43448.53
29808.27
48401.79
43355.19
52002.67
39924.43
34753.73
37276.75
40880.64
44555.75
44726.73
42181.17
39726.99
35908.71
37350.78
31178.46
40832.64
49430.96
47076.39
55823.03
59621.33
43331.25
39653.4
52099.09
37179.71
44750.53
36002.79
46002.15
43549.44
48277.63
43525.47
44653.46
39726.85
48378.43
35932.04
40881.32
36077.06
42080.46
34830.82
33508.56
39559.15
39851.62
43304.07
54649.1
44726.55
34778.28
43329.5
39580.55
37253.99
32354.16
47005.15
38431.3
38261.13
39802.43
31008.19
38408.12
42299.95
37105.52
50924.77
37157.03
37299.94
43305.39
36004.57
38506.65
42007.85
36273.49
41004.59
43545.56
46957.14
45852.0
38622.8
49579.68
33649.91
45855.12
45949.5
45997.91
55775.79
39633.59
44653.36
39728.85
44675.38
48547.71
40834.69
42127.62
40955.28
38555.84
52077.36
47078.2
47273.36
47224.51
47175.31
50678.72
50628.14
47077.41
37132.63
47126.78
46048.94
54549.94
31056.09
57074.6
38529.0
43430.91
47104.47
47196.79
38501.2
38359.36
47101.8
44555.49
42324.69
40731.84
49506.51
47223.37
42057.0
39705.41
44797.02
40856.77
42103.4
39436.07
54500.23
35885.07
44581.48
49550.42
39484.97
53254.85
37131.78
42153.84
45831.29
49553.83
39581.43
40881.54
29904.19
48303.01
49600.4
58298.57
40807.18
48255.26
49602.83
47173.93
44847.81
43011.59
55726.68
43403.83
36001.29
34728.9
34705.81
34680.11
50753.44
60794.6
39657.08
48253.32
36026.79
52075.88
41960.11
42033.3
40975.85
38188.83
50705.89
47271.11
46048.78
28582.96
51978.55
44726.03
49528.77
38359.12
33408.87
43354.05
44481.7
43328.23
44722.68
48252.3
40929.36
38453.17
40808.32
54477.31
39751.25
32309.06
43380.14
37400.29
37181.08
39702.26
39604.47
42130.99
50754.1
45950.4
38404.74
38624.25
50776.09
35690.22
38403.56
43354.82
42253.24
35785.36
36051.49
49674.6
42150.66
47080.24
56901.11
40832.83
43283.02
40954.68
49699.89
44482.84
47125.51
38334.62
39655.5
48402.04
40999.27
37204.9
42103.48
43281.56
29637.5
35980.77
39801.63
43379.39
36102.05
43309.2
48474.61
37132.07
30983.76
40904.08
53228.37
49722.9
39582.59
39679.38
39557.57
44705.18
40832.1
50802.2
47102.16
38477.8
47029.07
49554.27
43452.87
53276.57
50873.1
51999.86
37255.84
48427.78
39754.47
38430.89
39730.13
39657.1
35883.78
38191.48
44628.55
47152.2
43332.65
46047.33
41002.41
47175.3
39605.94
46023.07
47003.12
43498.95
49700.26
48376.62
37135.03
55820.68
39799.6
44655.93
29708.8
53302.27
42078.92
32453.34
37155.56
42226.13
45975.34
39583.86
42130.96
43158.27
50754.15
43549.26
44653.9
39703.77
40928.83
48280.19
39708.87
55602.94
42228.9
47201.27
45930.01
47149.62
43304.56
44725.94
37254.68
44748.81
42226.62
53349.44
35979.97
45707.55
33455.35
39971.91
39654.6
48399.51
45780.15
34756.87
34707.33
40954.01
34679.94
38407.75
48327.84
42228.08
44481.7
39897.73
46977.59
42277.89
43429.41
40855.07
43429.97
35934.18
37085.21
38257.68
52121.19
49574.57
43453.52
34707.58
39800.08
45952.8
38357.44
42010.21
42105.99
35957.81
47103.08
50653.89
44679.12
54476.01
34851.42
41027.76
33824.12
40829.61
49650.11
28486.63
38479.55
50947.46
52074.82
43475.95
42179.53
53423.32
48427.33
45952.98
35906.18
40733.46
43453.63
59645.71
47028.44
44433.15
37108.58
32185.07
37157.58
45901.71
52078.74
45853.77
40808.37
34754.47
49600.69
31128.58
48401.83
33481.38
39729.15
42202.64
49576.93
44678.46
34633.93
50827.8
45952.17
43329.07
50875.95
49505.45
40880.71
45952.44
39803.44
43403.49
42155.12
49700.48
29856.93
49699.26
33409.13
47029.16
42299.88
48253.47
40904.4
52028.45
48305.09
43429.59
38405.0
42127.61
45829.42
49675.44
54696.14
40955.48
51929.87
35931.99
43330.61
42152.79
53251.54
50875.85
45804.76
39800.45
49550.89
38477.03
40903.42
45803.57
44749.02
48350.42
39631.34
47078.21
51953.92
37037.04
40928.22
45830.13
47102.39
53326.6
40929.26
43502.15
44680.47
49695.92
45950.07
42252.76
42103.43
35981.68
43379.36
50876.61
38506.78
40976.98
45779.45
47126.29
28509.87
45830.43
43404.65
41076.75
34681.99
44823.72
47104.68
35956.43
49528.77
43475.9
29907.18
44577.58
40978.62
37205.67
39582.35
50971.54
43232.34
39606.75
45929.35
43452.27
43452.33
45974.66
47153.54
44651.4
50800.81
54478.34
42251.27
42204.48
44384.92
39630.8
47006.63
54503.48
52099.53
38457.26
44459.25
38526.01
39728.62
48400.42
38647.51
42229.22
37302.49
31153.23
37204.83
29783.41
44701.86
38430.88
50707.11
57121.2
44556.34
45853.58
45755.7
43332.56
55726.48
32160.27
42130.59
43404.1
43402.88
55969.06
40683.58
39585.19
50727.77
39703.19
37304.06
42105.2
42105.08
40953.86
39727.84
31081.93
49552.06
42155.48
49355.91
39728.48
54647.95
40857.1
44677.94
39704.69
40878.86
43426.81
49409.46
43475.56
40662.32
39606.34
48182.69
34680.73
49504.17
40734.66
56926.39
32280.53
44677.08
40928.24
40686.75
43355.86
48205.33
48353.83
33534.15
39630.29
44651.43
37233.17
39826.32
48522.38
36053.0
44720.98
55750.28
37326.31
47102.23
32208.22
48278.03
48326.05
43431.05
45779.06
38360.44
33528.26
42228.28
50948.13
40977.92
48400.65
39414.48
49672.89
39534.59
48254.27
40880.92
35812.43
47154.19
39802.87
47274.5
34631.71
39656.52
38403.54
44652.83
42152.07
44434.11
40926.04
50681.77
47251.92
40982.68
37111.64
49555.36
34804.1
46931.76
48327.81
52049.68
53276.76
49626.87
39750.9
44579.7
47052.99
42176.68
37424.7
39656.65
48355.17
46049.74
49773.97
47003.68
47251.56
47272.48
48399.05
44701.02
43258.07
45805.05
43281.89
44727.46
44531.64
39729.32
44605.23
42203.98
39656.28
36027.68
37206.14
39556.5
42078.03
49723.91
50728.81
48301.86
48474.05
44459.86
48305.18
32209.31
51999.38
42177.27
45925.7
45804.06
37207.22
45880.52
39485.5
48399.59
47152.28
47124.03
44579.31
47176.8
41123.35
43403.54
47006.92
38309.45
46073.43
45826.67
47175.1
42132.3
45852.52
45853.58
50800.75
52147.9
39654.57
34754.43
42107.08
34705.91
43427.44
32327.05
45975.51
39705.41
41984.7
42156.54
35808.98
36052.65
42128.58
47028.99
44726.64
45926.59
51906.8
46048.61
43475.62
31032.52
41985.04
48380.56
52122.32
51956.5
42326.61
44749.46
38601.56
45925.68
45611.0
35739.07
39657.45
54623.31
47006.63
39583.64
44607.37
43624.82
39754.71
45777.68
45854.2
42178.17
47124.53
37207.79
38528.28
42251.0
52244.84
42080.17
35903.81
33482.41
49603.43
56756.06
47005.02
44653.02
46046.74
38310.34
45874.89
43476.06
48328.05
45949.32
53298.66
48376.47
44506.17
34732.89
48353.54
42153.4
49574.29
43451.74
36028.12
43304.67
42300.68
44483.0
40978.32
40950.96
45684.11
37230.2
47009.42
51831.12
51908.04
34780.06
29684.06
41908.78
42252.18
37084.09
44630.13
44602.26
39727.74
46930.06
37449.24
51019.35
29905.7
38432.42
42058.62
49600.18
44726.8
29634.39
45974.33
48377.29
42154.64
59619.22
32282.4
41003.98
42228.86
46981.44
50727.06
47272.96
42251.26
48277.69
46028.05
47176.19
45877.46
49601.61
42031.21
40902.15
38309.6
53326.14
52002.9
33603.58
48305.21
38503.86
34758.09
41073.31
45900.19
47099.93
48475.18
45903.19
49504.79
39532.29
49648.85
50827.81
44747.83
54331.88
35860.35
43401.95
45829.3
39727.87
48350.63
39676.7
40907.5
42300.23
39754.7
50851.46
44555.33
34708.45
44676.68
38455.89
50779.11
44676.07
44630.7
39657.86
37205.36
49528.56
44481.9
37401.3
37350.58
45903.39
44581.62
46837.17
38450.22
57095.74
28584.57
48373.81
45853.47
45828.52
41889.37
45805.21
42348.66
37131.78
36004.32
48255.3
39533.97
43329.73
47103.85
31008.73
48329.5
46931.04
37351.49
38603.3
43650.55
40904.57
54405.23
45804.35
27160.63
42179.96
39629.6
39778.37
44579.03
43209.64
34778.34
38381.89
38430.32
44604.52
43379.69
42131.0
34609.69
44602.88
41984.19
37233.56
40978.76
45851.87
33481.45
43256.76
44749.56
46980.81
34877.28
35957.15
29782.9
43376.41
44626.47
45830.43
54355.3
42228.13
35954.56
33435.37
44580.7
44749.8
46980.1
58101.77
39730.38
39777.07
44578.16
47102.1
44551.83
36056.11
49505.97
48497.21
43379.38
39604.87
39776.58
42009.74
37279.4
49748.65
37182.7
39680.97
41074.66
47102.95
53230.58
47176.35
43401.96
45876.38
41026.21
44680.12
40784.39
45974.64
37157.19
47003.73
42155.12
37328.15
52173.64
42231.54
37109.09
44751.27
45952.84
37228.49
34608.2
35907.4
33532.05
47173.86
45950.67
38503.82
33456.5
46049.25
44557.59
40807.6
42325.52
44673.94
31154.64
38599.83
47150.21
45779.56
43280.81
45831.64
52149.91
45975.89
44652.97
41960.36
40928.3
44750.96
38575.78
48301.18
47053.12
44728.98
43427.13
40807.75
49356.49
36054.6
43476.88
36101.9
45755.09
35857.3
49674.34
37202.37
42226.54
42178.38
35981.69
40858.5
44626.21
37327.81
41099.81
46025.19
50729.17
47079.98
41074.1
45781.46
33580.47
44727.95
37109.37
48349.81
54526.97
49576.4
38333.69
47081.03
35810.4
44677.65
39801.28
37425.4
48231.72
45851.7
37010.56
37180.65
39584.41
38454.72
45877.92
39628.97
37084.28
39684.0
34803.35
39584.98
49601.19
37205.39
43425.12
37278.01
38358.84
42103.26
43429.39
30983.39
45805.91
47274.19
47201.69
42277.91
39581.24
45949.76
47053.3
44678.32
40978.55
39631.42
36006.06
31225.13
39632.26
38333.4
44529.37
33410.65
45756.27
38504.53
34804.8
39678.05
43477.43
48401.03
50753.36
39726.38
35880.45
37205.54
38552.15
39727.72
42033.03
38432.2
33479.57
42055.73
50777.54
47148.55
50875.8
48326.4
45929.99
38579.0
39678.83
48229.92
48180.65
42180.89
37108.27
39607.76
51882.24
37060.37
50949.89
30935.07
48254.92
39753.23
47225.29
43427.38
44654.63
43479.45
35784.1
43404.67
38408.02
34659.73
35956.44
28461.91
43645.72
38480.15
29758.72
47003.2
38527.18
48445.69
37181.14
42105.87
39656.17
43475.78
32209.31
49504.2
42007.63
49675.51
47027.54
49506.37
43623.56
48377.83
45830.46
43452.81
32257.5
43452.13
56928.4
42181.4
41051.48
47102.7
47104.71
47223.74
47079.23
42252.4
52026.44
38578.22
38429.08
37182.01
45902.24
37204.15
49651.67
35785.1
42252.46
34877.98
40784.98
38378.79
42103.53
40903.64
53303.5
53273.55
48498.17
47077.57
34876.96
32306.18
44628.92
46931.17
38286.62
50925.73
45854.16
43378.97
35882.23
43574.02
32061.67
38479.61
38552.38
53371.71
42251.97
48303.66
47005.65
49627.5
48354.09
39655.86
42180.48
45876.3
40854.13
40953.08
50556.47
39657.57
42374.15
38405.85
42128.61
37353.2
37253.87
43381.26
38503.52
35810.17
43208.34
48328.44
49650.03
38310.48
50727.18
43427.62
49527.08
37376.03
42251.41
44602.97
48473.4
40955.28
36005.92
38455.66
42225.25
33626.13
40909.32
44674.66
44580.44
42203.38
57074.12
43400.05
44579.56
43356.17
39557.46
38357.32
47199.69
46980.85
45902.71
38382.18
32328.73
39606.68
50850.8
49528.36
53423.37
37179.57
38455.48
35905.76
48402.39
37107.45
50803.42
42082.35
39752.1
48378.7
44728.56
30835.43
47079.78
49575.13
49602.54
48400.85
52026.77
42155.07
29759.33
41026.89
33506.44
42250.99
43356.3
47004.75
32329.27
48374.5
40908.94
40931.18
40784.02
40929.02
44605.05
54574.16
44628.88
33433.73
47201.32
43352.95
37276.87
42152.83
54576.5
38259.32
35934.42
54500.31
49528.29
43548.92
49599.37
53472.04
47150.0
43428.86
42104.87
44531.47
45926.48
49382.83
44796.98
40689.02
44653.92
55727.71
48229.01
50824.24
48280.34
42178.81
41051.04
43428.99
36006.58
35883.6
52125.56
53448.37
53448.89
46932.99
40907.65
32283.16
44553.85
52024.5
49697.3
39823.09
48353.16
38603.05
43549.6
37106.59
43258.07
39559.64
41002.53
49625.85
43329.7
42253.95
37256.8
31203.61
39875.85
48472.06
44629.17
43403.04
44697.58
48255.11
56951.58
50757.02
37034.51
32060.31
39653.12
44554.36
41026.49
42202.32
47104.13
49479.55
46858.83
42250.91
39899.72
34731.49
45999.17
39778.68
43600.87
49601.23
32380.75
37182.86
40903.33
47224.85
39460.64
42056.69
45854.3
36152.16
37276.17
34805.69
35859.86
34804.52
42055.43
48449.51
34852.36
45925.96
32234.26
45978.9
42126.97
33412.77
59451.13
39704.43
42105.33
42298.85
43279.31
33407.17
39583.77
40879.68
39729.92
31032.12
49698.54
34779.37
33529.59
28582.46
37133.97
43377.87
47102.37
47200.03
43257.53
41077.96
42032.03
37157.02
33480.95
43405.31
50921.92
40980.81
40855.65
34730.39
46070.04
47149.0
48401.68
39683.17
49580.6
37057.3
48399.57
30957.26
40931.57
38503.04
33431.18
49672.97
53324.89
40807.34
46983.53
38431.68
49625.1
43280.2
50655.18
48276.98
40975.29
39729.92
39704.7
52003.92
45853.42
48424.04
44799.69
37228.47
53153.41
40955.0
49723.56
33480.89
38357.97
55627.44
43332.51
48520.36
42153.96
38358.29
43476.02
42155.6
38406.39
42035.51
40883.59
48399.02
48254.97
43573.49
40781.54
38529.75
34609.1
53374.22
44627.3
45977.0
50631.01
40709.85
34684.33
45928.12
48205.45
32209.27
43306.36
35858.74
47031.1
33578.05
42348.42
47225.45
45826.45
39750.41
42029.93
52027.57
50778.09
42030.39
43623.72
35811.15
38551.88
45879.86
38237.59
43355.43
55725.97
45850.59
41003.17
42005.92
45853.4
48355.94
48351.02
42202.01
38381.75
36055.47
45901.58
42031.07
38406.01
50901.22
45901.46
35810.12
34803.35
39875.55
43452.81
45636.09
41026.74
40877.97
44554.52
39655.22
43305.56
43500.13
48425.99
45873.73
49480.68
48327.06
53424.98
36153.09
49622.82
47175.74
50584.38
47081.17
43501.75
46981.81
46980.72
38602.07
42129.68
47150.45
50897.93
39631.44
41026.08
44654.27
43354.7
42178.18
50848.51
48474.51
45756.55
48279.4
53399.17
37278.93
37205.76
46983.28
43476.81
38527.08
43404.01
42300.31
48352.66
47126.48
49624.45
44627.57
35859.06
32063.5
44629.02
42058.3
38430.98
33192.49
53274.22
34706.72
50728.44
53277.91
43428.71
45851.08
37280.35
37180.66
50898.72
40879.82
44722.9
43354.42
39727.85
43426.59
53227.1
47273.32
34781.36
38358.05
48326.55
42205.08
42275.37
43232.83
28508.77
37203.68
43548.46
38603.21
41026.12
45873.66
44502.93
39875.31
37326.62
45853.17
42105.17
44823.12
39606.94
43161.21
54598.17
43330.41
38479.79
52000.68
37302.89
45657.76
38457.56
39678.58
45804.49
32233.48
45997.68
52076.64
42132.66
36028.92
48352.46
55630.83
38429.42
49454.72
33384.42
43378.34
38407.74
42204.92
50875.74
33456.28
50878.16
42129.08
39486.04
41001.16
36026.04
50799.14
48524.86
40880.35
41027.35
45805.07
47055.36
49600.38
33579.79
40882.37
54526.54
37182.08
42178.43
55774.31
39703.8
51930.54
38625.75
43356.16
52001.7
32159.64
40953.14
38406.28
36029.27
53274.58
39556.63
37206.9
37084.57
34585.85
55798.98
44653.08
45851.28
50775.27
37280.02
48375.35
47176.47
52025.11
33287.46
44651.82
47078.37
42179.08
39658.13
32110.25
42152.76
50899.5
39655.73
39657.0
37328.18
42226.28
47055.15
44823.71
43307.03
34707.58
42128.41
38286.85
37252.56
45950.87
41025.73
40978.42
43431.11
44605.14
43523.08
45708.84
37282.62
39727.89
59474.35
45783.83
43500.17
43427.55
42200.97
49528.71
46933.05
49550.48
35931.32
40808.5
33628.55
39633.8
37230.88
53251.87
40976.67
47201.27
58225.2
55677.71
36076.98
38357.81
48451.86
41051.26
40855.78
40709.21
43548.72
45900.81
36005.61
44576.81
39778.61
50875.22
38553.24
41957.7
44777.04
38649.85
40903.8
38405.36
35886.79
48474.66
49526.57
43382.94
45803.71
48376.54
45829.41
48205.42
38382.5
47127.12
37133.04
49601.26
40977.05
37230.59
44534.14
60798.45
48472.9
40857.83
50801.42
43209.03
45904.0
44580.98
42082.65
39779.39
44703.95
38429.15
46024.0
51855.95
44679.35
45783.32
38455.55
49482.82
33604.52
45952.39
37253.56
48401.2
45780.13
50728.52
37207.12
49774.03
36175.38
45852.86
49721.4
41957.25
43354.35
54575.83
44532.33
42153.78
33357.78
44697.48
38551.61
44750.06
39633.07
50732.33
46074.78
47198.06
38454.72
52122.78
37349.75
49818.2
50825.73
49429.77
37401.62
37253.39
53301.38
49724.02
42106.0
44774.06
45828.08
37253.25
50898.51
49675.9
36052.71
47029.82
48375.55
32111.0
44678.15
44627.4
50803.17
49478.3
48351.05
44653.15
40906.96
35979.81
32185.06
39607.57
42127.86
38503.0
35907.51
43549.22
42129.31
36055.42
48499.98
35932.07
47079.37
34802.65
46834.93
43379.29
47054.93
46931.7
53349.97
43451.21
28409.93
48229.73
40830.8
43695.09
50852.16
39655.38
43207.34
40831.4
53448.85
52123.91
34659.3
50776.64
54622.64
41001.95
49355.87
32378.57
37325.67
60550.04
37376.72
46979.8
42081.94
40881.77
41959.58
43426.87
49552.36
39731.54
47030.32
32331.51
49773.42
49600.24
45756.51
43399.96
44529.09
37326.02
43598.26
40708.77
48278.04
32206.23
47102.98
38480.69
42055.15
49526.9
36029.79
53398.38
39803.16
42130.43
37083.88
47127.62
37105.45
43380.4
52127.69
38502.23
43331.66
47078.47
48473.03
34730.59
48448.8
40980.87
54672.96
44556.5
43378.66
52195.02
47055.31
42346.88
39560.45
43086.79
47055.08
52175.98
45951.95
41909.94
48351.4
34732.2
45997.63
48423.6
39535.18
40930.14
37275.76
38501.72
38528.46
43404.52
42300.21
40954.91
37158.0
54502.89
45781.97
50728.78
40733.06
34729.95
37108.6
32353.92
40930.81
49602.8
48303.13
35809.64
35956.95
37060.79
52002.66
43281.71
33407.54
37059.74
55748.91
37227.85
42009.4
55700.65
37230.06
50850.17
43403.16
47056.41
45951.32
48402.51
34683.92
44700.24
40857.83
37010.06
45731.98
38382.83
31057.35
42253.92
44407.94
42129.61
41052.03
32353.25
38331.79
36128.15
39606.99
50827.58
38333.39
38428.97
39653.04
52053.96
49650.41
45829.75
30911.54
58176.04
41026.5
42153.65
47153.36
34729.82
44725.99
36985.54
42201.89
42203.12
45878.85
34634.81
29708.97
48500.59
38286.59
48351.64
34558.08
43453.99
50851.14
48182.95
33433.26
52096.55
43230.89
52076.35
45733.02
47053.14
43330.14
47274.91
39559.04
31005.26
50776.75
43210.77
47201.36
39635.3
38504.66
43525.55
44677.42
35956.82
47030.98
42274.1
47030.31
45926.61
45781.91
44532.4
38550.99
43454.28
41026.54
37301.93
33361.16
46073.04
38432.5
37379.81
43450.82
47004.34
36102.71
46907.89
38429.44
39582.46
45877.41
43429.82
36055.07
42176.44
43451.13
51927.06
39779.55
44679.65
45903.58
44604.64
38429.57
44577.29
49359.08
33507.88
49602.35
45830.76
43331.48
39827.73
45928.08
36005.44
48305.31
39681.15
45854.54
38331.43
44652.94
37375.24
39899.78
47077.23
47198.65
33459.39
45924.64
48252.43
50801.48
46981.37
35978.75
38478.76
35810.27
49383.61
44653.4
47199.31
36078.14
42204.19
52100.79
42223.34
38527.89
47101.96
50730.11
58200.3
46980.71
44506.73
34704.43
41000.04
53253.35
43451.47
41002.67
46118.73
40806.78
40880.11
53301.84
31080.34
47030.93
42323.86
41025.75
51928.65
43306.6
38503.43
48206.13
42177.74
39826.26
30983.17
34706.2
45905.54
42228.24
45805.54
45732.11
42033.33
52198.22
38260.17
33774.31
48426.73
48328.59
41076.33
36027.12
52025.44
44776.6
37252.17
37159.2
49504.75
43477.81
44749.49
44751.44
30815.09
32282.36
38408.4
45757.64
50849.44
27283.59
38209.78
55898.1
43306.9
48327.99
44410.94
52125.86
44555.96
37132.98
34755.62
48572.55
39681.62
47200.01
35883.96
29732.04
39557.83
38528.93
33528.75
37203.83
43281.89
44847.19
39826.57
37010.31
40927.69
43547.58
50730.1
45952.25
40979.15
45973.14
55777.49
47127.58
42252.86
40908.42
40904.61
44678.18
52051.39
39556.67
42177.74
40832.12
36029.43
43302.5
50972.66
44701.19
39728.27
39682.35
38259.87
44800.06
39727.4
42030.32
47152.95
37229.79
47006.99
31084.04
42132.19
40735.73
42156.36
42227.45
44699.82
46026.2
47174.23
44626.74
44871.77
54451.4
38433.05
49626.39
42373.87
42227.41
38432.44
34707.25
50703.8
39875.88
34608.52
44628.51
63175.5
37277.92
43327.84
44653.52
40784.02
36029.41
43378.31
37106.22
52048.38
45973.25
37085.48
34730.46
44652.72
37207.3
49579.11
38552.73
39848.54
44703.04
42154.07
34853.05
39657.09
44726.2
37354.3
44505.19
42055.72
44676.95
48179.13
45976.2
43426.7
45950.48
37132.1
44407.56
39584.22
39707.36
38330.92
29929.47
37109.73
33459.35
43599.78
43475.31
34632.8
48543.33
51954.3
37349.85
54331.5
40928.03
44626.47
45827.36
42224.49
52027.58
39608.61
36102.51
44530.48
45901.45
50752.39
43381.18
47223.82
36031.28
45852.67
49603.35
35860.37
45828.78
43475.51
33484.25
43453.04
43281.39
43403.91
41076.65
42081.83
38600.46
42229.78
54551.59
49578.09
39729.67
41050.78
45853.07
45904.62
42201.9
49531.77
37205.52
38359.2
43452.65
49603.14
45827.58
39652.69
39753.4
35784.31
46121.31
43452.95
43502.81
42056.02
42253.83
55584.29
27306.07
30786.97
37251.84
42226.91
34853.55
44530.47
38307.04
42152.05
45953.65
47053.99
50727.43
40929.59
44580.61
37180.01
44700.13
43526.96
44676.81
49478.88
33553.32
45975.01
39532.43
38552.59
50705.15
50873.52
38478.02
35907.04
43454.03
49772.62
35931.62
33482.86
43281.9
40858.53
50730.84
33507.6
46980.72
50897.61
45634.11
50898.3
43456.4
44554.18
44606.59
47101.9
44627.68
42057.71
43405.39
47101.98
39728.57
27333.57
46048.61
41984.87
37253.54
40953.6
38429.76
47274.4
40781.63
43330.25
48379.31
45854.7
52001.21
40810.37
45972.9
42178.2
39701.71
40683.99
45758.76
43402.73
50825.57
41001.64
42130.5
49552.14
38406.45
49482.48
29807.11
38453.13
38621.96
43526.17
52296.79
49771.99
44531.17
32255.15
44727.82
47150.04
39607.45
47030.32
48303.82
36105.44
30935.05
42106.24
39777.26
38601.15
52122.31
40905.97
45925.55
44676.2
38404.04
29782.61
38550.88
38431.68
39754.28
39729.8
38380.47
40901.77
41099.05
34751.03
46957.75
48254.48
40732.96
44556.11
43379.1
57096.68
44653.35
44604.22
44651.95
54599.3
40905.12
53201.08
46785.67
49677.57
47200.59
28534.43
43427.86
49476.35
42150.78
44701.68
49671.85
49598.9
42154.17
37133.18
48400.08
44554.69
33481.03
37130.95
39729.73
44531.29
45855.1
47053.32
37327.77
40880.57
39822.47
43306.89
31055.47
47248.09
45805.34
35955.6
50729.37
48471.58
44483.06
42005.45
34780.98
40832.41
31156.11
39629.9
36006.56
52247.68
42105.82
41000.56
49748.56
45976.53
38506.74
55726.32
32353.78
43353.63
36052.21
32159.73
42080.52
51975.78
36007.91
44460.43
43453.03
43332.0
33553.94
33457.59
40829.98
31130.55
36005.07
43428.4
44335.06
42155.05
38429.47
49600.32
40974.82
44481.68
39584.87
32328.66
43380.43
34730.49
39604.97
40878.78
49525.4
39632.16
38649.65
44580.14
42155.87
44727.07
49480.29
52099.26
37154.87
38552.85
50679.43
44602.33
37228.87
44702.45
48328.05
42057.31
44874.55
53275.57
34657.27
45831.47
34682.4
43402.03
40805.14
38503.13
38309.65
49603.62
48425.57
37132.89
50823.53
42104.05
34706.95
49554.0
47150.24
50802.52
40709.15
44680.91
47030.97
51932.23
54695.25
41003.02
35881.07
55676.11
39728.75
41028.97
44433.3
45781.68
58271.65
39657.08
42082.2
49455.63
29879.28
37132.22
47104.15
47152.07
53349.9
53347.85
38356.49
34512.53
38625.74
44749.8
38430.27
35930.18
44677.81
54500.24
44581.07
47026.45
44578.06
48255.76
44652.83
54695.72
43525.74
52176.08
42201.18
47006.38
48231.13
48155.66
41100.86
44775.21
44777.32
46024.7
47006.46
40855.36
38500.32
37107.88
54526.98
40905.26
39509.82
44602.79
43551.04
37328.33
38429.69
46001.18
39679.66
48402.47
40978.44
54621.94
41171.78
53201.33
39775.22
43400.63
50847.82
44555.42
44601.65
43522.87
42154.89
47100.22
34926.73
47054.2
50927.13
36029.53
45900.89
36101.45
50801.27
37131.91
37302.0
42080.72
44629.76
42275.74
44534.65
44675.26
41075.24
47177.36
35906.11
50851.62
42154.76
42081.27
55632.12
39560.54
39608.67
50826.61
43501.95
44580.71
43378.34
40855.97
37401.02
43503.87
39753.23
38331.32
47074.77
37352.35
29635.16
42203.77
49601.66
44509.57
42277.84
41936.43
45924.9
44749.97
48133.05
43477.31
38480.85
38405.2
38311.98
44675.92
44580.38
43356.09
44481.49
36055.32
50752.72
55846.32
48352.5
50830.26
28656.99
40953.3
25865.87
38260.27
45905.07
40781.72
50753.28
38598.7
40905.14
58273.28
43574.57
43402.73
35957.34
44603.25
43279.51
39606.77
47050.1
40951.68
51978.38
39606.07
48230.48
32257.69
42129.83
30886.18
45903.01
47129.2
47077.23
44606.29
37306.36
39432.63
49480.69
38455.74
38456.07
49724.37
42201.23
47102.31
39824.71
44603.56
45949.76
37205.44
48425.77
39704.33
43258.15
50803.83
40880.51
38432.75
43232.0
48375.39
39679.33
54525.04
32160.5
34562.86
39584.03
38262.33
49480.64
42322.3
44773.41
49503.01
40977.89
48280.0
34757.12
54596.21
44553.89
49556.26
38553.81
39606.78
29757.16
31056.47
48377.44
47249.23
48376.51
39825.85
32400.45
43354.7
42030.73
49457.71
44628.38
48376.91
40879.99
42082.26
45829.09
42127.59
42129.03
52074.62
40977.68
39628.91
43352.11
42152.3
48304.95
45878.92
42152.47
33481.12
43426.86
44531.37
37329.03
45902.2
54548.59
58296.71
42250.93
49673.25
48351.44
35982.85
43257.71
44655.58
33530.16
32281.43
40857.63
42253.49
43257.02
42154.81
40977.95
37205.89
32403.35
47147.97
35956.02
42176.72
35783.87
55704.53
44700.47
47008.12
38256.48
40877.87
44894.1
47126.8
34855.6
48328.6
49526.09
40980.33
45828.54
48426.88
44628.8
42081.41
41049.44
49600.06
53252.98
50874.48
38384.68
39776.24
51932.58
37303.91
37179.92
43376.76
50949.6
38357.2
42152.28
42057.27
50824.38
49503.0
43374.59
37082.19
47080.9
53326.05
40661.72
39704.49
39657.73
39921.4
42177.99
42007.7
53301.62
40951.82
39754.02
41028.74
53250.41
44652.21
49625.15
40953.7
37156.46
38357.83
43354.03
50802.6
42200.94
49481.03
54429.43
48329.04
48426.78
45803.83
49744.87
43330.89
48106.92
39803.46
42128.45
45830.72
42059.27
40832.13
42057.83
42204.51
43257.8
43404.4
39680.7
37253.53
49406.17
38526.31
43576.04
49457.65
47128.5
53344.45
32283.61
52026.52
30958.25
35856.92
42077.94
47150.59
41196.85
44603.08
49599.89
43403.67
36125.85
42204.94
45975.43
45756.17
43476.9
53106.03
34659.4
36200.07
48501.58
43258.17
43256.08
54601.56
38504.0
38527.67
39702.35
48473.11
33506.92
44459.12
46001.52
38602.94
38602.1
37131.88
40880.92
38427.42
50922.8
37204.76
45899.65
37202.91
44456.5
49553.31
43377.3
42177.21
42131.66
43378.9
33434.42
37181.68
53204.62
48327.51
42250.5
37156.85
48522.11
40783.69
45779.56
34731.65
48228.75
49577.73
39830.3
31202.69
47031.8
39511.23
40906.04
48450.67
39802.0
47197.97
42301.35
43477.73
37304.08
44630.87
48328.98
44652.72
37330.78
52074.81
42228.95
49769.72
42325.53
44529.49
41051.25
37130.89
43305.88
36003.39
42105.61
42105.56
34708.85
41960.81
50752.41
53273.7
44602.97
32036.82
40975.8
38456.13
42178.81
47104.44
43379.54
51904.91
40928.89
42082.28
45806.35
43378.61
43449.42
37156.71
30911.9
42108.65
45780.32
49795.29
42155.23
30960.39
50900.4
43257.26
48327.75
40975.48
37326.33
44698.9
47028.73
39703.83
49454.24
39605.95
56997.79
47129.65
43476.72
43575.25
42277.84
39777.17
48352.82
40953.47
50947.16
44556.11
40976.8
41959.84
38553.05
49601.6
42129.88
39385.5
47175.5
38404.22
48400.52
55773.98
31057.37
52028.33
43503.32
53326.96
44678.29
34755.48
46021.82
38284.27
34876.76
48448.29
53277.03
43501.66
51929.49
31081.09
29881.01
44528.92
43183.53
38457.01
43257.68
43404.05
49773.92
54597.92
47227.62
41886.51
45827.27
43454.21
43450.81
40806.9
43379.33
39804.05
36004.16
39628.87
37229.63
42106.03
47225.64
39559.73
45952.49
43449.48
37154.98
53302.5
43455.16
31154.12
34850.91
42205.65
42297.0
37300.72
40807.18
43351.68
43502.66
44553.85
45928.39
47027.54
49600.88
43451.73
45658.46
48328.73
44555.32
45878.77
24566.44
44506.99
43282.46
42105.67
38579.67
47127.07
28462.9
45807.15
39460.46
40683.93
38429.5
40978.61
39801.9
56974.85
34807.23
35808.67
34710.11
41072.77
42274.48
36003.71
47053.51
48278.77
32403.84
42250.61
40882.5
38358.97
38357.31
49794.05
33628.53
34709.54
55773.25
31082.77
40953.02
44776.33
49433.96
45831.07
47102.21
45731.13
43451.12
43232.86
35783.39
43526.92
43381.11
45952.11
47127.2
59400.64
48252.43
48254.51
40784.23
43259.55
50875.7
43452.94
46957.67
40929.78
39605.17
32305.76
35834.26
38331.44
51070.53
35884.77
34657.32
39874.13
39532.0
37251.54
37302.15
39703.8
45829.26
48302.3
31106.45
39873.29
44674.95
43524.28
53204.11
52144.63
47200.08
48183.64
48351.9
48449.59
50801.16
44652.34
39629.42
40929.15
39580.54
48278.58
38529.04
41101.31
42153.2
42130.39
38504.04
32257.13
33457.11
39630.76
39559.54
44630.38
41025.15
49529.92
38478.72
45951.64
43646.23
40928.16
39629.24
44456.22
48573.26
37254.25
43281.5
29857.78
38479.57
48156.7
35956.14
39532.71
48258.46
43550.94
42107.02
34852.5
48301.15
52024.04
50851.37
50948.45
37037.71
44873.4
27382.25
48547.12
42225.89
45931.37
47127.65
38479.44
37350.71
34683.64
39586.04
38403.47
41024.92
43354.57
42034.38
50802.64
34780.34
40805.37
28628.82
33503.24
38259.62
48326.26
43304.94
33411.3
34854.59
43304.65
28534.63
44630.03
46048.86
39656.56
42082.24
49648.35
47177.18
38675.43
42202.87
44724.45
45999.41
39581.62
37325.61
39777.63
42228.35
40979.65
42031.86
43400.57
44604.26
42079.74
40932.74
34658.23
38480.94
42179.36
43428.44
49676.16
42034.54
37036.1
37254.07
43354.67
48279.13
45781.42
50800.28
44676.19
43353.4
43500.7
35955.93
45953.0
39923.37
48328.3
42276.67
39825.65
43330.88
44604.59
38380.27
53202.26
47102.76
50899.35
43403.99
44823.93
44578.3
49456.28
41051.65
44677.19
40979.01
42080.37
50852.55
47029.58
37233.6
44726.71
36079.84
46883.7
54403.68
40661.52
41028.83
42155.88
35763.05
27359.32
37132.25
40881.31
37230.98
54551.44
45803.1
36052.38
44652.2
46908.1
43425.51
44602.85
51978.5
58127.92
44653.86
44530.57
39581.74
43331.46
47079.15
49455.32
55871.0
43376.96
37230.36
39606.8
41002.26
48326.61
42226.67
33627.11
40903.3
47003.25
31989.74
43279.72
42129.64
38451.76
37060.47
58274.06
42103.89
37034.59
47252.64
34633.07
48476.94
40880.16
43380.7
43231.25
34556.43
47198.47
42204.49
44800.51
52000.65
49600.74
44846.32
39607.05
45952.92
43402.91
28605.81
45802.72
34607.44
36029.69
39728.61
38576.45
39726.74
34584.79
39701.67
43378.6
47075.69
26062.46
41052.76
47077.03
46049.99
47201.04
34631.95
43233.12
49720.15
44700.43
43330.0
32208.06
30883.95
42202.32
40975.84
47104.14
40952.89
47078.25
36005.45
42105.37
32183.68
48279.58
52003.19
42058.38
36003.69
37109.55
34827.93
36103.08
45755.09
42154.26
31007.52
38502.74
50803.91
47079.82
49598.49
42081.92
41003.52
46909.41
48205.78
39703.18
45757.09
34806.35
38334.3
40833.36
48353.89
38530.35
34609.35
50556.94
40955.59
47127.8
44552.94
47247.69
44748.97
43235.02
43354.51
47078.21
38624.24
47200.92
45805.07
44483.31
48302.88
38480.46
44311.18
41023.86
40781.88
39703.32
35735.24
44702.23
42205.84
39655.79
51978.94
48329.33
48377.39
42103.1
36077.75
40929.33
42153.62
49456.04
37253.01
48376.96
49798.42
39682.94
37424.21
53276.83
37326.98
42229.7
41026.33
49647.01
49480.76
53251.6
56877.03
55700.06
53202.27
44679.7
41075.66
44847.41
44603.32
48277.22
27284.14
42178.77
45683.97
44605.64
42226.81
40880.48
44774.13
37180.36
38697.98
53447.48
48157.63
45878.42
39779.18
44532.07
53328.52
36075.74
52028.26
44553.57
56829.26
40881.29
40883.05
39628.93
42180.29
48401.23
39656.71
45755.86
38280.46
42178.84
49649.08
40907.68
37231.83
39705.8
35885.59
36152.45
42251.34
45952.17
40731.35
33530.59
49649.03
36057.6
49650.1
42179.69
27452.81
40928.83
37205.13
37206.83
45680.55
31130.34
44579.19
49451.74
55849.34
47103.59
53274.07
47102.8
37205.78
49673.37
44650.65
42058.0
41050.23
44606.12
40904.63
38549.0
41002.36
41072.79
55871.36
38431.7
32379.37
45856.94
49455.07
47005.84
48303.08
39776.26
45806.07
43476.74
39557.21
44678.57
51952.94
45827.53
43327.47
45781.44
36006.17
41049.41
37060.27
44676.22
47003.15
45878.43
40905.35
42276.22
42250.3
39701.61
52099.04
41001.86
42153.58
44603.09
41173.66
43575.06
53352.51
41101.51
42253.43
34704.87
44604.59
47124.82
38552.25
32355.74
44433.87
42055.32
45999.52
45901.43
45780.56
52225.42
39535.17
37157.76
48349.9
42224.94
48279.92
38402.91
33628.34
34561.62
49501.86
34635.3
36028.24
42081.81
43258.12
43452.65
32009.92
40783.58
39629.93
40833.27
41003.55
51979.63
44678.64
29904.84
50828.27
53131.87
47175.75
42177.32
38454.92
35929.23
28558.7
42226.91
37180.48
42081.56
42202.95
47080.8
39729.03
41029.94
35932.05
38238.42
38480.35
46072.82
39753.23
44603.55
37253.14
42130.31
45902.15
47324.14
33457.88
42249.45
45903.31
42081.89
50877.24
42349.7
49651.51
44532.76
53327.06
45928.58
43550.86
45756.22
37180.34
45806.23
42252.39
47224.03
37401.6
51902.01
41074.33
43355.34
40978.39
45878.43
45877.34
45704.07
38334.08
55748.92
40977.49
48398.26
45732.32
41858.75
43306.72
40757.98
33459.95
39655.79
48328.85
44529.62
34682.99
40929.03
33577.79
43501.39
49453.95
56975.64
58250.35
41001.94
42179.81
47175.47
33529.96
42058.0
32354.5
43426.15
32354.62
36076.55
49552.42
47030.7
41023.76
40903.23
40903.12
37228.25
55750.83
47443.98
59304.12
32210.15
46883.03
45924.3
49623.2
43428.88
42273.01
37229.27
40953.29
37205.29
43453.72
54552.61
44630.44
34730.53
50924.13
57025.95
44605.43
42299.2
39633.5
43522.94
47152.45
42275.73
42130.43
35931.99
40906.14
42055.24
34682.57
39559.81
49577.61
45780.32
36079.18
40975.36
47079.65
39702.17
47151.8
47151.96
43426.56
42174.85
34707.11
50702.12
45999.66
45901.87
48302.94
33457.69
48353.21
44652.35
42054.87
39560.22
55895.5
39632.3
37109.55
39534.69
44526.9
40953.51
42079.89
48301.52
38431.2
40977.89
40858.04
42128.91
50752.35
38404.44
40927.05
49529.43
35908.81
50897.01
53202.62
40954.61
39727.52
43476.7
39807.02
44649.82
48351.14
39607.0
33531.89
44555.81
44701.85
39633.12
48451.05
37473.99
43476.91
37207.26
47004.2
38501.23
38529.26
38530.17
38309.09
50825.78
42200.96
49672.63
44701.71
43233.01
44774.19
41028.11
44700.96
42299.47
39532.36
46047.08
56900.77
45706.68
38283.89
42058.22
38504.54
32137.97
40685.02
37228.93
54598.74
37155.83
45998.68
33430.57
37206.71
38576.65
38358.69
43329.7
41197.92
45876.53
45854.42
42154.42
38481.16
56994.18
49599.43
42224.42
47028.53
43549.66
48353.98
45973.74
50922.92
32087.04
58270.52
54527.65
37133.23
40856.59
44702.84
46908.92
40663.6
34805.21
34631.85
45903.87
40930.21
37133.2
52003.29
48402.22
35786.05
44652.88
47203.48
45854.73
47176.44
48303.84
38282.88
36126.12
47004.37
42154.83
49600.3
40982.28
54428.98
40954.52
43454.87
35785.04
47078.35
39730.79
42248.33
43526.13
50922.81
43501.91
44630.77
52048.47
33507.9
47080.21
45830.34
39802.87
42226.8
39705.04
40954.4
49773.31
43381.52
37034.6
38380.88
44676.06
44606.0
55749.5
49455.73
49699.69
43354.29
55753.97
38480.75
45925.82
38381.94
32160.77
42153.53
48376.26
49551.27
44529.63
43378.45
42204.1
54648.28
45903.73
37202.52
30885.48
39631.3
37107.55
52174.01
44727.99
38357.97
46981.46
42303.15
50854.74
40929.86
44409.32
44630.25
43476.9
44581.38
55774.71
43404.47
39607.86
45902.2
42252.12
44630.21
48301.87
53276.61
43452.41
28629.38
31252.75
51832.27
38553.34
35715.42
34584.9
33699.98
44460.54
41027.49
47199.03
42179.59
32305.23
47125.63
54551.64
46979.58
35911.66
40732.15
50847.42
40806.75
44605.96
33530.0
41096.52
41026.93
38356.77
42297.91
42178.44
53422.79
38333.51
43353.11
32256.11
44552.86
56904.33
38381.21
33676.45
47052.47
53352.83
57124.48
41052.02
29585.83
25814.42
49502.91
44579.98
50875.01
47006.8
47101.45
44530.74
48427.96
49671.69
42373.01
33578.8
56877.78
44679.96
43209.97
38502.42
54575.72
43381.6
50849.55
37352.56
34682.82
39730.22
49453.26
38360.65
40831.32
37132.66
39849.91
38457.03
31104.13
50825.53
38356.83
41860.83
39705.01
40857.13
47028.91
48254.01
38648.72
57002.25
47028.86
43377.07
37304.6
34733.84
51882.06
38578.42
47250.54
35906.1
34633.79
55777.32
44481.04
46982.21
42275.63
43304.08
37155.01
41076.32
55701.25
42229.13
48253.59
38481.67
49526.12
40956.39
43427.1
48253.43
44605.41
34777.33
43180.42
43427.84
44749.9
45880.15
33606.59
36028.44
44728.94
43527.44
37155.76
43354.65
40830.13
47102.39
38406.76
33532.21
45876.78
38626.76
40929.61
42275.54
43502.6
37179.32
48133.01
43281.21
47007.28
42323.22
48278.22
42153.08
36028.2
37424.5
37132.53
50753.21
48329.44
42347.37
38552.55
49601.22
43352.84
44532.94
44507.34
44554.17
43451.15
47080.09
52025.59
44602.77
32233.47
46932.09
47028.11
45972.95
41002.93
44626.53
42057.28
44554.2
40856.0
47150.87
33434.04
43428.6
42252.99
42202.51
37228.47
49503.79
48328.86
44726.89
50729.97
35956.39
42106.53
43210.71
40784.05
38431.09
43574.92
45877.43
46980.6
38502.81
41126.35
39704.3
40904.53
39729.51
36006.58
49623.46
38308.38
44724.2
53274.96
42274.11
48253.61
42129.76
44575.13
37323.93
51880.08
52126.03
59423.86
48426.71
39753.65
34899.08
45878.74
44628.19
37231.08
39609.6
44529.01
51955.14
39606.17
39849.8
33457.24
45706.79
42251.3
42202.57
52148.08
44606.22
36128.34
53301.32
47199.11
44702.61
35934.24
52122.95
59572.46
42035.3
45852.88
42178.31
51952.18
39654.69
38502.73
34875.84
48303.07
52001.13
45876.25
39631.54
33723.81
43234.63
50776.44
36077.95
43503.23
39630.44
49504.99
50730.75
36053.41
35905.1
44627.29
31102.93
52099.02
45781.01
50728.54
39704.31
39946.48
37231.86
32502.05
50824.98
39655.39
44604.55
42105.93
49701.17
42129.42
32136.72
43330.62
44605.06
37108.66
39681.17
32378.62
48476.04
44704.64
45904.68
41073.46
47271.2
53300.71
39582.64
41100.91
37353.65
40975.89
33360.3
48549.43
47175.19
40976.59
45877.1
38359.69
40855.51
52150.55
48449.18
48350.81
39679.24
43428.46
54379.25
45951.17
49674.39
38355.82
35832.49
34585.28
29782.9
56953.23
45952.64
49579.1
37278.69
48327.77
39578.91
43402.34
49700.1
45927.93
39607.32
37035.26
36075.78
45878.53
53180.78
40903.62
52076.51
47395.1
50780.17
43255.28
42080.72
55777.14
32330.86
40855.53
46957.13
43402.86
40928.88
37156.47
47200.96
38551.72
45804.63
34708.19
44627.75
43355.05
49452.82
37132.46
39703.03
38601.13
39559.46
43574.87
42055.08
38236.24
41958.02
38503.29
45854.77
46956.21
37305.1
40954.89
44606.72
37279.76
39776.01
37008.68
36078.91
44530.06
37035.08
41074.92
54577.0
47299.25
28557.99
39656.96
48304.04
44458.01
37228.53
43282.34
45925.36
46980.81
39582.69
42130.0
50779.63
44677.7
39556.58
40933.05
44676.54
49527.29
45730.89
44599.96
33311.86
50874.28
38232.32
50781.52
37280.59
39631.18
45805.07
39461.79
45681.47
43183.62
45977.9
49409.23
42130.42
50826.92
43331.49
42152.19
43502.14
54552.8
39823.89
44507.12
47126.0
38599.73
48475.94
45903.41
40831.13
47179.48
48206.05
44604.32
45976.1
32232.34
37133.3
42129.63
49724.14
52051.13
39826.86
50755.67
42396.13
48377.55
51903.45
50679.99
39630.64
47152.67
38430.36
33480.63
50827.97
39728.19
48351.62
39754.64
37158.06
47054.92
49601.93
52199.31
37107.98
39680.3
50849.6
45875.91
33387.36
44799.66
43351.39
42252.83
38455.61
47128.14
34779.11
44652.19
35955.14
43284.6
47394.86
45757.46
33409.8
43376.44
40902.06
44824.87
43501.92
45802.96
31057.92
39777.3
39678.34
53300.34
33407.09
49476.33
47225.53
43379.0
47104.97
47200.72
43332.54
44626.85
39632.17
40954.81
54403.47
37107.78
33555.06
36076.12
43456.32
47054.91
45755.54
40708.56
48157.51
34879.14
43378.49
45851.66
50754.72
45851.04
35982.83
45901.58
36127.41
38721.91
38357.97
46144.87
45875.99
38506.2
39679.44
39752.37
37327.05
49579.13
39728.95
44654.23
45952.25
44576.94
48278.66
31176.38
43549.51
44726.93
34827.97
39876.09
42301.75
46074.01
39609.88
45877.95
44725.08
29785.23
42397.52
49555.75
41000.53
48303.12
57193.31
33407.63
58081.15
41024.98
37109.63
49552.86
39827.27
45851.29
41025.59
40854.82
45975.89
49502.74
41076.45
40978.84
49651.31
48376.71
49407.58
42202.56
47177.17
42056.79
41983.38
39609.97
47005.49
38306.12
44505.3
39705.99
34609.7
44604.83
46981.58
37304.28
53372.04
43472.52
37352.9
42105.07
50853.22
47153.05
40903.1
41935.2
43280.72
38283.23
34683.54
55554.1
44627.34
43208.23
50726.9
45829.58
37153.81
44873.31
43403.61
44752.96
46025.15
47029.54
42130.61
34805.02
38185.91
47030.45
49479.66
47031.62
46957.05
46024.66
47056.02
46981.26
34636.3
52025.01
39851.39
45976.59
57000.44
47177.17
41026.83
38525.37
34802.83
43305.27
34439.81
39608.28
42059.33
42346.75
47177.32
42176.6
43454.58
42008.19
49771.83
36026.91
40902.49
51929.51
53154.68
39680.68
45855.73
31033.12
50872.72
49480.48
37158.6
38357.27
37057.33
38453.51
39775.74
40905.78
42253.4
38310.93
41981.33
38382.83
48375.11
42228.75
34632.48
32135.48
50728.25
39628.57
48375.64
50875.63
49579.3
46883.19
36051.18
45827.52
44628.6
34779.66
37350.48
39900.15
40853.7
37181.59
34611.66
38356.37
39778.19
42154.58
42131.73
38528.21
39726.89
45903.12
48251.24
41075.9
50850.66
47148.29
53150.83
55749.1
39581.28
44652.82
49575.92
40760.64
38164.04
33412.15
37180.29
44775.79
43428.75
45876.43
45927.12
41074.09
39703.28
38357.87
45852.32
35931.76
42106.11
42180.5
34831.1
35930.93
45928.62
47101.68
47104.42
43378.41
38380.87
44941.82
40954.16
37179.22
48302.2
28675.39
45807.72
49604.45
37061.23
38674.03
34681.77
44627.86
44675.64
42078.65
50849.9
36149.32
42151.73
40882.75
42082.32
41051.21
47225.16
45901.95
54550.0
42205.88
32330.41
44681.55
39875.2
48351.28
60699.78
49430.61
42005.92
37354.19
47152.5
37373.85
47078.01
44579.32
42180.07
44654.92
43281.12
44576.65
52025.1
40955.81
42128.58
39727.73
39633.45
44775.33
33579.41
43405.29
42055.96
48280.92
39728.64
44654.09
39752.98
53106.92
48401.59
40952.43
35955.04
47053.53
49578.15
37154.63
39804.19
43282.89
34732.07
52078.66
49431.98
43332.5
39676.87
36077.47
44604.27
42324.84
48447.83
38407.2
39508.36
40855.5
40854.88
39606.99
49552.49
37084.94
46983.02
42177.26
43500.83
46956.45
41002.29
52126.4
44702.1
38628.05
43329.83
42206.0
44577.64
42132.34
43429.43
48303.59
48329.51
44824.62
40881.12
53203.47
35979.22
39631.34
44601.95
42228.74
39534.62
43402.69
45902.56
43354.49
29832.66
42152.26
39462.19
39511.68
37229.0
35834.36
37255.35
47152.33
42128.15
37375.2
35980.19
38500.26
43450.11
49555.34
45781.35
45924.96
38334.27
45949.63
36054.06
44724.95
43354.55
35885.88
44556.13
38455.78
38504.38
42279.19
49480.6
43449.73
38357.38
47079.67
49553.54
47130.53
48423.74
36030.03
44752.5
50896.63
38334.47
40979.32
45803.95
47103.92
39849.69
43451.21
38431.24
40857.92
38576.08
33604.31
48473.21
46021.96
44603.73
43427.45
42082.76
34634.8
50802.83
46070.7
47178.4
40757.63
42250.23
29904.49
37254.09
47127.19
38626.25
39752.06
44602.61
35981.82
54497.9
47224.88
34655.83
43452.81
50897.1
38408.22
33553.78
38454.28
47152.72
39826.24
53226.7
40782.09
43478.01
42276.15
39680.67
37278.37
39656.7
37353.48
48352.24
44701.3
33529.83
41076.98
42177.74
36077.5
40978.55
31007.55
42225.98
34707.26
34584.94
36078.8
58224.31
45782.83
37157.43
49430.34
34607.13
45998.32
37373.84
38600.6
50802.74
38333.38
41052.49
52173.71
42057.66
50779.01
45828.84
45876.18
44772.74
44531.85
48399.99
42131.57
40856.07
35932.61
39704.21
43452.93
44676.56
49626.93
42006.02
44529.24
44701.68
43256.64
49577.57
28459.86
47173.21
42153.58
45854.44
47128.97
41002.99
41051.72
39631.97
46956.87
36003.1
37157.93
53301.85
50972.51
40953.19
39680.59
40833.18
55799.44
36054.74
47125.73
50752.15
45805.08
40780.33
53203.01
47054.86
33505.94
41026.24
35835.39
44580.25
39706.66
35783.55
49455.88
61849.75
38334.91
41986.25
40805.25
51857.09
53249.72
39630.35
45853.44
44629.66
40977.88
40928.35
37108.61
40879.65
42130.35
37228.29
34683.13
44579.73
44556.57
43743.83
55726.74
37228.9
36176.17
46022.13
39632.34
43306.86
53326.83
36938.28
42104.25
35835.37
44359.63
41003.92
30886.34
42228.66
40782.97
48352.62
33457.57
43356.65
50972.03
35980.72
44652.18
48353.07
49623.64
39729.87
38601.62
51953.35
43305.32
55750.69
41000.85
42131.63
37306.89
44555.79
52172.95
44705.55
45780.31
47052.47
39631.84
33506.66
37107.5
44581.52
47104.75
45805.36
44750.91
45855.5
45927.28
43329.95
41983.64
44579.55
45828.91
49576.46
56949.64
44482.64
41149.29
37228.95
40832.53
36028.78
43329.43
45832.05
46931.07
42178.78
38503.04
43382.25
42178.1
45705.52
28508.39
28461.6
47200.37
35807.87
43260.2
39777.06
48378.2
40782.87
42055.63
49576.28
38405.18
48399.73
41075.18
42177.21
48353.07
33530.31
40832.51
29906.38
42278.74
39851.45
44431.91
40832.84
44578.17
47053.7
42302.16
49699.5
45928.96
44651.1
48331.56
37081.58
39775.71
40905.66
43380.92
40879.05
43303.54
40881.45
38407.14
43257.19
40906.49
42033.63
42080.96
41076.2
50654.46
52074.25
36056.25
44723.71
37302.39
47200.48
37106.5
39508.84
48205.71
45877.99
39775.24
51954.68
53420.25
44677.27
42228.57
48306.7
38430.87
40806.54
48324.76
45902.36
43477.81
33360.03
45855.05
39508.52
38457.98
34537.51
39655.05
43452.49
42225.24
42205.47
48421.67
35980.77
38430.66
48301.78
34780.6
47127.0
47100.69
44531.35
43332.72
33433.23
35759.85
47103.71
38529.02
45829.28
50778.76
49405.68
45731.38
52003.33
45805.31
40930.34
44578.91
50827.0
48252.56
37231.8
52076.66
48254.4
33481.96
42227.7
47197.85
47027.75
34826.59
40855.17
39754.6
37057.23
40952.03
50726.82
44676.54
32304.42
57097.06
37377.94
45780.92
44701.74
50800.09
33530.34
43547.18
47053.86
47029.27
43429.71
43450.62
37159.01
39583.57
38381.45
47154.07
44697.88
36101.54
47200.7
32257.21
42033.61
43426.89
36150.04
44604.5
43452.75
38332.12
42254.13
44797.78
47102.95
33409.92
40952.65
37328.57
40855.01
49504.15
41125.89
45854.02
36027.8
39754.04
44677.76
34999.99
38381.42
56901.95
43501.18
45802.77
48378.06
48475.39
38381.04
34729.66
41078.2
47029.72
34682.4
45904.21
45853.93
50802.7
46047.91
38359.91
47027.52
38623.42
45902.74
38503.73
50658.42
44482.37
40760.05
46982.21
36105.07
44581.41
29663.92
40831.93
48177.95
44724.43
42056.67
59352.31
52004.33
47198.67
51978.56
36175.91
44554.8
45851.89
50752.96
55895.91
44526.93
49650.74
34852.21
49529.02
43327.64
45827.63
26107.21
49651.16
53370.92
42202.43
44704.18
49624.19
49500.99
40856.56
45903.9
42226.96
37204.31
47200.8
33433.75
44482.99
38407.7
39923.63
43476.47
32134.69
42153.1
40926.89
37107.29
47104.65
37327.33
37010.53
38578.13
43307.79
47030.55
41004.87
34855.0
42081.22
38356.99
49626.67
40929.0
43450.83
43230.72
43186.09
44653.21
48353.66
50802.22
43354.86
47032.86
44581.64
43234.07
48281.62
39632.29
49576.94
41982.86
49603.31
45803.74
35931.14
39607.61
47003.73
47227.01
37255.72
48401.59
39777.8
39654.22
43427.54
37276.93
47151.52
43598.17
43356.03
39703.09
52027.13
47250.67
35883.62
43453.92
34680.33
49404.9
38528.31
45953.16
48253.69
38529.44
43478.09
40805.12
39533.39
30860.17
37205.4
48546.16
35928.38
48400.68
53249.82
49650.58
34733.58
47152.59
50924.77
43449.89
50801.94
42151.41
38432.28
36913.06
35906.34
42202.29
47053.6
40833.48
45682.32
43306.29
49648.5
43428.09
40832.89
34850.12
42348.86
47055.03
53276.59
45780.72
37305.28
42277.12
44483.62
49479.82
43355.24
43378.88
39727.13
42106.3
38454.49
45778.84
47033.14
44604.72
39826.61
39460.12
37228.74
41960.08
41837.6
44578.38
54769.2
47101.68
38602.93
44679.42
42226.44
44533.04
42057.94
49624.07
47150.64
48495.22
45829.61
44748.94
42056.07
52124.63
44678.22
38330.95
42154.66
36128.09
37303.0
40906.29
44578.21
49452.46
31032.22
43307.13
43356.27
39704.58
39705.07
30911.21
47226.22
39707.14
47077.8
47102.62
44653.4
39487.17
57121.47
37157.99
53202.16
38550.9
39482.94
49700.95
60748.41
45825.19
39556.45
44871.17
48254.6
34804.64
36101.66
40950.55
32208.07
48255.36