133121
142272
141006
143532
136523
132112
143439
141260
145203
125886
144257
137381
157279
131668
127920
129800
139156
140379
129833
141778
141708
146075
146340
144556
152211
149214
136028
149109
141099
140688
147198
147250
147986
130937
158802
135169
145249
142296
143801
148608
148346
148003
147764
156596
130073
152824
151947
140460
135237
147311
146303
149610
129245
144954
131651
143319
156271
142172
135399
147624
140677
159878
147675
144439
154810
155667
129946
126903
164094
147750
156573
127750
160313
151693
149131
143569
154545
149846
148950
150627
142970
149737
157522
118863
152531
150729
122767
153363
142285
155284
156762
150726
123826
130061
135359
151532
139741
142580
151486
146364
156938
163839
151247
145174
143920
133466
160956
140513
147321
143364
152736
155756
121201
123627
150512
132311
157061
137459
139450
156654
150721
139002
130164
152282
134525
147763
154623
157589
139579
152337
123769
157715
156693
173251
153573
139152
142986
156952
140403
152212
134443
129543
140418
153897
117910
151723
118210
157007
152250
140186
136234
146408
145261
144231
145704
148329
124789
139779
150301
116908
136202
147981
128581
156687
125802
122452
137529
147228
156412
123834
130712
129684
127960
138763
110893
135781
130144
143244
144776
125314
122847
127179
135603
124903
149613
138565
138006
102203
142146
142509
134535
137354
150779
123246
135327
142911
167039
111388
110148
128263
147451
131932
150242
136700
122433
128710
129361
137459
146185
150236
118621
135576
134559
105109
125144
155039
120756
166552
127316
153081
137623
126389
130387
137306
120579
112122
138376
145468
142266
144625
135617
116895
130298
151418
127351
131308
149176
134011
141213
132882
140171
124181
139401
150239
127958
144374
131439
129104
140720
138644
130880
118207
152326
124437
139288
149076
127415
140351
152184
127480
108935
117083
131576
98402
147120
122730
137008
133275
123860
139230
143522
118114
137512
115940
135953
121483
143154
147334
110390
84403
127863
110393
132861
135304
116092
119176
102406
124422
107464
93623
114561
126920
98051
105526
114083
119442
105840
109702
106152
134844
132187
107359
132408
80443
120972
99210
123332
118007
121420
121609
96891
139384
130663
92605
138162
140686
96204
129530
99030
124329
124960
142344
99203
93154
109755
143133
133771
104784
140072
137806
121702
144704
111140
127452
102975
101062
111565
142577
110208
105800
136262
127449
130699
136427
113516
136710
107719
115141
113337
106420
68459
90853
88338
98314
128444
124818
109073
91869
110471
85562
97082
86194
85139
113037
137120
110737
138318
102791
117629
102919
89817
90956
106894
115056
95946
74905
115905
121546
103742
125669
119892
125820
112100
94136
97635
120236
103738
116967
76268
92167
109504
80777
101314
100415
114952
114137
102413
110824
113243
104552
78376
111413
127448
109033
145092
57678
140464
105581
97851
74683
76962
93943
104153
96674
128994
118568
141274
78822
117871
94253
111944
96553
104635
94730
94853
102297
103700
101753
87990
91905
90065
115048
94557
103363
126162
90190
105070
84872
99118
91150
108659
73105
79219
80127
82738
81730
94723
89241
75052
78741
121525
65377
86432
137133
100610
76184
81500
116917
84444
92953
86154
93526
73603
110617
109427
78396
107021
106489
123060
122473
116684
127015
107121
109446
125003
65421
100734
87752
89388
131936
52596
91341
121229
91650
100388
112467
57915
85550
78508
142707
139370
103673
127683
105606
104770
108038
107859
107319
111378
108121
103008
130883
93035
105045
125740
87552
103993
104235
98116
101100
110414
88615
108364
106131
86928
118190
119571
112981
100326
124307
120251
98186
85628
86901
83389
117448
113194
85788
106262
81647
100217
114755
111168
109373
128895
109337
110460
111980
127457
99400
104527
83677
74708
105867
95402
108841
49845
88351
106019
109681
124804
110828
105973
110463
131707
118471
92102
124320
126204
84993
118339
83514
146240
131813
91417
129509
115264
111030
114204
106387
74167
94040
103460
111550
129178
112251
123215
114844
105026
117877
86824
96990
135641
91038
123009
87346
110081
114361
96031
87365
129323
127904
119237
119035
73809
124397
113156
98401
98168
121433
132640
104691
101482
118730
120168
95118
115286
127791
102018
133967
102850
119140
98846
115933
130452
122965
117928
99468
94104
112916
106005
110916
115299
101815
109818
89838
109286
111367
123357
120273
110602
115562
92829
97348
104617
90940
85620
98199
99410
88034
91142
105919
86821
96024
80812
95182
106027
70336
95114
80075
87921
107507
97125
99205
84130
107491
92407
89057
89093
80611
93926
114409
116774
91253
98840
95051
129413
103045
104893
100170
118487
127164
116132
115157
103626
102650
100517
95709
115890
114611
105018
131617
116105
96467
129188
108889
109921
122035
121178
122299
80546
112772
119203
124222
119540
121536
83880
107771
84828
100199
107591
106662
112004
119215
107859
116974
114479
101261
109627
129667
112525
106569
111140
119209
100918
91075
83797
81716
96347
108930
86906
121461
129155
124059
87853
86664
116015
115785
102885
139037
97247
101181
122398
107128
116967
134555
109323
100595
106913
126267
126335
70580
102073
127416
85670
125427
122431
98386
129483
122373
132424
121344
105816
95228
125352
67093
114387
58297
77550
124261
104486
109610
132663
119610
113556
107760
125710
117744
124846
108184
115745
125700
131591
110586
103525
133845
74798
110603
110546
110450
112808
110327
99085
108508
106503
111704
104605
106398
112520
105952
112343
111456
90835
130386
101371
108482
107484
107678
103456
90918
102294
99324
124392
124414
92121
114112
118866
111929
124358
105846
110016
114241
118981
99687
102790
109993
106860
106876
109040
141605
126764
137368
125922
118049
82701
125140
126048
125216
124442
125131
132178
126837
130514
144848
120119
98039
111794
86606
83639
124490
131765
134921
134085
137975
109635
131928
104548
115115
86448
77523
120078
125198
127890
126966
134200
130727
123809
142196
116907
82474
109557
129408
135960
98217
108538
125092
124380
128927
124270
107762
130434
124377
129481
134869
140985
130816
122494
138009
125419
96191
120676
87843
98088
119958
92681
122375
77931
90369
77016
118211
119126
128717
115324
118572
96160
125868
128636
90193
126350
124268
122201
130781
120375
108279
129977
139711
118168
126050
123513
117092
115800
116725
120985
121651
102620
125264
97970
108787
130663
122129
103391
119851
136244
134391
126022
100176
93939
124794
124630
133459
132982
126454
134124
116023
128853
120774
116949
147649
135031
127455
133551
132051
123268
128067
148305
146774
75233
142221
124083
126545
159869
137785
97027
130597
101156
90451
137332
92196
129866
95069
143587
144647
98281
87922
155266
154393
153235
124628
80316
139880
136214
118722
136416
144457
119937
137652
126941
148485
125153
136352
150252
124949
128048
126081
137391
115997
110172
154192
144237
139300
142449
110666
127966
114694
123610
145641
119324
107256
131302
137022
146542
118273
130217
114885
122041
130355
121545
117549
116626
129313
121048
96539
120854
103094
134001
119648
117489
120398
140537
141530
142545
119281
122679
100052
139647
137336
130559
130067
138289
130490
125611
115421
134109
133707
118340
108112
115521
131984
139720
115877
123172
124957
127849
115285
101448
113629
117580
123012
106923
120781
124693
122759
121990
98552
137084
101460
104530
127924
111005
123152
126241
130331
126965
133000
138376
114792
100625
98960
111661
104430
101655
100307
113727
101386
125370
93091
111734
119896
127177
123280
128078
122052
126105
112317
130262
119220
118206
112659
126161
125418
119257
116998
116078
118035
102163
101315
110968
118897
123292
94429
88135
120284
124333
129136
124727
123483
113696
131131
126360
123063
116915
110523
114023
107906
115879
108797
91083
108299
132139
132179
136107
140249
138293
133902
126669
129059
132280
124692
124333
120768
119714
131031
132084
126873
123800
121656
125797
115341
126526
126123
122633
128803
122717
122141
135092
130839
121678
129275
135044
138227
112130
124101
134471
106832
118274
105671
121199
115979
113236
108968
106130
113292
114887
100948
103435
120464
103912
124109
113523
120111
128332
131222
133250
122087
126085
118546
122974
133918
128309
90733
125759
125287
103911
128146
116467
113569
118365
116722
125639
126991
120652
122693
118503
95085
124845
131146
143415
126831
128408
127397
134888
134973
131046
124564
122748
123664
126844
121687
89934
119692
123751
130965
116452
127763
119845
120543
123477
121600
121829
126487
90018
130678
126331
132983
112798
124903
127975
117610
121848
124697
133087
132984
121875
119860
124012
124947
107623
112541
127104
123675
123801
131111
118682
124877
125955
129965
122850
116779
122338
112235
111451
118619
123964
106784
123325
110245
110182
122789
120234
114555
115274
106441
107528
110464
120851
118532
123938
118942
117889
116663
120838
112687
127145
117032
124230
106578
126223
121184
129014
120066
115677
121671
129182
127096
119687
122556
125966
120791
117391
125700
111754
125793
124770
114473
107156
131226
133054
112361
120629
117626
114537
125560
111131
112446
141180
144402
101430
97477
136657
96717
128871
148522
145571
148428
101618
121638
122038
101454
147512
123615
151690
150750
147639
144843
151552
148601
144300
148537
137122
142698
149562
143563
149517
141251
145406
147371
132875
96054
146394
156533
138304
103138
144681
91896
110680
105207
137559
147447
147352
107590
135247
129131
135524
139301
137224
141663
129107
124074
140520
95375
150412
121910
139720
142206
145595
142437
137586
137083
137399
142351
138220
141294
121921
132005
131923
133963
127990
139745
135434
125907
139091
139150
128276
134505
148864
115046
129335
112992
116739
106669
117725
118854
116011
113479
104670
127066
98382
130805
112301
101087
120277
99892
118241
130893
128747
122603
116578
114641
123330
120591
117657
117056
115322
112263
124528
123362
121741
112460
134938
116715
125432
101354
127696
121496
129517
116339
122631
112355
123375
125684
124530
154382
115981
161866
113645
106384
158614
102670
142198
134711
153542
128174
135885
140348
130834
105480
138036
91048
133786
123839
127243
134523
133002
115573
135149
126069
118119
118537
138047
118998
137472
98968
131350
122833
138444
142474
137387
136028
119940
133215
137159
134431
136083
110562
119863
97342
136357
126105
98251
128744
133330
161686
136512
153689
100213
139301
150394
121146
129674
140190
105337
144605
124094
139713
138376
109267
134139
135107
130177
149802
152552
144282
164101
132165
137382
129934
136525
128128
139344
158210
149700
143276
137340
129324
132166
162303
117716
144259
126891
142455
172063
163017
146924
135134
100800
132929
156701
149773
141156
152505
133850
149575
117539
157902
127795
127846
149326
158013
145201
161915
160050
148869
145727
138538
149670
136698
151626
157853
137622
150916
133160
133322
159275
145856
158976
142708
66589
101587
105740
89465
156967
145492
97073
152564
167366
132441
134241
128319
160069
136247
118944
114722
161963
136164
154811
138775
166485
158673
99048
157708
144504
166094
163005
135231
131051
124822
155595
146895
164843
162038
130144
129119
165902
133868
151525
157728
156498
127956
120705
138275
132124
136704
151676
132242
154619
117866
163568
157547
144833
153609
150452
155420
128389
137927
96250
139113
130309
130856
145164
96806
154493
112963
134552
156742
137809
147492
149107
148659
137587
157832
141095
121154
145411
157353
149423
152655
151590
113726
127383
135908
141464
144108
140616
152998
135251
148139
133416
156418
154696
160530
143039
115025
128543
139810
142843
134541
118142
157648
152917
147799
125005
144683
150896
142946
125316
128379
139906
61210
153852
134684
148954
139815
158118
121103
80061
143823
88038
142809
139099
143909
109842
149118
136955
152368
141728
124055
142791
129264
147946
155952
139020
107821
149957
114856
144907
113051
133333
147320
120256
135377
138796
144753
151400
138735
146757
118187
122140
127265
146912
114155
162795
148892
118222
138659
143930
140598
143574
131563
133545
120372
139720
148783
132960
117130
134306
118339
110541
145946
140712
133811
139602
138649
152328
107591
133543
139929
131712
113961
91470
119353
133394
108855
141870
102366
129265
155995
154737
151573
162824
136639
152181
131362
102748
152698
153794
148759
145546
148752
106748
126588
105723
164067
157843
153745
157920
135615
154997
136805
158873
141909
117349
154935
143907
170151
138824
151599
154898
129492
136473
160892
163766
163050
161821
155794
131868
141903
135946
156843
142073
130681
151846
128609
134552
159835
156765
140773
129570
160142
157200
165092
136627
141861
140228
134887
129732
127465
137950
125743
134927
122616
137170
144722
146796
144746
151837
111215
155675
92535
149407
117488
157870
156982
156999
160918
145670
158061
130649
160931
158082
161019
130384
124487
116424
126101
124512
131633
151613
130492
115660
152649
123454
144292
113235
143540
147738
125738
151394
148932
156609
150458
128325
155659
146615
141029
150596
126342
144087
142428
147215
141332
132485
142346
140995
133067
134942
137146
145525
144228
146410
145571
152508
150412
148532
151342
144257
151317
150878
156901
155565
154448
151127
140055
137041
141746
114397
120268
140362
112089
132061
131261
161326
153396
148521
150047
155317
163497
143293
148626
153529
147720
146397
148276
148629
132874
147871
138068
151649
158724
150410
153418
149521
129473
122204
145687
163786
146307
156573
144770
156893
149383
142218
141245
136986
140089
138985
151237
152815
118533
156587
165637
162891
158645
147546
166323
149048
155535
143659
150712
141363
148916
135449
119391
135538
144473
141453
140798
142255
139467
148410
137361
146615
150754
152108
149227
147601
158846
155771
140506
119660
124488
132921
147570
143470
142373
154685
157719
155544
154496
152890
136200
156933
135068
147749
149721
140421
128353
139545
165086
143504
143183
137426
138132
142205
152633
157778
158762
163730
117201
125244
149823
141527
118460
145813
163985
140117
142533
137582
159946
124544
158025
158826
168937
158459
130941
117236
137227
116189
134130
143466
129190
141286
137344
118113
118268
141122
148316
136030
141899
139414
129845
146233
145176
132207
141149
141168
146370
145449
119430
160053
126386
117070
152882
120554
139437
109841
120269
116209
147838
152993
154336
135600
139677
147727
153028
141827
154169
157033
148913
142689
142739
150814
139942
110849
137410
127267
140501
148873
135617
158905
123990
167979
124146
112687
156665
153562
140037
149443
145193
151500
116941
126562
119497
144639
123151
105607
106682
117873
118078
154649
153363
146288
130883
126894
130858
130879
146226
161434
151366
168869
167909
124658
118157
155450
146172
102661
141067
107739
126959
143173
127866
117460
151558
129572
150271
140046
127759
146094
143241
143289
127031
151323
114462
136643
139077
126769
137782
147987
114639
136845
141316
136637
131021
143088
144078
113719
143899
145083
139081
151406
149324
152488
148282
135428
133326
136357
153617
138105
146646
139243
133197
141223
158430
148317
123668
133997
152433
153613
147997
137750
145000
119779
136114
150431
149332
123956
139898
134042
145353
118619
138097
138395
126764
127200
130145
154753
140064
129154
120587
129883
143119
137962
151308
140976
142033
133973
130747
131911
116467
138999
132925
145462
124976
147461
146136
129580
138040
136748
147114
145958
155830
150637
153322
151481
154350
151426
145042
157711
138273
156751
142952
146231
145401
148142
143186
147201
142108
140960
142876
143080
136038
147226
148665
149626
123978
146482
151386
155413
152026
153463
134293
132938
139941
150023
133936
138147
153364
143220
148161
146356
165040
161760
145633
116554
141699
122104
120725
137928
132953
124051
142794
132187
134949
116666
118707
136298
145558
148015
147472
140354
138413
134274
134024
123849
145228
157155
148423
156446
152348
143656
155680
133159
144695
133917
138222
143498
137199
154695
143455
128847
135287
159618
145457
138111
169530
153378
138310
150349
146491
136286
138434
130050
138409
145618
140301
122623
162775
156622
155037
158743
139589
142241
158744
160510
153655
139384
146675
144792
163762
143689
149406
137509
161612
138183
148300
160729
169259
141481
123192
136280
128238
142595
156710
153122
159262
143131
141156
159663
143393
162274
150255
149138
164506
108503
150456
151365
163003
152147
164377
152739
134694
143322
157360
147386
141246
157177
155276
150999
144965
151479
144135
151450
155764
129911
159988
146411
146175
170728
145741
156321
148172
157427
155127
152513
148581
118898
117998
143115
149131
149466
153545
158888
148842
162474
153551
151495
143319
149372
161956
111380
100180
117735
146222
142798
152180
160912
165716
118652
164686
161652
144940
155596
147378
140965
150121
149276
161430
154473
130956
146053
166685
156382
167960
147138
129821
130100
144459
171124
156358
137073
130972
132952
142235
135310
139099
145520
147230
141978
129952
175135
160588
162422
156558
150377
156951
163865
137245
143868
136420
131223
141396
131123
152641
140408
135405
133332
135442
141533
146312
141212
131005
153659
139102
145568
157771
162760
152578
150805
150591
158688
139459
154649
137195
153599
148885
152585
156695
151481
135065
154973
164824
161499
156826
148256
157813
156739
158833
152834
119653
155475
136136
107473
166130
153675
135376
159834
135328
169196
143448
124683
169967
153920
143242
160658
149594
155837
160884
151702
153572
146891
154770
147508
159884
133356
152733
161848
166974
159756
127012
160670
163650
155705
161682
157881
159812
163755
126928
161606
128994
152113
151712
121518
151737
153729
157662
128127
134084
119532
149645
150439
129854
155407
152880
158688
151578
152475
155847
156852
165730
159790
128786
155811
136531
133212
141385
141908
128929
159718
154866
155861
161454
125063
154950
157709
136402
151682
153699
94820
153659
162768
165787
156818
153426
120068
151453
156937
144521
152823
158832
120951
119062
106757
142362
152004
149451
136181
150540
158763
136224
141436
153485
124192
117826
138428
126185
139300
128100
130349
141597
152589
135191
138264
131113
127119
129996
148220
137326
146568
131279
113843
146218
115903
147420
148113
137338
133426
151465
133986
145353
139876
149314
149376
155588
160903
129553
125120
102110
154516
133043
120967
154807
155798
159896
155510
161048
156996
124817
157012
154966
158057
152884
144547
147589
156579
151674
151442
150633
151685
151098
152533
157268
151533
140417
156709
139302
145567
146372
144382
149845
148558
150724
155625
137949
156688
143543
151939
149625
150957
156884
149816
161709
154796
159764
153644
152093
140506
151803
148610
150745
150852
158979
153690
156107
153604
156875
161873
156684
151804
153617
153767
140626
158058
159114
156761
160880
148465
152751
149641
150602
157622
157997
144741
160211
154936
154943
154801
130986
155795
145383
146446
156805
139375
153871
145358
145333
149595
142062
162116
132005
141553
140414
146940
156863
166188
150582
156840
159292
148387
156825
158194
153913
150623
157675
146476
159856
166997
156800
144523
154903
153907
149728
131014
149550
151771
157529
159020
156801
158947
155651
161143
140084
154737
159881
152614
149769
147695
159838
159094
157711
129303
156901
165094
163195
146491
154652
163891
157029
148411
151622
152513
154795
150811
156874
164026
149624
156709
157835
153678
149674
153607
150913
155962
151772
149458
162915
102596
144530
148519
145384
139491
151173
151914
157026
158064
161027
144613
141553
153873
141316
147627
136323
148698
151710
155853
152796
155993
136967
156650
151754
154869
148551
151977
142600
153825
148156
144466
159772
144357
146797
135513
142566
153948
151756
136335
143671
155311
159978
160080
97689
147527
163164
152107
150610
161088
149695
152763
150861
153084
145559
140875
148872
161107
110282
156688
161704
146568
144518
143329
161031
148695
150755
156218
137771
139438
132692
146665
142745
149780
158976
110843
153923
155958
156691
157941
156665
154839
152731
150776
158754
162996
154890
156731
155669
158713
159699
162041
160730
133277
161588
160970
145302
159709
153582
160709
154668
157985
156828
151757
149763
156668
163943
157040
167171
163790
163804
174341
110519
157698
149544
153879
159830
161918
162891
169085
114552
116612
149668
134649
151259
156395
129092
163440
149391
149202
167894
142102
165845
157889
161222
168100
158726
164491
157213
162470
165783
159995
137873
163730
155441
155493
157610
142979
160660
166867
149572
160914
156558
154864
148489
168248
161816
163168
170091
168662
160793
165941
168923
154738
164784
162091
170195
118862
166771
155390
160934
166051
159818
157804
166730
155221
163714
155591
170154
159712
164877
143455
164941
156793
160724
155905
155814
161675
155615
166042
148657
154407
152894
155480
146388
160767
161010
161160
154606
152733
159623
151832
150640
158005
161717
164774
162850
160683
163107
159657
159454
158922
135121
158721
158782
160703
159908
156685
160705
155721
157617
144343
158778
153730
166047
161169
148630
162886
159235
150648
156673
151533
154536
147313
162702
153788
159782
153477
150603
162733
161470
159631
117073
162687
161084
158904
161161
164932
157635
129855
167053
158862
163723
158850
162795
159657
157450
155566
158373
157925
154606
153490
159672
153529
168992
141433
156747
156438
164864
148608
152551
157526
157812
144414
159737
146639
159988
155985
164632
162769
158010
172083
161813
162907
162870
150852
157980
154799
154748
160965
154796
142166
155617
149182
149965
147577
157897
149488
150433
154453
141160
154709
148686
145756
154527
150416
151294
144099
158669
156718
151812
158851
151804
156678
140490
147551
154736
161000
153824
150415
143413
142324
156694
131257
163002
156476
135293
154704
129295
153540
153815
152375
160833
157922
150605
123163
141466
166091
146455
134430
156868
143195
154817
151365
160878
154551
143370
160963
143358
146006
150414
135027
141122
83664
113886
166327
158587
159246
172177
150348
153454
156876
149522
149510
158808
165303
153698
156994
153070
149555
161883
161953
162254
163253
161194
156250
144101
163333
165141
159872
154774
166482
160004
155911
156044
167450
162344
137584
148775
163309
160318
167242
147842
169039
153880
142496
138412
152754
138172
163320
162052
163109
159107
158878
136214
162883
156090
164162
151953
164316
162315
129302
162149
157834
157778
157889
156125
155208
151683
158004
160043
170478
163097
162156
158912
160765
134408
164151
149787
165047
143268
149677
152815
160945
147485
147393
154011
159789
158009
137486
138181
144324
155667
165994
155580
150246
154472
148429
142385
144264
156921
138240
149556
144260
151642
155385
153564
148370
149469
137033
143590
156562
163089
161896
151637
153560
151920
165242
165138
163170
162991
153013
155673
157262
159977
148529
157738
151969
158916
159149
155749
166085
165126
160943
156886
162066
165106
160804
168216
161049
164018
165107
166406
164155
157127
155749
169457
155659
152948
148255
162810
148416
167837
151724
161020
155683
159698
152353
129218
170100
139198
146415
167790
156092
144227
120958
156669
160698
163850
164793
163278
155652
163421
160985
161981
156855
151570
139377
141070
152448
147375
162016
152816
165783
146829
161869
141277
143531
159671
158641
148247
170260
151558
140249
141186
138372
164949
162764
154687
152188
165892
172971
149662
175420
162964
162600
152514
151127
166862
158876
155386
163902
160938
168303
173178
158905
146578
152565
151699
163795
157740
163724
151589
164069
173121
163706
156468
165015
164021
157385
163009
173887
143895
148782
170125
163924
164679
157945
174351
162882
173001
172393
174319
166051
158689
164637
174286
151486
159671
171811
168595
155561
172686
172061
154954
159785
147467
164762
167892
169162
149583
151593
153607
158736
174305
170853
168795
163633
159936
170892
152764
164800
153529
160760
161827
158523
155293
159458
138846
161920
136965
147251
165952
152225
157806
159811
158701
169116
166002
164677
147350
162601
165875
160922
145985
161378
168992
161690
154429
157772
155686
162966
161737
146374
161868
161678
149668
163619
170983
179722
162835
143304
167603
152225
167863
150478
130943
166531
164404
149658
144048
164614
158538
158417
162921
172120
152204
164474
157258
163679
163585
157246
155317
151204
160425
152356
157297
160626
165467
169700
164367
158426
160594
163592
159651
156714
164936
153222
161570
159885
172020
168931
165681
171657
159506
165608
162671
158467
162577
167844
161277
168898
175572
124990
166793
176726
166729
163479
162510
161744
160390
170648
150371
160430
155156
163490
160458
163640
164622
164067
159420
164693
156273
149013
158584
164742
169006
159820
164985
163841
162871
170025
169108
170857
161463
152474
158402
159825
163430
162667
151557
169013
168562
164833
161763
164555
175055
161286
158545
163259
166731
169895
170898
159603
156503
165913
163793
168759
156438
171863
155639
170706
166628
165626
157363
155228
169940
167696
161600
150296
159168
161625
169520
155587
167919
165970
171800
169708
148379
158365
176040
170977
155336
152458
161883
163540
159577
165767
163381
162397
162738
153232
164529
164867
166819
164537
170606
164396
159427
179964
163483
160622
164536
161450
166348
159353
152357
159458
172675
160522
156382
157585
160383
160360
178751
160528
161664
166695
168580
159479
163457
159797
163870
172646
160731
154460
173898
158215
164568
163297
166432
161663
162584
170646
170538
159286
159584
163293
172420
162618
159447
146149
164666
129106
164479
174766
170646
163519
158441
173777
176727
171799
173699
173900
166693
163524
157652
177942
160366
161567
164736
180033
180863
170667
179838
167888
159528
168487
179835
163616
182752
158424
178869
181142
128534
177607
178678
165026
180760
168407
175914
159670
162666
156617
166048
190147
156643
178087
174814
176818
153295
177889
182192
150799
170058
159813
152681
171055
133426
176743
171379
178608
176793
160935
175105
152170
158850
152802
156755
179899
158807
178595
153703
171610
174785
178895
157531
177062
159843
168733
176857
183792
178528
171521
182033
182034
167704
173973
178774
172828
175694
177753
172725
180891
176913
177872
180982
153375
175638
174940
173628
163496
154468
182841
182029
169893
178999
177892
174749
174924
179977
174942
177942
175511
171663
174921
174736
175044
176871
170800
180873
167876
175600
179881
180070
176884
166402
149687
176825
169695
170607
172703
177651
155357
175528
155933
178883
174970
173750
178634
169552
170950
109235
176007
172741
177104
173480
163686
176736
177924
159834
169413
145367
140172
128051
135082
130770
143092
125109
129586
169803
165395
144260
169394
168464
166380
169525
168629
128514
122904
164810
163402
159186
173710
163431
167744
170895
169934
165849
170492
162629
147428
165555
175794
166403
169712
171535
161764
159415
164479
170550
168692
165671
167564
167777
161507
161757
165605
163523
163430
175895
164475
171768
172826
156557
146305
136056
154550
153417
161302
156436
157482
154388
156978
146888
115369
159497
160907
154141
151400
154673
148558
162556
135042
171266
163495
165714
168827
160562
157659
149733
152697
162409
158594
154664
168637
164604
167893
168849
172657
171664
168864
169023
160685
170914
168586
171956
168644
160757
154398
167737
174977
154343
166870
147545
164948
163681
168786
170946
164739
157574
170554
159140
165806
164592
160643
166658
165808
154529
156552
164545
169822
163057
165771
164727
149544
155418
166573
167881
164373
172791
153688
175821
164698
166453
140297
173931
171820
165708
167895
176879
148294
172769
152293
163580
140117
138232
150263
137277
145482
137437
137046
165915
168804
132095
175123
124943
169734
151561
157480
146364
157635
169761
167827
166873
172031
168895
169679
160437
158472
169624
166769
140445
147526
161665
128991
160209
156197
166515
167633
169730
127989
161866
159418
157446
162526
154435
171096
149416
130238
161494
165729
133143
179295
170553
173022
168644
174888
162684
158628
171583
168944
153355
169357
159682
159563
158317
159412
163469
165583
153247
152228
157424
152519
151290
158396
158430
174915
164635
165841
151387
150275
164882
159669
167654
154145
164962
161769
163694
157580
165837
165718
156354
160843
164421
167783
175808
156236
164101
167629
166734
149612
152084
166793
159576
164792
161524
158279
160327
171833
167658
157321
167541
161664
157630
159608
159210
165617
165630
176076
177008
157445
167721
169925
136361
178135
153153
145139
181768
162584
168938
163538
169839
168969
169546
170820
163072
174057
174997
168790
164877
174888
172083
170727
160890
166871
162536
176184
153667
151428
169836
174961
169784
175083
165702
162854
163844
163803
161778
168607
167865
174263
171969
175864
158768
155508
173167
177022
168743
152345
158688
169105
173941
166887
166588
163528
174936
168739
166737
172888
176157
166973
136219
125938
170872
169935
164779
174260
174001
172992
158890
152501
165703
172356
171968
166199
169099
169843
161786
171158
174094
175019
175207
165618
176929
169210
159827
166896
156494
164920
141179
169040
166699
167726
168768
167956
165963
163554
163382
170886
168016
173038
167958
166973
168919
155743
169061
163947
163125
164831
165868
160885
158568
143160
152526
173829
174942
167835
167907
165795
157853
154238
159725
148434
163878
172058
159592
158887
163148
168002
151541
159860
173153
154569
164077
168980
168023
160550
164871
176208
163022
159531
172034
163970
161099
163874
160650
148644
175166
169959
155740
163245
168066
176112
170021
159993
165983
161722
152727
174972
163428
163034
161614
164996
167140
170149
170122
166123
173161
161986
173369
179300
175429
164065
165935
165903
163856
153435
178308
174477
126054
153522
157909
146378
151447
134931
164020
175406
173236
168107
156095
144433
176270
170250
164055
166046
169081
166982
156977
174346
155872
172222
166152
167939
168943
173978
157957
164158
178313
163991
173291
166033
158869
165202
168171
164382
170230
176139
172342
172273
170254
171463
168043
165229
169483
173458
167926
150723
153582
165115
176430
164265
168134
172234
172268
171057
151581
158219
154861
155941
163071
147733
167015
160876
166109
153503
165158
158898
170220
160939
164344
152140
157150
170136
162043
162321
159999
166088
167129
167218
162124
153867
162157
166074
158089
160950
157765
146679
166035
170246
165071
165154
167064
158951
161971
173973
164900
170970
167238
166990
165105
158099
159981
170259
178154
170118
174169
171242
170062
175107
160612
167093
172144
167222
166047
165031
171155
140334
164213
167018
160753
163018
172127
158714
170125
163288
168299
147615
166026
155416
164913
167090
169532
149787
146667
157842
159711
138344
166085
128369
176051
147570
169354
142428
163789
167183
172231
154859
170221
161755
157136
158126
151977
169159
149876
171258
164145
150640
152820
124221
146506
108550
149658
153911
146572
120946
165220
151934
137978
172361
158950
143748
147451
165294
157861
156863
152957
141615
161188
139513
152897
145635
160194
143301
154990
147677
167374
150905
142734
160290
159274
158207
157253
144976
159935
162125
152559
163067
165186
159376
162220
164235
165299
138409
160092
163263
167233
164000
154704
161109
148653
147784
167345
158190
159964
162089
160098
149597
108763
167252
155927
157195
159004
139156
160837
153626
162777
163078
156665
161086
163814
148490
163295
148956
170263
160833
168316
159157
165068
154921
160981
155897
159857
155748
171123
172908
154908
163942
166060
159663
150491
171890
158133
147615
172260
164853
149866
150897
162766
152710
168883
177357
179133
175173
154749
176493
142640
167367
139408
171910
140247
162329
135198
148781
156071
180019
175988
158774
150680
182380
157724
177433
156864
179183
172062
174123
180293
172213
177353
155820
174081
176166
164423
180323
120283
146573
139691
113260
169998
173228
177073
168759
170695
151358
166694
157609
154346
153517
133287
167414
159457
149109
137989
162513
154208
163468
160602
160288
156213
147082
128968
160346
162669
160387
137306
139576
147703
170065
150307
164595
164763
155528
167797
166773
155552
158464
156488
138973
157508
150465
151351
142021
159422
158535
158558
156497
168301
166827
164538
164919
173910
167914
172311
163834
157733
163890
168675
173054
171410
171283
162883
140514
159665
137006
129101
164780
150214
157386
153336
151284
169768
147821
154810
161732
135438
166142
165972
164640
163540
166723
166714
169724
162882
151472
167762
156340
145583
159817
157473
164445
166546
151379
158444
161530
162551
168321
161939
154877
158627
151341
150659
159385
167158
156440
165938
178174
175271
170853
164608
163635
155564
155619
175018
164586
137325
172022
150604
146244
152410
171080
170206
169006
150041
171145
166072
169183
174015
172103
164249
170127
164860
167839
169152
172115
159103
171005
169129
160203
150585
169228
173411
163088
148463
176111
167221
169200
163650
143746
157200
175157
168075
166932
137034
174512
154004
150709
153043
170369
160819
166914
156513
173036
165165
156777
156938
156873
150476
160928
155213
167834
149781
168122
176590
152979
158306
146151
156999
150061
168391
174407
170196
157074
167027
161908
166939
159129
153101
160839
166962
166113
177334
164068
157474
169088
174212
169238
157961
168569
162895
166296
165053
169946
165067
163984
172205
153873
156195
166066
176236
164918
167001
155203
152918
149085
171384
151986
177203
165309
170230
171448
168267
162999
156877
155869
159892
164332
173135
172036
148014
142885
169223
147046
167232
149321
101033
169125
159371
163970
139471
166079
163895
143373
166528
165987
155632
161080
151531
176413
164034
165056
164293
145967
155603
151141
165028
149048
157728
160329
169182
165156
169463
173735
139945
160257
143949
156119
178230
156161
166191
165042
167303
164056
141047
168478
165106
167990
148747
166431
165137
135001
144767
169307
152959
166114
165953
172381
142026
150159
164016
170237
155011
164017
160764
176584
158842
168474
174240
138558
161162
176286
160032
162204
162927
171003
168156
171152
165216
169211
167136
157984
164175
156777
153365
172279
161934
164012
154645
135570
160666
167240
143576
159134
165064
159824
155860
168051
169299
171354
151387
160747
166964
159844
163903
174342
171417
171179
168181
150645
154949
168331
154883
160032
152758
170283
156915
174237
158889
167373
163137
150817
174359
131431
161124
159960
165224
170120
163701
154855
162862
159772
157903
167011
165263
141642
140803
162797
171968
146766
167127
157806
163100
165864
114997
164087
152897
168989
157921
167120
162787
172327
161977
167392
168023
157830
171091
163886
171152
164317
141573
147652
172093
160655
145354
161028
173359
164734
172147
151699
151597
172017
175068
170018
170192
141317
179442
175016
161908
172167
173862
153664
166890
171014
152955
167216
174009
163909
172965
164743
157880
166929
162864
161198
164001
161003
160340
165025
147920
166871
156899
154157
153924
114513
143598
161596
163765
150838
165231
160041
150942
150941
140577
153553
163108
152690
163311
163721
166746
173850
141338
179196
169815
169816
165996
161905
161067
151896
174901
163052
160666
168849
167235
166645
160022
157882
174170
164221
160743
179413
159688
179146
177161
156520
179289
165093
174341
161646
161907
170806
171081
179078
173929
174105
171093
147696
161798
171939
136528
165949
177075
178221
185853
175853
142776
180690
169940
172799
166751
172929
153975
175135
156017
177975
180840
163984
159740
143831
161104
152988
175008
138678
150812
175699
173974
139573
160882
164615
152237
156681
164770
164020
156782
163828
167611
157405
165608
152473
155893
147754
162786
165486
163307
138383
149159
153770
167595
152408
164049
157828
161436
131155
152345
134091
152890
168940
169858
152438
154610
162887
156910
151591
150403
148564
166844
154544
152654
162582
166776
160733
156829
151423
176888
155606
154740
125155
142702
165923
158910
162442
147578
153833
148503
162852
167098
162823
169653
168379
161216
168683
159753
145318
168235
151662
164872
169071
145207
146624
167755
166583
168034
164049
160490
174524
180672
157476
171821
155417
140954
156602
169674
163708
154558
154612
154298
170567
170051
172750
148647
162025
152619
166948
152320
170696
163675
187001
159977
164805
157584
161926
181021
162556
165770
155425
177243
172057
168784
173116
170876
172859
167969
168780
173894
159605
169094
157634
158762
157014
171783
146455
154547
167702
149252
166580
163927
174791
162760
166828
164162
150427
158465
152703
170978
165954
172079
160863
127191
174450
162684
169702
173831
157612
161922
172910
164534
162646
159938
165806
163919
156823
164000
154639
168992
165091
171859
167727
167003
179022
143503
168871
158475
164771
174684
172884
177708
167800
163771
156047
174721
165844
160931
152619
185772
157892
161257
168625
175740
155683
165674
173867
172969
165529
169791
178063
170112
169602
147451
174523
165474
170945
164748
154634
177642
164748
172484
183160
183810
179704
177896
176641
163508
157571
167462
153230
171745
170940
144315
165480
172739
158606
156585
142239
170920
167810
175825
184150
174905
158480
169233
159630
154334
166350
150183
171095
170919
149450
167043
147896
135196
164962
169962
160955
152775
158675
157781
155826
153639
157654
155679
156589
156459
145393
155806
145778
159864
152549
150525
172167
166129
161683
160670
164716
165794
162752
165718
163632
169852
178871
166448
175945
166945
162774
170193
189001
178960
172006
178490
153265
184695
170586
155438
159232
173708
172337
180928
164324
162510
161550
166455
181739
180793
169773
167511
174892
181403
167837
159803
166305
174683
170505
141828
177526
170461
172476
172701
171653
169443
169461
175596
169439
166555
159548
168442
172537
158721
164545
171553
162620
164723
152222
183958
163680
155582
172709
166574
165288
184673
167631
178676
174538
158492
157503
158515
172686
158843
159781
182050
167676
163856
164689
123652
149456
163605
153625
154462
170200
158729
155476
157623
170150
151426
163667
162178
154492
164581
173064
171689
179854
161933
163973
175126
166562
163398
156725
178106
156593
162949
171883
166604
149564
161821
139343
166939
160638
177049
158431
179964
159716
150818
174822
159552
156650
133502
171418
155869
147562
155777
178883
174010
183076
172905
178956
162681
156741
170805
183826
166842
155606
164048
176769
178944
155652
166734
162923
167510
187003
174011
164431
161606
176075
179850
163576
171959
168401
153572
174023
170943
163620
166679
183927
163837
174584
181898
165668
166030
165641
164511
169984
149901
174957
155719
178679
159790
167715
156140
172959
172994
159449
173211
174687
146145
178892
169866
158858
167969
138505
183054
138557
178681
166084
171863
182237
175919
166883
171079
167940
156038
172118
166269
166979
174145
148768
173964
178623
179110
156219
92189
155183
150174
160191
152136
155188
151157
147177
150962
153280
169699
148924
174411
171134
162339
157009
162214
153647
161727
164194
167904
145896
168044
170040
164966
170129
171183
155624
183569
173063
171386
168996
168478
166111
180398
155975
152922
154182
161190
169241
172125
171050
173160
169187
153886
152983
128432
153904
183593
176399
154320
147930
168301
167990
174366
148962
164159
165160
173266
166065
173252
163362
167182
173252
172077
172242
164030
173236
172021
172169
140963
168055
146077
143912
177079
177366
166987
162025
155760
164055
161912
158720
154820
165004
161144
156089
165029
168271
168007
168106
160040
170052
171050
159779
162716
153114
177029
154040
169006
172024
149605
167043
163939
139849
167823
154640
144903
172229
178141
168375
171217
163830
167893
136675
159849
171025
172070
167533
154991
141812
155074
140964
176380
168845
151838
179192
150499
159872
182532
153761
170098
176345
155903
179017
174029
155873
168073
166855
155634
171996
152265
151947
171244
182329
177269
174183
121210
166892
161286
155878
173114
163960
162851
163635
162869
179258
168855
160923
179416
158961
171053
169125
149103
153849
157753
165334
175996
164731
171131
141971
173075
172998
175231
185407
150585
166820
144576
168932
175264
169594
153623
178032
180954
170007
175968
151719
146491
147754
165140
158775
150779
155022
154935
173070
171133
168933
167071
163567
136691
162931
169835
168725
169799
177651
157897
169025
151786
143883
165814
166175
175131
166044
159468
172818
171966
178881
159847
171885
161792
153031
162959
166171
165895
147864
149816
171867
162880
171024
177930
161941
161738
172843
170963
160594
172816
147727
167891
155095
156659
160668
167682
151725
167191
154754
169835
170978
167650
169084
149499
148512
161992
169729
168680
172308
167083
161113
159178
158876
173879
163140
158962
167938
143647
168266
140269
126132
161815
163858
163951
154654
167056
173102
166082
172836
173034
167924
165875
158569
164901
174792
167143
157700
147376
171780
149541
147444
180052
172059
162215
163653
171009
177157
170910
178041
170697
168973
172906
172973
159721
167044
147553
162596
169822
146601
167640
164110
167100
164887
165719
166700
161613
166225
168066
168131
173221
163025
145548
159502
158706
165414
152251
164015
164073
171326
144339
173009
164771
165074
131074
159722
177279
173431
174184
170020
172225
168120
165086
178278
159703
158764
168195
172254
177507
158867
167946
174324
157890
174123
174430
172868
142507
172923
174060
175215
150878
175214
168883
176261
172967
183451
176005
172040
172911
140496
157820
175159
174076
179070
178265
154535
166788
183465
171150
180240
184395
178307
150726
179990
175626
179207
171889
173686
169881
147787
154376
180100
168778
161653
157497
168075
164561
156822
146160
134160
156706
156734
149604
173986
168901
173954
174054
166231
167956
174126
143143
170325
172023
170112
161943
161084
140791
136372
169888
171169
145663
164554
161655
184497
167966
163824
169001
174123
168805
145552
160786
179330
178275
155784
167000
168843
176119
165811
166620
163890
158845
154543
167763
147684
150640
169994
161773
157690
165356
162159
182177
168747
160851
156580
163571
176059
177211
164990
159667
167946
162888
174273
158752
176836
174458
149864
177267
166131
167910
136417
158580
150615
157892
170910
161071
171149
166868
158032
161900
162712
164875
164775
150694
154094
160938
154600
143475
174265
178101
159707
153830
154687
164178
151539
136497
148671
160798
149635
155720
156779
172146
162086
168202
169942
161786
175444
168111
154882
156044
163562
173423
161779
169248
157082
149705
145706
163998
145623
159769
160616
163808
156895
136684
153899
156752
140826
153754
155759
146622
154628
151667
161039
153782
154898
167822
172473
152769
161100
155749
166034
157807
160262
162087
163146
149983
153683
142324
163221
154879
162758
156905
163178
153801
155902
160865
159041
154656
158975
146846
167604
157951
160908
148945
151857
150735
156746
159790
140934
161949
153703
166336
145835
161822
171536
161989
162215
161253
171335
157752
169661
162974
159031
157078
156726
169041
165894
162108
154939
157832
167803
163002
161299
163060
162017
159878
159225
160858
163988
141923
148977
155445
176941
171319
168760
163924
152739
162836
175075
168120
168824
168089
171107
166089
173334
164707
175225
178379
161954
167795
167906
173861
173123
143835
157740
172384
178349
149936
145951
138661
166829
167899
168887
126999
147836
165060
184143
167110
172159
159816
170101
164737
171176
171805
173251
168167
139573
186266
163555
178006
178423
170328
164362
173360
166391
166089
157379
167227
171564
170225
163909
166365
133357
169884
151904
147010
170300
157696
156095
150649
154454
133707
144554
146603
145681
126338
139311
134368
138879
138557
133231
146840
142828
145501
158947
142420
157852
157713
159615
155683
138539
160691
157534
152978
162042
169407
163089
150546
152528
152977
155744
150814
164146
161755
149638
150586
142820
143417
146912
150759
156805
170266
152854
168152
169290
145053
171199
162464
163027
166391
166183
169305
168222
158369
171186
155330
164077
153094
156098
159382
165457
162016
162967
155098
172503
170396
163660
161800
173108
166078
167032
173246
163343
164341
168174
169337
163375
165173
173477
176513
173306
166518
163213
161436
164033
168237
154911
170174
173340
178338
160201
170347
159668
158002
182548
164046
173521
161964
172633
132315
169850
156247
162194
170313
156079
168201
166218
155274
168425
158311
169506
169286
162090
169433
168950
147064
143984
171251
146654
188136
167912
154166
170336
160961
166263
182120
163058
177298
148052
150985
167917
188053
169340
159862
178933
179184
190955
173840
150010
159104
179231
158787
160068
172001
148561
146658
167089
188153
155358
150846
153541
147161
169249
174309
169119
168082
172986
164184
174915
173296
179346
167143
176179
179889
171395
147238
164105
176133
176291
169169
154233
180059
175132
147244
169121
153914
172914
170030
175144
152469
181205
159323
182193
174024
167918
173649
173943
177908
168833
162596
176786
174745
161999
177775
177819
170690
178773
166645
165837
176984
170041
170683
166651
175724
163958
176716
176738
175848
159831
174734
173696
166572
170842
179855
169046
173831
169737
170540
165888
178687
174833
177840
151695
169920
163764
163853
171419
173862
172205
170906
163536
178837
177674
165717
162461
170764
163736
171738
163562
166539
163431
172598
164788
170834
159747
170737
160100
165365
164631
149775
140847
168185
158814
159761
171412
158705
159762
160787
163747
171900
163675
156608
164604
158414
173524
162907
161953
168768
170545
170727
167767
168653
170360
174809
127988
172621
167852
151972
174665
169827
165574
172795
173917
164979
168794
172541
167569
174980
170973
177848
168805
172120
163734
175973
163712
166891
173666
169405
171731
169941
172718
180945
172792
177081
173096
160790
163597
163773
173004
139938
170960
161845
161953
162350
163159
164090
155283
170043
142199
151805
165758
156693
169066
152985
150180
167023
165068
181856
151605
169113
167850
169816
159138
154904
170984
171045
164596
165660
165710
171292
157612
166839
176879
172802
161008
159098
153781
160987
169120
163176
164907
168010
155835
169950
166049
155866
172818
170234
168994
157812
161763
144720
164854
168957
171173
172952
166993
168108
169309
167009
163902
166959
162671
167776
169861
170772
158663
164049
166869
163985
172099
166083
176006
146014
164692
162799
173348
174156
169036
168024
176119
178219
169705
164939
164914
168742
165951
179052
174142
179305
174695
168947
178347
180268
175138
170954
172720
173406
165891
170688
164779
168377
166766
168631
172197
160878
165908
161602
166929
173863
178827
176754
169220
165589
172700
165797
166960
162992
168914
166105
160814
177990
168528
189243
157070
163159
166716
169882
173879
173825
177785
161126
173924
162753
166727
165879
169734
160695
155760
159556
162492
165995
172856
173183
166597
176794
170835
171815
164580
165025
179959
161863
172741
162798
173788
166056
175082
149410
169915
155017
169622
163813
171770
174807
177094
158737
170666
164647
180134
161760
172063
163918
169891
170747
174838
169002
159715
148060
161661
161007
166130
171784
164700
165606
168136
165228
159713
177103
165877
164068
147931
142668
160937
162443
158574
159870
156659
153054
153618
168714
173839
153518
162975
155638
160861
167964
166816
175182
161677
162810
170930
163734
159019
163086
161853
162262
148761
167939
177022
169952
160697
163104
167334
166966
162252
160065
161408
163312
167805
166062
160953
160933
163069
165090
167392
163046
160216
168087
176059
185037
163986
164543
182950
185148
186027
180232
179659
179956
179949
177013
179167
177937
173994
164846
176963
179800
144727
176815
183939
161808
182010
173843
180921
165964
179049
180942
174954
172861
173846
176076
172731
169903
168012
172155
170912
171926
172079
171033
171037
174314
173809
167776
167003
174138
173254
176825
177192
174777
175203
169965
168954
165781
171013
169801
172092
153631
166641
168136
178134
168654
168463
173786
173009
170771
163784
172880
173039
172865
167003
167937
166654
168846
173859
170930
169985
169580
168902
172886
171052
173733
170997
171691
173983
174937
170908
174615
176984
168758
178836
168784
183137
175756
175894
167824
173574
171880
174532
169487
156325
172674
176647
174753
176582
175791
164470
135416
151673
170513
172585
159761
171874
146021
169679
174623
169827
173542
170514
182241
175737
172957
145305
172540
179810
173710
172965
176742
95424
158744
175509
163774
134026
173609
167739
180827
176781
173805
178563
174749
175776
181156
181039
173914
178939
170937
170931
177958
173737
176040
175931
170943
171847
157234
171138
184408
176963
178143
170666
179053
176087
167689
172088
176137
174075
176141
178067
175099
178049
172137
151918
173039
175122
177088
179370
183248
181293
114513
179007
124833
175849
137040
174917
175792
178849
138267
169712
168822
176885
169961
174112
158838
154269
150140
158462
174064
173117
160518
167788
157219
143094
165531
168706
150058
160255
171922
158543
150170
150136
158221
153400
148040
152966
157209
160568
166303
165558
159115
163461
162275
161643
161463
154143
159394
169030
159635
169574
152578
162403
154446
152052
168797
155461
168942
168593
161585
155437
172179
152637
161452
158670
152409
161580
165535
159332
156698
168462
171901
173950
166515
167585
173823
166606
178048
157434
154320
161369
161605
152188
160336
152813
158426
152956
153149
158506
159307
145619
154226
166559
163413
158509
149048
164198
169376
169280
164396
159276
142001
144194
144933
139710
170218
168155
159973
166960
120932
156973
165122
168270
169365
167062
157965
156907
173596
167381
180760
167596
164579
171498
166253
172458
173781
174466
162410
163423
150425
137897
150308
168429
160959
168131
161884
169247
173413
157291
180694
176678
164255
141900
154126
177543
171559
172765
149809
170296
174553
153249
136697
167443
160229
163044
164323
165285
167425
164483
173570
170466
161337
158070
165328
166393
153061
149032
164158
165267
164307
169340
164319
167452
163197
158009
171539
163240
163036
161141
156175
174646
161350
165267
170548
167298
169363
159090
159309
168275
167275
165329
147798
158948
165237
161320
173402
154999
146908
165017
164294
161212
158936
157232
164418
163413
157938
170493
163361
172765
162186
168451
179893
171367
169393
170213
166235
166507
159005
164248
155001
164029
164268
175536
170563
149088
169462
163518
167313
174619
156265
155453
157335
176805
164558
160075
167353
176417
174413
141209
169246
171528
152124
163373
165247
158077
167162
174326
166295
162029
170256
164054
175498
172354
174400
162425
170597
166089
156880
164144
179826
161426
168632
163332
173439
157790
159985
174546
165191
163299
164355
159025
155159
155235
173563
164268
165306
174398
170503
174461
171455
172258
172650
170280
178663
168372
178575
152246
172604
159510
177799
149128
161187
153259
175614
166479
161295
147927
146262
162507
165536
179960
178678
171443
173424
170697
179479
147172
152116
164496
172469
177651
167278
178767
167368
157321
171634
168674
164512
164728
179545
160332
168566
166710
165772
179800
165757
183823
174396
180887
175658
178542
164873
175651
176480
177882
170881
175672
181685
188130
179968
177851
168528
162435
159649
179654
164176
169830
158276
160556
159569
168701
176836
164873
163825
159639
162855
175680
175650
170846
168689
165724
163810
164589
160583
164524
162506
160706
162787
163679
163873
167825
159810
165799
179920
174802
182075
165676
172954
174836
161517
175911
179823
166829
168813
168953
165804
169486
165733
179019
168736
180963
169786
173122
175018
177860
184032
177086
175719
184227
174923
174827
175077
168658
159490
165403
175197
173930
181971
172008
175622
172002
177198
174072
173907
167654
175826
165476
183199
177182
176924
180250
174045
176926
162489
190707
176121
182090
180962
182975
185333
177761
184383
170796
175795
170789
173763
177962
182221
181033
172856
183095
181492
170549
177142
179937
181250
175969
180018
174878
183148
182110
184056
178943
175965
181103
180848
175923
177915
174971
163676
178856
173801
177018
180075
171616
177906
182074
170811
178085
177989
177231
177998
178185
176908
188306
179258
178130
185192
181230
172012
184052
183035
177054
176867
184448
169903
181287
180507
170736
173110
184381
170881
185101
176039
172693
167734
181132
179900
180944
175825
178932
170638
155204
179070
176939
179070
169702
173742
177956
178911
164562
170995
167623
165530
173763
180242
173248
176876
160608
176977
180272
175983
180248
185276
173154
172819
173981
180400
175167
179254
180481
176874
173920
179207
172848
173001
170268
179117
177995
177015
174978
186296
176098
174114
174283
171990
175070
181103
173253
178865
174953
180948
174029
176924
182174
173137
172808
176806
176991
181270
171240
180095
175869
180305
175057
173763
176207
180980
139970
183168
180846
181832
170058
173941
177091
167921
169038
174991
171852
161906
171445
165787
170962
163884
173142
161854
165982
171021
174191
163076
165042
167036
164845
167975
160752
157752
168257
173399
165950
175118
171035
167985
168104
171326
178207
172132
177294
166826
176210
164962
175052
171863
179490
171062
175110
181118
183412
175950
180277
173197
172940
171984
171852
182987
178867
169007
175933
166908
176123
177055
164717
163017
170903
125259
164791
179055
188113
177097
174922
174549
172887
173847
170318
175175
175675
165600
168627
168796
174085
181091
159420
156132
166733
170754
175947
187145
147198
172801
172574
177547
178596
173869
175696
179452
190786
178674
176584
170462
178980
146994
159523
163360
175486
163252
175559
181572
176610
162319
175450
162111
168227
170498
167355
138680
173601
174391
186958
179848
171121
191094
189976
183836
170365
172320
180741
178816
178775
177480
189049
171249
175813
188056
174547
172722
183012
180658
147889
179102
176394
174761
176639
175542
168552
172714
182872
179827
165326
179968
157451
174529
185992
173518
177977
178976
180846
176781
180100
171927
169848
187046
188248
186139
184910
191269
185813
178806
168544
182690
188989
182719
164221
145395
189955
163403
192181
178690
176778
194278
186985
185887
186040
186157
165753
184091
178973
168876
173210
160139
179870
173564
180850
180996
176919
166818
182140
173872
179853
179206
174856
184087
181711
180970
174464
161727
179044
179922
177697
181666
157725
178855
180563
165993
179663
180599
170966
188167
182124
179790
185975
185076
173778
175896
183830
182866
176968
184963
176999
175003
177037
180842
184811
163127
182078
185203
176972
177589
177058
189014
168857
183128
180032
175795
175836
178957
181987
174829
171819
183041
169908
183217
174920
173646
178698
166679
179044
184323
180068
168913
173342
170425
176093
177017
177330
166075
173051
173269
165780
163811
179128
179251
177186
181267
173117
173256
179441
177151
176119
179047
176272
178058
183150
181383
179924
179121
179317
173155
180169
182185
173142
173928
182175
186282
168593
173844
178012
179037
171900
182999
177962
178081
181019
179122
187098
179687
181907
183195
169931
171007
171856
179899
180897
168084
176146
180331
177262
184134
184134
172848
182066
177180
182224
186161
170999
175893
182975
178154
175336
162068
186341
167715
182187
167775
177120
169602
170995
169704
170726
178216
169941
157260
157596
176914
181314
179271
178035
168887
178037
164783
176132
158767
181301
165829
167788
176993
167874
165965
165747
164689
166899
182318
171150
151788
179242
178804
177882
166716
180223
153477
163656
160792
175069
175757
174745
170234
138582
175271
171376
171549
164435
170686
168839
171910
171774
162275
174810
173877
170894
168778
163902
168849
153449
170876
169468
166766
170637
166155
163858
164655
154667
166575
169103
169810
166958
173940
167951
176929
79513
145505
167656
164818
167854
170004
167565
171721
164610
160383
143127
168084
166514
158718
166954
168473
168647
157689
158176
170781
163529
173044
154455
163652
154599
165596
164895
170024
172827
150555
160506
175748
171033
173836
144359
163466
152257
153505
165902
164816
164013
166939
169093
163930
159050
161765
165874
161575
160734
158043
165907
162774
175771
169024
136288
160614
157651
157449
169833
174955
178065
177927
182415
174832
166637
174899
167783
168658
171996
173763
170742
166731
168842
175213
163872
165885
175087
162682
168843
162000
172048
173051
177014
155794
178910
180160
169533
166923
182271
181154
176891
166850
165775
165493
167859
165687
172861
171966
177719
174286
178315
178347
163617
180426
184133
178195
170119
171933
184325
164628
159628
148366
168432
173871
161528
170068
173897
180075
182497
173229
156697
174754
174078
173753
182039
175166
166658
177812
169177
175019
169187
169880
175472
155845
166018
172061
168809
173801
166725
183351
175880
161721
188305
185510
173156
178033
179953
176188
174048
183439
174991
168191
176260
173242
158923
172954
173041
163140
173138
167038
170010
170083
172190
183133
183584
169880
177228
183055
177077
181206
168901
162988
182395
182219
176198
165018
176991
171004
172202
175263
181540
171325
175285
170869
160802
170071
165958
163884
167072
157990
178329
171271
178607
174176
180487
175974
171162
168961
160920
175093
176210
171218
177301
163733
150799
173206
178103
155060
184563
182238
177480
171166
174199
175782
184272
181054
152954
166919
188293
184074
180083
181170
184144
177022
172742
176332
182180
180892
158805
173873
188116
171963
184944
180714
174758
182880
173789
181921
179869
179977
164633
169791
163541
163604
171684
178883
171704
171803
165439
173678
169541
167727
170777
180755
185156
172916
176684
180085
184825
183917
175835
188094
174981
176821
180917
173513
174267
168717
180035
175877
166904
173774
158507
175885
169674
187922
184960
176996
171739
176898
176785
178918
166480
175740
190195
159395
174776
170536
178844
179762
182902
174765
173944
174961
174877
172694
181918
177076
184083
177762
175721
174670
170649
172718
170706
174598
181211
178047
170649
188099
179112
187179
179988
188474
157857
184141
182920
178814
177108
180877
185145
182108
181021
184105
180747
169794
166027
174694
166797
185923
183882
169594
171639
182286
173990
180116
167738
173601
182760
175648
171576
169784
173928
177969
182868
182851
176885
190208
169715
173905
172595
191344
178976
180842
173806
180918
172997
175623
180047
176869
183102
176798
167572
176869
184121
172621
174597
171900
176972
173756
181037
181112
178000
183836
172617
177722
154891
169891
161115
170530
170630
178845
166608
170807
175644
167534
177868
177840
176808
170554
172806
178795
166637
174644
174653
174628
179884
177874
177830
178816
181004
180968
176584
163495
177898
176706
167723
171699
171719
176939
164588
172788
172935
167445
176897
177911
177939
173731
164941
174914
182018
183999
172590
173667
175640
173729
174722
170534
182953
175536
166469
176942
167771
164799
168538
164727
170701
173910
174790
176769
180882
175762
172902
175776
176972
170639
175972
173765
177863
171685
168423
174997
170574
172562
165904
165555
167638
166707
171830
171721
169566
172671
173676
164666
169696
172653
179906
178785
177545
173648
171508
180047
182957
181055
179803
178873
172735
178625
178945
171575
175535
180918
180925
177721
167724
173878
183223
186086
177843
170886
174838
187013
166607
162723
173885
180258
183992
168431
164372
173935
190178
182930
177915
173946
178001
169063
170865
177922
180835
176281
173175
178970
184307
174036
179071
175191
184139
186050
168450
181945
167922
178118
180921
184055
163622
169464
185290
189084
186071
167794
175695
164420
174635
176113
182330
174145
171946
154543
181018
182163
177393
174904
180191
179227
178986
181892
173840
181450
177060
181028
175710
183951
174024
182437
182133
167247
184968
167746
158950
180836
171682
185063
154858
163691
186173
158330
165789
184989
185943
190235
181961
179026
179058
177090
178727
156273
180854
181014
181779
182290
184131
185348
183088
171916
182990
177994
180912
181282
165436
175118
185167
185228
181099
169365
171184
184045
188170
171029
174923
176805
177753
183066
174766
179748
181764
180007
172738
187996
168724
184822
166839
176474
170618
172869
183868
176609
178996
183215
177843
177927
174592
173699
179613
186142
178787
169112
172752
174987
192103
162370
167745
161078
177193
176767
183920
171771
187226
171294
181963
177030
182197
177200
170476
172682
165802
174642
173573
173674
177880
167399
182113
174881
178885
182040
159547
181897
173800
178930
183067
180209
184356
121252
183915
182891
174679
184147
176004
180807
187343
181950
175807
170572
176193
179004
170440
153147
156233
173021
179767
183901
176008
166686
173882
182864
185004
185794
180841
174792
162570
169782
176562
178689
181898
178024
179848
184343
177162
180922
182195
183776
178832
180986
174917
177129
166662
171814
169609
167487
151413
171712
164283
180923
181767
183196
174115
183176
155630
168407
166572
173756
174518
179710
158179
174720
177736
161568
181882
188093
175801
165955
165009
171220
165585
174292
164989
161197
167289
177919
182142
183898
174785
174177
179969
180086
185246
185182
185064
179168
188109
183875
174064
184446
186187
177580
183980
182187
174305
182202
184169
187139
187308
180990
186047
185807
183900
187916
179010
167681
182999
178919
178186
183251
178032
184225
171998
182803
177014
176921
174085
180475
175095
185241
159659
172973
174308
179186
185364
180347
176213
175368
172140
185003
179208
188067
186062
164775
178943
175077
171985
183200
187943
176027
167719
168825
170752
177813
183025
176218
184173
174986
178002
176275
161892
182349
177089
175891
181389
187288
176077
180152
177272
179973
182202
177961
184662
183312
179059
169733
178969
183049
180242
177105
172758
179271
178312
177275
180510
182349
177106
175237
174822
181022
174304
171068
181300
181086
184857
185275
174122
178991
178299
174364
175889
178336
181153
175041
180084
171997
181321
181015
169014
178206
172008
171047
176145
177290
178188
178234
180268
184235
166731
186059
184214
173097
176914
177237
188121
181136
181343
174251
184420
177052
179375
177171
177170
177913
178954
177289
179177
174044
182034
174323
174874
177356
178988
179153
174834
181023
178171
188247
172782
172913
172712
183243
180140
177935
175204
174956
175255
174085
178086
159851
188368
176983
175017
171052
143886
146749
173874
174149
164811
177936
162110
174966
183288
175883
179940
175244
176231
170935
174107
170966
179917
180013
183092
171971
172928
179221
173006
168909
182927
177699
180002
178924
181922
184054
179071
178047
173220
177071
174883
175665
176905
169043
187238
181956
179902
186964
186747
184175
180014
181374
172366
127604
178637
178072
186677
182362
176932
179205
177106
158642
175717
175870
176058
171092
178966
179039
179006
170999
177442
171888
184061
180165
180511
169896
180232
181297
181373
178081
173881
182378
162016
160669
180193
173969
188133
181026
184113
158783
171804
182361
179124
173024
174125
186040
181241
178591
182905
175060
185203
174953
170961
177117
172944
183387
173945
168001
185930
179963
179314
177174
183858
178149
182040
183171
175036
180265
174166
185379
185457
178317
186529
175753
179193
178765
186447
176192
175143
179355
183397
172904
181246
177955
176896
172871
170614
183237
187929
175954
156553
166120
178332
168460
175098
166708
162728
184913
174239
181264
167741
178071
187976
175128
181152
182054
175936
177175
177254
180368
183344
176108
178433
182336
177108
156879
182770
183058
175930
182462
176133
174794
184983
165893
172889
177272
180976
178976
168709
182284
185441
183519
179940
179297
179147
160945
173895
175238
179221
170902
173028
185222
177472
175254
184345
170146
173302
173829
171150
183035
171023
176464
175486
165092
172063
177260
176137
185251
174094
180949
186122
173124
184279
183377
178237
182474
184258
175098
184192
184415
185362
178104
186140
175169
178296
177796
177154
179145
175202
178046
181341
172063
178130
171868
175269
175194
177382
173172
173079
180306
176259
173036
181408
172038
178210
174957
171969
172128
182335
181223
180020
182738
171949
176386
182521
178095
173059
183396
176200
187588
182502
180125
176022
171968
170149
177103
178507
177110
176076
188418
181324
177110
178932
168824
181068
174068
184275
175939
177228
182202
182065
174895
177332
189170
172922
182881
167693
192967
184013
186242
182944
183197
168469
181810
185011
189269
182883
192039
177574
192106
195002
196050
185935
188891
178956
185366
194108
169925
193191
182996
192280
193253
175864
193243
192923
161881
190907
195916
193147
190894
170859
184786
183088
194878
182663
182885
185807
188338
181706
175727
173730
170655
179627
182626
183685
184639
177810
180798
178603
179754
177658
175435
182975
182811
187932
179558
181948
185899
178650
177633
180836
181696
176825
177501
188968
186785
194179
188872
186891
190010
193002
182762
191119
185998
191207
190491
178526
193092
178751
180625
187044
186798
186969
184847
186921
187154
171002
185898
185076
196148
159111
185108
194128
187992
173059
191207
189845
187945
178583
184895
165849
193947
186939
184775
191186
178713
191265
182953
194473
192498
188048
184957
192952
181830
183845
165801
163736
189716
183017
184975
187911
187006
189783
185226
185987
189094
185316
180955
189120
175785
184058
184821
190031
180784
186703
181675
183067
188247
186061
187028
186824
182822
185155
183789
191204
190182
184925
187955
181799
185836
184844
170988
183918
170132
178016
182792
172951
187024
182848
187200
183228
169027
185834
175138
175206
167187
188154
190956
185908
187873
187052
186908
185893
193187
178353
183994
184948
185140
191159
187830
187149
179055
179893
187895
183075
183819
182879
177949
179684
183852
181761
175908
187893
182802
186055
179918
188074
189088
182946
178677
183649
190168
187113
184907
187053
189863
186849
185740
180708
184888
184038
180937
185778
186103
177855
188881
186959
186968
192180
183871
188928
186783
185279
173889
191942
188032
190972
183172
192340
160818
173888
192052
174826
185872
178805
184044
190011
188848
183016
178871
191156
185168
196152
187024
187081
186143
192068
166920
185988
171002
188929
190096
182964
186940
188874
181989
187017
175955
182890
190121
187045
187034
186480
190938
180776
184985
186005
191234
177919
173990
184858
185923
188963
179805
182319
188133
185051
180820
185832
177874
187956
181179
184938
190279
188948
188148
182839
183054
187879
192194
184051
184943
193219
180988
179960
183972
181761
180951
179815
186134
196118
188931
179329
181063
184057
190067
181142
178725
178901
187940
183828
186039
179096
180914
186870
188143
187876
192098
177953
182983
186828
191336
188958
188149
185898
173159
191097
186799
168930
187180
190058
194282
186019
182043
183927
189063
187975
195070
186006
192235
187902
188919
187344
186235
188200
186041
189271
182768
192077
182837
182809
180790
186829
193009
187931
188928
182047
191126
188981
189116
178731
189109
184996
187965
190267
192063
194198
190301
191141
188118
200272
191044
188878
194941
192957
186906
190006
187987
185017
183371
185058
168799
187072
193231
183035
185745
188903
183623
185746
197019
179720
178932
194258
194072
184994
186842
176808
182966
188825
187928
190014
190415
197219
181247
186054
190048
194119
193177
186141
189365
184967
193528
190260
181901
183960
180800
183093
196310
182714
195415
193049
191256
181659
187997
184792
199294
189914
184747
187722
196053
186036
194180
182901
187181
190307
192218
195170
191096
192869
190936
173795
192014
183323
187986
184726
186287
185930
176429
180387
179375
191193
196452
191202
187343
183967
188162
183970
189086
194410
194223
195450
179885
189211
191954
188979
186845
181675
188050
192040
192990
189170
182806
187070
187194
184781
182234
192002
188975
191019
187111
184906
185166
165104
177827
182911
181034
180222
185054
185210
176940
186239
188915
185123
194189
186336
193316
188248
186147
196166
147949
188850
193243
184518
176741
190944
165711
185915
190238
193159
186980
190315
191888
187935
184263
190863
190878
194320
183691
184735
191121
182648
186147
186021
185920
177204
173890
186025
179604
185865
186922
188990
187239
180650
188120
188037
190979
193049
190250
193202
188961
184104
192998
186967
183110
189877
190952
180687
184845
196047
192938
187875
183897
197038
185863
178841
192079
189943
192180
197128
192802
195336
185838
193082
188258
197061
188844
194911
184926
191741
186208
191146
197012
184098
158746
178134
194905
193470
196058
190446
195168
190862
169023
196311
195216
188997
187880
193160
193076
196954
181955
193907
190018
195960
196099
182824
193211
177851
175231
185054
188810
186022
180844
182151
194449
194018
197311
182823
185953
177875
189070
190086
192119
189551
196181
198347
182840
197256
196138
190951
196080
194082
190074
188942
179899
191196
198147
184923
195106
194276
190197
190010
191886
188832
188635
187313
185589
151541
184847
187039
182003
191968
189770
178199
194963
192096
187106
180982
194912
190938
178241
192186
189033
186126
193948
186968
185959
180028
195199
195197
191090
181222
176825
197135
187213
178192
185678
179617
173870
194162
180925
195087
180835
196281
192887
192172
192083
194909
188967
190079
186014
188979
186872
178232
182761
179016
176940
189024
189895
182946
181844
176918
192213
184733
189953
179118
186689
190103
191900
187740
167794
179762
193046
188988
185860
194909
195222
186109
198236
192096
190826
199057
185610
181816
186901
188771
187987
186623
185843
192300
194667
198175
190415
197256
189867
196108
188802
194997
166367
186699
191873
196137
186742
197179
197033
186993
178907
186134
198108
193098
161621
195102
181961
194112
180235
190877
177067
187703
187105
189925
193377
184674
176962
171942
176621
184864
194522
176908
171570
192166
182211
192226
180951
175623
189681
169521
169884
184980
184159
177620
179909
176846
186465
188987
172934
189044
182443
168102
182341
179318
178141
184349
185002
185579
167286
189728
173821
187211
180999
181884
191883
181943
180361
181154
189848
170939
151624
177744
169897
197404
194239
200330
184906
184972
180673
192958
184821
193483
192033
189086
187935
174843
182780
178707
177973
182947
182653
175010
176825
182991
179704
187991
190850
182583
167856
189988
195055
198110
193102
184243
184927
187825
190882
184106
193140
148261
177755
176018
178626
186767
193049
189775
185756
186773
177879
179897
186750
185783
180792
181927
175672
184779
183707
178716
185200
176717
182676
179817
183931
184900
188916
186801
191128
184981
178705
185085
184873
182840
191131
184067
185696
179252
182778
198078
186970
191390
194279
186178
195115
182794
188036
188891
188320
187042
188203
159027
187932
186970
184950
177664
185835
186032
188030
190024
187892
194244
189039
196052
175991
182767
195454
192396
184093
189033
186841
183834
187950
179804
182950
182795
178062
190283
175838
187892
179675
176781
180548
190808
191261
179742
190017
187800
192017
193167
181030
186883
194538
192246
185987
182983
180085
178852
195268
190205
192191
186811
183876
195114
187945
192037
194227
185186
189092
190961
180145
189126
198263
184174
196248
199192
189364
181952
187462
182970
189741
197308
178808
160472
153432
145212
178973
173014
165614
189903
190886
189246
179134
194083
181833
171645
184841