166749
143879
161527
169496
147738
158469
159969
156593
145439
160958
155829
157038
159024
152616
178353
163086
157672
159263
161806
166300
155970
162929
163669
163567
159942
167913
162910
157264
162771
166462
164930
154636
164147
151758
152341
159587
165241
169214
156955
160321
165515
177389
177792
162769
154816
160177
154404
176614
132977
175503
160706
168521
175016
179063
169276
152108
167507
160377
164061
168105
170916
164917
151299
171768
157049
165955
151284
170528
169251
162624
172938
161246
168478
157162
175400
157058
166332
161127
165001
174282
176988
161245
159561
153408
163977
159984
163103
176006
172981
172808
168664
173242
170636
186220
164061
177841
175222
170803
169721
167218
177315
169614
170431
171453
168170
178895
177454
155462
169907
170245
171103
172275
180338
173937
171985
178127
171685
164286
166541
172046
186141
173418
181671
175283
171013
170739
160692
184891
178872
178162
180384
165583
178009
171042
171850
179107
167671
176116
166438
161696
169960
175005
176666
183524
178824
176023
181706
174642
179652
170931
185360
182204
166218
157498
169042
177026
173400
174641
161855
181140
172522
174233
177097
180711
174276
183597
175282
178669
179864
174917
179988
170434
176321
182069
166197
173631
184166
179189
181738
177946
180467
173671
160897
182417
180859
173982
183732
164336
162525
173789
168309
170118
174206
180664
180925
171411
188113
179265
180517
186496
172480
190544
183264
184593
179709
179603
188767
179074
182539
174703
187365
171671
172675
185751
179109
174448
188226
175257
190167
180401
175688
175204
175788
187013
182559
179617
186605
184509
177988
179975
179544
187761
179645
180439
173626
186951
171329
175809
191837
185983
183478
189478
193373
177793
190242
186274
173438
183082
170658
185357
189607
184003
177185
179021
179000
190550
181534
188411
188082
187969
189055
188330
179082
183993
188427
193334
179024
179426
183080
185551
186631
184276
186407
190551
191890
187552
191653
188996
149360
189974
192893
169667
180187
191048
180582
182569
186460
169206
186860
178930
181771
141867
187647
172671
195882
192099
195821
183934
188781
182301
191664
126766
160359
188144
184663
191018
191060
184813
189524
189030
194587
189614
189130
189776
188110
190131
192670
183468
184722
187857
193468
196229
183233
193414
186254
194675
170891
186093
169356
199544
197544
187918
193037
175652
188405
189012
198951
184389
191013
196500
190363
192952
189528
193678
188501
198713
196158
154709
182406
187826
187668
197752
198733
186557
187100
197903
199143
191938
196566
178962
182451
195759
196964
199138
178961
189783
181134
153951
193057
194239
200087
174513
189463
200906
155825
197492
199151
193678
191288
190218
172255
198257
152131
130489
197603
198651
198284
204445
181073
194303
155675
202022
126932
195541
157381
184859
194522
164225
195477
196435
167485
197148
197418
190433
197440
175187
188171
176510
201067
181830
200241
191219
199487
187955
197298
145811
203896
196483
170025
191327
200365
191815
168400
170301
154421
183900
188216
195487
172531
186732
200018
179634
201697
201519
181493
194760
174750
180770
201304
203547
194161
203015
204214
138601
200516
175647
204680
204214
158061
172382
184802
162648
171028
169246
201365
145856
132759
201445
162270
169961
100838
204849
168324
157292
189077
204484
178535
172782
99930
204628
205421
152675
118691
180447
177691
204512
192246
144271
203746
116066
178701
165200
168338
178661
140654
153005
204250
183426
175919
202940
187822
161098
161098
67144
133236
150713
188198
194230
171427
152336
201406
157938
193268
192199
129078
179891
128132
179443
189139
127294
205536
152743
136236
103430
206537
119706
137276
205646
173558
206698
130214
99360
206403
169313
171533
113479
196240
142154
90433
204813
185909
138608
120779
152709
113529
150740
120878
194069
204548
165292
130290
203215
171474
185624
189152
190053
206348
194049
177475
144700
167375
152844
188157
201335
206386
206638
187800
196390
152980
206690
121863
205747
134168
171488
205322
171921
130102
175499
185895
193037
201658
206478
167219
183731
167432
177633
206586
163230
188616
168846
206244
172835
199168
152369
126179
158604
198231
205241
177959
201255
205212
205638
205236
168016
204938
158618
161706
180824
186751
162395
198827
198866
158719
183500
166000
155651
136752
148317
159671
178367
148288
184840
143237
116098
113042
175345
159901
172074
178267
180311
176197
180475
191915
205442
204269
203061
161576
169244
103148
153164
183109
186266
101020
176591
174474
145646
159005
149860
141483
156714
145720
194542
157005
184857
197706
206555
150680
197126
185790
184814
191994
199206
204668
198159
169962
197290
189975
163126
199234
203457
169295
195807
206208
173397
172944
198191
179598
191920
179610
206402
190214
190473
200203
197419
162996
198298
202213
199285
191522
200226
204323
198044
206426
205935
204847
205737
205384
206287
206506
205567
205524
205527
206433
206251
205652
206401
206488
201531
200260
194894
186823
204456
198136
193983
199256
175417
184670
191597
203503
201700
199407
205635
184661
183582
200830
202353
201331
184911
202413
179530
190656
192931
197791
180657
179531
195380
185144
202252
204815
199380
204104
197201
179545
193140
205526
202329
195380
189816
183625
194864
188861
193079
198852
183669
205565
206414
196536
187490
192041
206444
198644
183654
204383
206437
204783
189792
206375
206370
206466
189360
179540
191864
195518
198178
189792
175406
181531
193402
186845
177087
149076
183611
191751
186773
192432
205207
206427
190780
185670
188861
185664
183661
199088
185714
189588
189754
202341
193992
185729
206393
181526
187820
186799
197060
186856
181504
183648
183561
201714
205471
185622
206389
192963
195913
205776
187789
187747
193867
181496
201881
189788
200119
202228
190879
182585
205305
206404
204650
177378
206407
177372
205874
206386
204459
191876
206458
179435
193918
202190
202240
185579
185674
189800
189805
187636
188600
181526
191708
173245
193953
185587
205318
179452
205810
189737
179441
182392
204147
204332
195657
191558
200058
189802
190932
185643
190914
201259
200095
204377
174324
199876
193271
171184
205235
187644
195032
192884
187373
193753
184746
203292
184611
177403
193960
198106
193936
194149
171182
193975
179389
175252
171186
178516
196043
189753
177398
191688
197084
174391
177401
180600
177361
174396
179467
173204
204432
202232
202197
202230
180555
206418
185652
189818
179443
180612
188842
202253
179398
205259
183559
185634
179498
191898
179416
173275
171209
198139
206338
205440
206476
179501
204343
183551
177418
205336
187446
193255
183321
175293
204417
194009
205331
173284
206337
177418
206368
204369
206351
206374
202310
206343
181566
206313
206295
206310
206368
187917
206378
191076
206239
206305
203428
202263
206363
206096
206202
206369
205755
201953
206174
204295
205254
202279
205371
204400
206357
205388
205375
205259
205531
203079
206412
206095
206415
191908
205809
205503
205605
205455
205590
205475
205350
206421
205550
205539
204647
205548
206470
205451
205545
205533
205407
204690
205536
205728
204677
204719
205648
205496
204592
205091
204615
205474
204923
205060
205436
204559
205551
205127
205437
205383
204332
205969
206324
205905
205802
205421
205868
205621
205263
205283
205983
205116
205085
205230
206059
204371
205122
204142
205193
206116
205081
205547
205964
204214
205621
205183
205268
204732
205587
205059
205671
204378
204494
204984
205518
205772
205861
203907
204613
204999
205809
205705
205304
204897
205675
204549
205868
204821
204968
206064
206063
202833
200976
201001
200138
200214
201338
205552
206086
204988
205849
205061
205917
205418
204908
205707
173411
204589
204223
206132
205466
203549
206189
204996
205701
204173
205592
205623
205636
205562
203609
206097
206191
205360
206059
205867
204114
205529
205580
205495
205448
206209
205681
205354
205510
205232
205284
205316
205058
205349
205785
205404
205917
205741
204588
204269
204316
205558
204411
204817
203286
202944
205070
205143
204825
203609
204667
204862
204102
200581
196544
193439
195866
197467
197611
158488
168275
123312
203639
204631
205874
205149
205539
205165
203981
204652
204708
204767
203652
205514
204879
205278
205449
204936
204506
203532
205173
205314
204765
204976
204601
205240
200464
199652
199218
202057
203622
200745
199869
199934
197709
200232
198425
200508
199542
200749
201045
199804
200802
203427
202595
202759
203667
200764
200822
200223
201349
201164
205774
203018
201970
201837
202830
202337
204262
206091
204225
204037
203428
204997
205159
206107
205419
205249
206056
206002
201586
204583
203495
202524
201703
206146
206219
206146
205990
206414
206078
206263
205452
204988
205910
205118
206392
205506
206329
206022
205359
206496
205746
205881
205703
206512
206498
205240
205359
204165
206502
205027
205903
203289
206280
202710
206349
205155
203658
206206
206329
206306
206366
206460
203263
203389
205750
204426
205225
202286
204097
206193
204263
204910
203384
202829
206489
204360
203309
204597
201843
204743
203363
203223
205327
205185
204562
205364
201913
203748
201723
203335
204388
204489
201478
202245
202752
204438
205537
206322
205401
204984
202710
201200
202446
202888
203345
202701
205718
203021
203514
204464
204660
205345
181682
204912
205618
203810
203075
203596
205653
203609
203508
202762
204049
204128
204219
205445
205554
203395
201077
202249
202420
202485
203883
204119
204359
205719
205508
205795
206045
206361
206245
204903
204910
205682
204492
204725
204948
204321
205457
204661
204974
204177
202799
204793
206348
205489
205327
204855
204479
205319
203847
206211
205338
204670
203321
205581
204429
204518
203620
204411
204155
205289
203457
203306
204529
205779
205671
205117
204201
205373
205253
203943
205034
202388
206267
206530
205730
206419
204579
205286
205081
204043
204469
203345
201480
205459
204561
205062
204982
205977
206269
204405
203166
205327
205978
206110
204171
204782
205703
205857
206341
205108
206418
204175
205917
204739
204081
205286
205543
205513
206487
204041
205875
205465
206513
206480
204217
200020
204651
204957
206340
206022
206273
205910
204902
206360
206496
206023
205097
206100
205840
205648
205434
206055
206538
205004
205699
205479
206533
206438
206492
206474
206084
206329
206426
206522
205614
206466
205895
205576
203678
205498
206014
206217
204576
205500
204320
204562
204700
203874
205991
206123
206507
205458
205955
199488
206391
205141
206451
205209
206227
204951
205117
205015
206471
206471
205118
205217
204713
204382
206481
205388
204823
205970
204496
204927
206125
205971
206204
206280
206235
206469
206416
204846
205074
205980
205248
206092
204176
198279
203551
203845
205274
204552
204388
206207
205839
205792
204383
206199
205575
206056
205681
196142
206134
204745
206471
206257
205904
204908
206185
206195
205155
204397
206371
206412
205924
206432
194225
205862
205113
205938
205909
181607
205763
205054
206255
206368
205849
206386
204099
205165
204855
205488
205328
204822
204463
203980
185203
205533
205624
203440
204381
204830
189969
204833
204816
107271
96961
195153
205553
204187
204203
102997
96961
107123
139929
98973
205198
176085
205200
205213
184295
186448
202700
194613
205230
204567
198736
192543
205133
204004
206150
200261
205641
206176
205474
204293
205588
205426
204659
206520
205547
204564
205324
204674
206010
206562
205599
204226
205280
192096
206397
205366
188026
206126
204648
205392
203345
205754
206455
205443
206519
198214
205097
205622
205288
205562
205785
206031
188026
205123
194208
188010
206123
205727
204888
196731
205299
205760
205384
205639
205506
205642
195296
206388
193698
205612
178212
205679
206311
205764
205644
205987
205333
204270
205478
205051
205503
202614
144410
170226
203640
204757
204691
202489
203216
202485
201733
203759
202558
203718
201984
201175
204551
205428
205413
205748
205612
204069
203757
205624
204449
204075
205340
205451
204178
205309
204237
204610
204940
142707
203875
203909
204209
205358
204444
204114
204858
205271
203642
204947
204851
204713
205038
204619
204893
204488
204316
204978
201272
115745
204711
204708
203873
201301
158927
98992
205222
204374
203625
205155
204602
203555
202313
196180
204435
204348
204501
180376
174079
204452
204429
204554
204659
204839
204446
203765
205292
204304
202560
202719
205101
196302
204567
199415
204733
199536
203647
203681
204546
204373
182352
203740
204314
204937
204994
205615
204829
204313
203730
205324
203575
205150
205838
204714
203601
203030
205377
203267
204219
204113
205156
204117
205310
204137
204886
204523
203831
198025
202592
203218
203957
203740
204070
205450
205008
204607
204391
204610
204246
205146
204998
203964
204265
203747
205080
205534
205033
202076
204146
204230
205320
205022
205079
204477
205728
204202
205392
205086
204680
204232
204312
204159
205559
205775
204529
205386
205396
205837
205817
205647
205697
205903
204499
204897
204512
204027
204437
205299
204842
205657
205773
205110
205440
205431
203377
205258
204500
205036
205044
205956
205952
204448
205373
203975
204996
205324
205810
204935
204934
205528
204654
205483
204054
204987
205551
205681
204440
204738
205168
205712
205360
205672
205281
205315
204266
205267
205009
205432
204503
204870
205325
205927
204662
204084
204941
204675
204752
203881
204519
205184
203396
204175
204679
202966
204996
205674
204393
204675
204955
205100
205628
205829
205384
205556
204555
205533
204704
205142
205326
204825
205161
203893
205403
205221
205169
205423
204167
205643
205260
205372
204770
204085
205077
205822
205585
205603
204914
203855
204413
205533
205254
204924
205081
205426
205421
205137
157628
205527
205516
205190
204961
206051
206201
205707
205578
204942
205787
205436
203711
205074
205077
206186
204880
205157
205713
204903
203767
204503
205021
205600
204314
205612
204934
205191
205661
204819
188037
204543
203856
204772
205760
204897
203302
204679
205796
205891
205759
204855
205786
205771
203919
205861
205241
204591
202816
206032
203061
205610
205608
205503
204250
205828
205419
205464
205608
205407
203907
205832
204987
205891
205557
204327
203524
206001
205782
202956
204530
205559
206043
205888
202722
205565
205760
205929
205766
204942
204417
205165
159091
204713
205404
205172
203183
204188
206025
204782
204753
204991
203656
205079
205681
205112
205123
204976
205007
204153
204607
204813
204815
204677
205233
204682
205151
204641
203074
204657
203712
203505
202713
205072
205076
205506
204848
204671
203659
204831
205423
203865
204705
204544
204547
204838
203917
205921
205108
204689
204584
204403
204800
204341
205234
205047
204871
205556
204519
204852
205063
205490
205839
203575
204846
205205
205725
205668
202880
204747
205479
205810
205256
197893
204656
193925
205067
204726
204129
204708
203587
205348
205766
205195
205277
205007
204540
203536
205675
205475
205503
204318
204528
205445
204659
205300
205139
204549
204501
204446
204923
203517
204820
205625
204557
202681
203607
203500
204320
205673
204467
204603
204720
205267
204675
205558
204608
204705
205678
204838
204601
204507
203430
204591
203635
204931
204540
204642
204642
204648
204411
203770
204466
204726
204697
204942
205383
204356
205051
204964
205222
205468
205419
202840
204382
202955
204649
204762
204922
203774
203787
204655
205302
204593
204844
202439
204879
204031
205297
205854
204097
205947
203899
205875
203872
205432
205195
204606
204032
204156
205276
204102
204707
204950
205302
205377
204229
202765
199076
203632
205654
203470
203555
204115
204615
205501
203487
204664
203976
204827
203378
203687
205372
204424
204222
204392
204504
205554
204601
205110
203141
204811
203680
203474
204556
204130
204294
204114
204333
204688
203492
205027
205107
203751
204594
204472
204736
203523
205106
205024
202288
204476
202513
204542
204376
204435
203800
204575
204579
203651
204993
204525
203360
203589
204513
203846
204557
204459
204623
205651
205227
204506
204686
204750
204530
205051
204820
203665
203028
203929
205096
204799
202639
204410
203713
204631
204878
204629
203810
204738
204841
204726
203855
204559
204623
203711
204733
204519
204625
204133
204588
205114
204826
204419
204480
204686
204688
204580
204838
203861
205192
204949
203889
204851
203878
203819
204564
204693
204890
204661
204942
205473
204824
204687
204468
204795
204696
203986
205067
203752
204633
203337
204029
204649
204754
204947
204943
205346
204796
204998
204822
203803
204616
204354
203891
202324
205435
204659
202794
205165
205158
205056
205159
205381
204076
205213
205213
205587
205158
200357
205149
204545
205147
204644
204955
205008
203954
205242
205258
203590
205179
205199
205002
204071
205284
205236
205420
204364
205115
205165
205399
204395
205821
205086
204994
204132
204132
204702
205489
204621
205512
204082
204454
204133
202514
201450
204006
201357
202245
201403
203436
203876
203562
204363
202396
205142
204065
204099
203124
204063
205068
204124
205688
204198
204815
204708
205354
204147
205529
205164
205243
203548
203371
204409
205107
204224
205504
205235
202646
204210
205568
205454
205828
204993
205311
205082
205775
205118
205106
205121
205745
204775
205913
204029
203167
205009
205744
205442
204642
204993
204258
204022
204633
204048
205560
205106
203598
203422
199953
199971
201216
147981
153097
203562
203604
204936
204976
205052
205031
204710
205683
204626
205092
204896
203446
204054
204875
205275
205157
204471
205287
205400
204918
205061
205224
202571
203458
204698
205190
204400
205052
204603
204743
204684
202816
204636
204666
204053
203345
204293
203491
203777
204121
205414
205280
204358
204285
205060
204746
202418
204995
204422
204753
204981
202917
205177
205267
204630
204664
204968
205203
202908
204787
204985
205595
203231
203883
205243
205089
205337
203435
201286
204068
202339
201304
201141
202505
202773
205414
204774
205372
205022
204865
205263
205521
204952
204937
205490
204895
205141
205039
205476
205543
204735
204320
203686
62750
204740
204231
205317
205318
204332
205245
205419
204272
205368
204217
205311
205299
205353
203451
205474
205457
205307
203399
204479
204232
205220
205404
205349
205103
205221
204360
205331
205449
205449
204985
205500
205298
205347
205024
204680
205554
205720
205415
206498
206358
205540
206394
206482
206459
204768
205574
205213
206395
203420
206520
205694
205596
204699
206497
205468
206479
204760
206386
206208
204662
206373
206475
206482
205344
206337
206478
206494
206384
205364
205309
206438
206258
206421
202717
206481
206481
206464
205472
205438
206485
205414
206490
206256
205919
206495
205365
206492
206427
206280
206495
205523
205487
206486
206494
205120
206086
205272
206338
205382
206254
206335
206236
206206
205901
206394
204107
205376
206372
206452
205346
205495
205542
206311
205372
206372
206142
206212
206180
206379
206191
205299
206249
206485
206077
206392
205482
206497
205396
205995
205116
205323
206440
206477
206433
206152
204196
206194
205886
206324
206443
206017
206208
204969
204913
206163
206134
205909
204159
206026
205096
204963
206085
206149
205716
205526
205739
204924
206145
205960
205764
205787
205969
205838
205891
205962
205962
205863
205955
204924
206142
205001
204973
206086
205899
205184
205973
205716
205536
205957
204861
205713
205035
205689
205703
204593
203671
205651
204102
205940
204029
205070
205845
205594
205716
205248
205612
205526
205569
205396
205344
205695
205447
205898
204536
204491
205404
205615
205579
204551
204854
205201
205089
205006
205092
206326
205505
203539
204954
204174
205024
203682
205395
205393
204594
204073
205219
205344
205828
205153
205350
202228
202938
205525
205346
204810
205202
205797
204551
205331
204362
205584
204710
203025
205299
205053
204976
205518
202985
203438
203801
205480
204750
203666
204591
205250
205219
205163
205043
204509
205322
205556
205268
205467
204261
205229
204433
205206
205387
205031
204927
205046
203773
205162
204524
203829
204837
202726
204682
202707
203838
203554
202614
203286
203364
203838
202794
202296
201543
202534
201812
203527
203717
203732
205232
204757
205108
205391
204127
205173
205247
205699
205453
205330
205896
205910
203138
204389
205275
205850
203692
205498
204748
205549
204716
204380
204554
204992
203722
205272
204902
205235
205770
205638
203470
206016
204433
204593
204717
205059
204165
205187
205594
205176
204637
203637
205916
205416
203575
204117
204897
205169
205637
204674
203344
204294
202860
204850
204223
204390
204807
205111
206231
204843
204166
206238
205269
205021
204282
206071
205631
205292
205281
205796
205334
205200
204911
204889
205715
204657
205987
205805
205764
204310
203084
205294
205597
203849
205976
205552
204811
206105
205553
203836
206444
203654
204977
204904
205734
204687
203876
205458
205379
203905
205923
205527
203404
204814
203398
205363
205703
204700
206088
205472
205449
203746
203846
205708
205803
205649
204969
205049
204411
205584
205548
205200
205912
205046
205252
204787
205079
204275
203933
204187
204247
204506
204652
204808
203392
204230
205460
205439
204859
205598
205913
204431
205409
203775
205457
206027
205747
205342
204258
205349
205131
206039
205410
205362
205415
205165
205256
205123
205266
204682
205234
204463
205802
205712
205671
205058
205216
205276
205459
204986
204301
194550
172281
199086
204739
205189
205978
205587
205991
205646
205473
204130
205332
205375
204835
204766
205194
205195
204515
204941
205602
204831
206275
206366
205444
205237
205885
206458
205062
205709
205878
205827
204856
204929
206290
204408
205634
206426
206630
206121
204662
205242
205143
204391
205265
206661
206067
205453
206623
204402
205095
204781
197467
203900
205858
205808
200839
205787
171704
204555
205545
205210
205770
206609
205913
204172
205679
205825
204184
206296
206567
204524
205594
205344
203161
206651
206655
205643
206631
205714
206648
205674
206179
206580
206566
206587
206593
206582
206214
204644
206606
206455
206564
206581
205587
204883
206524
206527
204558
205546
203416
206161
206550
206472
205535
203467
206545
205542
206528
206530
206537
206452
206309
206536
206132
206478
206534
204866
206514
206520
206566
206549
206398
206227
206526
205993
206476
206535
206517
205550
206578
206498
206516
205549
206546
206520
206562
206487
206561
206412
206553
206540
206487
206225
206560
206583
206524
204967
206469
205266
205487
206497
205512
205522
204616
206479
206550
204612
206555
206564
205648
206549
206435
206506
206511
206525
206523
204452
206296
205778
205524
205548
206505
205514
205557
206483
206551
206251
204422
206476
205550
206507
206542
204620
205948
205349
205833
206214
206479
206527
204610
206507
205528
206442
205457
206601
206544
205190
206543
205486
206572
205555
206553
206010
204631
206243
205575
205611
206586
205204
205517
206552
204648
203519
204703
204867
204062
205095
206361
203421
206032
206289
205700
110552
204550
203337
204000
133719
205567
205365
204367
206094
204224
205099
205273
205955
198179
196798
205555
204544
204550
204493
203750
193024
204485
204593
204221
195128
193844
204435
197609
205184
200481
202968
204561
196735
204780
204972
204568
202233
204713
205103
204066
203570
183752
205491
205374
205076
205435
203637
195149
202127
204923
206345
202965
134672
203001
203563
205672
203983
197573
178215
121054
188354
204976
203787
205693
204491
204868
205460
204657
204947
204816
204131
205288
205327
204837
204684
205567
205559
204919
205031
205367
204758
205555
204279
205236
205397
204278
205617
205116
205186
205419
174342
205404
205537
206446
205056
205655
205507
206590
205624
205631
204587
205617
205330
205501
205578
205457
206535
206387
206480
206463
205923
205829
205387
205926
205798
205706
206482
206412
205407
206316
206467
204570
205467
206470
206508
205085
205966
206535
204775
204415
206199
205373
205845
205508
206443
206436
206384
204957
205567
205616
205996
206187
205572
203365
206078
205144
205494
205853
205329
206445
206455
206514
206498
205652
206458
206466
206489
206268
205521
206208
205205
205163
206510
206236
206080
205689
205219
205890
205529
206356
206462
206495
205975
206553
205450
204534
205912
205924
206468
205965
204924
206529
205937
205764
205941
206556
205611
205927
206468
205012
205249
205938
205022
202237
206000
205905
202841
206410
205843
206164
205420
205767
204560
206324
206480
206485
205866
205994
206020
205981
203622
205502
205859
205462
205483
205709
206400
206445
205419
205729
206472
205035
206439
205743
205843
206583
204886
205907
205692
204530
205545
205921
206133
205568
205845
206160
206337
204922
205218
206077
206061
205937
170302
205775
205052
206596
204931
206442
205629
205815
206474
205844
206526
206564
205712
205929
205830
206491
205014
205992
205838
205001
205719
205424
204566
206357
204527
206341
205935
205825
206295
205621
206489
206477
206217
205476
205711
205104
205598
206461
205572
206076
204772
206308
206641
204975
206188
206043
206553
205535
205641
203964
206638
206634
206636
205601
206636
203192
205968
205088
205533
206554
206628
206029
205886
206002
206280
204661
206626
206578
206115
206176
204565
206578
206627
206633
204831
204340
204618
206569
205543
206622
206562
206482
206551
206612
204676
206623
206095
206533
206598
206607
205584
206407
206607
206567
206537
206597
205541
206560
206611
205598
205591
206612
206598
205669
206596
205609
206596
206595
205524
205622
206608
205638
206592
205597
198824
206169
206399
206571
206529
206588
205310
205328
205466
205196
206583
206520
206526
206525
205487
205638
206327
206403
206596
206139
206590
206589
205575
206594
206463
205598
206578
206146
205575
206595
205541
206501
206603
206586
206518
206556
206515
205649
206593
206410
202103
206599
206261
204562
205580
206614
205659
204642
206516
206507
205597
206598
206605
206401
205344
205220
205521
206598
206110
205494
205593
206608
206587
206589
206588
206591
205547
206585
206425
206595
206589
206583
205606
206598
191732
205689
204165
199107
206532
206479
206544
206371
205574
205546
205594
206468
206595
206598
206578
206567
202045
205457
201525
206532
206442
206565
206568
206589
206560
206339
205032
204713
206523
206579
172153
206012
206004
206546
205261
206573
206374
206577
206592
206586
206327
206427
206334
205574
205520
206442
206601
191973
205540
206429
205907
144377
205419
205821
206357
205898
205270
181436
206384
206365
206254
204124
206510
206522
206352
206181
206190
206214
206024
206535
206449
206262
205136
205753
203220
205318
206480
206559
206441
206355
206086
205493
206079
204939
206143
205456
206044
206626
206054
205878
206513
205541
204522
206364
206119
204489
206063
206619
206550
206518
206595
205150
206415
206378
206196
206331
205518
206471
204388
206194
205415
206377
206564
206443
206503
206492
206332
206136
204586
206539
206560
205516
206628
206009
205589
205601
206635
206484
205996
206325
206505
206341
205537
206278
206427
206598
206073
206085
206649
206581
205449
206509
206526
206311
204515
206635
205666
206628
206411
206585
206504
205662
206519
205603
205677
206655
205655
206631
206502
206417
206541
206627
206526
205621
206593
205629
206500
206422
205583
205602
205415
205614
206518
205637
204644
205652
206603
206608
206611
206523
204484
206546
205550
205559
206592
206596
206605
206613
205625
206186
205476
206630
206602
205628
206609
206536
206580
206559
206506
206207
206549
204668
205592
206542
206568
205625
205673
206395
206588
206641
205683
206658
206366
206659
206508
206588
206585
206556
206615
206474
206657
206627
204622
205642
206585
206608
206521
206592
205532
206578
206388
206540
204767
206635
206554
205420
206554
206595
206480
206589
205633
206565
206549
206535
206567
206580
205475
206600
205662
206550
205461
204605
206561
205619
205602
206516
205593
206522
206560
206522
205565
206473
205494
206307
205596
206534
206583
205308
206491
206508
206476
206509
205523
204465
206370
205532
206535
206544
206536
205626
206477
205523
206460
206480
206214
205489
206460
206506
206520
205566
206384
206407
206502
206513
206499
206497
206112
206517
206516
205480
206481
206218
204528
205494
206470
206473
206450
206521
206359
205432
206478
206467
206418
206512
206496
206521
206462
206507
206485
205489
205474
205560
206455
206500
206494
206450
205536
206226
205202
205499
206299
206479
206469
206474
206420
206476
206471
204446
206397
206463
206448
205458
206488
205494
206370
205329
206313
205480
206459
206477
205505
206356
206473
206464
206320
206273
206337
205462
206382
206478
206417
205380
206389
206462
206381
206354
206432
206396
206300
206139
206362
206361
206412
205451
205447
206384
206342
206403
206359
206355
206086
205432
205433
204519
204563
205391
205443
205460
205418
204470
205488
204923
205421
205476
206400
206401
206401
206346
204513
206365
206385
206410
205372
206407
206354
204493
206413
206397
206413
206358
206423
206245
204457
205419
206411
206394
206291
206073
206397
206331
205439
206365
206413
205368
204448
205383
206422
206434
206411
205282
206428
206398
205483
204612
206408
205273
205662
205010
206359
206365
206477
206375
206397
206355
206435
205470
206479
205517
206306
204638
206180
206154
205524
206450
206431
204513
206394
206414
206427
206449
206446
206438
206437
205486
206454
205541
206440
206184
206011
205443
205546
206427
205889
205540
206464
205534
206461
206372
206508
205509
206487
205247
206401
205512
206489
205533
206528
206434
206440
206517
206190
206433
206490
206501
205541
206509
206492
206526
206489
204659
206377
205588
205573
206560
206539
204586
206529
206125
205608
206145
206551
205530
205419
206503
205526
206531
205557
206546
205568
205550
206451
206507
206531
202918
206547
206394
205076
206046
205542
206451
205594
205539
206549
206532
205367
206140
204584
206554
206520
206556
206570
206555
203963
206538
205550
206470
206467
206487
205552
206561
205594
205595
205570
206539
206477
206371
206540
205533
206294
205553
205542
205526
206473
206558
206457
206526
206556
206562
180880
206532
205527
206570
204852
206223
206546
206313
206540
205529
206475
206138
206119
206547
205565
206547
206035
206055
206394
206556
204620
206557
205608
206550
206379
206525
206520
205543
206555
206092
206519
206308
204595
206482
206461
205550
206483
206481
206496
206560
206215
206359
206493
206574
205576
206517
206131
206314
205547
206062
206561
206485
206575
206495
206421
206496
206542
206468
206583
205628
206554
206548
204671
206512
204609
206477
206522
206528
205586
205493
206302
206280
205583
206584
206516
206086
205645
206571
204571
206480
206467
205478
204210
205609
206544
206578
206552
206426
206542
206540
206510
206412
206490
205533
206473
206522
205111
206143
205935
206543
205326
205609
206528
203543
206339
206437
206495
206454
206489
206485
205469
206542
206535
205581
205142
206455
206566
206499
205601
205479
206490
206534
206201
206500
206451
206521
204503
205593
206517
183719
206153
206469
206431
206508
206522
206420
206527
205597
205481
206500
206546
204619
206527
206491
205510
206169
206465
206531
205613
204606
206347
206506
206298
206555
206542
205582
205643
206368
206540
206450
206186
205542
206465
205578
206509
206514
206510
206524
206364
205198
205557
206121
206076
206096
205540
205408
206516
206335
204527
206372
206314
206507
206516
206473
206476
206497
206373
205473
206337
206447
206437
206501
206496
205440
205626
206496
205467
206499
206488
206490
205564
206513
205503
205488
206240
206495
205552
205291
205478
206483
206488
204589
206483
206480
205480
205548
206486
206492
205489
206483
206474
205518
206512
206580
205609
204715
206472
205561
206315
206493
206049
206233
206421
206458
206468
203745
206351
206474
206493
206089
205548
206230
206174
206404
206430
206458
206475
206405
206484
206461
206469
206451
206481
206398
206479
206399
206413
205221
206269
206430
206489
206144
206460
205481
205207
206279
205165
205232
206477
206422
205508
206288
206462
206440
206413
205521
206427
206223
205537
205495
206418
205503
205102
203552
206509
206370
205386
206477
206470
204566
206404
206480
206356
206511
206500
206480
206418
205561
206339
206495
206520
206490
205547
205189
206387
206274
205507
205502
206415
206489
205545
206446
205516
206507
206305
205427
206494
206462
206500
206471
205591
206322
206502
206444
205540
205549
206321
206353
206489
206398
206462
206505
206507
206541
206339
206443
206226
206246
206510
206219
205548
204694
205625
205609
205600
205543
205584
205617
204643
205617
206519
206567
206545
206038
206231
206406
206253
206381
204446
206330
205622
206246
205512
206555
205393
206305
206239
206402
206315
206273
206548
205618
206304
206424
205506
203512
205492
206216
205555
204603
205584
206202
205672
206372
205505
206386
206357
206490
206421
205478
205195
205409
206433
206248
206438
206440
205462
206404
204546
205669
206342
205315
205392
206031
206199
205636
206439
206111
206244
205464
205413
206293
206358
206468
205418
205006
205205
206529
204660
206501
206435
206089
206285
206173
205237
205473
206590
206315
206424
205216
206175
206345
206072
206225
206115
205550
206501
206019
205432
206036
206117
204755
205969
204442
205648
204013
205750
205996
205502
205639
205668
205946
204839
205437
205957
205891
204877
206086
204849
206012
206096
205814
204815
204480
205837
205998
206451
205455
205751
205960
205592
205540
206272
205471
206422
206429
204961
205606
205753
206229
206448
206219
205397
185762
206367
206418
206460
206046
204715
206388
205707
193290
194242
205938
181880
198181
204514
177761
206173
205169
200435
194227
194188
173447
199247
198091
195150
194196
205231
193141
192126
195279
182832
201394
178672
182875
198321
192119
192285
186927
194188
187978
187919
192102
191102
194156
205907
194172
202412
197997
195294
205875
198288
204497
202374
204631
205569
203645
202681
206551
206425
206412
205145
206424
205355
206225
206050
206561
205526
206287
205115
206150
204778
206522
205343
206545
206477
206507
206456
204609
206376
206522
206373
205724
206476
206431
206371
206441
206474
206466
205607
206495
206468
206482
205454
206364
206490
206483
206516
206467
205526
206457
206596
205916
206391
206210
206477
205555
205228
205479
206482
206470
206456
206482
206242
205302
205698
205879
206077
206142
205941
204984
205459
203587
205494
205102
205831
206534
206463
206468
206460
206014
205000
205323
206464
206386
205484
205830
205695
205524
205509
206480
206429
206455
206442
205447
206431
205411
206426
206440
206426
205992
206442
205507
205407
206427
206437
206477
206370
205514
206417
206435
205409
206412
205479
206548
206421
206342
205577
206437
206354
205435
206398
206409
206367
206344
206521
206438
205476
206445
206477
206473
205452
205640
205435
204554
205434
205434
206445
205507
205456
182280
205633
205505
206515
206523
204560
204477
206496
205595
206544
206544
206373
205521
205466
206373
206428
206401
206417
206445
206560
206539
206437
206391
206443
206456
206523
206507
206329
206561
206525
205531
206382
206462
204602
205530
206449
206380
206392
205474
206411
206471
203590
206591
205540
206209
205428
206436
205460
206428
206381
206408
206352
206519
206150
206166
206535
205513
206355
204557
206355
206462
206412
206349
206425
206544
206479
205450
206402
206465
206446
204509
206514
205436
206373
206525
205548
206373
205564
206373
205449
205535
206529
206409
206497
206441
206459
206436
206446
206456
206431
206443
205550
206200
206438
206453
206427
206401
206417
206386
206439
205490
206298
206414
206464
206446
205514
206569
206391
206417
206369
205516
206371
206419
205499
206438
206469
206455
205443
206425
206431
206467
205544
206353
206312
206376
205449
206013
206436
205997
204387
206375
205507
205501
205374
202424
206561
206426
206357
206369
206429
206437
206435
205506
206426
196314
205462
205473
206060
206428
206202
206144
206328
205447
205506
205461
206314
205412
206437
206284
206429
206424
206428
206067
204611
206098
206366
206513
206023
206438
206133
206429
206432
206392
206437
206450
206255
206248
206436
205391
205469
205427
206142
206437
203565
206232
206027
204504
206447
205415
205474
206366
205463
206382
205802
205036
206433
206381
206399
205457
206439
205939
205755
206386
206067
205991
206312
205440
205800
206240
205213
205539
206380
206156
205587
204977
205540
205907
205999
206007
206208
206552
206034
206475
204912
205479
205957
206312
205896
205286
205458
205895
205351
206288
206055
205348
206025
206149
206342
206184
206038
206407
205519
206120
206214
193285
206044
205969
205880
206514
205473
205967
205771
206538
206556
206011
206531
205243
206385
205067
204319
205585
206472
205506
205514
205531
206073
204668
206391
205891
206486
202295
206543
205203
204975
206535
206532
205679
206451
206396
206487
206543
206343
204626
205438
204550
205901
203343
204818
205524
205999
205859
206529
205471
205668
205456
206134
206529
205958
205476
205818
205529
205525
206514
205501
205786
205496
206497
204536
206515
206519
205266
205728
203642
206130
205793
206478
205464
205981
203089
206531
205163
206046
206458
204517
205785
205296
205133
204266
204732
205083
206128
205456
206486
203615
206331
205563
206329
206113
206533
205867
206113
206524
205533
206525
206536
206530
206474
206343
206519
206524
206068
206472
206065
205016
206335
206515
206067
206529
206312
205731
206527
206189
206519
206471
206262
205268
206213
206521
206189
206055
206114
206244
206511
206241
206277
205572
205841
205213
205527
206421
204961
205695
205313
206042
205894
206387
206293
205555
206444
205755
204862
206276
206231
206163
205607
204525
205967
205805
206020
205280
205266
206484
206000
205869
204981
206350
206485
206274
205676
206071
206194
206077
206336
204948
206343
204756
206134
206194
205532
204987
205656
206443
206424
205991
206294
206472
205401
205579
204877
206267
206255
205163
206138
205230
206262
206136
206159
206339
206479
206067
206067
206409
206425
204880
205922
206036
205862
206150
204990
206178
203576
206012
206052
204365
205797
204520
205737
205655
204271
205789
205526
205817
204447
206483
206015
204106
206147
205226
206408
206411
205428
205264
205888
205810
205179
205476
206194
205386
205317
205519
205089
205321
205533
205298
206428
205904
206507
206387
204435
206034
205521
204652
206517
205349
205894
206048
206325
205512
206287
206320
206092
206349
206294
206346
206443
205323
205544
205535
206224
206264
205851
205237
206522
206525
205386
206417
206260
206280
206409
204544
205495
206477
206251
205562
206527
206524
206295
206216
205454
205496
204496
206525
204574
203684
205461
205557
206078
206355
205504
205290
204543
206523
206414
206504
206318
206530
205220
206321
205338
206420
206275
204030
206359
206362
206412
206395
205987
206266
205529
206467
206535
206398
206482
206364
205538
205569
205918
206316
206421
206341
205507
206244
205431
205497
206104
206401
205162
206153
206012
206283
206348
206261
205540
206357
205637
205432
205579
206482
206548
205543
206356
206410
206490
206428
206492
206486
204510
206400
206410
206438
206334
206317
204523
205520
205524
206212
206013
206234
206427
206014
205082
204592
206558
204628
206554
206201
206418
206080
205864
205968
206383
206143
205477
206208
204622
205444
206257
206438
205118
206501
206157
206307
204509
205520
206546
206343
206366
206486
206251
205868
205946
206525
204158
206366
206412
206408
206140
205571
206449
206543
206297
205279
206401
205495
206115
206402
205562
206503
205528
206535
206440
206400
206431
206201
206386
205526
206355
206140
205511
205533
206533
206255
206469
206454
206001
206482
206499
205404
206387
206320
206274
206459
205500
206266
204284
203655
204587
203736
206390
206443
206402
205525
206339
206419
206361
206441
206403
206466
205190
206111
206393
206455
206378
204488
206495
205477
206335
206440
206394
206475
206018
206212
205473
205448
205434
205432
206482
206474
205492
204456
206515
206466
204962
206346
206479
206357
204808
206479
206497
206423
206383
206482
206455
205424
206377
206436
206311
206427
205474
206410
206272
206409
205475
206327
206398
206469
205993
206485
206156
206416
206420
205521
205252
206261
205367
205497
205470
206446
206324
206310
206394
206302
206217
205332
206213
206392
206260
206410
206385
206250
206260
206484
205997
203050
206500
205351
206273
206477
205599
206107
205427
206484
205853
206248
204408
205464
206425
206439
205482
206135
206119
206247
205878
206487
206483
206439
206448
206062
206470
206465
206360
205553
204370
206320
206123
206399
205550
206487
206372
205291
206067
203627
206023
206477
206410
206171
204263
206324
206451
206433
206247
206332
204109
205383
206275
206291
206217
206509
206445
204616
206429
205529
206229
206490
206396
206481
205094
204873
205871
206136
206491
206396
205154
202494
205497
206473
205441
206127
205565
206487
205578
206454
206503
205499
205199
204513
206099
205245
205441
206222
205568
206200
206069
206394
205380
206471
206050
205201
206210
206375
204820
206432
206211
205174
206029
206164
206321
205470
206095
206225
205340
206210
205338
206276
206316
206397
206131
206171
205217
206210
206285
206402
206037
205026
206341
206338
205329
205343
205362
202655
206076
204547
205183
206231
206043
206219
205140
206311
205689
206345
206358
205021
206133
206131
205510
205447
205613
206361
206097
205063
206034
205301
206253
205385
206248
206220
206196
206277
206341
206227
205202
205982
205967
206227
205182
206191
205286
206268
205346
206212
206176
206192
206221
206225
206159
206261
206168
206148
204435
206423
206471
206086
205366
206259
205297
206223
205149
206198
205634
206258
206485
205361
206311
206177
206254
206276
205214
206274
206274
205440
206489
205085
206201
206482
206338
206146
203511
201865
205431
206232
206041
205396
206092
206405
205389
204447
205335
205275
206199
206205
206018
206259
206203
205422
206405
206425
206102
206454
206428
206419
205333
206274
206263
206460
205760
205200
206349
206351
205271
204473
205333
205263
205461
206126
205366
206257
204487
204927
206181
205501
206231
206324
206203
205279
205388
205494
206185
206083
206146
203236
206279
205238
206479
206487
206197
205513
204287
206432
206281
206251
206204
206284
205856
203014
205222
206432
206189
206496
205372
204403
206471
204968
206381
206267
206065
205333
205482
206262
206326
204244
206360
205271
206298
206373
205232
205532
206324
206319
206189
205395
205274
206037
206305
206038
206136
206239
206061
205150
206288
206166
206045
204379
205417
206256
205408
206209
206391
206377
206321
205433
206341
206265
205526
205525
205518
205541
204409
203626
204498
206277
206107
205373
206037
205477
205944
206411
205389
206311
205279
206197
206291
205390
206454
206006
206446
206431
205330
206346
206425
206296
205327
206185
205475
206377
206381
205222
206261
206263
206315
206323
205553
206365
204407
205515
204539
205467
204561
204530
206418
205565
206475
206478
206361
205461
206376
206430
206246
206434
206466
206408
206468
206472
205482
206456
205336
204592
206463
205484
206465
205545
206467
205485
204594
206285
205469
206475
206407
206258
205359
205477
206463
206446
206439
204938
206454
206464
206457
205556
205440
206465
205409
206440
206393
206057
205995
206400
206405
205478
205525
206456
205514
206458
205346
205480
206455
206485
205543
206461
205515
206325
205426
204515
205372
206458
206226
206392
206455
206453
205331
205487
205477
206423
204517
206448
206458
205477
206411
205484
205470
206458
206392
206392
206317
206232
206465
206324
206387
206448
206452
206395
205988
205512
205477
205867
205973
205411
206457
206438
206456
205907
206467
206461
206453
205370
204340
206392
206459
205201
206397
206306
206338
206464
205945
206355
204541
206456
205726
205839
206439
205925
206404
206146
204133
206187
205661
206461
205349
206415
204510
206124
206458
206396
205721
205892
206345
206242
206357
206402
206112
206456
204512
206209
206043
205543
206418
205980
204257
205387
205148
205270
184823
205759
206364
205095
206155
206367
205943
206469
206361
205309
205121
205227
206205
205003
206406
206465
206122
206142
205739
206452
205504
204998
206358
206250
206335
205480
206041
206160
206410
206298
206309
205316
204263
206259
206371
205715
205238
206413
204863
204894
206351
206205
205849
205205
205895
206349
205261
206377
206211
206356
205838
206391
205373
205473
205897
205457
206445
206278
205644
206354
206256
206324
206006
205961
204464
206408
206254
206251
206303
205306
206264
204836
205434
206064
205813
206400
206398
205343
206460
205722
206342
206406
205927
204988
206150
206094
206394
205727
205823
206152
206042
206217
206392
206373
206081
205713
205803
206442
206399
206041
206027
206306
205891
206149
206097
206193
205021
206048
206449
205509
206036
205429
206215
206149
206114
205144
205761
205175
205582
206444
206143
205375
205289
206251
206442
204965
206036
206147
205902
206117
206031
206185
205462
206098
205783
205447
206234
205092
206136
206133
206162
206442
205020
205150
206176
206178
206319
205319
206461
206437
206163
206100
206324
206315
205898
206277
206229
206288
205084
206242
206044
206081
205664
205716
206081
204399
206213
206022
204407
205961
204075
206244
205773
204368
205424
206143
206049
206368
206357
206420
206105
205069
206434
206431
206449
206074
204073
206427
205282
205983
206151
205299
206429
205953
205474
206374
205989
204498
203198
206449
205985
206440
193988
200063
206349
205856
205498
195112
206383
206245
206335
206394
204255
206204
206398
206400
206350
205518
203940
204254
206303
206384
206427
204314
198057
204497
206087
206198
205427
206196
206297
206188
206433
206423
206414
205395
206294
203330
185431
190935
206371
206461
206345
181535
204410
206448
206316
205132
206385
206379
206191
205476
206273
206458
205418
205536
206435
205849
206251
205503
203258
206463
206187
206408
206448
205133
204892
205892
206165
206154
206183
206142
205214
204530
204447
205106
206445
206433
206396
206420
205496
206339
206322
206315
206454
206467
206461
206212
205098
206426
205452
206122
206467
206137
204202
206501
205988
205334
204955
168562
205852
206221
205544
205396
204524
206165
206191
205209
206102
203351
204633
206209
205977
204424
206203
203200
206129
205506
205261
204324
205805
205904
206462
206404
206411
206192
205498
206083
205230
206164
206356
206069
206178
206466
204312
206455
206427
205386
206339
205530
206150
201472
205544
206446
206509
206393
206416
206024
206400
206083
206215
205626
206468
206455
206455
206538
206213
206420
205469
206084
205481
205489
206528
206098
206470
205918
206089
206197
206480
206054
206464
205011
205679
206472
206205
205283
206485
206469
206143
205411
206484
196326
205570
204603
204644
206486
205311
204217
205136
206475
205433
206479
206475
206469
206457
206471
206159
206479
205507
206412
206462
206482
205329
201976
206261
186443
206259
202202
182341
184572
180374
185322
206481
201154
203968
184526
181722
203670
203714
204302
188676
204622
205536
204557
203621
206072
205560
204924
205563
201764
205958
194643
197594
205153
205420
203891
206453
205811
205145
206165
205413
205413
206218
204554
203750
205465
205050
189504
193624
199798
206283
206043
205525
204458
206413
205320
202100
184396
206465
206096
188434
206364
205494
205204
205969
206309
206132
206332
204996
205371
205936
206220
205573
206294
206115
206355
206434
206504
205331
205449
206162
206485
205482
204578
206054
206331
206477
206483
204556
206400
206468
205782
206413
205568
206049
206387
206419
206461
206466
206052
206435
206425
205499
206458
205517
205254
206132
205432
205231
206452
206457
206465
206488
206029
205719
206276
205297
205481
206476
206466
206473
206462
206290
205526
206329
205583
206448
206396
206395
206465
205546
206398
205512
206396
206447
206235
204859
206404
205563
206460
204587
206323
206424
205517
206254
206472
206480
204545
205371
206279
206496
203439
205423
206218
206275
176467
206481
205481
205399
206420
205428
205155
206491
206323
206471
206454
206034
205913
206172
205315
205346
205354
206359
204838
206069
205510
206256
205480
206396
206451
205234
206270
206161
204513
205538
205742
206315
206338
205335
206196
205392
206257
206418
205501
206240
206265
206329
206465
206436
206464
205488
206041
205978
206103
204475
205521
205616
206167
206442
205514
205350
205986
206195
205477
205302
205424
206080
205810
205319
206061
205022
206327
206179
205976
206407
206157
206114
205699
205661
205361
206428
206129
206439
205366
206292
206435
205784
205263
206115
206202
204188
205378
206257
205549
204785
205699
206157
206147
206353
205024
206308
205888
206240
206416
205243
204907
206255
205297
206297
205069
206423
205256
205443
205380
205340
205326
204970
206067
205492
206221
204742
206035
205699
206213
205743
206156
206308
206167
204515
206150
206070
205207
205334
206289
204263
204857
205504
204915
204951
204948
205083
205054
204369
206247
205813
205204
205247
205885
205249
205142
205202
206230
205940
205536
206439
205917
205593
205330
204284
203851
205298
204725
206013
205757
205369
204673
204805
205193
206013
206307
206179
205952
206254
206166
205234
204429
205131
204974
205258
204770
205341
204505
204235
203453
206131
205425
205051
206222
204626
206100
205409
205704
205856
205137
202631
204888
205985
205438
206128
205263
205968
206192
206249
205056
205570
204078
206069
204830
205243
187479
204792
205308
206065
205294
206358
204778
204717
204873
205558
204769
199293
173516
204567
205159
205305
205087
205980
205911
206015
205283
206197
205077
206389
204306
206164
206090
206139
206248
206281
206206
206102
206172
204881
205222
204838
205207
206350
205263
206147
206179
206178
205309
206458
206218
206348
206306
205272
206206
206363
205063
206177
204947
206030
206178
206310
205270
206280
206235
206317
206269
206451
205402
206472
206453
206459
205259
206228
205372
206167
205824
206082
206242
206215
205240
206286
206103
205489
206369
205291
206236
206453
205777
206286
206245
204229
206424
205674
204245
205215
205148
206471
205956
204530
206306
204360
206219
206383
205053
206344
206085
206289
206244
206470
206467
205209
206330
206486
206189
206192
206204
205923
205332
205622
205830
206234
206482
206117
204513
206185
205673
206415
205082
205200
206485
205612
206189
206359
206502
205514
205577
205406
205757
206476
206466
206407
205879
206323
206469
205941
205214
205702
205360
205521
206393
205491
206472
206449
206238
206305
206050
206326
206354
206433
206345
206234
206083
206483
205243
206442
206438
206390
206490
206456
206152
206486
205613
206435
206394
206476
206515
206473
205308
206257
205497
206491
206419
206491
206386
206508
206399
206132
206052
206256
205342
205537
206285
206389
206486
205042
206494
206486
206496
206507
205967
206219
206353
206483
206395
206490
206139
206423
206460
205332
204559
205724
205541
205028
206111
206017
206162
205996
206515
206521
205537
206510
206106
205272
206512
206136
204567
205420
205325
205376
206383
206380
206533
205292
206514
206452
206499
205434
206454
205974
206354
203748
206500
205379
206488
206054
206513
206372
205474
205081
206225
205615
206289
205881
205057
205944
206498
206423
206432
206389
206510
205535
206482
205492
206513
206458
206409
206521
206470
204880
206511
206447
205594
206183
206480
206506
206538
206527
206462
206002
206001
206235
206514
206521
206459
206469
205033
206003
206507
206461
205588
205462
206525
206473
206517
206535
205305
206500
205510
206514
206520
206436
206514
206512
205507
206525
205600
206244
206523
206492
204547
206505
206437
206457
206507
206517
206402
206442
205498
205507
206209
206469
205541
206444
206368
204287
206338
204344
205314
206291
205421
206281
206345
206422
206382
206385
206507
206292
200300
205429
205460
196079
206327
205574
205527
206516
206468
204344
206375
206501
206450
206386
206363
206425
203367
206444
206453
206367
197230
205505
206378
204143
202182
206437
206468
206477
206468
206497
205413
206273
200219
202296
206460
205390
206382
206501
206298
204374
206444
206533
206418
206407
204042
206489
206392
205445
206527
206545
203433
206548
205576
203405
206074
206379
202432
202378
205792
206494
205476
206485
206438
206478
206558
206429
206511
206549
206470
206352
206544
205569
205519
206558
206504
206448
206453
206509
206390
206502
206543
206564
204528
206533
205575
206525
206504
206348
206498
206525
200219
205612
205543
206560
206466
205592
206550
206498
206524
205458
206412
206512
205542
205412
206488
206500
206510
206553
206459
206360
206518
206545
206553
205625
206568
204473
206444
205950
206430
206498
205560
206395
206352
206398
206430
206519
206366
205408
206303
205520
205563
205551
206493
206561
206488
205454
206526
206483
205505
205441
205525
205571
206418
206550
206563
206568
206379
206504
206505
205548
206558
206375
206541
206469
206518
206269
205456
206549
206498
205410
203525
206390
206441
206501
206320
206453
206546
206395
206179
206432
204589
206520
206412
204292
205348
206456
206489
205546
206148
206475
205597
205516
206441
206448
205423
206511
205580
206433
206480
206548
206305
206478
206438
205445
206385
206360
206486
206250
206186
206181
206394
206153
206312
206380
206472
206348
206407
206457
206459
205237
206466
206518
205264
205193
206195
206447
206358
206116
206372
206314
206512
205446
206410
206508
206475
206183
206497
206373
206403
205352
206471
205257
205565
206522
206343
205605
206518
206507
206450
206473
204655
206388
206227
206434
206337
206379
204439
205264
206399
206369
206326
206389
205441
206455
205472
206446
206538
206403
205476
205410
206531
206143
206340
206034
206396
206375
206221
206314
206415
206417
205541
206141
206433
205439
206386
205385
206315
206179
206388
205171
206424
206331
206223
206283
204422
205328
206319
206525
205454
206488
206187
206334
206405
206501
205451
206292
205372
206408
206008
206393
206371
206359
206498
206366
206261
206376
204495
206325
205489
206325
206285
206210
206123
206405
206499
206213
206211
206474
206380
205369
205437
206339
205574
206478
206442
206466
206404
206399
205293
206406
206282
206263
206344
205403
205468
206186
205563
205294
206495
206405
204160
205494
206397
205450
206275
206398
206453
205819
206432
206192
206348
205407
205363
206445
206362
206374
206416
205231
206491
205306
203352
206438
205489
206447
205278
205336
206411
206409
206433
205475
206350
206115
206512
205376
206311
206387
206447
206388
206416
205318
206500
204410
205343
206364
205324
205362
206308
205348
205298
206348
206350
206283
206317
206363
206379
206355
206301
206176
205278
206347
206284
206356
206356
205440
206305
206419
206226
205796
205336
206358
206247
206241
205304
206362
206488
206391
206234
205374
205500
206359
206266
205330
206365
206518
205356
206429
205401
206339
206379
206378
206296
206512
205532
205364
206206
206419
206355
205312
206428
205285
206261
206087
206355
205391
205282
206387
204330
206378
206393
206415
206404
206328
205432
206296
206359
205434
205587
206339
206258
205400
206194
205392
206358
205306
205487
206419
205405
206290
205242
206326
206357
206463
206370
205472
206366
206254
206065
206370
206430
206279
206416
206273
206364
205309
206401
206437
206461
205528
206471
205516
206356
206466
205495
206305
206411
205480
206532
206401
205435
206370
205531
206415
206454
205476
206373
206321
206393
206404
206451
206460
206396
205493
205395
205328
206452
206440
206514
206401
206462
205608
206407
206300
205483
206536
206460
206413
206457
205364
206453
206400
206472
206443
205320
206454
206435
205466
205462
205392
206545
206423
205522
206454
206396
206407
206495
206471
205324
204389
206349
206474
206435
205433
206442
206452
206491
206440
206450
205442
206424
205465
206449
206486
206551
206371
205517
206447
206478
206408
206396
206478
206365
206366
206514
206467
205460
205580
206556
206541
205456
206526
206461
206479
205574
206428
206540
206460
206516
205549
206480
205583
206442
206535
206495
206466
206540
206445
206479
206518
206518
206411
206490
205474
206515
206512
206510
206524
206308
206510
206498
205592
205435
206483
205466
206421
206525
205557
206496
206499
206478
206536
205413
206510
206453
206476
206504
205451
206413
205535
206535
206525
206410
205408
206474
206515
206508
206505
205433
206536
206487
206480
206488
206530
206516
206444
206361
206523
206515
206473
206485
206511
205550
206525
206494
206409
206521
206519
205515
206491
205539
206513
206427
206523
205576
206494
205489
205536
206463
206526
206477
206528
206495
206470
206544
206495
205488
206486
206517
206518
206512
204663
206536
206531
206535
205513
206523
206531
205549
206549
206540
206531
204542
206527
206475
205559
205459
206445
206293
206540
206474
206423
206469
205510
206427
205414
206495
206554
206319
206537
206490
206528
206537
205503
205491
206481
206542
206498
206433
206542
206519
206425
206497
206434
206543
206533
206534
205562
206460
206533
206534
205596
206546
206480
206529
206487
204679
205138
206460
206543
205598
205560
206508
206437
206455
206380
206416
204468
206483
206477
206302
206540
206522
205550
205465
206422
206359
205540
206510
206531
205477
206540
206508
206423
206463
206523
206513
205508
206419
206484
205533
206483
205444
205452
205493
206322
206419
206504
206528
206425
206521
206524
206517
206421
206415
206520
205593
205369
204478
206357
205442
206435
206418
205396
205460
206427
205460
206410
206429
205442
206418
206487
206521
206406
206298
206352
205473
205369
206347
206473
206350
206368
206399
206410
205342
205487
206251
206088
206402
206311
206304
205353
206402
206399
206425
206388
206455
206489
206356
206457
205439
206411
206440
206377
206249
206085
206447
206129
205439
206432
206247
206455
205210
206399
206474
205499
206396
206402
206307
206439
206460
206460
206428
205492
206503
206410
206445
206498
206434
206500
205534
205485
206478
206495
206264
205361
205181
206437
206445
206503
206490
206481
206468
206477
206473
205560
206491
206449
206490
206444
206478
206055
204656
206039
205795
206439
206445
206377
206211
206424
205090
205499
206477
206342
206087
205154
206351
206350
205333
205082
205242
206241
206209
205791
206017
206479
205145
206326
206399
205437
206416
205394
203033
205761
205130
206277
206330
205477
206292
206352
206346
206214
206448
206455
206403
206455
205351
206455
206475
206404
206474
206443
206498
205543
206303
205217
206150
205430
205527
206459
206390
205389
206486
206482
206340
206421
206321
205532
206453
206444
206452
206438
206456
206489
206506
206455
205434
205577
206454
206435
206510
206449
206410
206440
204613
206512
206514
206376
206526
206473
204435
205489
204349
206359
206422
206456
206278
206499
206377
206507
206049
206508
206482
205430
206456
205328
206379
205377
205476
206487
206474
206467
205529
206518
206373
206378
205422
206506
206375
206364
206375
206370
206240
206421
206372
206325
206510
206428
206233
206410
206422
206421
205318
206521
206461
206499
206513
206173
204028
206432
206405
205267
206373
205145
206418
205254
206434
206247
206508
206303
205423
206478
206426
206433
206503
206526
205591
206474
206479
206255
206394
205258
206435
206360
203146
206379
206504
206356
206501
206415
206519
206259
205235
206266
205298
206518
205952
206313
206168
205935
206375
206433
205163
206402
204352
206199
204782
206383
205149
205341
206266
204158
204967
206517
206525
205483
206520
206453
206454
206495
205569
206515
205198
206504
206515
206519
206218
206193
206181
206514
206516
206515
205400
205566
206472
206485
206399
206363
206466
206516
206526
206405
206511
205398
206437
206311
206505
206429
206449
206070
206383
206504
205498
206515
206002
205210
206497
206430
204342
206514
205435
206446
206505
206508
204532
206329
205051
204107
205245
206442
206382
206178
206495
206401
205206
205457
206514
206504
204346
206501
205352
206523
206514
206500
206464
206254
205569
204805
206272
206392
205444
206460
206515
206511
206265
206522
205977
205444
206395
205418
205285
206389
205145
206430
206474
206389
205257
206506
205589
206520
206502
206520
206503
206502
200225
205129
206465
206527
206466
206510
205157
206513
206388
205593
206249
205315
206520
205536
206513
205541
206537
206520
206483
205044
206400
205356
206450
206532
206515
206390
206467
206339
206532
206529
204110
206005
204838
193094
146241
205669
205675
205676
205634
205719
206059
205948
205734
205936
204521
205390
206051
205455
205814
205674
205958
206297
206064
205847
206053
206517
205422
205435
206369
205214
206297
205801
205282
206135
204993
205340
204544
206193
205907
205937
205395
206186
206184
205036
205027
206040
205380
205225
204286
203776
205105
206178
206110
205239
205447
206244
205156
203865
205413
203234
206290
206137
205643
205647
205800
205825
206164
206360
206081
203774
206021
206189
206270
206433
206409
205736
204719
206338
205134
204219
205185
206252
205791
206353
204590
205409
204785
206387
206229
205480
206084
205216
206323
206084
204828
206495
206249
206243
206291
205006
205699
205674
206521
205694
205294
206156
205428
206530
206272
206048
206491
206227
206514
205723
206518
205320
206469
206471
206086
206152
206406
206290
206349
206410
206383
206383
206400
203369
206465
206139
204553
205692
206339
206389
204995
206359
206211
205811
206264
205448
205201
206190
205124
206093
205494
206393
205791
206203
206087
206418
204970
205062
205954
206137
205137
204911
206049
206099
205997
204772
205749
205946
205834
206207
206103
205878
205757
204932
205215
204262
205572
206069
206119
206292
205796
206400
205906
206283
205722
205972
206089
205015
206012
205253
204941
206192
205893
205172
205850
206459
206202
206133
206071
206176
204392
206113
205203
205594
205660
206417
205180
206090
204548
205534
204295
203330
203320
204945
205630
205056
204845
206049
206087
205440
206187
206302
205428
206034
205894
206114
206359
206277
205935
206287
205094
206409
205686
205301
205021
205961
205805
205914
205172
205578
205524
205654
205490
205815
204513
205999
205157
205398
206334
206386
205235
204915
206011
205987
204641
205153
205969
206282
205922
205734
205586
206396
206351
206244
206034
206066
205194
205341
205989
205702
205481
206074
205291
206136
206152
205492
205920
206126
205647
205639
205770
205090
205571
205390
205600
204747
206366
206191
205153
206312
205686
205193
205521
206164
206164
206070
206291
206226
205827
205946
204396
205523
206213
206252
204581
205631
205278
205586
203371
205721
206074
203973
205709
204710
205937
206031
204342
205329
205352
206054
205159
204976
205859
205792
204788
206099
206127
205797
205880
206110
205714
206102
205921
205187
204382
205043
205127
206296
206438
206090
204569
205395
205474
205573
205780
204280
206125
204768
205916
205984
204789
205876
205958
206304
205281
203997
204433
205110
205793
205991
205053
205780
205861
206176
204551
205919
205834
206051
204831
204606
205403
206420
205584
204669
205677
206155
205350
204729
204905
205600
203036
204674
206250
205487
205874
205004
204690
204913
205480
205797
203938
205635
204345
204797
203389
205864
205210
205219
205837
204877
205859
205304
205021
205681
204966
204219
205615
205022
205533
204333
205011
205409
204236
205609
205751
205755
204060
206153
205742
205943
205075
204461
205812
204555
205134
205924
205593
206255
205738
206018
204410
205671
206025
206008
205922
205355
205735
205807
205614
205276
206008
205938
202478
203373
205339
205610
205794
205584
205549
205587
205600
205809
204521
204719
204601
206021
206322
205381
205910
205797
205626
205208
205622
205069
205378
203646
205998
205615
204913
205723
206005
205734
204035
205331
203902
205354
205280
205958
205550
205962
205325
205599
205468
205200
203647
203601
204828
206320
204876
204501
204401
205735
204416
203616
205267
204894
204562
205140
205066
204652
204666
204522
205390
204999
204740
205002
205179
204982
204710
205261
204517
205189
205124
205404
205007
205310
205178
205527
205387
205458
205052
204265
204103
205391
205377
205059
203908
204334
204732
204173
204720
205509
203991
205133
204982
204985
204776
205074
204979
205114
204977
201451
205243
202851
204004
204256
204993
204133
204287
205570
204523
204782
204908
204971
204534
205246
202952
204059
205107
204927
204398
204842
204898
205458
204367
205320
204780
205113
205179
202606
204659
204376
189298
204777
204801
205482
204051
203837
204164
204717
205012
204862
205174
205602
205111
205447
204108
205452
204341
205444
204196
205645
204265
205043
205247
205103
204462
205791
205380
204462
205794
205710
204321
204330
204471
205644
205166
205582
205253
202553
205710
205325
204555
204040
205932
205173
205034
205440
205106
205447
205578
205847
205037
204758
204228
205654
206242
205658
205309
205711
205508
205569
205640
205840
205579
205639
203795
205289
205772
204469
205639
206101
206499
205765
205259
204209
205180
206126
206466
205519
206445
205839
205043
205189
205532
206507
205419
206038
206039
206503
203697
205056
206435
205913
205910
206496
205058
205580
206375
206374
205517
206511
205484
206169
205910
206501
205513
206461
206440
205964
206493
205579
206375
206230
204776
206491
206100
205233
206030
205832
206253
206233
205843
204876
206242
206494
206490
206238
205297
206182
206181
205773
205252
206179
205710
206178
204964
206454
206239
206500
206504
205541
206507
206231
205049
206394
206502
206316
205512
206501
205495
206499
205534
206440
206461
206436
206381
206307
206499
205472
205426
205858
203656
206042
206239
206500
206498
205550
206512
206503
206398
206428
205341
206490
206496
206507
205553
205485
206362
206415
206493
205731
205382
205424
206311
206449
206447
205504
206512
206507
206371
206442
206501
206369
206088
205517
206502
206115
206313
206504
205557
206427
206489
205417
204580
206511
205575
204538
205977
206110
205985
205630
205459
206453
205961
206304
206515
206436
203997
205576
205983
205926
206456
205381
205775
206374
206493
205047
206183
205425
206309
206175
206488
206435
206385
206518
205648
206099
203611
205565
206038
206516
205670
205860
205402
206366
205514
206177
206186
206441
206459
205519
206456
206449
206417
205056
206380
205841
206316
206341
205495
206407
205217
206260
206536
205274
205583
205545
206465
206081
205954
205174
205458
206518
206078
206473
205395
206460
206441
205678
206128
204201
206484
206010
205925
206252
206266
206404
206129
204610
206322
205966
205740
205781
206449
206373
206523
206472
205373
206488
206549
205244
206465
205287
206118
206542
205345
206346
206285
206560
206553
206558
206096
206422
206507
205484
206419
204704
205964
206464
206394
206505
205469
206394
206292
206351
205568
206361
206407
205378
205408
205368
204238
206386
205385
206321
205463
206344
205314
206006
206408
206337
204580
206393
205469
206069
204520
205508
206337
206348
206392
204231
205485
206341
206129
206399
205539
206576
206416
205292
205423
206251
206258
205515
206349
205431
206414
205484
206439
206352
206268
205898
206485
206347
206565
206522
206358
206294
206211
205412
205347
206340
205221
206092
206294
206347
206407
206350
205366
206239
206326
206286
206440
206495
206361
205378
204430
206350
206347
206260
205470
206416
206348
204217
205550
206284
206216
206352
206283
205292
206348
206341
205354
206361
206285
206418
206419
206399
206337
205398
171280
206439
206275
206253
206222
205551
206177
206466
205450
205584
205453
206411
206461
205534
206474
205511
206309
205598
206483
206442
206490
206467
206489
206452
204181
206479
206466
206485
206207
206479
206391
206487
205514
206490
206446
206489
205440
205493
206416
206481
204559
205424
206483
206476
205535
205507
206345
206491
206483
206478
206486
205478
206485
204505
206445
206464
206408
204714
205547
206494
206501
206427
206357
205542
206482
206482
206348
206416
206489
206453
206243
206448
206482
204543
205467
206287
205102
206393
205445
206487
206389
206467
206406
206471
206352
206334
206288
205443
205401
206465
206487
205990
205437
206399
206372
206425
206417
206381
206368
206362
205394
206333
205211
205824
205138
206194
206240
206321
206460
205473
206324
205475
206248
206107
206384
205514
206373
205951
206389
206332
206354
206374
206426
206374
206337
204446
206429
206459
206498
206492
206316
205488
206486
206460
206397
206498
205514
206360
205520
206290
206475
205465
206419
206419
205487
206486
206462
206398
206474
206510
206191
206238
206479
206505
206482
205514
204458
206491
206494
206508
206428
206454
206355
206411
206476
206472
206486
206479
204496
206264
206434
206483
205306
205505
206502
206509
206442
204591
206466
206479
206427
206483
206491
206393
206407
206438
206513
206442
205600
206478
206474
206434
206491
206494
205566
205503
205586
206516
206471
205489
205531
206417
206439
205444
206409
206488
206507
206501
205521
206513
206471
206523
206516
206289
206182
206517
206509
204906
204505
206379
206495
205514
206513
206497
206492
206505
206338
206366
206500
206501
205207
205504
206505
205475
206500
206502
206513
206269
206496
206492
206511
206485
205520
206506
206492
206460
205526
206450
206506
205546
206506
206171
206494
206502
206449
206458
206500
206385
205514
206429
205537
204596
206517
206509
206497
204747
205581
205461
206535
206405
206508
206510
205531
206512
205512
205464
205486
205429
205566
206490
206271
205215
206477
206434
206428
206105
206521
206516
205489
206514
206409
206512
205251
206510
206478
205600
206446
206524
206443
206455
205149
205554
205606
206520
206457
205990
206426
206510
206518
206303
206420
206436
206524
206456
205505
204990
206388
206175
206495
206187
206504
206466
205449
206509
206521
206397
206521
205596
206412
205985
206251
205573
205854
206461
206110
206498
205063
205459
205936
206205
205874
206459
206510
206468
205419
206395
205419
206303
206495
206292
206160
206440
206318
206317
206480
206438
206475
206378
206248
205574
206298
206366
206494
206519
206303
205794
206332
206216
206289
205204
206418
205444
205490
206417
206468
206255
206424
206450
205516
204919
204465
206381
206428
205415
206268
206458
206439
205532
206425
206498
204893
206438
205553
206490
206470
206500
206527
206263
205522
206450
205388
206364
205536
206381
206430
206481
204479
206126
205328
206170
205394
206274
206241
206375
206523
205418
206229
206409
206379
206293
206216
206226
206505
205527
205519
206513
206480
206378
205391
206175
205407
205316
206445
206383
206239
206186
205461
205357
206390
206207
204326
206329
206035
206112
205340
205347
205576
205459
205418
206022
204940
206431
206261
206348
206335
204624
206453
206484
206394
206159
206463
205353
206300
204567
206150
206408
206123
206430
202469
206287
206283
206228
206481
206101
205672
206394
206377
205250
206306
206518
205506
206132
205357
206399
206369
206468
205096
206331
205362
206448
206482
206361
205913
206429
206372
206371
206286
205388
206230
206257
206422
206098
206334
206323
206361
204564
204472
205394
206137
206377
206404
205282
205473
206460
206354
205528
206474
206409
206403
206304
206423
206403
206259
206317
205289
206209
206266
206362
205880
206347
204386
206362
206348
206348
206390
206241
206315
206285
206407
205513
206148
206385
205526
206313
206445
206409
206362
204298
206369
206428
205290
205337
205417
206503