347.0
363.71604938271605
345.25555555555553
317.4623655913978
360.0240963855422
339.21590909090907
362.56666666666666
360.53409090909093
366.3536585365854
371.2307692307692
348.86206896551727
313.9767441860465
332.90909090909093
344.5176470588235
320.07142857142856
327.93333333333334
285.0352941176471
288.1046511627907
301.29545454545456
351.8279569892473
387.5280898876405
349.57142857142856
301.02247191011236
302.1685393258427
342.8988764044944
334.48387096774195
329.8888888888889
372.9887640449438
311.1123595505618
310.74725274725273
307.44444444444446
382.77272727272725
355.79347826086956
333.35714285714283
368.59302325581393
326.5113636363636
343.9021739130435
339.8510638297872
314.9418604651163
338.64044943820227
321.15384615384613
329.90816326530614
325.7959183673469
311.13483146067415
318.63529411764705
360.25555555555553
344.6046511627907
240.9247311827957
413.02597402597405
311.84375
354.3777777777778
347.22340425531917
297.7263157894737
274.7604166666667
319.8279569892473
329.1904761904762
278.81111111111113
377.61538461538464
337.13186813186815
312.7717391304348
282.2173913043478
327.72527472527474
360.01176470588234
293.03225806451616
375.40449438202245
316.31868131868134
360.18823529411765
344.9684210526316
339.4574468085106
312.76404494382024
280.4516129032258
307.65909090909093
347.6808510638298
374.13483146067415
293.6842105263158
355.25
291.8666666666667
349.7
286.0561797752809
305.4526315789474
315.3814432989691
348.3888888888889
326.8068181818182
356.1860465116279
318.03333333333336
322.0
265.2528735632184
247.46236559139786
279.98924731182797
281.8494623655914
286.54945054945057
256.9347826086956
305.2043010752688
239.79591836734693
317.1
267.9894736842105
275.93617021276594
303.40860215053766
315.0430107526882
302.43956043956047
273.5263157894737
255.4
345.9894736842105
276.3804347826087
312.0652173913044
276.5104166666667
291.5208333333333
311.0352941176471
252.14444444444445
328.8829787234043
259.74725274725273
307.28723404255317
261.4791666666667
269.7096774193548
250.05494505494505
264.9789473684211
313.56382978723406
334.65934065934067
349.23655913978496
309.72340425531917
278.59
255.02173913043478
247.59375
314.1354166666667
301.1505376344086
242.9
354.53333333333336
233.90721649484536
276.75
303.2783505154639
241.22105263157894
359.5376344086022
304.8556701030928
320.40425531914894
292.1505376344086
274.3020833333333
356.2659574468085
266.4255319148936
248.6590909090909
302.54545454545456
331.9148936170213
297.8421052631579
280.3578947368421
248.0
296.45360824742266
306.4270833333333
227.30526315789473
282.1063829787234
306.81632653061223
340.7263157894737
188.8421052631579
261.6082474226804
333.2826086956522
329.67816091954023
240.65168539325842
295.9791666666667
295.3191489361702
262.13978494623655
361.3736263736264
212.9787234042553
304.6595744680851
305.9684210526316
255.98936170212767
257.59375
245.69565217391303
227.53125
275.29787234042556
259.2736842105263
266.4166666666667
259.1720430107527
265.125
267.0989010989011
264.24468085106383
282.1530612244898
313.65934065934067
273.0
260.7551020408163
292.69072164948454
246.89583333333334
286.3958333333333
260.1354166666667
231.52747252747253
269.1046511627907
259.41237113402065
275.4742268041237
327.6875
226.125
353.7391304347826
293.125
230.23076923076923
310.55434782608694
270.57142857142856
266.81720430107526
238.2736842105263
255.36458333333334
235.43333333333334
220.4795918367347
291.9072164948454
279.0
236.9795918367347
285.3763440860215
215.31313131313132
250.68041237113403
236.97938144329896
287.3298969072165
249.44210526315788
233.26262626262627
234.95744680851064
277.35714285714283
261.4731182795699
228.1122448979592
294.0752688172043
303.031914893617
263.72727272727275
254.6421052631579
264.21505376344084
219.3265306122449
255.51612903225808
238.33
280.1958762886598
250.88172043010752
314.9583333333333
308.875
250.97979797979798
257.9484536082474
249.29473684210527
216.23711340206185
197.8
266.4421052631579
204.78494623655914
188.43478260869566
204.31958762886597
268.6979166666667
260.4270833333333
273.0537634408602
192.59375
257.2637362637363
269.6914893617021
202.25252525252526
242.21428571428572
228.77083333333334
186.61855670103094
206.27
287.9895833333333
218.36363636363637
219.64948453608247
234.0879120879121
232.89583333333334
264.6373626373626
248.60204081632654
224.77777777777777
223.30208333333334
255.0531914893617
275.1979166666667
275.4166666666667
234.5
208.7872340425532
217.4387755102041
201.01030927835052
241.32323232323233
210.8673469387755
218.26530612244898
193.45652173913044
262.5204081632653
255.73
167.20408163265307
255.53684210526316
270.9791666666667
192.3404255319149
265.74747474747477
195.92708333333334
220.45833333333334
237.8877551020408
195.60204081632654
221.1
206.4742268041237
164.1958762886598
211.46938775510205
296.04938271604937
221.07070707070707
171.70408163265307
189.80459770114942
202.50537634408602
149.91666666666666
258.9375
238.23958333333334
275.4
238.80898876404495
213.60824742268042
256.5263157894737
226.62105263157895
321.1923076923077
185.34375
221.43333333333334
181.18
179.80612244897958
181.79
203.85263157894738
173.53125
241.03125
184.24489795918367
247.97014925373134
253.42352941176472
200.37113402061857
236.2577319587629
170.7422680412371
170.30927835051546
194.6
225.6161616161616
211.12244897959184
174.4747474747475
185.2164948453608
210.10204081632654
223.07070707070707
180.52083333333334
199.8877551020408
213.3
208.7578947368421
235.64948453608247
223.09183673469389
205.32
157.88888888888889
211.23157894736843
166.3877551020408
199.85416666666666
173.58585858585857
219.87640449438203
201.53125
170.74418604651163
144.56
164.56
161.9157894736842
170.23469387755102
188.3111111111111
217.5
211.30612244897958
150.49
219.28125
190.8877551020408
175.0
177.49484536082474
190.989898989899
186.10309278350516
183.65656565656565
176.44791666666666
152.87
138.3877551020408
181.65822784810126
178.6451612903226
203.64948453608247
225.0204081632653
162.48
152.67
196.69791666666666
170.52631578947367
140.97979797979798
128.45454545454547
201.23232323232324
174.34
151.53333333333333
219.46315789473684
162.63636363636363
109.44329896907216
148.62
173.3956043956044
183.4742268041237
171.15217391304347
215.6125
209.43
197.61
139.13
222.27472527472528
145.65263157894736
110.64646464646465
192.1875
165.08
148.49
183.65656565656565
188.08163265306123
158.5625
137.03488372093022
157.43
164.27272727272728
192.40298507462686
144.010101010101
153.49
157.16
95.55
192.9784946236559
157.31632653061226
144.16666666666666
119.78
187.2
164.83838383838383
122.2948717948718
130.66304347826087
155.08163265306123
161.3855421686747
165.4848484848485
155.8080808080808
146.13095238095238
148.6060606060606
165.82
135.44210526315788
165.6
214.86813186813185
138.18085106382978
134.20454545454547
109.02020202020202
184.83870967741936
137.59
168.6701030927835
145.13
140.4787234042553
147.0909090909091
169.5810810810811
101.04
135.07142857142858
207.89772727272728
147.01041666666666
136.35
162.5257731958763
135.23809523809524
136.45882352941177
185.30379746835442
141.08695652173913
158.77894736842106
124.6701030927835
156.88505747126436
110.30434782608695
139.82
144.06666666666666
102.65656565656566
124.81
167.25
152.6530612244898
131.3793103448276
108.87640449438203
126.96
104.53
138.340206185567
109.85
97.86
101.75
134.84
97.59302325581395
93.2
97.86
87.25974025974025
111.97647058823529
109.20879120879121
132.0
103.95238095238095
125.16666666666667
126.35
114.22222222222223
158.52238805970148
84.43877551020408
136.66666666666666
92.27710843373494
82.08163265306122
91.51
112.0
123.43589743589743
106.91397849462365
95.16
111.19318181818181
154.0
100.61224489795919
93.72
85.79
104.33333333333333
93.60344827586206
112.50561797752809
73.82558139534883
94.88
94.82978723404256
136.23611111111111
102.54
172.77966101694915
132.12359550561797
75.0
87.09756097560975
109.76136363636364
158.95774647887325
72.36486486486487
97.5
124.32967032967034
94.43023255813954
110.6
98.45652173913044
74.64102564102564
100.78481012658227
165.1764705882353
90.21538461538462
75.43835616438356
71.89010989010988
73.72340425531915
74.6144578313253
81.4054054054054
84.83673469387755
88.85714285714286
105.6
95.32978723404256
91.14285714285714
72.28735632183908
73.35483870967742
77.4367816091954
84.1413043478261
86.87096774193549
84.64
103.42666666666666
106.6268656716418
71.4
74.63
111.08474576271186
91.1044776119403
83.54
73.83333333333333
73.02
73.11111111111111
70.0
75.97
75.20731707317073
97.94047619047619
76.74545454545455
74.3157894736842
79.79710144927536
130.37777777777777
91.87
74.34444444444445
71.22388059701493
92.89830508474576
76.36486486486487
75.83636363636364
75.06849315068493
91.22033898305085
75.43617021276596
94.52
73.85
71.9047619047619
87.32323232323232
74.04819277108433
77.5111111111111
84.0
74.20652173913044
76.52
75.64893617021276
76.33720930232558
72.85714285714286
73.64197530864197
74.54054054054055
94.81521739130434
85.56122448979592
76.14
73.62
76.26373626373626
72.73684210526316
72.70270270270271
73.1
74.52542372881356
82.53
75.87692307692308
122.49411764705883
86.78
117.4
74.88888888888889
75.30588235294118
74.5
86.41489361702128
82.26530612244898
75.22
75.5679012345679
75.6067415730337
72.93827160493827
74.5
74.14
73.79746835443038
111.87096774193549
105.71084337349397
77.56
106.6470588235294
86.72164948453609
108.41333333333333
71.49180327868852
106.61538461538461
117.23469387755102
87.59
94.49425287356321
107.12121212121212
87.88
83.62
87.64
115.71084337349397
90.62
106.43589743589743
118.675
108.26966292134831
110.09782608695652
84.36708860759494
111.15306122448979
89.83505154639175
105.14102564102564
208.42105263157896
90.61728395061728
91.96052631578948
128.94117647058823
108.26027397260275
92.93589743589743
89.80459770114942
108.65753424657534
194.31578947368422
93.75714285714285
236.75409836065575
224.03389830508473
101.1046511627907
89.98717948717949
91.5
90.95402298850574
91.01136363636364
91.19767441860465
89.14772727272727
98.35106382978724
85.58
97.31
88.87878787878788
193.3012048192771
76.04878048780488
77.04
201.21518987341773
171.08602150537635
179.30526315789473
78.36734693877551
86.61627906976744
179.61797752808988
198.05333333333334
176.97530864197532
193.76623376623377
201.87671232876713
181.075
197.06666666666666
174.92929292929293
74.14473684210526
86.03333333333333
80.5625
74.45
75.89041095890411
86.60416666666667
75.66666666666667
86.5111111111111
75.54838709677419
86.3298969072165
93.32
75.84375
92.26506024096386
84.89583333333333
75.05434782608695
75.11392405063292
86.04123711340206
84.87878787878788
75.42682926829268
78.87368421052632
77.92
75.75
81.14285714285714
75.51041666666667
75.65517241379311
76.34408602150538
75.51724137931035
75.98
94.68817204301075
91.90322580645162
76.05154639175258
83.55208333333333
76.75949367088607
74.39583333333333
76.60204081632654
85.51546391752578
80.6236559139785
75.81443298969072
76.13131313131314
77.04166666666667
75.74
80.65
91.53
82.63
86.16
77.13
74.94
84.33
84.76
84.73
75.67
77.49
83.48
75.99
75.12
83.56122448979592
75.4639175257732
88.48421052631579
87.0
74.78787878787878
76.08333333333333
76.35106382978724
85.81443298969072
76.27058823529411
88.11111111111111
79.81720430107526
84.41414141414141
81.83673469387755
84.25773195876289
83.65
88.21111111111111
77.28089887640449
90.71428571428571
75.1734693877551
85.60204081632654
85.43333333333334
74.56122448979592
76.4367816091954
89.93548387096774
87.54255319148936
79.67708333333333
87.07954545454545
76.42528735632185
83.36842105263158
82.84444444444445
76.20408163265306
91.85
84.5360824742268
78.34343434343434
85.82291666666667
76.26436781609195
85.31914893617021
84.74
75.41836734693878
83.36842105263158
76.78260869565217
76.79775280898876
88.8
87.16304347826087
85.96808510638297
89.97938144329896
76.30337078651685
84.35
75.86
92.75
79.67032967032966
97.01063829787235
75.56
92.12371134020619
76.47191011235955
75.52525252525253
75.63
92.17
77.04347826086956
76.25
76.3
75.34
81.73913043478261
76.32183908045977
76.94623655913979
144.91836734693877
75.64583333333333
77.04347826086956
76.4
77.14772727272727
82.53191489361703
86.75824175824175
150.25842696629215
152.32
76.95505617977528
78.16129032258064
87.54945054945055
135.5
87.93
75.73
88.60215053763442
77.0
87.16304347826087
77.06666666666666
76.3932584269663
87.54639175257732
76.5111111111111
79.26086956521739
77.45652173913044
116.59
76.25531914893617
76.34444444444445
76.07
77.20454545454545
98.47826086956522
87.26373626373626
87.29166666666667
86.63736263736264
77.45454545454545
76.53932584269663
77.51685393258427
81.6938775510204
85.29
77.53333333333333
76.11
87.20212765957447
77.7578947368421
82.24
76.38461538461539
76.84615384615384
77.58510638297872
77.54545454545455
79.98979591836735
77.08695652173913
76.91752577319588
76.44897959183673
87.53763440860214
88.48314606741573
86.95
75.96
93.5
77.46511627906976
75.93
77.53488372093024
81.26
76.14
95.41
76.81720430107526
75.42
77.52873563218391
77.04255319148936
76.83673469387755
76.3265306122449
78.0111111111111
76.95555555555555
76.95652173913044
76.90217391304348
78.06593406593407
90.0
77.20454545454545
78.6236559139785
77.55952380952381
76.67021276595744
77.92222222222222
86.82
77.33333333333333
81.9
77.6413043478261
77.45977011494253
90.65168539325843
98.53
76.04040404040404
80.45263157894736
80.23655913978494
77.54639175257732
76.93478260869566
86.96774193548387
77.3
87.16129032258064
86.33673469387755
77.16494845360825
96.23
89.12941176470588
79.42268041237114
83.92553191489361
77.5421686746988
87.65
77.97802197802197
87.03157894736842
88.04255319148936
80.95604395604396
78.79787234042553
87.26666666666667
86.54545454545455
88.76666666666667
77.17441860465117
76.59574468085107
76.39583333333333
76.85106382978724
96.32631578947368
77.56626506024097
76.43617021276596
78.05747126436782
78.21176470588236
77.51807228915662
88.0919540229885
76.38947368421053
77.46739130434783
77.23255813953489
78.83870967741936
87.04166666666667
88.34117647058824
77.19767441860465
87.72727272727273
77.66279069767442
88.28235294117647
77.16091954022988
78.04761904761905
95.68
76.40816326530613
76.76530612244898
76.42857142857143
88.23863636363636
75.82
77.2
76.76086956521739
77.4367816091954
87.5909090909091
87.3695652173913
76.1938775510204
77.95402298850574
87.41
77.53932584269663
77.4
76.80459770114942
76.58064516129032
77.74712643678161
77.20238095238095
77.24096385542168
76.05208333333333
76.62
85.6
75.24
76.77011494252874
75.92929292929293
77.62921348314607
77.0
86.64
80.15384615384616
84.09574468085107
80.21348314606742
77.72941176470589
95.83
76.07446808510639
86.69
77.0952380952381
76.63
77.0
76.32
75.66666666666667
76.49
76.26
96.46464646464646
76.57
76.75
76.87
77.05
76.9
76.32
119.38709677419355
76.22
85.41935483870968
77.61
76.95
85.17171717171718
76.09183673469387
76.37
79.04
77.98
76.31
82.45
79.25510204081633
78.26
76.41414141414141
87.46
75.92857142857143
86.29
96.0
76.43
86.12
86.25
87.41
84.69
88.6969696969697
75.88
79.05
75.85
76.47311827956989
81.91
84.97
83.95
85.45
84.1
85.25
86.5
75.79
84.5
84.61
93.53
84.52
75.3
85.49
84.55
84.67
85.93
93.1
84.64
82.72
93.23
92.81
83.52
85.04
94.08
89.09
93.85
85.26
90.77
89.4
85.64
94.41
84.49
88.73
85.63
86.17
96.68
80.31
76.76
80.95
81.98
85.79
81.32
83.79
87.37
87.17
80.17
88.84
89.15
87.7
79.41
96.29
88.78
98.58
88.07
78.84
89.19
84.53
80.36
97.86
83.79
88.17
87.32
92.68
84.13
89.41
83.29
96.22
95.06
90.16
84.82
82.28
81.39
100.93
93.87
90.01
81.91
82.95
86.96
91.03
83.25
94.51
81.32
91.79
90.32
79.36
79.37
111.67
130.24
129.99
138.62
137.86
126.62
84.48
79.14
90.12
81.51
89.39
80.83
85.82
90.92
82.93
99.87058823529412
94.11
97.77
78.68
85.34
104.51
78.11
90.04
82.99
98.27
84.08
83.77
83.64
84.38
103.91
79.03
78.09
86.4
79.41
81.33
98.86
84.71
84.2
85.05
85.52
77.91
83.19
86.46
84.9
87.68
87.16
86.84
89.42
86.51
82.15
85.96
80.83
82.59
94.12
97.31
96.84
84.42
95.89
91.83
107.14
110.56
89.3
88.57
91.75
103.91
93.33
91.38
98.98
134.19
154.7070707070707
166.1326530612245
181.34
165.33
163.89
207.21951219512195
205.80459770114942
213.25
103.61
93.69
81.26
88.51
84.61
88.35
100.19
93.48
92.92
92.33
103.48
84.86
91.21
87.22
85.51
90.64
94.94
104.68
88.27
86.86
92.35
90.24
93.99
87.6
135.36
143.48
147.82
119.43
103.78
132.55
141.31
140.66
162.91
137.68
155.75
134.92
144.58
132.51
129.55
141.96
131.98
105.73
114.05
112.41
103.33
132.36
131.78
137.77
126.51
128.36
82.26
109.82
120.3
121.63
111.7
116.63
97.38
79.09
97.75
99.63
105.72
90.03
88.41
78.93
85.81
87.51
79.44
79.98
124.14
94.17
105.05
114.76
122.97
78.54
77.81
78.54
80.1
75.86
79.22
77.37
85.48
90.12
80.9
88.82
76.08
84.94
76.71
79.78
86.41
75.04
82.54
81.19
82.97
74.88
75.02
87.6
86.41
98.35
74.98
89.73
80.97
107.11
77.2
112.9
76.51
88.45
103.42
77.94
76.71
76.94
76.34
75.4
107.37
106.11
82.5
95.74
87.75
117.14
99.03
78.07
97.37
90.9
106.16
111.71
75.11
96.4
106.91
94.03
121.57
92.57
106.37
107.77
86.73
88.15
94.38
86.36
120.87
102.52
122.77
106.65
96.12
95.11
125.22
117.55
112.48
95.62
84.63
76.78
85.99
90.16
112.9
128.0
115.54
111.12
106.55
112.99
82.82
109.79
104.86
95.36
93.4
86.55
75.43181818181819
90.88
83.82
101.9
109.25
104.04
83.47
103.91
104.92
112.38
99.51
98.72
97.81
85.55
84.46
106.05
129.23
117.51
115.8
115.15
101.17
98.81
96.41
82.81
84.92
82.05
79.55
76.39
77.55
90.97
90.9
83.18
95.08
92.75
90.52
96.79
85.43
93.39
90.26
98.23
112.01
92.07
76.52
85.11
86.73
91.45
95.21
86.81
101.53
77.89
86.62
93.3
106.79
84.19
95.71
94.82
103.8
95.89
98.45
87.11
105.43
106.94
94.71
82.21
83.29
88.83
97.99
86.27
87.47
100.57
89.66
116.12
77.33
74.7
82.7
75.81
94.21
87.14
89.19
99.57
95.31
106.55
104.84848484848484
85.41
94.39
89.38
90.18
80.23
77.31
95.95
108.34
86.73
80.22
78.9
98.29
92.18
82.97
81.43
76.59
88.92
75.82
98.25
80.83
92.61
99.19
87.14
84.57
84.87
75.13
99.59
81.25
85.35
74.87
75.2
97.83
98.9795918367347
93.49
90.43
76.6
79.78
77.27
80.9
90.98
76.4
75.04
79.77
89.03
79.0
81.6
83.52
85.66
79.45
74.62
89.96
83.01
85.21
74.67
75.62
75.08
75.26
79.16
76.71
75.74
74.78
83.86
75.34
81.05
84.24
103.22
85.02
79.86
77.83
94.24
85.0
96.8
94.38
93.0
101.26
80.09
78.77
74.93
85.42
80.45
104.40816326530613
76.09
88.59
75.49
87.91
77.73
90.49
88.83
89.85
75.29
75.29
88.82
87.83
92.87
96.18
75.19
86.12
91.77
80.3
95.04
90.73
78.75
80.29
77.96
77.2
77.65
75.31
75.84
91.54
89.26
80.2
87.52
79.08
98.24
95.88659793814433
104.49
101.55
87.26
94.48
96.12
77.93
81.61
82.08
96.17
78.01
84.25
79.44
83.19
75.34736842105264
78.66
92.55
75.29
77.43
80.96
90.92
78.15
78.05
88.45
75.38383838383838
76.29
75.88
80.76
75.68
95.52631578947368
81.38
88.87
80.62
80.91
76.2840909090909
82.37
89.46
77.45
76.32
81.51
76.14
99.01
88.35
91.45
85.12
86.72
91.78
95.37
79.5959595959596
82.18888888888888
84.67
83.76
105.6
96.19
91.7
119.05319148936171
91.67
91.84
77.09615384615384
77.0
85.7578947368421
84.47
98.13
97.97
80.06
77.0
79.9423076923077
82.22058823529412
78.0625
88.02
92.5
88.0
87.87
92.27777777777777
91.12087912087912
92.52525252525253
91.4421052631579
87.7
94.33
91.17525773195877
91.67021276595744
88.67
99.96
78.5
75.45360824742268
83.59
78.24
85.26
76.43434343434343
84.12
85.74
93.41
74.8
84.53
94.36
86.76
93.26
79.9
74.38
84.01
97.74
87.2
74.45161290322581
76.03
86.34
73.78021978021978
78.74
93.52
86.08
106.55
82.46
75.45
85.57
74.81
75.27083333333333
89.03
83.78
87.12
84.38
82.15
79.69
73.78021978021978
88.77
73.95744680851064
73.95604395604396
78.77
82.73
91.12
90.71875
87.01
82.4
86.16
83.61
84.94
83.58
84.25263157894737
76.12
79.38297872340425
83.88
91.58620689655173
83.21
76.89
82.36
83.56
80.13
86.67
97.3
85.22
89.49
84.97
113.86
188.51351351351352
89.08433734939759
103.6
92.43
93.09
115.11
107.84
115.15
122.67
102.41
114.42
102.82
120.16
128.25
94.49
85.72
85.87
82.52
83.88
99.31
102.43
83.76
95.51
99.25
86.6
85.49
98.22
86.91
97.63
93.9
90.6
130.04225352112675
101.25
100.91
97.91
86.42
95.56
98.86
91.42
87.29
103.58
90.53
91.49
92.87
89.62
93.81
91.07
95.12
96.84
90.22
127.28
144.39655172413794
92.89
92.92
101.27
106.65656565656566
102.47435897435898
77.66666666666667
87.78
96.26
103.75
88.45
93.98
104.45
96.43434343434343
96.45833333333333
95.65
96.52
94.99
90.27272727272727
92.01176470588236
95.48
95.71
94.46
93.41
91.61
95.54
102.35
87.08
96.96
114.4
112.81
88.99
116.26804123711341
94.33
105.15306122448979
92.67
124.48484848484848
103.53
103.19
94.54
96.27
91.10112359550561
102.6
96.86
90.63
90.06
83.85
91.71
96.87
102.7
86.76
104.25
88.5
81.62
92.86
103.99
109.7
86.23
107.33
97.81
98.87
88.44
98.83
86.9
98.63
91.14
94.77
101.69
119.33673469387755
114.08
107.82
100.43
102.6
99.3
85.5
89.92
93.93
96.09
93.9
97.54
88.54
90.02
100.36
97.35
102.53
89.2
84.66
89.67
98.82828282828282
98.54
97.7
86.8
89.78
89.21
95.23
82.72
97.98
86.08
89.14
93.2
97.68
96.88
98.41
84.41
82.25
94.71
86.14
86.04
81.63
81.83
83.53
83.03
80.97
95.01
91.03
94.88
99.73
95.63
87.01
91.58
83.43
82.27
88.9
85.6
85.69
106.23
87.42
95.0
89.64
89.56
80.44
80.48
95.52
86.27
100.25
90.04
86.76
81.9
90.65
90.66
84.72
93.46
85.17
99.46
90.13
84.49
83.19
95.6
92.62
88.32
82.88
86.4
83.28
87.19
86.85
97.34
87.33
89.91
85.68
94.97
91.3
86.75
80.73
93.38
99.16
90.59
93.25
92.48
101.19
94.81
88.16
106.04
98.25
93.21
110.34
90.04
83.26
96.07
93.25
90.45
89.0
83.72
81.71
86.16
84.44
94.45
84.67
92.96
88.58
86.74
91.75
88.39
101.07
85.97
87.79
88.31
85.77
98.33
83.57
87.4
86.28
92.3
99.15
89.23
81.78
84.15
83.97
90.86
101.45
95.87
84.67
87.46
90.76
89.19
85.74
85.79
88.63
144.70886075949366
84.73
84.84
88.1
90.39
79.49
77.99
82.93
84.22
90.58
82.13
85.64
102.89
89.26
89.23
78.14
91.2
88.43
82.87
90.97
102.33
94.97
89.79
84.0
96.86
83.88
90.66
88.09
83.39
91.81
73.65934065934066
94.57
101.44
92.28
82.4
91.03
106.98
93.21
82.04
81.09
82.41
91.45
82.14
82.29
100.81
81.39
87.59
94.09
91.35353535353535
79.68
109.39
83.9
83.92
84.97
97.5
81.72
85.81
85.36
83.92
85.93
100.93
81.68
90.13
81.09
84.43
96.73
104.76
79.99
82.18
110.44
94.7
84.41
79.57
81.12
92.3030303030303
84.35
82.4
80.71
82.34
90.58
95.83
88.35
73.88311688311688
92.87
85.96
88.28
108.17
98.12
79.75
92.18
92.47
90.09
103.44
89.21
83.19
88.88
88.77
90.24
89.93
98.47
93.93
91.87
91.85
93.23
87.67
93.18
88.49
93.59
109.26
93.43
102.88
104.95
112.87
89.28
89.24
84.94
91.52
93.29
103.41
91.69
85.77
101.35
92.95
94.56
94.53
91.62
80.23232323232324
80.79
88.92
93.11
94.16
95.97
92.0
96.59
87.66
89.53
91.29
84.44
94.81
91.48
89.37
85.1
81.61
104.25
91.54
87.95
82.75
83.32
111.2
92.53
85.21
81.9
87.44
78.61458333333333
93.44
76.96808510638297
89.33
92.74
98.71
92.92
104.13
86.52
82.34
88.05
87.23
89.93
94.6
104.64
83.25
85.25
84.97
96.82
94.72
85.55
93.41
87.0
88.61
94.51
94.99
95.54
90.77
104.83
91.8
83.75
94.43
113.19
103.93
105.0
96.8
83.27
95.33
93.97
92.8
87.33
93.25
84.42
93.92
92.95
83.22
91.62
93.99
94.93
105.7
94.09
103.65
90.69
94.6
93.58
93.58
93.52
95.89
102.3
95.34
92.74
93.03
90.58
86.17
96.44
89.49
90.36
87.78
85.32
85.81
111.6
96.18
110.45
93.51
92.38
90.78
102.26
102.13
93.45
86.98
94.07
91.56
115.61
91.21
99.69
87.03
81.46
99.03
80.53
101.01
81.25
101.28
85.68
88.05
93.94
99.68
98.44
87.24
98.98
92.93
90.5
86.98
86.23
97.71
112.35
149.24
103.68
83.46
105.3
104.45
98.85
93.85
84.99
105.13
93.36
100.24
91.73
106.22
103.13
86.28
95.76
97.78
96.08
94.96
84.46
93.99
88.9
108.59
91.89
103.2
105.26
94.44
98.7
97.06
98.86
96.67
93.12
105.08
89.73
88.93
102.49
94.06
95.28
92.64
104.77
88.94
89.76
117.12
95.24
114.87
94.58
96.24
95.65
102.0
94.25
94.21
103.49
90.07
94.75
106.4
104.11
94.87
101.54
94.43
95.41
93.77
83.49
87.73
94.94
93.14
92.5
94.7
89.49
91.8
103.35
109.72
100.71
89.04
92.01
113.61
95.9
102.87
93.69
91.22
93.71
101.9
92.62
91.59
92.74
101.45
94.41
93.77
102.89
92.67
94.81
93.75
98.67
94.12
88.86
91.74
95.81
95.2
93.14
93.12
94.2
91.62
101.39
88.08
90.51
101.11
91.49
101.22
101.81
94.36
93.07
91.1
93.39
90.58
85.27
91.76
93.13
95.32
92.05
93.04
100.14
89.33
102.48
93.67
106.63
99.71
93.51
92.46
90.53
90.57
86.54
92.04
90.02
91.78
101.97
93.84
96.46
101.09
116.76
85.65
93.41
112.06
88.35
88.42
89.44
88.41
86.19
99.24
87.87
87.87
84.13
88.42
116.1919191919192
88.51
94.55
88.53
93.56
90.45
89.92
100.46
87.58
87.42
104.1
88.21
88.01
89.98
99.29
87.16
87.64
85.8
96.36
88.85
88.35
86.01
96.05
81.79
89.14
90.06
98.68
98.68
92.98
85.11
93.79
84.88
99.18
95.46
98.67
114.86
125.5
99.94
126.43
117.55
125.97
105.64
101.24
104.38
96.37
116.04
88.58
99.35
99.01
108.76
99.37
89.32
98.76
83.12
98.02
91.85
92.92
86.46
98.53
84.71
88.36
87.57
104.52
106.29
95.91
88.93
97.76
84.96
87.65
113.54
97.9
84.32
85.46
81.72
90.07
86.89
89.18
82.25
88.82
88.94
88.79
82.55
92.25
80.87
99.71
108.33
89.91
82.56
85.58
93.58
90.07
97.42
99.78
93.67
99.52
84.4
88.94
104.02
105.78
140.47
140.29
127.84
140.25675675675674
151.72727272727272
104.38
103.96
90.64
90.24
89.48
89.69
92.9
83.17
93.74
89.08
91.04
105.54
99.46
91.25
87.25
88.43
95.29
87.13
86.0
90.82
89.39
87.76
114.29
105.42
93.02
88.1
96.0
89.48
93.97
92.57
93.16
111.84
93.64
93.34
99.47
106.55
97.07
105.09
102.23
98.79
85.86
87.2
96.42
97.15
89.4
92.54
115.82
90.05
95.78
92.47
90.19
110.83
88.23
87.33
93.7
93.36
90.32
87.97
110.92
92.13
90.15
84.05
107.69
101.17
87.57
89.11
86.63
105.65
127.14
99.32
116.61
126.96
128.59
114.95
112.27
85.86
92.26
86.28
89.78
91.35
87.37
84.79
90.48
90.63
85.1
91.05
88.59
89.61
85.24
84.57
92.65
96.8
103.14
115.80645161290323
92.6
97.69
86.83
86.82
96.68
87.55
85.81
97.28
86.32
97.83
86.89
87.01
86.47
105.49
85.26
85.43
86.93
106.01
95.21
97.68
87.8
85.96
86.51
88.97
87.79
96.4
86.69
85.51
85.51
90.15
85.0
87.02
86.53
89.76
93.2
84.46
82.8
85.85
75.02
76.42
84.6
76.06
75.18
75.41
92.32
84.26
87.87
76.05
105.8
74.8
83.06
84.04
93.01
75.03
85.32
75.21
92.4
76.14
77.92
93.38
76.27
75.25
75.18
86.56
76.63
75.22
75.06
76.16
86.36
86.91
75.62
77.42
75.79
112.83
75.19
75.19
75.36
85.28
85.62
75.15
85.86
75.1
77.44
80.81
75.05
86.35
75.08
75.73
77.2
75.05
84.77
85.13
75.14
75.06
88.8
79.14
87.28
76.62
86.18
77.46
76.65
77.64
77.94
80.99
76.06
98.93
86.24
76.28
75.48
86.54
85.05
84.58
76.89
86.28
76.28
78.58
77.88
78.2
76.21
78.09
87.01
77.51
75.15
79.23
76.08
85.18
75.03
86.04
80.05
88.84
86.77
75.6
75.23
75.67
78.48
98.04
78.06
81.14
76.76
75.57
79.83
77.92
90.31
90.87
78.37
78.66
80.91
98.41
79.74
89.04
90.37
79.15
78.51
82.84
84.74
82.61
90.76
78.55
80.4
82.36
82.13
80.31
81.62
81.09
80.38
80.38
81.37
80.45
90.76
78.58
89.99
90.27
79.14
81.01
88.16
80.27
82.84
84.64
80.43
91.39
82.87
89.65
83.11
82.97
94.07
103.29
83.49
98.98
80.6
99.71
89.3
81.55
84.06
82.84
87.52
83.88
84.74
84.31
86.04
86.56
83.05
85.53
81.02
94.64
95.09
85.96
83.85
84.21
94.49
91.46
87.99
89.11
89.94
89.08
76.74
84.95
104.61
90.46
98.26
89.76
103.18
86.05
86.07
94.06
99.27
87.81
86.56
81.72
88.47
86.5
117.72
110.62
84.75
86.54
91.9
87.98
82.03
94.49
86.69
96.38
84.16
92.9
109.75
87.01
89.47
90.24
84.82
110.15
105.62
101.99
85.2
92.5
103.34
94.09
87.5
87.81
88.37
89.57
94.91
86.78
84.44
87.32
85.33
97.39
87.71
95.67
87.94
86.13
89.69
90.73
89.54
102.27
88.38
94.76
101.71
91.63
112.74
93.18
112.93
101.62
104.46
113.86
107.14
106.36
101.62
112.06
117.04
124.57
114.66
121.88
104.73
102.83
102.68
87.68
92.43
88.92
86.09
98.73
88.27
87.53
83.01
85.47
86.7
81.04
80.9
108.62
96.11
87.25
81.5
103.08
85.02
92.52
84.51
92.84
96.2
94.46
90.08
102.78
87.28
90.98
87.65
82.3
83.62
105.3
79.84
95.67
94.07
92.83
89.41
98.35
88.13
84.06
88.24
93.63
103.63
80.84
85.84
104.25
98.83
91.03
88.31
83.63
93.26
106.56
97.06
111.4
91.5
97.77
96.1
91.93
88.89
77.69
91.57
98.34
77.62
87.31
89.79
97.18
79.29
83.69
87.08
87.19
82.04
86.66
88.0
90.89
91.11
82.85
93.43
80.13
81.95
82.36
96.9
109.16
87.06
84.03
101.51
80.24
84.48
91.89
78.95
84.47
101.64
75.56
103.46
90.23
90.96
82.66
93.13
101.24
85.42
86.21
100.95
80.77
84.73
105.96
91.86
106.02
86.37
82.97
93.0
79.12
85.28
85.51
102.54
101.54
82.92
81.97
83.51
90.31
89.51
95.89
84.16
84.52
88.0
80.88
89.54
87.48
92.13
89.21
97.25
100.67
98.13
97.53
94.94
93.48
91.92
106.08
97.7
85.4
85.61
91.41
84.02
80.87
95.69
85.91
102.25
85.43
79.73
82.53
86.58
97.42
86.51
88.69
79.61
85.9
86.38
85.85
88.35
87.44
88.77
87.34
93.18
87.66
95.37
81.98
82.88
83.29
89.42
87.84
87.24
85.41
90.14
96.99
174.84848484848484
182.26136363636363
149.14
92.61
88.11
80.22
84.13
80.09
83.54
85.27
98.7
86.68
86.25
91.65
92.34
88.06
88.05
94.85
90.59
83.98
91.69
77.25
76.34
85.56
87.63
81.15
75.42
89.38
82.91
81.22
81.73
91.44
90.71
77.1
95.92
83.66
75.74
73.7
78.79
93.38
87.58
88.57
96.09
87.35
73.39
79.33
85.47
73.77
95.98
89.05
92.19
83.05208333333333
101.0
81.42
81.92
111.32323232323232
82.13
119.95294117647059
94.45
84.55
87.9
82.3
73.91
80.87
98.28
83.21
81.75
98.16
77.04
74.33
74.1010101010101
84.06
86.56
108.39
73.49
73.45
83.57
73.69
82.86
73.52
83.26
78.21
74.2
74.34
74.13
74.07
74.18
77.86
93.56
73.94
75.45
74.36
74.19
84.13
91.17
74.76
74.73
94.42
84.54
85.29292929292929
78.39
74.5
75.28
84.65
84.77777777777777
74.55
84.58
74.72
74.7
74.63
75.48
76.91
74.64
78.68
75.22
74.66
91.34
74.86
74.8
74.34
74.51
76.02
77.73
74.74
80.07
75.24
74.65
74.83
84.5
74.22
75.02
74.84
84.51
74.54
74.8
74.38
75.13
74.39
75.88
74.47
74.6
75.13
77.75
74.4
74.17
74.76
90.33
75.31
87.34
85.13
75.03
84.88
84.78
93.84
75.21
74.5
93.88
74.45
74.36
83.52
74.51
75.65
74.94
74.89
74.75
74.77
95.48
77.04
82.22
84.76
84.52
74.95
84.86
84.43
75.17
74.49
77.49
75.13131313131314
75.24
84.5
74.93
74.58
93.8
80.52
86.51
81.67
77.86
75.21
74.73
93.9
74.93
84.72
75.58
85.43
73.99
74.56
88.1
74.57
85.14
74.28
84.45
74.47
79.9
93.69
77.57
84.25
83.89
74.14
87.96
84.83
74.48
93.52
104.81
92.97
91.33
99.38
89.05
76.39
85.24242424242425
79.68
77.11
83.0
92.74074074074075
94.5
106.63
100.0
113.95454545454545
84.33
86.35
96.33
79.06
97.76
89.01
87.27
80.45
96.91752577319588
90.02083333333333
84.45
94.56
94.5
95.07
102.5
86.55319148936171
95.15
94.07
97.79
86.02105263157895
99.53684210526316
95.65
81.57291666666667
88.16
94.27551020408163
89.81818181818181
94.39
90.67708333333333
92.2
90.28
94.32
97.24242424242425
92.87
88.97
99.34
104.3
98.31111111111112
85.09
86.26
89.24
85.65
103.63
85.8
98.31313131313131
90.77
76.55
89.84848484848484
99.51515151515152
89.48484848484848
104.37
83.28
100.17
103.16494845360825
91.55172413793103
88.23728813559322
92.67391304347827
90.24
102.13
83.07
95.09
91.32
85.4
93.43
90.53
91.84
98.69
87.12
86.73
91.63
93.16
84.33
84.41
90.81
89.69
86.33
92.42
84.45
97.21
87.64
86.03
97.22
83.83
88.84
88.14
85.81
88.91764705882353
85.96
84.63
75.54
89.44
83.45
84.93
74.1
83.76
83.69
94.13
83.83
86.7
84.99
84.22
85.43
74.65
76.13
75.2
75.37
80.77
81.71
86.13
80.74
82.02
82.94
75.18
75.88
85.93
76.84
75.33
94.3
85.33
75.3
74.92
89.15
80.34
74.65
92.25
95.85
78.01
86.27
81.55
84.92
75.57
75.64
76.16
90.43
84.33
83.84
80.04
78.13
84.28
106.35
79.22
88.56
85.06
81.47
86.71
75.55
75.45
74.86
75.02
83.48
75.42
75.34
75.11
77.32
84.79
77.92
87.95
88.37
74.9
77.64
79.2
83.11
87.81
81.1
84.71
76.44
75.38
75.05
80.25
74.47
85.5
94.66
80.88
80.76
75.32
80.35
90.76
74.71
80.63
82.36
80.59
74.44
83.89
80.73
75.32
89.88
87.51
80.62
89.78
76.35714285714286
80.0
80.95
91.1010101010101
75.9
81.57
78.36
85.8
82.33
94.4
76.76
75.2
75.15
81.34
80.06
79.8
80.19
103.78
84.98
81.41
85.38
85.17
82.91
76.0
75.55
85.81
82.71
75.28
89.65
75.61
82.57
81.57
74.17
91.14
80.93
83.08
94.7
84.55
80.79
78.67
84.32
81.55
78.4
76.63
90.78
87.82
79.23
79.39
80.63
88.16867469879519
82.25
89.48
74.04
90.69
75.58
83.71
81.85
75.26
81.56
74.74
74.36
82.88
80.71
81.7
75.09
89.86
80.08
81.62
89.99
82.81
85.76
94.34
76.43
94.73
76.59
80.65
81.75
77.05
83.79
75.11
75.23
77.83
85.24
82.89
88.96
84.02
75.39
84.28
79.24
92.28
76.92
73.59
90.25
78.12
79.57
74.47
84.65
83.59
100.36
73.62
73.66
73.64
83.99
73.64
108.08
80.32
89.12
84.67
74.46
73.72
79.71
81.14
79.98
77.2
93.39
73.74
74.22
78.85
78.24
94.35
74.22
73.73
73.67
91.69
96.6
93.82
74.31
84.57
73.78
74.38
75.18
74.49
73.88
93.24
73.77
79.05
74.67
74.02
73.93
84.16
75.93
73.93
74.33
74.63
74.03
84.59
74.4
73.89
84.02
84.09
73.88
74.02
83.31
74.04
83.91
74.04
74.05
84.76
83.78
73.92
83.62
74.08
84.03
90.26804123711341
78.31
76.01
74.29
74.71
74.12
86.9
86.72
85.34
88.04
74.17
74.8
74.74
74.75
85.13
83.62
76.73
75.97
74.04
78.61
74.1
74.11
84.25
74.06
75.37
84.02
74.22
78.54
84.25
74.05
84.59
74.99
73.97
74.14
74.82
74.44
74.85
83.51
74.07
75.9
77.72448979591837
74.01
77.39
94.38
84.2
73.86
83.41
93.58
74.84
74.93
84.03
74.02
73.95
75.99
86.56
87.8
84.79
74.02
78.9
85.06
84.07
73.92
74.13
74.11
74.12
74.09
84.53
74.15
75.75
74.05
74.11
74.17
83.94
74.02
78.36559139784946
83.11
77.72727272727273
87.35051546391753
74.68
75.21
74.56
76.29
84.26
84.54
84.06
75.32
74.05
74.02
74.22
74.33
78.31632653061224
85.43
83.62244897959184
74.68
75.58
74.35
74.32
74.11
74.4
76.61
89.68
92.87
74.77
74.21
90.55952380952381
79.88
79.96
74.54
87.39
74.27
76.26
74.23
74.08
74.14
76.73
75.73
76.66
84.26
84.8
75.58
73.99
97.73404255319149
84.6
75.71
80.93
77.47142857142858
85.81
81.79
76.43
81.02
87.3
78.22727272727273
76.16
76.35
77.46
78.14141414141415
74.9
74.78
76.48
78.19
78.1
77.86
79.76
74.65
75.51
77.38
88.64
82.47
87.27272727272727
86.82
75.2
74.41
75.59
76.45
79.14
85.07
79.21
90.61
78.57
85.44
79.56
73.74
79.46
81.22
74.87
84.59
94.78
76.36
78.81
95.11
79.37
73.81
74.5
74.82
74.05
88.5
75.85
76.22
78.04
76.69
84.82
75.29
96.12
78.06
85.85
76.23
74.36
75.57
74.97
75.08
76.68
78.64
94.14
74.61
74.4
84.84
73.72
79.91
84.11
83.99
73.65
75.16
80.04
76.75
74.95
76.59
84.63
77.22
75.73
74.02
79.27
79.15
73.51
74.19
85.51
74.91
74.74
76.89
94.85
73.65
83.34
73.72
75.89
74.15
74.96
83.38
74.81
83.97
83.23
73.45
83.45
73.69
74.98
75.83
74.59
73.73
74.74
83.79
74.07
83.71
75.0
75.78
84.17
83.98
85.85
83.86
74.82
83.63
93.56
83.48
73.97
73.92
73.89
74.77
74.5050505050505
74.54
84.5
84.41
74.08
74.04
73.95
73.87
83.75
78.14
85.24
73.7
73.98
83.72
73.91
74.64
74.2
74.41
74.94
77.93
74.51
93.32
84.08
74.58
74.32
83.75
83.27
76.05
74.12
73.59
83.17
73.42
76.34
73.41
74.92
74.12
74.15
74.44
73.85
75.26
73.43
73.73
93.78
83.58
74.15
73.92
74.79
74.08
84.68
74.22
76.12
74.6
92.33
73.65
74.46
85.8
74.46
74.05
75.2
74.11
83.67
74.35
74.51
74.65
74.33
74.2
85.25
74.0
83.38
74.5
85.39
93.95
74.39
83.81
83.98
74.84
84.07
74.78
74.4
74.78
84.35
75.27
85.06
76.93
84.04
74.66
74.17
86.92
75.09
74.92
75.24
74.91
84.77
95.35
76.3
84.68
74.65
74.56
74.64
83.74
75.23
84.77
75.4
75.2
77.86
85.11
75.4
74.94
74.8
84.34
76.16
75.93
74.98
74.87
75.01
75.03
78.88
74.83
74.84
85.2
75.19
77.82
94.72
85.06
75.3
75.27
75.5
74.79
76.41
85.68
75.22
75.33
75.82
74.88
75.04
74.79
75.38
74.93
75.15
85.11
85.26
84.4
75.45
75.0
75.06
75.5
84.64
77.74
87.98
85.01
77.01
75.21
75.31
75.26
75.8
75.24
75.29
95.54
76.03
75.37
75.52
85.42
75.12
85.06
76.3
86.71
76.87
85.2
75.41
75.23
84.95
76.44
75.27
75.36
76.8
77.27
76.63
85.38
76.18
75.22
75.83
86.2
76.11
75.38
76.19
76.46
75.68
76.04
77.0
78.61
76.38
76.39
75.88
85.49
85.53
76.16
76.58
75.97
76.41
76.45
79.14
85.68
85.67
94.81
94.37
86.09
85.57
85.4
85.82
95.3
85.12
90.77
85.79
85.24
76.0
75.99
75.99
76.54
94.87
76.35
76.15
75.9
86.28
75.93
76.46
95.07
75.87
76.03
75.87
76.42
75.77
77.55
95.43
85.81
75.89
76.06
77.09
79.27
76.03
76.69
85.61
76.35
75.87
86.32
95.52
86.17
75.78
75.66
75.89
87.18
75.72
76.02
85.17
93.88
75.92
87.27
83.38
89.9
76.41
76.35
75.23
76.25
76.03
76.45
75.65
85.3
75.21
84.83
76.94
93.62
78.2
78.46
84.76
75.5
75.69
94.87
76.06
75.86
75.73
75.51
75.54
75.62
75.63
85.14
75.46
84.59
75.6
78.16
79.89
85.57
84.54
75.73
81.11
84.6
75.36
84.66
75.39
76.28
74.92
84.91
75.13
87.53
75.99
84.88
75.11
84.67
74.72
75.66
75.6
74.83
78.1
75.67
75.1
74.99
84.59
74.91
75.08
74.74
75.11
93.41
76.23
84.12
84.27
74.4
74.61
94.14
74.71
78.75
83.92
78.55
74.49
84.7
85.81
74.97
84.74
74.69
84.43
74.54
84.32
84.5
75.49
74.93
74.69
90.32323232323232
74.53
76.06
89.24
79.54
84.58
75.49
84.06
84.61
74.51
74.68
86.33
78.6
94.16
74.46
74.8
74.44
74.3
74.45
79.76767676767676
74.62
84.5
75.3
75.33
75.13
84.48
74.39
84.06
84.05
84.3
74.61
75.23
76.29
74.6
84.67
77.06
84.47
84.58
84.74
75.27
74.42
75.43
74.74
74.44
74.38
84.54545454545455
74.68
84.73
74.3
91.48
77.77
74.54
76.87
74.6
84.71
75.25
78.62
78.81
74.53
84.35
74.53
79.65
79.45
76.06
74.44
93.8
74.43
83.92
74.5
76.21
74.75
74.8
84.57
74.45
79.08
74.81
76.92
94.05
75.18
75.39
84.5
75.17
75.19
75.04
74.4
77.85
76.41
75.07
74.26
84.24
74.83
78.69
76.86
84.53
79.38
74.39
75.15
74.25
75.05
75.79
75.04
74.58
75.32
74.17
83.72
74.46
74.52
93.29
74.88
93.91
75.23
74.78
74.72
84.14
85.07
76.98
77.2
84.17
74.16
74.84
79.14
83.55
74.29
94.29
75.2
75.33
85.22
97.9
83.91
74.56
74.22
74.48
75.74
74.58
74.6
74.9
75.88
75.1
84.67
75.27
74.78
88.89
78.57
80.65
74.57
86.74
83.91
74.72
104.57
76.61
75.63
75.05
75.46
75.11
75.15
85.31
74.58
74.65
84.19
88.58
75.45
74.34
75.01
83.99
85.21
75.1
74.66
77.99
75.0
75.49
74.79
94.97
84.07
74.83
98.67777777777778
78.47
75.31
75.69
74.92
74.78
75.8
74.73
84.03
85.19
75.0
74.54
93.81
74.73
75.09
84.9
78.31
75.35
74.69
83.87
93.94
76.53
74.94
77.02
74.45
74.58
84.18
83.57
76.32
74.6
75.5
78.14
84.58
75.35
84.22
74.91
74.86
74.9
74.76
76.36
88.02
84.43
78.79
79.24
79.04
84.6
85.92
74.84
76.65
94.73
76.28
76.86
74.93
74.84
75.27
75.24
75.03
76.27
85.27
76.63
75.53
75.63
74.99
75.04
85.6
83.74
75.04
85.33
75.01
75.12
75.1
84.36
74.87
84.97
85.12
77.6
75.05
84.48
87.09
85.22
75.17
75.12
94.11
75.17
75.2
85.2
84.52
75.14
75.08
85.11
75.17
75.26
84.82
74.88
74.2
83.91
92.85
75.28
84.39
76.85
75.07
79.51
77.67
75.79
75.42
75.32
102.55
76.49
75.26
75.07
79.11
84.52
77.7
78.26
75.96
75.7
75.42
75.25
75.95
75.16
75.39
75.31
75.49
75.19
76.02
75.21
76.01
75.87
87.79
77.31
75.7
75.11
78.56
75.4
85.19
87.93
77.21
88.35
87.68
75.23
75.78
84.92
77.12
75.38
75.6
75.87
84.79
75.73
77.77
84.63
85.05
75.82
84.97
88.98
104.48
74.91
76.3
86.14
75.23
75.3
94.34
75.96
75.2
76.44
74.89
75.0
75.2
75.82
84.39
76.61
75.05
74.8
75.1
84.53
88.11
76.13
77.26
84.93
84.98
75.85
75.11
84.55
75.54
84.84
74.93
76.95
85.73
75.06
75.38
75.0
75.29
84.09
76.78
74.98
75.56
84.6
84.51
76.79
76.47
75.11
76.02
75.38
74.95
74.93
74.59
76.61
75.57
77.74
77.54
74.9
77.81
84.52
93.06
83.75
83.91
84.0
84.57
84.16
83.83
93.57
83.83
74.81
74.33
74.55
79.62
77.69
75.94
77.47
76.19
95.54
76.7
83.78
77.54
84.88
74.45
86.07
76.95
77.61
75.98
76.85
77.27
74.52
83.82
76.96
75.76
84.94
84.32323232323232
85.08
77.84
84.45
93.97
84.16
77.98
83.28
76.28
84.95
76.14
76.43
75.1
75.79
85.22
88.05
85.91
75.67
77.52
75.62
75.6
85.38
75.96
94.54
83.31
76.58
86.85
86.08
79.69
78.01
83.64
75.61
78.89
77.56
85.36
85.87
77.07
76.42
75.32
85.82
89.94
87.95
74.71
93.4
74.99
75.65
79.11
77.15
78.27
87.63
85.27
74.1
76.85
75.76
87.84
78.25
76.55
79.28
77.75
78.85
84.5
74.99
79.81
85.68
79.64
78.83
92.45
80.31
95.58
83.52
99.87
82.5
80.04
84.98
83.61
83.32
80.54
91.61
85.63
80.43
81.09
91.23
79.14
91.51
79.88
79.04
81.86
91.85
95.2
81.63
80.02
75.49
85.45
82.49
80.4
84.08
84.6
77.28
85.29
75.78
75.71
90.39
83.94
82.47
77.71
75.52
77.81
86.03
75.97777777777777
76.33
75.82
75.4
79.54
92.85
76.12
82.93
83.72340425531915
73.59574468085107
80.62
73.18181818181819
75.61458333333333
74.20202020202021
73.01162790697674
78.27
88.31
73.65979381443299
73.75531914893617
74.17021276595744
75.1547619047619
85.90721649484536
76.55208333333333
85.78947368421052
74.08510638297872
87.69
85.30851063829788
74.12903225806451
84.43157894736842
85.70786516853933
84.95918367346938
86.29885057471265
85.2247191011236
74.15625
74.20430107526882
94.41489361702128
85.85714285714286
74.17021276595744
74.3076923076923
74.95604395604396
74.38709677419355
85.13978494623656
74.51063829787235
80.93
74.34042553191489
74.57142857142857
77.53125
84.27368421052631
81.25
74.5
74.37373737373737
74.95918367346938
93.69
84.31
103.55
113.19
74.49
75.75
75.88
88.55
75.76
86.45
77.75
79.5
74.39
84.74
77.13
88.85
78.5
92.22
74.78
86.57
74.55
75.23
74.93
75.44
93.91
76.24
74.78
76.27
82.76
75.24
75.69
76.29
75.59
75.26
75.34
83.93
75.05
75.32
75.18
85.46
76.36
75.1
75.17
74.84
75.33
84.74
75.43
74.04
80.84
76.09
77.9
75.23
84.45
87.72
85.21
75.18
75.3
75.44
75.18
77.58
86.98
83.02
81.21
79.23
78.58
80.59
90.16
85.41
104.13
85.06
88.98
81.69
74.66
75.37
75.32
75.4
79.86
90.0
86.77
75.36
76.14
85.16
81.7
83.05
84.76
84.91
75.2
75.71
75.45
75.58
85.53
75.69
85.89
75.74
75.6
75.74
80.08
75.58
84.93
85.93
75.73
75.63
75.23
76.3
84.86
75.83
75.65
85.91
75.88
85.21
74.52
75.79
76.58
84.23
75.63
76.46
85.65
76.02
75.91
76.33
76.56
74.79
75.62
85.24
75.55
75.23
75.27
85.48
83.6
85.65
94.46
85.66
85.66
75.55
84.93
85.44
91.91011235955057
83.67
84.95
74.85
74.77
94.4
95.23
75.04
84.05
74.56
74.56
76.27
84.79
85.34
76.27
75.72
75.99
75.83
75.55
74.4
74.61
75.63
76.09
75.57
75.44
74.77
74.93
76.71
74.39
74.75
84.69
76.18
75.38
93.98
84.7
75.51
76.2
76.08
85.26
75.89
75.29
104.1
74.09
84.6
77.91
85.72
75.64
85.4
75.72
76.19
75.92
76.48
74.81
78.5
78.34
74.65
84.87
76.45
94.43
76.45
75.38
75.88
76.51
75.75
74.56
75.21
85.5
75.98
75.35
75.54
94.91
74.86
85.64
76.27
74.75
84.52
76.27
84.36
76.27
85.51
84.65
74.71
75.91
75.03
75.59
75.41
75.64
75.54
75.44
75.69
75.57
84.5
78.0
75.62
75.47
75.73
75.99
75.83
76.14
75.61
85.1
77.02
75.86
75.36
75.54
84.86
74.31
76.09
75.83
76.31
84.84
76.29
75.81
85.01
75.62
75.31
75.45
85.57
75.75
75.69
75.33
84.56
76.47
76.88
76.24
85.51
79.87
75.64
80.03
96.13
76.25
84.93
84.99
86.26
95.31313131313131
74.39
75.74
76.43
76.31
75.71
75.63
75.65
84.94
75.74
95.0625
85.38
85.27
79.4
75.72
77.98
78.56
76.72
85.53
84.94
85.39
76.86
85.88
75.63
77.16
75.71
75.76
75.72
79.33
93.89
79.02
76.34
74.87
79.77
75.62
78.67
75.71
75.68
76.08
75.63
75.5
77.45
77.52
75.64
86.09
85.31
85.73
78.58
75.63
104.35
77.68
79.73
94.96
75.53
85.85
85.26
76.34
85.37
76.18
81.98
89.64
75.67
76.19
76.01
85.43
75.61
80.61
82.45
76.14
79.33
80.09
76.88
85.6
82.0
77.6
87.87
84.61
76.2
78.44
84.13
90.23
84.6
80.93
80.01
79.93
77.92
74.48
79.66
75.25
90.88
85.21
80.43
76.88
81.04
87.14
85.42
81.05
86.49
77.12
79.45
86.52
79.75
78.51
76.58
78.16
79.62
75.93
84.81
78.8
77.86
83.77659574468085
79.56
80.31
81.2
74.86
85.27
80.33
82.29
74.62
74.44
79.89
74.69
87.57
76.15
89.33
96.81
84.15
75.28
84.94
84.86
84.69
79.27
93.32
76.09
81.09
75.14
96.61616161616162
74.57
87.97
90.25
74.65
74.68
83.21
75.49
76.04
75.13
74.57
76.57
93.74
85.62
94.5
80.99
106.57
91.82
84.76
80.01
81.41
74.71
85.29
83.32
85.44
78.66
74.71
80.42
85.24
81.82
84.71
84.75
74.86
84.99
82.14
85.04
75.03
94.64
74.85
74.81
87.34
82.72
103.58
78.7
82.07
75.22
85.36
80.19
109.11
74.69
88.37
79.54
75.42
94.83
82.15
87.04
88.67
97.34
92.68
89.17
78.72
85.44
75.14
103.85
76.69
84.37
76.71
78.87
74.67
81.33
78.87
74.76
84.67
74.75
74.64
74.7
75.26
76.57
74.81
74.76
79.32
75.28
79.35
89.84
76.65
74.85
79.33
74.71
76.88
82.69
74.73
78.11
74.81
75.29
77.38
87.32
77.87
74.79
78.11
79.45
78.86
77.56
74.89
77.59
77.23
84.28
81.59
87.87
84.73
75.79
90.39
83.05
86.87
79.58
81.06
76.13
77.07
84.45
75.56
82.45
91.38
77.24
77.69
78.37
83.93
94.75
80.33
81.95
79.8
87.2
87.34
75.16
80.0
81.31
90.19
76.5
75.15
77.26
83.24
79.29
78.06
79.23
76.64
90.52
76.57
92.44
78.66
78.06
84.68
90.13
83.44
75.57
75.76
80.09
77.06
75.28
85.99
84.21
91.23
77.33
77.45
88.37
78.62
87.7
77.38
78.64
78.41
76.61
75.21
79.33
79.33
75.91
75.75
91.2
80.78
79.64
81.38
78.5
90.1
78.22
104.24
79.88
79.48
96.35
82.03
94.8
82.63
83.45
97.29
82.11
84.74
81.83
95.53
75.17
79.85
98.94
78.53
87.74
75.92
75.89
85.72
87.36
81.12
81.9
88.21
85.24
78.06
86.14
86.83
84.81
89.11
86.79
84.67
87.02
75.72
80.96
74.93
76.13
95.65
79.66
84.79
93.48
74.83
86.51
81.06
79.52
76.75
84.88
77.13
76.8
79.08
76.51
77.06
76.54
75.57
86.77
84.56
84.65
77.76
77.36
81.49
87.63
74.78
74.75
86.14
75.83
77.4
77.2
75.91
94.56
85.05
75.23
77.49
84.38
74.73
74.76
77.05
77.84
85.46
85.04
95.04
74.75
94.26
103.16
85.39
84.43
79.22
76.45
84.96
87.1
94.57
74.77
75.86
74.96
76.82
74.7
87.8
76.79
86.62
75.8
77.25
99.7
76.41
76.38
75.88
76.05
80.13
77.34
84.71
75.33
74.65
76.02
75.18
76.36
84.62
84.31
80.82
76.84
75.79
76.59
84.93
77.56
85.69
85.03
78.96
75.99
88.38
78.47
79.88
77.17
76.52
77.39
84.6
76.43
83.63
85.68
84.21
75.18
74.52
84.57
76.44
75.9
75.1
75.72
75.08
75.14
94.9
76.0
75.9
75.62
76.66
76.83
94.77
84.8
84.76
77.88
79.87
77.66
75.73
79.86
89.18
94.08
74.42
93.72
74.46
77.99
75.82
79.2
81.36
80.32
76.17
78.57
85.23
77.92
93.78
85.56
77.43
75.62
88.82
74.99
78.43
76.93
94.91
84.8
74.54
76.57
76.34
75.14
77.49
81.32
80.54
74.75
98.42
76.34
75.88
75.92
78.6
84.29
75.51
74.57
77.03
87.21
75.99
85.05
78.85
75.98
84.38
74.97
84.72
74.65
75.6
76.0
75.69
77.99
76.14
84.74
76.45
78.6
84.89
84.67
74.67
77.45
75.31
75.46
79.99
75.18
75.01
85.96
76.13
76.8
77.26
75.41
85.0
77.34
97.16
103.45
94.13
102.64
76.1
75.57
75.98
84.75
76.61
75.81
76.39
75.59
75.97
75.34
88.1
78.89
76.07
75.45
76.22
95.12
75.05
85.23
76.65
75.6
76.06
75.25
79.82
77.88
85.27
85.52
85.66
85.68
75.18
75.26
85.08
95.44
74.85
75.34
90.38
76.54
75.21
76.43
91.92
75.21
75.03
75.77
76.17
75.18
75.45
85.76
76.23
75.64
76.89
75.73
85.26
75.9
77.28
75.91
85.25
76.73
76.02
75.31
80.07
75.15
78.44
75.84
75.8
84.79
87.48
77.39
86.33
85.03
85.3
75.54
76.76
76.9
76.06
76.98
77.83
86.68
77.87
76.08
77.4
75.9
76.15
77.5
77.4
75.16
80.03
88.98989898989899
75.0
86.49
77.27
75.23
84.01
78.93
85.73
75.16
81.47
77.52
95.92
85.36
75.75
75.61
85.18
78.65
78.81
77.53
81.22
75.13
75.17
75.61
75.52
79.38
75.3
75.35
76.4
84.47
96.3
76.8
78.77
76.01
84.5
75.13
76.28
87.09
79.33
103.73
79.77
75.23
75.9
78.29
97.37
76.76
75.49
75.67
77.53
76.68
98.91
86.17
77.25
77.09
77.83
74.91
75.55
93.84
75.71
84.71
77.71
75.1
76.04
75.19
89.06
91.27
81.29
78.64
75.09
76.04
88.46
94.60606060606061
85.03
75.27
85.59
78.73
84.35
75.13
84.22
75.46
74.97
85.01
88.01
94.87
79.01
87.55
85.59
77.78
84.32
78.0
79.31
76.06
86.2
75.29
79.5
87.99
77.9
76.25
91.8
75.68
77.89
88.26
79.71
78.36
76.79
85.3
79.05
77.75
86.6
77.9
86.62
77.24
76.84
76.03
78.69
78.29
87.83
77.9
77.15
75.98
79.63
89.74
76.59
76.62
86.71
86.57
86.38
113.45
79.24
94.53
88.17
77.69
79.57
77.81
88.6
76.89
83.11
76.55
76.42
89.79
78.67
78.69
84.9
85.53
83.87
76.39
79.03
89.37
79.66
86.99
77.47
86.15
77.52
77.8
78.04
77.23
76.59
77.73
87.98
80.18
80.33
77.73
88.18
78.09
87.14
77.32
86.54
77.88
78.24
78.08
77.79
77.75
78.41
77.39
78.32
78.52
95.65
75.77
75.29
79.14
86.34
77.41
87.03
77.77
88.51
78.02
83.66
77.42
75.15
86.39
76.89
78.23
77.46
77.24
87.86
77.26
77.26
85.6
75.11
89.15
77.99
75.18
76.62
78.54
104.89
121.35
85.69
77.68
79.59
86.04
79.08
75.95
86.11
95.53
86.65
87.25
78.01
77.95
79.82
77.41
77.97
85.78
75.95
75.75
78.98
75.46
75.72
75.81
86.67
77.26
77.37
75.4
82.4
88.0
76.51
76.49
87.29
95.27
86.67
87.37
85.39
78.74
86.34
77.43
95.13
90.73
78.19
84.99
77.69
76.76
77.97
87.21
86.12
85.06
78.15
79.17
78.54
107.64
77.21
87.62
75.21
75.13
78.03
84.87
97.13
75.68
77.19
77.49
77.96
77.16
81.44
109.86
87.78
75.68
78.11
75.04
86.28
95.97
75.29
90.32
76.19
77.33
79.35
86.67
85.18
77.38
76.74
97.56
76.4
87.29
77.02
76.27
87.68
84.68
76.76
76.81
78.11
86.05
87.26
79.63
76.95
79.62
78.64
77.61
79.39
88.5
77.12
78.34
79.55
96.21
85.83
77.44
85.92
77.91
76.09
76.23
76.79
85.67
76.59
77.35
84.74
84.75
84.82
84.59
95.91
103.74
95.02
77.23
78.93
86.27
79.63
85.23
80.56
75.89
86.11
76.89
87.21
78.03
77.09
86.1
75.46
79.94
75.54
75.69
86.7
76.54
75.75
77.04
86.73
78.15
85.25
76.23
76.19
87.78
77.39
77.37
76.85
76.77
84.47
76.35
95.93
84.85
94.61
85.33
94.39
94.7
75.82
84.35
75.25
75.22
76.39
85.39
76.24
75.7
77.54
75.66
75.34
75.92
75.32
75.28
85.18
75.44
86.64
94.08
75.37
85.16
75.35
84.55
75.33
85.15
94.06
77.15
85.31
75.25
75.93
77.42
86.41
85.23
75.37
75.54
75.61
90.62
75.46
75.36
75.43
84.44
85.6
75.35
85.91
75.6
76.07
79.43
80.05
76.0
75.95
85.22
84.75
75.44
84.86
75.42
86.54
85.2
75.45
75.15
84.57
75.39
84.85
76.75
85.74
94.85
86.28
75.42
77.74
76.08
75.45
75.47
86.69
85.13
85.23
75.77
94.83
75.52
75.42
85.23
75.89
85.16
85.3
75.42
76.08
76.08
76.83
77.68
75.35
76.76
76.13
75.52
75.48
76.05
80.12
84.88
85.23
81.33
80.27
85.89
75.43
75.62
75.44
80.93
75.33
75.39
75.47
86.3
96.6
76.08
75.41
87.99
76.03
76.94
76.62
75.36
80.55
76.45
94.59
75.44
82.74
81.61
75.61
80.75
75.96
78.54
98.67
78.13
83.39
75.39
86.51
75.85
94.9
78.76
75.42
76.04
82.79
81.08
76.55
77.58
76.43
75.98
78.88
75.44
94.88
77.91
79.57
84.57
75.82
80.2
97.43
86.13
88.52
87.3
86.41111111111111
82.41
76.36
89.05
78.45
76.33
80.57
75.31
76.39
86.91
88.79
87.73
77.95
89.97
75.94
75.35
78.78
78.58
82.61
75.48
84.96
90.02
76.42
77.5
76.65
85.2
79.59
78.4
75.9
77.02
76.91
86.84
97.37
77.41
76.29
82.85
87.62
75.87
91.37
91.06
76.49
77.95
81.51
87.95
81.05
76.51
87.39
76.23
77.89
76.44
81.62
76.09
86.27
85.27
81.03
85.43
75.55
77.22
83.56
76.46
77.44
76.76
79.94
80.39
95.36
75.92
77.46
77.49
76.97
86.94
77.36
91.64
85.66
79.36
81.87
76.0
76.02
86.57
75.4
82.78
76.58
75.94
80.73
90.12
78.5
79.06
76.06
82.73
81.77
78.48
79.58
77.83
76.08
76.27
79.19
82.87
81.97
75.58
76.01
79.59
79.73
76.94
81.09
78.51
79.03
78.07
89.79
79.52
75.51
84.91
79.64
85.71
77.85
78.51
78.86
88.56
82.39
88.25
84.18
75.56
78.57
86.25
87.11
77.49
75.58
90.35
79.64
78.53
80.98
78.83
79.69
78.15
85.38
79.02
82.17
85.53
77.66
89.08
78.64
78.67
78.38
75.58
89.8
88.5
78.24
78.22
76.81
86.81
75.39
75.63
78.37
79.0
76.76
76.85
81.02
77.23
77.71
77.12
89.16
77.58
79.56
79.19
83.36
82.84
79.19
96.01
77.87
79.78
95.93
80.39
78.63636363636364
77.56
82.27
96.32
85.76
78.57
79.51
76.32
76.43
75.8
78.95
89.31
75.66
75.69
75.51
79.26
78.65656565656566
75.73
87.18
80.17
78.49
87.01
75.71
80.47
85.26
76.26
80.11
95.02
87.4949494949495
75.51
80.15
75.6
76.29787234042553
77.49484536082474
76.51
81.44
85.02
86.18947368421053
76.17
77.55
76.65
76.06
76.81818181818181
77.96
76.02
76.0
76.5
84.82
80.0
76.82828282828282
76.97
76.16
75.73
76.22222222222223
76.90625
95.03
79.13
78.02
85.73
78.04
77.03
78.12
75.67
75.77
75.86
86.05
77.06
86.16161616161617
79.65555555555555
86.93548387096774
76.29
75.39
76.55
100.28089887640449
95.9
75.52
76.84
88.68
76.15
76.21
78.09
85.24
77.27
75.42
85.82
84.64
75.65
81.51
77.49
84.97
86.88888888888889
75.37
78.13
75.92
75.52
88.67
91.08
81.08
78.35
78.46
78.17
78.58
87.86
94.7
95.53
88.94
75.55
75.67
76.04
75.8
85.04
76.61
76.78
76.85
75.46
75.33
75.39
77.88
89.02
75.74
85.48
78.78
75.33
78.63
97.98
74.99
80.12
86.66
90.45
84.36585365853658
81.48
77.79
84.56
86.04
94.76
78.35
78.09
87.91
78.98
106.49
93.67
77.91
80.23
95.76
77.97
108.0
78.71
84.94
87.39
96.76
81.95
80.96
75.38
75.96
75.89
78.08
85.02
79.17
87.7
78.36
76.44
79.31
78.22
75.34
96.88
75.45
75.73
86.14
76.61
84.7
78.5
84.16326530612245
84.56
75.54
74.91
76.07
75.84
79.76
76.0
79.17
77.85
83.74
75.32
75.45
75.45
74.62
77.87
75.8
85.31
79.16
85.19
85.11
74.72
79.02
75.3
80.82
79.11
78.03
75.2
79.46
75.36
89.89
83.21
75.28
77.95
87.17
75.15
75.31
78.57
85.89
75.16
73.41052631578947
84.3
93.97
93.56
75.14
86.89
97.83
88.64
75.25
85.67
75.21
75.25
75.31
75.43
75.29
78.41
75.21
84.93
75.88
75.38
75.18
86.71
79.0204081632653
77.39
91.17582417582418
77.41
76.71428571428571
91.2247191011236
89.2
90.29545454545455
80.86666666666666
75.19
87.40816326530613
100.32
89.71111111111111
120.86666666666666
103.3
102.86
96.98
89.17391304347827
93.78
84.64
94.43
103.79
79.28
84.4
90.76
84.37
81.18367346938776
80.42
91.12631578947368
81.72916666666667
88.47
85.8
80.4949494949495
75.47
81.89
88.55
78.35
85.87
85.87
77.82
94.46
81.91919191919192
85.35
89.5
80.17391304347827
80.17021276595744
80.22680412371135
77.17
79.57
84.75
95.42
75.87
86.8
98.58585858585859
91.15555555555555
75.35
79.04
91.80434782608695
76.36
85.06
87.96
80.31
76.91
78.68
76.68
90.04
86.29
80.64
77.8
84.27
77.06
78.85
76.45
75.66
74.96
86.69
85.51
78.38
75.15
85.18
94.22
79.46
76.69
75.23
75.17
94.44
76.0
75.32
82.18
75.87
84.32
79.51
76.13
75.81
75.39
75.34
79.48
75.65
75.75
85.01
75.42
84.83
87.46
78.68
85.68
87.69
75.48
75.43
75.35
75.12
79.71
82.81
77.24
87.03
85.19
75.24
75.34
75.27
75.38
77.1
84.74
76.71
84.17
75.52
76.04
76.05
75.35
84.54
76.02
84.88
76.04
75.53
77.65
91.41
75.96
84.37
75.4
94.13
76.77
75.76
84.83
77.46
75.28
75.2
94.55
86.29
77.21
75.04
85.06060606060606
85.77
77.82
77.25
134.6931818181818
75.19
85.19
86.01
75.8
85.72
88.45
75.09
76.77
75.29
75.46
79.66
80.87
78.28
86.85
86.54
86.46
76.41
91.62
79.31
84.9
77.44
85.2
76.04
75.49
87.66
77.3
78.39
94.87
84.62
82.58
76.85
76.62
86.65
78.04
86.08
77.43
75.82
84.99
77.6
77.35
76.71
75.35
75.64
75.36
85.12
79.59
80.22
78.97
95.25
84.79
83.84
78.33
75.58
84.86
86.5
80.14
78.05
85.23
86.98
85.76
79.2
81.9
86.81
79.39
89.78
76.73
78.21
80.24
75.93
78.43
78.86
83.01
83.39
86.39
75.72
78.71
75.61
86.34
77.08
75.65
82.16
87.37
78.85
77.98
98.12
86.22
77.43
84.51
92.15
83.01
78.43
78.53
76.47
89.76
76.92
81.12
77.6
75.84
87.57
90.93
77.45
87.03
77.03
89.31
75.77
87.44
85.57
86.2
86.6
86.74
90.3
79.33
85.08
77.79
92.58
79.65
83.01
77.87
82.57
78.44
76.92
78.33
94.85
78.5
79.3
87.93
86.66
77.11
97.37
91.43
84.96
90.85
90.49
90.52
89.17
89.46
96.31
77.53
81.87
87.96
87.53
81.15
87.51
88.58
87.98
77.7
80.6
84.64
75.61
80.83
84.07
86.7
97.16
101.49
87.02
92.75
79.87
82.43
86.31
93.27
91.95
88.07
79.87
76.93
78.21
80.48
77.46
78.34
87.66
95.71
88.69
90.26
87.42
92.3
86.59
94.95
97.65
105.47
78.69
85.75
89.49
77.78
93.74
79.0
85.91
82.96
81.44
88.63
93.22222222222223
91.12
80.15
85.62
78.72
87.37
80.32
78.08
77.51
89.44
84.3
99.22
79.31
91.7
87.57
79.79120879120879
92.08
86.92
79.35
87.06
76.42
92.22
92.83
91.27
84.42
92.31
106.39795918367346
98.63529411764706
94.33
88.41
86.95
89.13
80.2
80.89
79.85
87.17
78.03
89.23
76.11
96.94
78.36
79.1
78.61
77.52
77.19
77.94
78.98
78.28
91.19
87.78
91.62
87.93
76.5
87.37
78.53
78.21
78.22
86.91
75.42
77.82
76.52
76.94
87.28
77.94
76.37
89.37
78.23
90.53
79.7
78.22
76.9
87.3
77.2
77.65
76.83
77.31
75.49
85.98
75.28
75.47
75.41
87.41
77.72
86.28
78.33
81.76
79.18
77.58
77.85
87.6
77.14
78.97
85.11
76.31
87.09
77.64
75.47
82.23
77.14
77.55
97.71
75.76
83.26
97.55
87.85
88.52
75.29
80.44
94.7
76.94
96.4
77.81
76.17
89.47
76.56
79.15
77.11
77.56
75.3
75.33
87.91
76.7
75.14
78.11
78.08
77.96
80.77
86.68
83.78
81.7
77.66
75.18
78.83
94.87
78.15
83.27
75.85
89.18
88.0
75.15
83.88
78.11
76.41
74.98
84.86
84.23
85.94
82.43
75.24
75.34
75.93
81.21
76.77
75.31
80.59
87.86
82.98
86.4
84.79
76.07
85.09
75.28
75.51
77.62
76.95
79.5
76.74
76.46
75.67
76.55
77.66
79.17
75.17
87.57
75.58
75.62
76.1
75.1
75.44
78.48
75.14
83.87
75.65
76.06
75.24
74.85
75.27
86.92
77.43
85.03
75.09
75.81
75.09
76.14
74.92
76.01
78.68
79.48
77.44
86.58
84.63
77.15
76.11
75.14
89.58
75.06
75.14
75.04
74.93
80.33
77.81
76.47
75.17
76.05
75.1
78.61
75.77
75.4
86.68
94.41
82.76
84.59
89.72
78.89
79.83
78.38
80.04
74.85
74.79
84.63
74.9
78.94
87.28
74.88
78.64
94.33
85.8
86.75
86.24
76.17
76.2
74.67
87.08
74.86
75.48
75.01
85.66
75.46
80.26
76.46
102.52
75.0
86.21
75.12
79.46
74.87
76.28
85.26
89.19
77.75
83.85
77.11
81.19
89.43
80.56
75.02
75.77
75.68
76.11
74.9
84.65
75.18
85.08
74.87
75.42
75.91
74.79
75.3
91.2
74.89
75.53
84.06
78.17
75.2
74.94
74.62
74.73
75.38
79.98
79.99
77.65
74.86
74.79
75.41
75.31
89.67
79.97
74.93
75.39
84.12
85.38
74.75
75.27
74.83
74.65
86.95
75.0
84.9
74.86
74.8
75.64
74.86
74.88
84.93
74.75
84.0
77.56
74.77
75.08
94.53
74.95
75.63
75.43
74.93
74.83
75.98
75.58
85.02
84.93
77.91
75.31
84.59
75.56
76.32
76.4949494949495
76.62
75.91919191919192
86.86
77.09
85.79
77.19
76.55
75.78
76.18
76.15
74.93
77.08
96.12244897959184
85.71
85.4
76.01052631578948
76.73
84.26
84.73
74.84
75.32
75.91919191919192
76.25
74.99
75.5
76.14
76.37
75.75
85.78787878787878
75.56
75.47
76.33
85.52083333333333
84.95
76.22
77.94949494949495
76.91836734693878
75.63
75.32
75.23
75.32
75.03
85.87
77.27
75.88659793814433
75.75510204081633
75.4
86.1
76.18
74.99
77.02
75.61616161616162
75.56
74.67
75.82
75.93
78.96969696969697
75.11
76.08
85.55
74.73
74.55
85.12121212121212
74.52
84.24
85.4040404040404
79.26
76.21
95.23232323232324
95.77777777777777
82.08
75.06
85.24
75.15
75.62
75.22
74.42
75.71
74.89
74.51
75.3
76.48
74.56
84.31
84.81
74.42
74.96
75.52
75.47
74.91
76.1
74.98
74.57
74.36
94.72
74.67
84.25
74.75
74.96
76.52
75.02
74.75
75.88659793814433
83.88
84.57
74.4
75.34
84.08
74.5
75.02
74.76
85.42
75.88
74.88
84.58
85.88
75.12
75.0
74.9
74.47
75.41
76.4
74.82
74.55
74.47
83.75
74.32
95.27
75.56
80.5
75.7
75.02
84.4
76.05
76.48
76.02
75.7
74.81
76.34
85.92
76.97
84.8
84.37
84.49
75.07
74.39
75.12
85.46
74.74
75.17
84.95
85.59
84.75
84.29
75.82
74.5
74.37
74.32
76.21
74.96
74.95
84.52
74.42
76.25
74.59
75.31
74.82
77.31
85.44
74.51
75.02
85.9
104.75
76.1
75.59
74.99
76.8
75.47
74.54
76.05
78.21
75.68
94.11
74.8
75.88
97.08
86.52
75.44
75.11
84.54
78.52
75.25
84.03
84.84
75.59
75.52
85.77
74.89
84.2
75.67
75.2
74.52
76.95
75.22
75.62
85.55
76.15
76.4
75.14
77.5
78.14
78.19
76.06
78.47
76.88
76.2
75.28
76.52
75.93
75.43
75.41
87.63
75.34
74.82
87.36
88.07
78.05
75.53
76.42
78.84
76.28
76.86
74.88
85.54
75.9
74.92
75.25
78.17
75.03
76.27
75.97
86.48
75.29
87.43
84.35
74.78
76.57
83.95
74.82
74.93
75.5
75.27
93.45
76.12
77.73
75.66
76.63
76.21
95.61
87.36
76.01
76.31
76.74
76.11
85.59
75.45
85.28
75.54
74.62
75.97
85.24
85.9
74.69
78.57
76.6
79.66
76.04
76.25
77.79
76.86
75.85
75.83
84.59
78.59
75.67
85.61
76.14
86.15
76.85
78.21
76.12
88.29
75.76
76.69
77.77
77.17
95.78
86.72
76.81
74.75
85.46
75.12
78.13
76.66
75.95
74.99
85.49
77.08
86.28
75.92
79.92
76.07
76.29
76.41
75.02
76.34
77.39
76.24
95.05
76.75
85.11
76.75
77.15
77.9
78.77
75.95
75.01
77.87
77.89
75.26
76.2
86.31
85.63
76.61
84.26
75.22
75.58
75.34
75.96
76.01
87.07
75.94
77.18
77.37
76.56
85.97
85.32
78.14
84.37
87.06
75.05
75.95
98.4
85.06
76.03
85.5
77.25
76.02
75.47
81.81
75.68
78.08
76.52
85.93
86.37
75.55
76.38
76.26
75.84
87.69
75.09
86.94
85.93939393939394
75.62
85.11
75.53
87.22
86.64
75.89
75.91
75.67
85.25
76.5
78.85
74.88
86.24
76.89
76.13
75.53
76.12
75.84
86.82
75.0
95.9
86.57
76.36
86.76
86.38
76.92
86.52
87.02
76.52
76.5
77.17
76.83
76.37
76.21
76.45
76.99
78.24
87.22
76.53
77.16
76.44
76.44
85.6
76.95
75.81
77.74
82.04
86.64
76.42
77.53
77.59
86.96
76.38
75.12
76.09
77.66
86.26
85.0
76.41
77.34
86.7
76.35
74.82
86.44
75.71
85.99
76.61
76.21
76.22
77.04
74.88
84.68
86.36
77.94
75.81
76.45
86.88
75.72
87.15
77.39
79.13
76.45
86.09
87.18
76.13
96.7
76.22
76.07
75.85
75.96
76.72
85.68
77.04
76.41
85.66
84.13
76.61
77.42
86.0
78.06
86.08
76.42
86.94
85.13
75.81
85.95
77.1
87.58
76.74
76.43
75.37
76.3
85.28
76.34
77.46
79.35
76.3
75.7
77.21
75.84
77.27
76.36
86.91
75.99
75.63
75.39
84.72
75.29
84.84
76.44
75.34
85.05
76.95
75.89
85.2
74.68
75.99
85.65
76.3
84.69
75.85
75.46
85.24
76.27
76.79
76.07
75.96
75.49
75.4
76.04
85.07
86.05
86.72
75.48
75.6
74.86
75.99
75.38
83.92
75.93
77.0
85.17
74.64
75.4
75.87
75.43
86.36
75.47
76.0
75.28
75.57
86.8
75.46
75.65
85.34
85.38
86.08
74.55
75.77
84.78
75.46
76.04
75.93
75.05
75.29
86.76
96.11
76.51
75.26
75.65
85.67
75.58
75.48
75.09
75.6
75.5
85.58
75.76
85.35
75.51
75.14
74.49
76.29
84.83
75.53
75.22
75.92
76.04
75.22
76.35
76.34
74.86
75.33
85.4
84.2
74.44
74.59
85.44
74.74
75.39
75.21
84.26
75.72
74.6
75.4
74.84
84.51
75.2
84.17
75.58
74.65
75.05
75.34
74.6
75.55
75.21
74.82
74.82
75.89
75.1
85.26
74.85
74.88
74.9
74.76
76.92
74.9
75.02
84.08
85.65
75.17
85.34
75.79
74.75
84.43
75.04
75.01
75.22
74.64
85.87
74.9
75.47
75.24
74.96
85.49
75.87
84.65
74.65
74.75
75.9
85.92
75.26
74.85
74.92
74.95
85.67
74.64
75.13
75.2
75.12
74.7
74.84
75.56
76.39
74.77
74.85
75.27
75.15
74.89
84.5
74.75
75.06
75.91
74.79
74.81
84.85
75.09
84.61
74.87
75.73
74.77
84.24
75.06
85.11
84.64
75.37
74.74
75.23
74.72
75.05
75.3
74.56
75.05
85.12
75.14
74.83
74.82
74.88
93.37
74.64
74.69
74.65
84.87
74.77
74.69
84.51
74.51
74.6
74.69
94.58
74.73
75.25
84.41
85.41
75.55
77.07
74.6
75.26
75.77
75.31
84.9
75.73
85.86
75.05
74.46
76.81
74.63
75.1
74.72
74.63
84.97
85.09
75.19
74.58
75.02
75.67
74.58
74.81
75.75
75.03
75.66
74.57
74.67
74.66
84.38
75.4
74.67
74.66
84.04
74.54
75.2
74.71
75.13
93.21
88.62
75.4
74.57
84.02
84.4
74.92
75.63
75.45
76.2
75.84
95.32
75.17
75.23
76.98
74.6
74.78
84.5
85.35
75.78
76.41
84.6
74.9
74.69
85.23
74.6
74.92
75.77
75.37
74.77
74.87
84.92
75.81
75.16
84.67
75.17
85.56
85.48
85.07
76.78
75.81
74.96
74.72
75.75
74.79
74.76
74.83
75.79
75.85
74.8
84.07
86.31
95.22
76.43
85.58
75.65
75.82
86.04
85.4
75.73
85.4
75.9
75.71
85.58
75.82
75.13
74.79
75.94
77.02
76.48
85.27
86.31
76.53
75.27
76.5
76.32
76.01
75.9
86.58
85.13
77.49
79.12
75.98
76.89
76.96
86.47
75.98
76.01
75.75
76.12
75.45
75.11
76.44
75.43
85.61
75.89
75.6
76.23
77.51
79.15
75.53
78.71
85.61
75.68
77.53
75.45
87.9
76.01
75.26
85.01
76.04
75.98
76.93
75.61
75.4
75.4
75.72
85.08
74.97
75.9
75.55
75.02
75.66
75.0
84.66
85.15
75.22
75.05
77.36
86.39
88.19
75.63
75.55
74.97
75.1
75.19
75.32
75.23
75.27
84.4
75.09
75.51
75.1
75.56
75.22
79.45
93.44
79.61
82.05
75.61
75.55
76.23
77.89
75.76
89.1
85.01
75.23
76.58
79.13
88.46
76.49
76.5
86.67
89.18
87.58
77.59
77.91
82.09
79.83
75.21
88.55
76.74
76.01
85.63
75.84
86.06
109.67
82.39
88.7
77.23
76.7
85.23
77.08
76.48
76.54
77.86
75.52
75.45
75.97
75.45
86.49
75.45
75.25
75.96
75.26
75.57
75.02
84.57
76.97
87.83
78.5
85.7
84.73
75.41
76.1
86.11
75.14
75.18
76.6
75.79
76.79
84.68
75.47
75.56
75.48
75.62
75.44
75.11
74.94
75.45
85.66
84.23
75.46
75.65
74.9
75.51
75.9
75.6
93.87
74.88
74.86
76.24
74.74
75.27
95.65
85.11
96.51
76.41
75.78
75.44
77.22
75.01
76.23
74.93
79.51
74.92
75.18
85.7
75.44
86.72
76.21
86.23
85.24
75.13
75.26
75.33
84.71
74.82
76.27
76.22
85.78
74.94
76.25
76.36
76.25
76.3
77.6
75.79
76.28
76.75
74.9
75.72
77.67
75.9
75.78
75.79
86.82
74.79
75.39
75.01
74.87
78.27
99.72
75.68
75.95
87.33
76.27
88.55
75.82
87.46
75.66
77.53
74.92
76.97
85.77
75.22
75.74
75.67
74.97
74.74
84.09
75.26
75.21
77.45
76.06
87.42
75.65
76.4
108.54
76.21
74.96
76.44
74.99
75.85
74.81
77.41
87.65
77.34
87.02
74.82
80.48
76.87
78.32
80.65
76.25
75.67
88.37
75.98
96.48
78.01
92.18
76.17
88.51
86.59
77.34
98.42
90.33
74.83
74.75
85.17
74.8
75.47
75.46
75.05
84.31
74.85
88.02
74.96
74.85
74.81
77.82
78.07
78.19
74.86
74.84
74.85
86.0
84.34
75.28
75.15
76.01
76.37
75.34
74.84
74.74
75.95
74.89
86.02
75.63
76.89
74.95
75.71
75.51
79.3
76.17
74.96
85.02
74.85
79.98
87.9
75.03
75.7
96.58
74.86
85.65
75.54
74.95
74.92
94.68
76.71
89.49
98.93
87.55
75.58
76.18
78.22
75.05
75.99
87.94
85.43
74.86
74.96
96.54
74.99
86.48
74.77
74.86
75.0
75.36
77.46
84.31
91.95
77.28
76.08
85.56
75.4
74.85
74.89
77.35
74.78
80.23
85.56
76.05
85.82
87.15
76.11
88.55
75.7
75.26
76.11
87.43
74.94
84.11
74.8
74.98
74.8
74.97
74.98
75.82474226804123
88.71
75.35
74.73
75.34
74.9
88.43
74.87
76.12
84.07
77.51
86.85
74.8
84.64
74.87
84.59
74.63
74.8
75.17
89.56
76.0
86.44
75.5
74.68
74.85
76.1
75.33
76.61
74.68
74.71
98.9
79.95
91.62
85.80851063829788
80.26760563380282
83.31
83.25
83.24
83.66
82.81
79.41
80.52
82.66
80.64
94.79
86.1
79.49
85.45
81.86
83.26
80.42
77.03
79.36
81.53
79.47
74.83
85.78
85.65
76.31
87.86
77.03
81.99
87.18
78.65
90.07
86.6
94.56
78.07
80.93
80.63
86.05
78.14
78.16
89.64
89.73
79.6
86.2
87.75
97.14
102.24
88.95
78.22
78.9
87.61
85.53
77.56
88.44
101.35
85.87
87.13131313131314
77.1
78.63
83.57
83.53
82.0
81.75
78.36
76.4
79.19
102.26
79.79
78.11
77.3
75.67
75.91
82.64
92.81
76.62
88.66
97.81
88.15
77.48
82.09
76.47
94.1
85.91
92.15
76.13
77.71
85.2
79.16
87.84
76.77
79.16
91.72
75.05
77.51
77.57
77.09
89.94
83.01
83.26
74.79
83.06
87.06
78.44
85.72
74.7
77.28
79.52
75.09
77.73
74.86
82.77
74.82
86.8
75.31
75.29
79.14
78.48
75.94
77.1
76.51
75.9
76.17
76.17
76.0
85.76767676767676
75.35
78.61
94.47
83.08
76.61
76.11
90.05
76.41
77.89
81.89
77.36
85.52
87.99
78.1
88.76
79.07
85.06
76.07
82.09
77.97
79.13
75.82
90.3
89.38
80.46
78.63
88.63
90.89
79.51
79.01
80.03
92.28
82.51
80.54
81.66
77.93
78.97
81.22
82.43
90.68
87.85
97.38
84.28
79.31
78.81
77.08
82.04
76.0
80.94
77.17
82.78
80.28
79.11
89.85
79.88
87.47
90.59
78.08
81.07
88.28
81.5
75.41
77.98
78.67
79.29
78.24
96.08
78.87
87.97
84.06
83.4
75.83
88.2
79.1
94.52
84.66
97.05
106.7
106.8
90.55
83.7
89.44
91.55
79.51
79.13
85.6
78.13
76.98
85.72
79.66
81.06
78.86
76.41
77.23
80.65
77.13
89.06
75.91
83.14
86.99
89.79
80.39
81.95
80.86
88.28
84.22
84.76
83.46
85.1
81.85
94.87
80.01
88.43
86.02
76.66
76.14
87.65
90.85
79.89
80.13
93.59
88.47
80.31
77.18
80.78
82.66
84.14
76.04
76.49
77.56
79.66
79.34
88.06
86.59
80.11
82.98
85.19
79.26
87.09
78.64
78.48
85.08
80.8
78.74
83.53
83.61
82.3
89.1
84.29
86.1
84.0
92.53
76.34
78.09
88.47
76.88
83.14
88.07
84.79
78.36
78.36
79.3
77.09
77.74
81.73
80.54
96.04
84.77
77.87
77.48
94.19
83.69
87.22
84.14
106.29
82.79
79.26
100.27
82.91
92.9
80.63
79.69
96.58
86.71
86.48
79.46
88.41
90.24
81.41
82.08
92.12
79.01
78.73
82.03
81.2
78.9
82.86
78.98
80.79
88.13
96.18
89.57
88.73
77.04
75.62
79.1
94.31
86.05
85.26
84.27
82.2
97.2
78.75
92.32
80.84
80.16
92.11
81.24
80.42
76.96
87.19
100.03
95.67
88.9
82.07
80.09
89.47
82.2
81.39
78.24
94.49
80.81
81.66
79.49
91.69
93.94
85.97
75.8
84.16
93.31
83.23
78.45
86.5
92.71
90.95
84.0
109.64
93.26
77.5
85.13
81.26
89.96
93.1
90.87
85.2
82.03
100.62
83.65
96.55
92.03
106.11
81.36
87.9
87.81
81.63
91.23
81.41
86.96
89.79
83.19
90.34
97.81
83.85
89.78
84.67
96.67
89.89
85.91
97.64
83.91
82.49
82.45
99.4
78.47
82.58
80.57
89.25
95.39
81.88
94.45
88.66
80.76
84.07
77.45
82.62
79.82
95.9
83.29
79.75
79.92
80.78
86.45
82.65
81.93
83.86
87.24
79.92
80.62
115.22
106.27
86.61
83.9
82.06
84.16
84.51
84.13
84.0
81.91
94.79
92.81
93.99
79.79
76.78
86.19
80.9
82.03
83.74
87.92
83.78
89.31
86.22
103.54
80.02
83.85
90.87
82.77
79.95
82.66
99.65
86.69
100.98
86.46
87.2
80.42
84.5
80.38
86.75
84.01
85.32
88.0
103.53
103.99
91.72
76.8
91.24
94.99
95.99
82.65
95.84
103.84
87.33
91.06
94.38
88.6
89.34
93.48
93.34
94.78
86.1
90.01
92.6
89.98
88.21
90.18
92.9
87.39
94.83
88.11
88.76
85.96
89.93
86.9
88.22
84.73
86.13
85.42
89.48
97.35
98.97
86.09
86.23
89.41
100.92
96.66
92.68
98.27
92.8
84.91
100.09
88.67
90.18
90.15
92.24
89.26
90.21
88.86
90.23
105.14141414141415
87.57
111.49
99.96
97.44
90.07
98.67
97.13
84.3
94.77
92.18
90.92
90.29
94.66
87.54
110.48
99.41
88.93
90.73
96.02
91.58
91.02
85.42
96.33
86.8
92.2
88.87
88.21
113.94
93.41
96.24
104.53763440860214
92.23
91.99
85.18
99.49
101.63
98.36
92.83
89.88
91.38
88.26
83.98
88.89
85.53
98.92
85.48
96.59
85.56
98.04
83.55
97.35
89.57
87.53
88.97
95.38
82.09
86.2
95.38
82.06
82.9
96.79
96.7
95.29
83.56
88.34
84.18
87.47
114.47
82.9
86.75
94.45
99.6
80.68
88.27
89.66
85.6
88.94
85.53
84.22
81.53
89.63
92.42
97.72
83.46
77.58
83.42
86.91
82.89
84.92
84.31
83.6
81.6
84.21
83.61
102.05
87.11
82.28
95.31
83.61
78.99
75.01
82.35
87.41
97.91
88.2
78.74
75.34
84.81
75.55
81.61
89.57
88.11
84.68
74.93
85.81
79.62
79.61
74.97
103.03
89.44
75.65
80.87
80.9
75.04
89.42
84.2
76.25
76.26
84.83
74.89
85.16
78.31
80.9
74.99
84.87
75.39
75.6
80.36
75.07
84.21
76.25
77.7
92.24
75.09
79.0
87.67
79.7
81.68
77.47
77.67
81.57
91.24
77.58
75.06
75.1
77.62
87.03
78.18
78.19
82.27
87.48
78.21
82.9
78.22
90.36
75.46
77.61
75.0
74.96
84.59
74.93
77.69
89.51
76.06
74.98
76.84
84.88
74.99
85.05
75.01
84.66
75.6
75.39
75.64
76.19
76.93
75.01
85.28
85.74
81.42
103.44
79.58
77.61
75.0
75.02
84.5
74.88
74.97
76.02
75.72
86.59
75.1
75.04
74.93
84.47
85.15
76.38
75.85
75.07
82.69
86.18
85.76
76.89
75.51
75.53
84.96
74.88
74.93
76.29
75.58
74.99
76.31
79.12
84.83
74.98
78.85
76.87
74.96
84.43
75.73
75.11
85.83
94.2
74.89
84.25
94.62
80.23
78.9
80.15
83.7
85.41
75.47
80.39
76.96
74.85
75.64
100.03
84.24
80.17
80.74
75.44
86.19
82.25
76.26
75.07
89.53
78.17
85.75
76.91
78.25
75.12
75.65
76.15
74.82
83.52
79.01
103.89
84.35
79.62
74.84
83.3
81.4
85.98
76.34
84.86
78.23
78.14
75.59
75.41
84.81
75.44
75.51
75.83
89.44
76.2
81.59
76.84
76.59
85.05
75.93
87.83
77.4
74.64
87.26
84.17
84.55
75.35
79.19
80.46
88.26
85.42
74.82
79.22
75.27
86.05
75.4
75.59
83.22
78.72
97.99
75.16
79.9
80.75
77.48
77.34
75.96
78.71
93.9
76.78
80.34
82.6
82.19
75.51
76.27
74.77
75.28
86.27
75.12
74.51
87.56
75.35
87.13
78.82
74.58
86.55
76.54
77.15
74.4
74.47
74.42
79.04
75.78
74.93
85.16
75.81
92.96
80.36
75.36
76.06
74.95
85.31
76.06
77.08
76.49
84.32
76.39
75.93
86.22
85.92
86.32
97.62
76.14
86.15
76.79
85.37
76.56
86.86
79.94
75.92
76.63
94.2
76.07
85.31
79.31
94.8
84.92
76.63
76.52
76.08
97.69
85.15
76.59
78.71
76.01
84.61
74.24
75.84
87.08
85.77
77.49
77.42
84.85
76.51
85.69
75.86
85.16
75.61
76.48
77.32
81.02
75.15
76.53
74.35
74.78
76.42
77.06
77.89
85.88
86.53
76.6
87.79
79.08
77.06
76.53
75.93
76.5
86.34
77.61
76.74
77.14
75.6
75.05
76.39
86.22
95.7
76.5
76.53
77.4
85.3
75.84
76.52
97.83
84.5
77.16
77.84
76.48
77.17
87.08
76.52
76.59
86.46
76.39
77.15
75.82
75.81
76.01
76.63
86.02
76.3855421686747
75.61
77.25
77.47
77.78
84.49
78.23
75.34
85.5
84.16
85.47
75.89
75.39
84.66
75.26
84.89
76.91
84.02
75.17
75.58
75.1
75.33
75.11
75.48
98.19
75.21
75.34
75.15
77.93
75.21
76.09
75.13
84.86
75.1
75.54
75.11
85.6
85.07
75.84
75.19
94.41
85.76
75.17
75.24
84.65
84.93
76.55
75.09
75.17
75.22
75.14
85.22
75.15
94.95
75.55
75.36
75.92
92.86
84.53
75.06
74.99
75.73
76.43
84.58
75.18
75.18
76.52
75.84
75.11
75.47
77.57
75.52
75.18
94.57
85.33
77.13
88.98
76.07
85.55
75.13
76.11
75.33
75.94
75.29
76.48
76.66
77.12
85.57
85.99
75.35
75.13
80.1
85.63
76.01
76.28
75.75
75.83
76.19
76.32
76.38
86.06
76.67
87.89
81.76
88.62
78.06
77.6
76.79
75.4
85.27
76.76
85.25
77.52
78.93
76.16
84.86
76.27
80.49
76.11
76.68
76.46
76.26
75.74
76.26
76.63
95.54
75.71
75.41
75.02
75.08
76.84
85.12
75.14
75.4
76.03
75.02
84.86
76.4
84.8
77.1
75.25
85.35
75.81
75.81
85.13
75.14
75.38
76.02
75.26
74.9
78.09
77.62
75.21
74.95
75.18
84.86
95.42
75.09
75.06
74.92
75.72
75.46
76.45
75.89
75.24
75.28
75.14
75.21
95.04
77.36
75.66
75.17
86.94
84.95
74.98
74.91
75.58
94.09
75.34
75.21
75.73
75.17
75.09
76.07
75.93
75.62
74.87
75.58
84.0
75.22
75.26
75.66
75.09
75.06
84.34
84.97
84.14
74.84
75.29
85.11
84.69
75.83
75.61
85.56
75.91
75.12
74.93
74.99
84.79
74.87
75.29
74.77
74.84
77.11
78.18
74.83
74.91
90.94
94.95
76.21
75.05
84.86
74.87
75.03
75.08
74.95
76.62
76.34
75.0
74.99
87.93
84.96
74.95
85.25
75.0
74.98
74.87
77.31
75.04
75.08
74.89
75.15
84.8
74.94
75.08
75.4
84.74
75.5
74.94
84.54
74.94
78.29
75.06
74.98
75.51
75.42
75.0
76.15
84.86
75.71
84.63
94.04
74.83
74.91
75.03
92.53
84.19
85.39
74.65
75.95
74.92
74.9
84.69
74.88
84.88
85.36
85.14
85.71
84.34
75.1
77.29
87.85
75.23
75.66
75.72
78.95
74.79
74.84
85.11
74.86
75.91
74.88
87.49
74.9
75.22
84.0
75.54
74.76
75.57
75.45
88.51
84.46
83.94
74.8
75.43
80.1
75.74
74.9
74.82
76.97
75.8
75.64
74.76
75.44
84.95
90.1
76.12
78.25
75.05
78.13
74.96
75.34
85.51
74.91
74.79
76.03
74.79
84.04
75.88
80.15
77.49
84.27
81.46
75.39
78.9
75.02
89.37
85.41
80.64
77.95
81.26
75.41
74.9
75.32
85.81
76.05
85.81
76.97
75.05
77.08
78.4
75.6
76.82
76.83
75.2
75.62
75.25
76.22
77.52
84.26
77.02
76.34
75.06
74.81
76.97
82.06
76.68
77.84
77.11
87.96
75.82
85.56
85.1
75.83
75.32
77.45
75.76
75.5
84.84
90.81
95.35
76.19
75.72
85.85
77.32
75.42
75.61
84.68
75.75
75.02
91.07
75.62
84.47
75.1
75.3
75.0
74.73
77.37
84.78
75.5
86.12
76.36
84.64
76.19
75.7
75.19
95.21
78.74
86.72
78.3
86.06
77.26
77.59
76.25
74.77
85.82
77.71
75.91
76.21
77.07
77.84
77.74
74.95
84.73
84.81
74.87
75.2
76.22
86.09
78.25
85.93
86.84
75.55
76.17
77.61
78.14
85.39
86.43
76.1
77.93
96.74
76.71
79.65
78.88
86.6
86.53
84.24
85.41
85.82
79.78
90.6
75.69
77.39
76.52
76.65
93.76
75.47
75.16
76.06
78.41
75.37
86.47
77.0
94.33
78.5
75.92
78.77
75.7
94.85858585858585
77.13
77.17
77.72
75.19
78.99
83.28
76.06
76.23
87.5
76.94
74.82
84.94
78.68
86.43
76.01
76.31
75.32
89.04
76.69
86.38
75.52
75.18
76.39
80.87
75.71
76.28
76.29
77.14
86.12
77.7
77.43
75.78
79.02
76.66
76.77
76.39
94.36
95.28
86.06
78.63
76.23
75.96
87.18
85.27
75.4
76.46
84.72
75.26
75.91
75.97
76.96
75.77
75.97
77.41
76.83
87.11
77.91
77.34
76.38
81.2
76.53
96.14
76.38
76.52
76.52
76.1
77.59
76.85
77.15
75.93
84.87
78.52
76.15
84.74
76.87
75.55
75.91
76.38
97.02
76.31
75.72
87.1
86.63
85.83
74.97