6443135
5750365
5974964
5803965
5678180
5696119
6118782
6407502
6749657
6776698
5831336
6128381
6344260
6398547
5659753
5524570
6182428
6074435
6488189
6452600
5569895
6281090
6938721
6155052
6956661
5597064
6677535
6569090
6416563
6434308
6515299
6821737
6326631
5885314
6245234
6560462
6551567
6335276
6362490
6731387
5416754
6470550
5885148
5930260
5984218
6821456
6956493
6227312
6776954
6289902
6839360
5623832
6011181
7352654
5731935
7145846
5966339
6677533
6245543
6812436
5299719
5938700
6236600
6911336
6191292
6830646
6461315
5659834
6839945
6669024
5596825
5885243
6650192
6524531
7037716
6335180
5533898
6758541
5803389
6524085
6416341
5984257
6173175
6533154
7046493
7073836
7226042
7118457
7001813
6804239
6740898
6254414
6235893
6542200
5489103
5894458
6290141
6407365
5650627
6587347
5857699
5507196
6299042
6434181
6776165
6191428
6191609
5443649
6803721
6740593
6380177
6480078
5938890
6488592
7253202
7235530
6965329
6848694
5830921
5876424
6380438
7091213
6299062
5939450
5425508
7082842
6866391
5957535
6200253
6002430
6830750
6605172
6641409
6506541
7523780
6785272
5875998
6524336
6074487
5804210
6353358
6002200
6092202
6344163
6947499
7037647
5848886
4939421
6929693
6731558
5885539
6245283
6038554
6470213
6173037
6641668
7190786
7334864
5840040
6245326
6650584
6325971
6704186
6154930
5957394
6281381
7550432
6677228
7154883
7020097
6848233
6019956
6668778
6155318
6434537
6227373
6704136
6992458
6317054
6469962
6416254
6479303
6974591
6100743
6839787
6506554
6191000
6379935
6965401
7514783
7217925
7397450
6794459
6299214
7208542
7145944
6650743
6705086
6992709
6407087
6929192
6478901
6939009
6686462
6983491
6875702
7281007
6848067
6569465
6272514
6371243
6353085
6667937
6461609
6226397
6551576
6919699
6128036
6767758
6416065
6280822
7046251
6101315
6956765
6830074
6965862
6623461
6110018
7181798
6145937
7316479
6560206
7118810
5839762
6596848
6965653
7343480
6605405
6371854
6506483
6083105
7253647
7046552
6758674
6218175
6425421
7497275
5875978
6290304
7154697
6677473
6884775
7172237
6713386
6677294
6668199
7298517
6110085
6983566
7451448
6875626
6767239
6749222
6902679
5596765
6685978
6722524
7163344
7028502
6452408
6686591
6875892
6857698
6641844
6200135
5849528
6425415
6767151
7379728
7361342
6658731
6101423
6578491
7010174
7171954
6173048
5803883
7433488
7271876
6217875
7973704
6883997
6560761
6784963
6803563
7046669
6317078
6614378
7100147
6208732
6794103
6253831
7055693
6200384
6794901
6622901
6443059
6695194
6595973
7172858
7874558
6802975
6677214
6614314
7227170
7208554
7226315
6299209
7163625
6469983
6893718
6415892
6227235
7253610
7577752
6443540
7064397
8000454
6371369
7073369
6515030
6623487
6686235
6254220
6794711
6820963
7145282
6695695
6182366
6605111
7199234
7038019
7379467
6623410
7063743
7343150
7073295
6056223
6326212
6308573
6920336
6290103
7532542
7271317
6920106
6965409
6857434
6911588
6668499
7109384
7181989
6596573
7469435
7064614
7262926
6425265
6433850
5983349
6911301
6407498
6560471
6992383
6785322
6299010
6596265
6316814
6406848
7073215
7253444
7405738
6848704
6587372
7586214
7091598
6920300
6983901
6154726
6758721
6101124
6893718
6524221
6587358
6731172
7424443
6686586
6902571
6902293
7523384
6416318
6857028
7289516
7451921
7001145
6992286
6505875
6993092
7154801
6542312
7253991
7298312
6254691
6866061
6910791
6596444
6965783
6893233
6353162
7361285
6974343
6964904
6838843
6866475
6956960
7217696
6902252
7128127
6776685
6722244
7307234
6992847
6713478
6731272
7163741
6722660
6848417
6776751
7046397
7685808
6956136
7505306
7361432
6938625
6794253
6992789
7217914
7001199
7001600
7100317
6794731
7207974
6776542
6983352
6722299
6838939
7253442
6929012
6947709
7208829
6731580
6938529
6983400
7118109
7001746
6460983
7901221
7055394
7379499
6335013
7100809
7523354
7550689
7370453
6308219
5659436
6551214
8072479
7144733
7379187
6992053
7892184
7234865
6938712
7334238
7370227
6623463
6496881
6776332
6713426
7567989
7505422
6523833
6893035
7307130
6983110
5956901
7487317
6965719
5939135
6668141
6884620
6578673
7496939
7316327
8018457
6650767
7091721
6928679
7289504
6947461
6830357
7514407
6514945
7127720
7442309
7163226
7226211
6388817
6704709
6721498
6226897
6794143
6758200
7370811
7640320
6937714
7352095
6550857
7649527
7109064
7190059
7396892
6731077
7190804
7037412
7325235
6767172
6686325
6992531
6839106
7685645
6623197
7451419
7208254
7901473
6983432
7928843
7091656
7658485
6434057
6857354
6676600
7226065
7379905
7217564
7252932
6974112
7433817
7090629
6955629
6838799
7208733
7163133
7154322
7289726
7910363
7289475
7712408
7469915
7226271
7955897
7316540
7027499
7613037
7756721
7397404
6964940
7757042
7271052
7046670
6983159
7388788
7118625
7595657
7523482
7136202
6892695
7775331
6668054
6749314
7064485
7487301
7217750
7685543
7505374
6451855
6964835
7180781
7163532
6668824
7010733
6478825
7388741
7595516
7730899
6821393
7388320
6703647
7658583
7361993
7028276
7118699
7784763
7496853
7171939
6920538
6875290
7568458
7640213
6469989
7604647
7307097
6434610
7370183
7802463
7163276
7361475
6965380
7892522
6992665
7190419
7028783
7307603
7550220
7217630
7460234
7325570
7838317
7631326
6749000
7640141
7433501
8162463
6821996
7541838
7272168
7199243
6542021
7676542
7514342
6883893
7577543
7046038
7352299
7325283
6712601
7766572
7055437
7739330
7388839
7226554
7739604
7208152
7226644
7388814
7522788
8045253
7055214
8270266
7433412
7433197
6911294
7775500
7532606
7613445
7154584
7559089
7730303
7550854
7046339
7235298
7721723
7514961
7505324
7847697
7703804
7298306
7298370
7514421
7064580
7649399
7712271
8045303
7676612
7676884
7181662
7307767
7838662
7262356
7946070
6983001
7730260
7919711
7433443
7739537
7630971
6685947
7739523
6623447
7604149
7027908
7424891
7469303
7523489
7973113
7342594
7568253
8072370
7937394
7406229
7730502
7451154
7829165
7487376
7190019
7082221
7082239
7955564
8486179
7846992
7217638
7613895
7451285
7496623
7667064
7712161
7100318
7433130
6884224
7586335
8351390
8332813
7722094
7379023
7811290
7703122
7703976
7064345
6884543
7442351
7865322
7649832
7712382
7019590
7514344
7181291
7190359
7586300
7262772
7064160
7712324
7270998
7594938
8198154
7622648
8126036
7163401
6893864
7649316
7712214
7370734
7208378
7478399
6956690
8027278
7433606
7361212
7343094
6920358
7361255
8603145
7757481
7640710
7163440
6965560
7108779
7865454
8225262
7343535
7685664
7891977
7910744
8513315
8098930
8522655
7685261
8207750
7622301
7919168
7226575
7793513
7153760
7856339
8216555
7784448
7585969
8144220
7712134
7450910
6911087
7478035
7000612
8108709
7622378
6560028
7784009
8018418
7983060
7973241
7766608
7856247
8108750
8144498
7730290
8216266
7568672
7370232
7829115
7217708
7919729
7154359
7783836
7657816
8225360
7847089
7721700
7586236
7379035
7703264
7370351
7846926
7955527
8099078
8135445
7586113
8666422
7181210
7811356
8387188
7235689
7630811
7991790
8189092
7216923
7361161
7874459
8063613
7802340
7522870
7748520
7595394
8108559
7901163
8324596
7442458
8090434
7712605
7533004
8234368
8324537
7000919
8378439
8135004
8098935
7478145
7081973
8027326
8162034
8207552
8009381
6749161
7991550
7856407
7686033
7613674
7982235
7469693
7334349
7379308
7819921
8801198
7766307
6739948
7550862
8117005
7928545
7946795
7991203
8153377
7748354
7253302
7613106
7928600
8585414
8108440
8009087
8063760
7343222
7442563
8657543
7973553
7910634
7847595
7253185
7496450
7982551
8450776
7586301
7595257
7937524
8423200
7379653
7018865
7757280
7685418
8234524
8126752
8081120
8162333
7667507
8117248
8009564
8081447
8486220
6983548
8612030
7928485
7883711
7982607
7460327
8171421
7388601
8441888
7721301
8260911
6785526
7415666
7558774
7874417
7838373
7595410
7865070
8019030
7694424
8441427
7334151
7577067
7612789
7946077
7793358
7657873
8396359
8180692
7964665
7622471
7748938
7811712
7478689
8216604
7703351
8423543
7865810
8810252
8594819
7793329
7739598
7720617
7604480
7919839
7964583
7946567
8045522
7856417
8324120
7658272
7902046
7568071
7766711
8008956
7091380
8594384
7685367
7937067
7802325
7937526
7892464
7667809
8891376
8000153
8494978
7657917
8171334
8144902
8360670
8036421
8576423
8333714
8423123
7946488
7442582
7910516
8009854
8612260
7802416
7783957
7928045
8594437
8216780
8459374
8017634
7793323
7892887
7927848
7783886
8009398
8081198
8027332
8378313
8621331
8423085
8351680
8351258
8243452
8855139
7901711
7981556
7433455
8297222
8062913
8081173
7487225
7820128
8135305
7748604
7685284
7793746
8171350
7857120
7802693
8216510
8342121
8135597
7550266
8153231
8531901
8081142
7820307
8234365
8288820
8279337
7577297
7874222
7892715
8000605
7928526
8441334
8135157
7433285
8171599
7999834
8099396
8765388
7919602
8585666
8342176
8332886
8252380
7325036
8009077
8234298
8306494
8360100
7613821
8242846
7982425
8396026
7811445
8648275
8053851
7730424
8000636
8126316
8045306
7811596
8450833
8063198
8396791
8396355
8098812
8225333
7838236
8459325
7910336
7802558
8801513
7838102
8279463
8567849
8063095
7685709
7721658
8459128
8216270
8099107
8809920
7532299
7982114
7766182
8630446
8099620
7964511
8153151
8855319
8208043
8225079
7712288
8198501
8315747
8162704
8306566
8702104
7937531
8018438
7793299
7964399
8558427
8027204
8531156
8350874
8611904
8513739
8495713
7703246
8189747
7937413
8252336
8225476
7370403
8558410
8387749
8351293
7955433
8432452
7748251
8297213
7865175
8837284
8117098
8612021
8207525
8720737
8000766
8234510
8396153
8612013
8558454
8405160
8253228
8396121
7883231
8126169
7829343
8638917
8306038
8522096
8332888
8441329
7838608
8378278
8351387
8126218
8306869
8873061
8576758
8234832
7604352
8388530
8171558
8117494
8252319
8801353
8621321
8063334
8665982
8746758
8729385
8630485
8288134
8396317
8972128
8459289
8117308
8549218
8414051
8936621
7982254
7856630
8477279
8594103
8017813
8675314
8216430
8323967
8450945
7586150
7793309
8657572
8063429
8630116
7766738
8621223
8108475
7424519
8279247
8441142
8000483
8297193
8000023
7964365
8297624
8693640
8558441
8243239
8576861
8153928
8855037
8774684
8063283
7199847
7928736
8513919
7766884
7928039
8612122
7893170
7991617
8036939
8099624
8413671
8469280
8477790
8900092
5362327
8386978
8324249
8567322
7775084
8072363
8630606
8594735
7784154
8423911
8333493
9358707
8702149
8882646
8954241
8404926
8585449
7712205
8054452
8243161
8090703
8225289
7846886
9322963
8468603
8017507
8764980
8521894
8756010
8423359
8675892
8603303
7774879
8126047
8612213
8549178
8369385
8711023
8431908
8297420
8486378
8288355
8584958
8666091
8620760
8396016
8468372
8054096
8216247
7856319
8495003
8711256
8171128
8216900
7991182
8405398
8684078
8800722
9170205
7883261
8441448
8603280
8675374
8378819
8711493
8602926
8234203
8117342
8153445
8765922
9008177
8513202
8540324
8801074
8846182
8728904
8711156
8099190
8090452
7901287
9008430
8476716
9026578
8639332
8783236
8215782
9034905
8674867
8657189
8648167
8603381
7658444
9008251
8072570
8621024
8738009
8909228
8954418
8684644
7892908
8873083
8738720
8045513
8935806
8666295
8882218
8378413
8576207
8801142
8710882
8396419
8612392
8720424
8522119
8765303
8557918
8233759
9124843
8225413
8693068
8603113
8585250
8513524
8386931
8486439
8990074
8270363
8630390
9071345
8441545
8621857
8144672
8468287
8909102
8944959
8235021
8531192
9277976
9440164
9044377
8774821
6496497
8207575
8927404
8350883
8567334
8261415
8657270
8306187
9008097
8638950
8927162
9125094
8639176
9151852
8612011
8873299
8639061
8999489
9160729
8693534
8279296
8935855
8242916
8198275
8738276
8252734
8504112
7585982
8143795
8198918
8810743
7946807
9161100
8405143
8503957
9061957
8360239
8549388
8513221
8621244
8459115
8927128
8908693
8513300
9080333
8693083
8432434
8360165
8657682
7540863
8891303
8656866
8593586
8954001
8342159
8837230
9107281
8494742
8540065
9268623
8044744
8953641
7864593
8531453
8927168
8908743
8513449
8126943
7803050
8990281
8954604
7946183
9052905
9215124
8944878
9223775
8216844
8612583
8639552
8549153
9089058
8936010
9053083
8620730
8783172
9205802
8728844
8900351
8117420
8368871
9520656
8729297
9205993
9350323
8531910
8657562
9196926
8783634
8477353
8333133
8188678
8162533
8971821
9305071
8441395
8288314
9197249
8864459
8845335
8586079
8999171
8684635
9025802
8800733
8657848
9178939
5324297
8611938
8999654
8891450
8450627
8944917
9025895
8936205
8630637
9016697
8738288
9116450
9098291
8909096
8792423
8846298
8819373
9466838
8774778
9448915
8855283
8702472
8801260
9044192
8954619
9205987
9106904
8441373
8630945
7485671
8576908
8854739
8792500
8332825
8982121
8134087
8467616
8864209
8927581
9061999
8277941
8963528
9242035
9098433
7154048
6846489
8882397
9197121
8584743
8882644
8557692
8378183
7629782
8495780
8631381
9080079
8711302
8810478
6134964
8764671
7602237
9241900
8188031
6386937
9071102
9169800
8863804
9134370
8963765
8818897
6712724
8810744
9466705
8882585
8962873
8323968
8773706
8890895
8603317
9241539
6387345
8845445
8016876
8187762
8728303
9143078
9169524
9070823
7873006
9079472
8980871
9349651
8963204
8782639
8539121
8855127
9484736
9277621
7755986
8368227
9458024
9277866
8259626
9313996
8008445
8882264
8117202
8747128
7890580
8089102
9232676
7728883
7350198
5800784
6494489
6441442
8891923
7522934
7684964
9008284
9161135
9196679
7071786
7252742
7584876
6792356
8513520
7404444
7494512
5432609
8972200
8287545
6495273
5055337
6937729
8756266
8359956
8863234
8854298
6692323
7602585
6820032
7296354
8999051
7287491
7882060
6116439
7576055
8097551
8945181
6485792
7881378
6747067
9251093
7665245
6513089
5702222
7594542
9187826
5972337
7980556
7855617
5459753
8144316
7035410
6872998
9466648
6396137
5791848
8404307
9196992
7765548
4631422
7179358
8557794
6296639
8071011
5693215
5404706
8080164
7944941
7584244
9080065
5584801
7071140
5945516
9466817
9071324
8683996
9485000
8305994
9215432
9439976
5530787
5503609
7656478
6297560
8585613
6368615
5495271
8160775
6233874
9089542
9286781
7458539
8495528
8062867
9592187
6800820
6774058
8989956
5683813
9556829
6512626
7611149
7880959
9286484
4854698
5783007
9376894
9250937
9655851
9763590
9278034
5774269
8566281
8863865
8098212
5891513
9017493
9026052
8801272
4351680
7565938
6981039
6981053
9278350
5107060
9367859
9286759
9169329
9359349
8035415
8504005
3865364
9251528
9178323
6693110
9035023
6981111
9898422
7512221
6926638
9286593
7332526
7982054
9332783
7575516
9484540
8295360
9376806
8449115
6008491
8701104
9458010
9062063
9052455
6314696
5512722
7908673
9475833
7854756
8673912
6278250
9079440
9484893
9385802
9565661
8890015
6827422
6494299
8989351
5818919
8286776
9295685
8260198
6422438
8412974
6404056
5503901
9466560
8484908
8674041
9268196
6395320
8619800
9259722
8601859
9547647
8116878
6017345
8385708
9403605
6007834
9592351
9187614
9089805
8097736
7620612
7395299
9007031
6215468
7304780
8790748
9601557
9566252
7270486
6124711
9268564
7403545
9565759
9592968
7314061
8205576
8494328
6313947
9475677
8088525
9475781
7998728
7890436
9574781
7512207
8718840
6340850
8890089
8484891
7493993
9583733
9096975
7025465
8520820
9700779
8583887
9160588
8692199
7512126
8187498
9259381
8521067
8592499
9493423
9493590
7989156
8403560
6469032
6820168
9403572
8781734
7107069
9682678
7782333
8610886
6232633
9304008
9691823
9655694
9565747
9808606
8007299
7989140
7601790
8980521
6908433
7908365
7196755
7322618
8412485
7304809
9412522
9889682
8691873
8007315
9673668
5620719
7205738
7529963
8403707
8214219
8682953
8322670
9691758
9781659
9006925
9682401
6440084
9502867
5332329
8295773
9106392
8143010
9187445
5431373
7727830
8412429
9781860
8709928
9682563
6043698
7989223
5251105
9106037
7818285
5233206
9511496
7908132
9530740
7421910
5206089
9781802
8629333
6026111
9808665
6233462
6124592
6277913
7628737
9484657
9790627
7025768
8808965
9403656
9889695
5665887
9790409
9196078
9871814
8322344
9709703
8898794
9304025
9610337
9736721
9502540
8917184
8799943
8908063
8610884
7430587
5737451
9394600
6233024
9907656
8521359
8944603
9458203
6612397
8115334
5052849
9592475
7710504
9016448
9061124
7728117
9214238
5250884
8898736
9898682
8718845
9898465
9898383
4755456
7331500
9799697
9412019
7133484
7430446
7647675
9592840
9610370
8638074
3558406
9412230
7430553
9511450
9907560
4845929
9610417
9907513
7827142
9907492
8412604
8718815
9907613
8619380
8916595
9907402
6241553
9610241
9907573
9907619
9907530
9907428
8718540
9907503
9312988
9907595
8817617
9907598
9313230
9709463
9907366
8520558
9610404
9412153
8025325
9015764
9907567
7827103
9214118
8223075
9709433
9907562
9213912
9907615
9907285
8817455
8025235
9907396
9114851
8916651
7331496
8223217
5151811
8916649
9213743
9114775
9312927
9907662
9214118
9709426
9313079
9313094
8718541
9015928
9907550
9213955
9312969
9213833
9015601
6340673
9412009
9015719
8817562
9114845
8223167
8123951
5449064
6340656
8025012
8619631
9015819
9709232
9313008
8718547
8817455
8619624
8916743
9213803
8124054
8916558
9015979
7034280
8322219
8024992
9114851
8619471
8322237
8421167
9511181
8322122
8124088
8421313
7529635
8322243
4854577
8421316
8223151
4755504
7925809
5151811
4656431
8916760
8520368
7232305
8520251
8619310
8322195
9511224
7430512
8718501
9015709
7826851
6935087
8619431
8421168
8817471
8817553
8223023
8322316
8817511
9115031
8916878
8421167
8619311
8718508
8322226
8223024
8124094
8520320
8124032
7529625
4755504
8322243
8322120
8421316
5449008
8421169
8322125
9015633
9114993
6737024
9412108
9015958
7034169
9213964
9114891
8421167
6043439
7727747
8223023
9114872
7133233
6142617
8025009
8223161
9114815
7430449
9213991
8223209
8718517
8718613
8223169
8123951
6538800
6538798
8322240
6935170
9213980
6241644
8817488
8817664
8123959
6836094
8123976
8916878
8223102
9313133
8124085
9213939
8025012
8619493
4953650
9610296
8421169
8421328
6439796
9412143
7133325
8024907
6836103
8817573
8718430
8782759
8718647
8520392
8024880
9015734
9015867
8025137
6935278
8916764
8025017
7034171
6340747
8520389
7430446
4656431
8421268
8718544
8619338
7826763
7628708
7133231
9610162
9213873
7925808
8421368
8916748
7826775
6935089
7529521
8916871
8025151
8421233
8916735
8223055
8123951
7331374
8520239
8619312
8718576
4953650
7529591
9313037
6241647
8223059
4656431
5151792
9214097
9412235
8916824
9808499
8024961
6935179
6340720
5250863
8817640
7628705
4557358
9312859
7826736
8124001
7727768
6043440
7925807
6241644
7826817
8024879
7331436
8718571
9313077
6935176
4953648
7232302
6935173
4953650
8619595
7232480
7727846
6737027
6043492
8916726
9214040
7925939
4557358
7430537
4854577
7133243
4854577
8619802
3783830
8025008
5944368
4755504
5151808
8916807
6043544
5845398
6935088
4656431
4755504
8916666
7034252
8421310
7727784
4755504
4557358
4656431
4854577
4854577
8025012
9312930
7232417
7133409
9313138
8025009
4656431
8123951
8619475
8619311
8025012
7331489
6142574
5944439
6737021
4854577
9015792
8123952
6736945
4656431
4854577
8817553
4755504
7331480
5944410
4755510
4755504
4854577
4755504
4854577
4656431
4557358
6340784
5647152
4458285
4854577
5845327
4656431
4755504
4755504
6935176
7034308
4656431
8223304
4854577
6340791
5250897
5052732
4755504
5250918
4953678
4854591
4953671
5250911
5548151
5250890
5449064
5449064
5449064
5548137
5449078
5944450
5746311
5746325
6142568
5746304
5746311
5845377
5746304
5845377
6142624
5647224
7232317
7331570
5944478
5845377
5944478
5647224
7331377
6142624
7133264
5845384
7133328
6637948
7331416
6638024
5845341
6340784
6142631
6142624
7133417
6538933
6836076
6340791
6340783
6538878
6142621
7628711
6439864
7133438
6637948
6439871
7727753
8025060
6935180
7232433
7034280
7232445
7034331
8124129
7926064
6737111
8718636
7826984
7926064
7430648
9907512
9015855
8520503
8223297
7628766
7628831
8322398
8322371
9808539
8322391
9610338
9610417
9907661
9015926
9907608
9610424
9907599
9907613
9907613
9907624
9907606
9907617
9907554
9907620
9907600
9907627
9907639
9907619
9907624
9907623
9214125
9115045
9907631
9907615
9907632
9907633
9907623
9907573
9907630
9907616
9907611
9907627
9907645
9907630
9907626
9907644
9907662
9907644
9907629
9907580
9907647
9907584
9907647
9907615
9907573
9907632
9907654
9907616
9907650
9907643
9907657
9907589
9907651
9907654
9907614
9907618
9907637
9907645
9907650
9907660
9907632
9907649
9907660
9907646
9907660
9907656
9907656
9907656
9907649
8124329
9907660
9907667
9907683
9907610
9907648
8025242
8124315
9907648
9907567
9907654
9907569
9907648
7728023
9907576
9907655
9907567
9907659
9907578
7926176
8223401
9907659
9907647
9907643
9907593
9907636
9907640
9907574
7926176
7926176
9907639
9907652
9907621
9907624
9907647
7827103
9907622
9907656
9610473
8421551
7926190
9907632
7728023
9907528
9907632
9610429
9907587
7827103
7827096
9907629
9610395
8124336
9907654
9907640
9907529
9907632
9907587
9907632
9907628
9907529
9907559
9907663
9907599
7728030
8124329
9907622
9907621
9907545
7926176
9907616
9907629
9907614
9907533
9907625
9907625
9907614
9907523
7827096
8124329
8025249
9907629
9907636
9907625
9907632
9907621
9907534
9907537
9808614
9907629
9907527
9907615
9907605
7827110
7628950
9907550
9907622
9907579
8025256
7628957
7926183
7827103
9808545
9907636
9907524
9907629
9907626
9907636
9907562
9214145
9907633
9907546
9907539
9907556
9907592
9907629
9907629
9907629
7628943
9907532
9907517
9907640
8025241
9907524
9907611
9907611
9907523
9907544
9907629
9907633
9907626
9907524
9907551
9907611
9907573
9907629
9907632
8124329
9907539
9907581
9907567
9907626
9907633
9907524
9907615
9907514
9907633
9907679
9907548
9907517
8025263
8124336
9907578
9907651
9907526
9709476
8223402
9907678
8223409
8223416
7926183
8124329
9907534
9907585
9907622
9907624
8124322
9709525
9907612
8223409
9907533
9907547
7926176
8322482
9015961
8322475
8124336
8025242
9313187
8124329
9907550
9115083
8025256
9709476
9907533
8124329
7926169
8223402
9907633
8322482
9808539
9907556
8124329
8025249
7827096
8124329
9907574
7728016
8025249
7926183
8025249
8421562
8223409
7926176
8025242
7926176
8223409
7926169
9907657
9907536
9907534
9907581
7926169
7926169
8025256
8124329
7827096
8322475
9907535
9907639
7926176
8025242
7926176
8025256
8223402
7827096
7926169
8025256
9907566
9907574
7728023
8124329
8025249
7926176
7926169
7926176
7926169
7926176
9907650
8025245
8124336
8223409
8223402
7926176
8124329
8025256
7926183
7827096
8025256
8025256
8124343
7827110
7827110
7827103
7728023
8025256
7728023
7728030
7827110
7728023
7827110
7827110
7628950
7926190
7926197
7728030
7728030
7529877
7529877
7728026
7628957
8025239
7926183
7628964
7628957
8124326
7133571
7529884
7926173
7926165
7628955
7728027
8322477
8025259
7827108
7827093
8322462
7529881
9907642
9907652
9907637
9907660
9907603
9907672
9907606
9907664
9808546
9808554
9808531
9907655
9907665
9907675
9907617
9709472
9808537
8322480
9412312
8025249
9907708
7728040
7331750
6935439
7133592
7133583
9511400
7728025
9412276
7628952
9313243
9214116
8025231
9511334
9907693
8223376
9214103
9808537
9313183
9016021
9907623
9907615
9808609
9907682
9808617
9808536
9907693
9907609
9808609
9808620
9907692
9907613
9907644
9907578
9907660
9907689
9907540
9907681
9907692
9907674
9907653
9907642
9907656
9907642
9907653
9907608
9907555
9907563
9907685
9907674
9907612
9907695
9610481
9709540
9907638
9907660
9907699
9907660
9907631
9907656
9808627
9412332
9709469
9610474
9412328
9511354
9115045
9907674
9907628
9907620
9907641
9907548
9907517
9907591
9907609
9907526
9907528
9907613
9907519
9907616
9907508
9907557
9907602
9907605
9907595
9907627
9907489
9907560
9907587
9907562
9907620
9907565
9907569
9907595
9907592
9907660
9907592
9907495
9907617
9907588
9907567
9907613
9907582
9907603
9907476
9907477
9907560
9907575
9907570
9907570
9907570
9907599
9907599
9907635
9907476
9907559
9907507
9907581
9907570
9907606
9907591
9907574
9907605
9907533
9907605
9907584
9907584
9907620
9907588
9907500
9907595
9907591
9907534
9907511
9907619
9907562
9907650
9907562
9907543
9907645
9907619
9907654
9907612
9907627
9907648
9907590
9907616
9907631
9907592
9907561
9907622
9907601
9907474
9907607
9907530
9907466
9907481
9907619
9907514
9907553
9907646
9907650
9907575
9907611
9907579
9907601
9907459
9907554
9907473
9907594
9907601
9907594
9907615
9907545
9808445
9907611
9907587
9907590
9907576
9907469
9709286
9907632
9907487
9907601
9907524
9907607
9907580
9907557
9907596
9907561
9907599
9511094
9610299
9709262
9808453
9610303
9907554
9907589
9907625
9907568
9907554
9907544
9709268
9709395
9313060
9709402
9907583
9907581
9907505
9907562
9907523
9709383
9907500
9907646
9907538
9907584
9907576
9907538
9412101
9213948
9313036
9313021
9907537
9907499
9907533
9511195
9907500
9907536
9907536
9907524
9907512
9907496
9907539
9907536
9907550
9907395
9907532
9907589
9907535
9907404
9907584
9907515
9907457
9907415
9907629
9907571
9907549
9907374
9907549
9907536
9907443
9907325
8916693
9907511
9907548
9907472
9907521
9907549
9907553
9907487
9907540
9907492
9907543
9907516
9907424
9907501
9907564
9907379
9907496
9907470
9808379
9510983
9907403
9907452
9907487
9907492
9907501
9907500
9907448
8916696
9411937
8520335
9907501
9907581
9907532
8817623
9907494
9907510
9907459
9907431
9907431
9907449
9907461
9907436
9709283
9907387
9411938
9907412
9907484
9709143
9907464
9907445
9907479
9907570
9907553
9907457
9907579
9907530
9907502
9907435
9907420
9907439
9907496
9907448
9907525
9907419
9907427
9907419
9907437
9907426
9907439
9907443
9907427
9114690
8718385
9907396
9907421
9907440
9907425
9907472
9907403
9907425
9907407
9907409
9907406
9907428
9907401
9907425
9412047
9907397
9907439
9907411
9709222
9907418
9907412
9907394
9907356
9907398
9907410
9907401
9907404
9907414
9907433
9907404
9907407
9907421
9907397
9907441
9907419
9907422
9907367
8520254
9907438
9907439
9907428
9907421
9907412
9907424
9907431
9907424
9907413
9907419
9907416
9907399
9907398
9907389
9907385
9907395
9907350
9907331
9907432
9907432
9907555
9610111
9907454
9907441
9907400
9907400
9907421
9907446
9907439
9907413
9907338
9907320
9907408
9907416
9907398
9907397
9907397
9907412
9907404
9907404
9907439
9907413
9907412
9907423
9907412
9907412
9907412
9907435
9907442
9907377
9907521
9907414
9907447
9907444
9907579
9907486
8520259
9213818
9907410
9907412
9907451
9907436
9907443
9907409
9907418
9907455
9907412
9907460
9907444
9907421
9907428
9907397
9907405
9907424
9907570
9907417
9907397
9907413
9907409
9907439
9907365
9907490
9907461
9907477
9907470
9907598
9907453
9808356
9907654
9907568
9907660
9907629
9907512
9907572
9907462
9907633
9907523
9907623
9907535
9907536
9907402
9907442
9907431
9907629
9907618
9907334
9907534
8817956
9907602
9907487
9907528
9907430
9907571
9907678
9907494
9907446
9907367
9907517
9907634
9907656
9907568
9907674
9907557
9907465
9907470
9907667
9907406
9907443
9907499
9907590
9907509
9907377
9907495
9907412
9808276
9907495
9907536
9907593
9907419
9907558
9907518
9907444
9907407
9907475
9213867
9907479
9907488
9907520
9907667
9907603
9907551
9907636
9907413
9907498
9907533
9907501
9907522
9907681
9907674
9907730
9907617
9907719
9907639
9907606
9907653
9907411
8024867
9907423
9907554
9907684
9907775
9907462
9907410
9907482
9907574
9907653
9907431
9907430
9907674
9907628
9907649
9907628
9907473
9907482
9907480
9907546
9907625
9907632
9907562
9907547
9907650
9907539
9907526
9808311
9907582
9907436
9907532
9907470
9115184
9907461
9907391
9511304
9907563
9907436
9907422
9907511
9907410
9907558
9907621
9907621
8520266
9907513
9907539
9907562
9214072
9907575
9907446
9907429
8917032
9907657
9907568
9907484
9412417
9907456
9907336
9907418
9907393
9907467
9907406
9907416
9907395
9907420
9907416
9907419
9907347
9907421
9907471
9907652
9907614
9808233
9907374
9213825
9907581
9907568
9907440
9907608
9907462
9907477
9907491
9907596
9907567
9907614
9907706
9907432
9114690
9907399
9907463
9907425
9907414
9907409
9907420
9907470
9907458
9907470
9907610
9907708
9907571
9907625
9115184
9907553
9907425
9907728
9907623
8619515
9610412
9313164
9907719
9610456
9907462
9907556
9907633
9412030
9907553
9907741
9907547
9907494
9907467
8619795
9907498
9907672
9907693
9115180
9907685
9015709
9709220
5548122
9907455
9907369
9907365
9907595
9907386
9907498
9907351
9907349
9907389
9907441
9907432
8520724
9313320
9907472
9907393
9907384
9907386
9907407
9907657
9907431
9907522
9907741
9907725
9907384
9907373
7430427
9907658
9907472
9907395
9907364
7430429
7034138
8421582
9907657
9907379
9907385
9907404
9907386
9907366
9907374
9907430
9907483
9907602
9907586
9907569
9907509
9907367
9907544
9907400
9907514
9907664
9907440
9907587
7629048
9907385
9907369
9907385
9907363
9907499
9214218
9907358
9907416
9907383
9907388
9907374
9907404
9907394
9907385
6637844
9907378
9907394
9907364
9907376
9907363
9907362
9907387
9907347
9907361
9907368
9907341
9808227
9907367
9907403
9907422
9907401
9907403
9907403
9907390
9411943
9907395
9907368
9907366
9907379
9907397
9907393
9907369
9907316
9907358
9907331
7628584
9907406
9907526
9907672
9907593
9907614
9907581
9907586
9907395
9907389
9907600
9907380
9907370
9907408
9907420
9907400
9907418
9907395
9907393
9907366
9907398
9907376
9907383
9907425
9907398
9907420
9907392
9907408
9907395
9907408
9907433
9907402
8520267
9907422
9511161
9907409
9907423
9907428
9907428
9907408
9907366
9907369
9808363
9213933
8916714
9610217
9907470
9907630
9610323
9907442
9907430
9907406
5151753
9412085
9907578
9412073
9511158
9907409
9907447
9511155
9907391
9412076
9610231
9412085
9610231
9412073
9709301
9907428
9808377
9907394
9907431
9907378
9313000
9412079
9907419
9313003
9808364
9907391
9907692
9412082
9511149
9907391
9907370
9907395
9907392
9907379
9907378
9907402
9907507
9412079
9907515
9511152
9907618
9907625
9907529
9907684
9907688
9511155
9610228
9610228
9313006
9907399
9610231
9907414
9907405
9907413
9511152
9610222
8322580
9907550
9907401
8619804
8322572
9907387
9907395
8024900
9907379
9907434
9907408
9114854
9313003
9907431
9511124
9907368
9709154
7034143
9907355
9907734
9907374
9907381
9907365
7034135
8322207
9907350
9907364
8718547
9907337
9907343
9907345
7133214
6736918
6736918
9907336
9907338
9907332
9907482
9907644
9709424
8223236
9907362
9907513
9907668
9907676
9907492
9907381
9907470
8916579
9907584
9907503
9907443
9907365
8718477
9907363
9907365
9907473
9907368
9907394
6835990
9907358
9907650
9907632
9907608
9907676
9610225
9907570
9907649
9907597
9907570
9907624
9907488
9907385
9907403
9907652
9412081
9907435
9907401
9907422
9907469
9907551
9907417
9907487
9907500
9808482
9907688
9907652
9907651
9907704
9907580
9907429
9907351
9907458
9907519
9907453
9907424
9907401
9907381
9907610
9907438
9907428
9907493
9907609
7430592
9907580
6241680
9907604
9907480
9907392
6836023
8619520
9907564
9907576
9907568
9907583
9907509
9907652
9907627
9907384
9907658
9907517
9511456
9907588
9907580
8916764
9907764
9907565
9808678
9907564
9907700
9907502
9907463
9907481
5151779
9709616
9907604
9709389
9907597
9907577
9907684
9907600
9907636
9907716
9907624
9907576
9907636
9907543
9907506
9907652
9907496
9412174
9907479
9907600
9907564
9412360
8718848
9115152
9907640
9907628
9709380
9907560
9907536
9907556
9907428
9907656
9907628
9907600
9907588
9907449
9907600
9313164
9907529
9907491
9907490
9907576
9907387
8718459
9907542
9907588
9907580
9907584
9907524
4755456
6142552
9412012
9907374
9907466
9907438
9907565
9808543
9907440
9907547
9907624
9907594
9907480
9907356
9907363
9907369
9907344
9907386
9907375
9907359
9907368
5845344
7232318
7232316
5548039
9907362
9907347
9907404
9907489
9907398
9907378
9907346
9907482
9907351
9907326
9907354
9907344
9907503
9907369
9907365
9907428
9907399
9907372
9907351
9907355
9610110
5151748
9907350
9907484
5449040
5052676
4854533
6340636
9709181
9907341
9312992
9412152
8619552
9907524
9412144
9907423
9907339
9907479
9907498
9511069
9907356
4557313
4557312
7133245
9907357
9907356
6241578
8024927
9907356
9907370
8223138
7430528
5250822
4557312
4953603
5250821
5250872
6043439
4656385
5250823
4953602
4854529
4953632
6538797
9213798
4755458
4656384
4755456
4656387
7529540
4557313
4458240
4557312
4656388
4458240
4557316
4557312
4854536
5548064
7826776
6637886
5647152
5548068
5647144
5548064
5448996
5548068
5548068
5746220
5647148
6142527
6538819
6637896
6836044
6142526
5944368
6043448
6340680
9312897
9907350
9907377
6736984
9412100
6439756
6736980
7430528
6836056
7034208
8024951
8223096
9213831
7430512
9907333
9907368
9907332
9907342
9907338
9907333
9907339
9907345
7925888
9907339
9907340
9907343
9907339
9907343
9907344
9907325
9907389
9907334
9907471
9907406
9907347
9907339
9907344
9907336
9907340
9907329
9907340
9907358
9907379
9907365
9907384
9907345
9907341
9907344
9907358
9907345
9907333
9907347
9907348
9907339
9907362
9907390
9907403
9907361
9907361
9907361
9907346
9907374
9907519
8421272
9907604
9907396
9907366
9907352
9907363
9907375
9907394
9907399
9907379
9907394
9907377
8817584
9907356
9907393
9114793
9907375
9907378
9907405
9907372
9907366
9907386
9907408
9412011
9907369
9907381
9907361
9907396
9907402
9907392
9907401
9907388
9610220
9907377
9907396
9907371
9511094
9907411
9907388
9907401
9907373
9907364
9907385
9907357
9907344
9907359
9907419
9907396
9808298
9610151
9907368
9907370
9907393
9907366
9907364
9907364
9907362
9907373
9907377
9907370
9907377
9907378
9907407
9907382
9808389
8718501
9907378
9015720
5845447
9907477
9907419
9312974
9610174
9907393
9312941
8520378
9412023
9015670
9015707
8916671
9412018
8718527
9213880
9907380
9907400
9907348
9709255
9412027
9312930
9709247
9511091
9907367
9907359
9907357
9312935
8916659
9312924
9907403
9907397
9907368
9907395
9907423
9907413
9907386
9907364
9709237
9213847
9015719
9015737
8718524
9411974
9015683
8223135
9015700
9015716
8916629
7826791
9015692
9412024
9907396
9412021
9907382
9907366
9907365
9907374
9114738
8817578
9213851
9312946
8817580
9015731
9907381
9015732
8916636
8024997
8421282
9015728
8916657
8619428
8817572
8322204
8817564
9213842
9114798
9015719
9907375
9907389
8520355
8718494
8619416
9114787
8916643
8817564
9907360
9907370
9907364
9907359
9907358
9907360
9907367
9907371
9907358
9907361
9907377
9907351
9907358
9907356
9907496
9907364
9907359
9907355
9907349
9907350
9907356
9907353
9907361
9907363
9907364
9907358
9907361
9907353
9907361
9907359
9907368
9907358
9907352
9907355
9907350
9907352
9907356
9907354
9907363
9907349
9907359
9907357
9907351
9907351
9907389
9907353
9907375
9907354
9907359
9907364
9907367
9907375
9907367
9907368
9907368
9907364
9907357
9907377
9907373
9907373
9907362
9907364
9907358
9907373
9907459
9907668
9907386
9907398
9907369
9907368
9907366
9907357
9907368
9907387
9907391
9907395
9907383
9907375
9907367
9907374
9907373
9907358
9907374
9907381
9907380
9907399
9907392
9907392
9907583
9907585
9907456
9907371
9907435
9907374
9907422
9907471
9907374
9907381
9907373
9907435
9907364
9907380
9907526
9907364
9907378
9907391
9907436
9907446
9907557
9907367
9907452
9907355
9907363
9907410
9907489
9907503
9907361
9907373
9907409
9907554
9907368
9907374
9907587
9907435
9907367
9907346
9907405
9907343
9907379
9907360
9907526
9907391
9907410
9907366
9907372
9907398
9907498
9907389
9907377
9907442
9907391
9907393
9907413
9907373
9907421
9907403
9907500
9907469
9907372
9907374
9907429
9907390
9907373
9907377
9907369
9907375
9907393
9907436
9907414
9907383
9907378
9907379
9907384
9907443
9907624
9907483
9907445
9907382
9907397
9907414
9907464
9907425
9907516
9907644
9907381
9907361
9907369
9907438
9907420
9907379
9907373
9907361
9907365
9907378
9907385
9907425
9907378
9907402
9907363
9907362
9907365
9907371
9907365
9907356
9907368
9907427
9907571
9907648
9907409
9907393
9907369
9907408
9907361
9907350
9907372
9907464
9907500
9907381
9907368
9907640
9907652
9907557
9907377
9907365
9907378
9907365
9907352
9907355
9411984
9907351
9907364
9907362
9907353
9907359
9907380
9907488
9907664
9907543
9907437
9907549
9907434
9907397
9907422
9907553
9907672
9907598
9907547
9907497
9907546
9907427
9907419
9907560
9907459
9907396
9907636
9907374
9907374
9907372
9907357
9907386
9907403
9907574
9907475
9907430
9907430
9907464
9907379
9907379
9907385
9907369
9907376
9907419
9907405
9907388
9907383
9907396
9907502
9907378
9907386
9907374
9907498
9907544
9907404
9907387
9907392
9907413
9907481
9907608
9907474
9907464
9907596
9907483
9907527
9907452
9907572
9907436
9907388
9907435
9907391
9907391
9907386
9907391
9907387
9907382
9907381
9907406
9907407
9907440
9907549
9907384
9907373
9907519
9907393
9907388
9907415
9907384
9907486
9907400
9907453
9907392
9907370
9907382
9907426
9808276
9808420
9907420
9907600
9907644
9907538
9907435
9907388
9907384
9907390
9907370
9907622
9907520
9114876
8619456
9808350
9015693
9411989
9907367
8124038
8421262
9907374
8718536
9213846
9907382
9907414
9907366
9907352
9907484
9907365
9907505
9213875
9709254
9907498
9907399
9907441
9907657
9907555
9907589
9907522
9907600
9907640
9412022
9907479
9907411
9907392
9907401
9907501
9907460
9907397
9907383
9907379
9907426
9907512
9907624
9907628
9907477
9907419
9907389
9907424
9907544
9610260
9907532
9907564
9907600
9907426
9907433
9907619
8916632
9907513
9411988
9907543
9907668
9907587
9907547
9412050
9907367
9907442
9808289
9907572
9907540
9907606
9907584
9907513
9907610
9907620
9907480
9907586
9907573
9907499
8718479
9511077
9907450
9610243
9610256
9907548
9907528
9907588
9907560
9907664
9312983
9907500
9907540
9907624
9907554
9907682
9907575
9907673
9907720
9907680
9907644
9907712
9907675
9907736
9907714
9907616
9907665
9907676
8223354
9907670
9907461
9907708
9610544
9907666
9907493
9610273
9907468
9907720
9907574
9907559
9907566
9907567
9907547
9907583
9907667
9907603
9907625
9907536
9907667
9907682
9907466
9907686
9907667
9907692
9907485
9709242
9907704
9907656
9907635
9907622
9907569
9907645
9907538
9907731
9907606
9412057
9511132
9907568
9907648
9907649
9907704
9907565
9907465
9907728
9907584
9907697
9907630
9907647
9907665
9907586
9907669
9907570
9907668
9907604
9907686
9511496
9313337
9907580
9709325
9907665
9907682
9808588
9214048
9907641
9907695
9907493
9808460
9808560
9907461
9709477
9907693
9907672
9412086
9907603
9412110
9610299
9907667
9907510
9313059
9907698
9907694
9907629
9907657
9907779
9907641
9907564
9907720
9907676
8124411
9907631
9907476
9907481
9907450
9907443
9907554
9610214
9907428
9907474
9907659
9907495
9907411
9907445
9907600
9907425
9907414
9907532
9907527
9907478
9907411
9907386
9907589
9907637
9907619
9907532
9907461
9907633
9907645
9907486
9709607
9907504
9907434
9907464
9907585
9907582
9907477
9610250
9610230
9412081
9907609
9610242
9907454
9907422
8916706
9412094
9907604
9709274
9114822
9114838
9114834
9907450
9907415
9907428
9907405
9907418
9907558
9907562
9907411
9907428
9907402
9709266
9907464
9907441
9907602
9808384
9709376
9709412
9907557
9907462
9808692
9907549
9907533
9412046
9610185
9213892
9907428
9907400
9907438
9907426
9907431
9907449
9907650
9907619
9907600
9907431
9213924
9907415
9907569
9907617
9808440
9907460
9907477
9312966
9412044
9412053
9907518
9907519
9907568
9907444
9907424
9907434
9907581
9907436
9907407
9610233
9709276
9907648
9213889
9907525
9907659
9907577
9907583
9511116
9907564
9907613
9907465
9907608
9610194
9907602
9907719
9907472
9907437
9907590
9907505
8916652
9907484
9907632
9907427
9907437
9907734
9907459
9808372
9907581
9412073
9907518
9907514
9907561
9907511
9610210
9808351
9907414
9312969
9312984
9114847
9015767
9412073
9907477
9907515
9610205
9610200
9907516
9610195
9709290
9907525
9907518
9907494
9907441
9907497
9511145
9610203
9312984
9709315
9312989
9907662
9511137
9511147
9907650
9511134
9313015
9114825
9511112
8817604
9213901
9015765
9907557
9610195
9907509
9907520
9907705
9907568
9907615
9907541
9907412
9412032
9907505
9907496
5845660
9907496
9907422
9907421
9907418
9511128
9907432
9709292
9907421
9808353
9907414
9907414
9907434
9412073
9412079
9610224
9709297
9907579
9709287
9907430
9907430
9709287
9313008
9114861
8817643
9709297
9907433
9610208
9511145
9610216
9610222
9412074
9709298
9213934
9213926
9412072
9313006
9907431
9907439
9709284
9412071
9610216
9709290
9213928
9907432
9907659
9907584
9610284
9114864
9511142
9412068
9907424
9907425
9907425
9907407
9907400
9907388
9907408
9907419
9907416
9907423
9907401
9907387
9907378
9907371
9907400
9907395
9907385
9907388
9907393
9907389
9907392
9907389
9907383
9907384
9907394
9907378
9907512
9907382
9907391
9907379
9907386
9907416
9907391
9907377
9907380
9907406
9907560
9907401
9907410
9907372
9907382
9907383
9907579
9907381
9907375
9907377
9907412
9907372
9907377
9907390
9907383
9907379
9907410
9907382
9907530
9907445
9907390
9907387
9907530
9907402
9907386
9907384
9907390
9907401
9907405
9808367
9907400
9907398
9907403
9907415
9907396
9907402
9907403
9907430
9907403
9907403
9907406
9907656
9907680
9907438
9907578
9907443
9907387
9907459
9907432
9907435
9907615
9907406
9907425
9907494
9907418
9907576
9907609
9907615
9907397
9907547
9907398
9907403
9907391
9907396
9907402
9907495
9907414
9907392
9907397
9907426
9907393
9907406
9907432
9907413
9907504
9907460
9907396
9907379
9907398
9907416
9907420
9907404
9907405
9907400
9907406
9907405
9907452
9907414
9511131
9907420
8916696
9907409
9907394
9907489
9907424
9412055
9907612
9907425
9907403
9907411
9907403
9907418
9907411
9907413
9907411
9907640
9907541
9907390
9907412
9907409
9907405
9907466
9907628
9907459
9907607
9907419
9907418
9907394
9907405
9907413
9907412
9907407
9907401
9907465
9907638
9907446
9907656
9907484
9907404
9907401
9907398
9907411
9907465
9907416
9907402
9907423
9907418
9907410
9907397
9907404
9907580
7529698
9907419
9907403
9907405
9907408
9907405
9907413
9907400
9907409
9907409
9907407
9907418
9907422
9907414
9610207
9907410
9907411
9907415
7034321
9907437
9907407
7430619
9907413
9907417
9907396
9907389
9907383
9907395
9907389
9907390
9907380
9907383
9907375
9907388
9907394
9907392
9907392
9907407
9907409
9907391
9907410
9907392
9907403
9907395
9907386
9907400
9907379
9907363
9907395
9907382
9907390
9907392
9907392
9907420
9907384
9907467
9907386
9907395
9907392
9907405
9907411
9907391
9907395
9907620
9907495
9907395
9907388
9907392
9907383
9907386
9907390
9907370
9907372
9907389
9907392
9907392
9907391
9907393
9907385
9907386
9907377
9907384
9907389
9907400
9907390
9907395
9907395
9907387
9907399
9907384
9907380
9907375
9907388
9907378
9907374
9907373
9907389
9907394
9907387
9907395
9907381
9907384
9907391
9907392
9907380
9907405
9907383
9907394
9907384
9907389
9907406
9907387
9907394
9907387
9907396
9907397
9907402
9907397
9907394
9907379
9907377
9907392
9907395
9907379
9907389
9907387
9907409
9907399
9907456
9907406
9907408
9907411
9907400
9907406
9907390
9907428
9907398
9907387
9907409
9907406
9907418
9412059
9907393
9907410
9907409
9907397
9907407
9907416
9907391
9907415
9907417
9907394
9907405
9907406
9907406
9907411
9907396
9907415
9907399
9907407
9907417
9907399
9907397
9907411
9907418
9907416
9907433
9907419
9907421
9610199
9907401
9907401
9907410
9907397
9907398
9907398
9907420
9907413
9907406
9907399
9907402
9907406
9907421
9907426
9907399
9907426
9907407
9907415
9907411
9907390
9907392
9907394
9907378
9907393
9907417
9907406
9907367
9907383
9907381
9907403
9907366
9907372
9907409
9907367
9907385
9907378
9907388
9907368
9907397
9907379
9907392
9907406
9907390
9907399
9907381
9907378
9907361
9907381
9907373
9907380
9709197
9709203
9907391
9907404
9907382
9907392
9907375
9907389
9808348
9907385
9907354
9907373
9907395
9907381
9907363
9907385
9907366
9907351
9907372
9907380
9907367
9907380
9907489
9907359
9907383
9907393
9907392
9907370
9907395
9907376
9907389
9907392
9907400
9907400
9907390
9907404
9907396
9907374
9907398
9907389
9907386
9907369
9907395
9907377
9907390
9907387
9907377
9907361
9907401
9907363
9907364
9907364
9907371
9907523
9907564
9907564
9907568
9907560
9907576
9907584
9907584
9907584
9907518
9907588
9907608
9907588
9907588
9907556
9907564
9907580
9907576
9907600
9907596
9907596
9907592
9907584
9907590
9907600
9907592
9907596
9907596
9907636
9907604
9907616
9907592
9907596
9907600
9907592
9907604
9907584
9907592
9907584
9907616
9907616
9907584
9907596
9907616
9907457
9907572
9907584
9907452
9907592
9907596
9907616
9907576
9907484
9907564
9907588
9907547
9907600
9907632
9907592
9907624
9907580
9907628
9907632
9907466
9907596
9907564
9907584
9907560
9907576
9907580
9907560
9907552
9907454
9907509
9907472
9907536
9907462
9907441
9907540
9907438
9907429
9907510
9907552
9907433
9907523
9907540
7727944
9610313
6539072
9907568
9907552
9907604
9907608
9907506
9907440
9907473
9907551
9907457
9709265
9907496
9907486
9907510
9907437
9907448
9907513
9907535
9907492
9907497
9907523
9907527
9907532
9907525
9907408
9907499
9907480
9907495
9907447
9907494
9511215
9907508
9907538
9709492
9709334
9907473
9907454
9907474
9907394
9808385
9907502
9808396
9907454
9907476
9907489
9907469
9907474
9907465
6043628
5944572
9907524
9907517
7232560
9907548
8025112
9907524
9907549
9907362
9907523
9907468
9907504
9907386
9907476
9907503
9907552
9907525
9907494
9907490
9907492
9907506
9907494
9907503
9907532
9907518
9907500
9907480
9907520
9907509
9907451
9907512
9907497
9907458
9907544
9907496
9907552
9907487
9907486
9907444
9907424
9907493
9907504
9907484
9907436
9907473
9907519
9907544
9907489
9907421
9907451
9907498
9907512
9907401
9907525
9907534
9907539
9907456
9907572
9907544
9907453
9907504
9907452
9907511
9907590
9907547
9907552
9907575
9907469
9907529
9907479
9907577
9907470
9907449
9907526
9907450
9907529
9907562
9907442
9907489
9907434
9907466
9907588
9907528
9907493
9907420
9907495
9907546
9907475
9907502
9907509
9907531
9907496
9907480
9907450
9907410
9907441
9907447
9907518
9907499
9907531
9907456
9907504
9907450
9907460
9907475
9907460
9907516
9907539
9907423
9907452
9907527
9907472
9907540
9907432
9907446
9907468
9907457
9907437
9907417
9907416
9907493
9907433
9907495
9907511
9907428
9907481
9907528
9907456
9907466
9907503
9907447
9907498
9907404
9907501
9907444
9907512
9907435
9907499
9907384
9907508
9907425
9907475
9907514
9907440
9907521
9907399
9907482
9907426
9907455
9907482
9907492
9907488
9907492
9907500
9907401
9907522
9907504
9907522
9907499
9907431
9907506
9907525
9907516
9907528
9907518
9907519
9907513
9907520
9907511
9907530
9907522
9907512
9907504
9907476
9907522
9907514
9907487
9907476
9907463
8916730
9907454
7331568
9907524
9907441
9907482
9709358
9907461
9907532
9907426
9907445
9907415
9511133
9907442
9808334
9907470
9907518
9907482
9907505
9907424
9907466
9907445
9907426
9907418
9412062
9511096
9213892
9511087
9213892
9610182
9907532
9907452
9907448
9511157
9907448
9511126
9610196
9312982
9610216
9015732
9907521
9907455
9907433
9412068
9511116
9511127
9907580
9213884
9907533
9907481
9907478
9907520
9907521
9907527
9907521
9907576
9907481
9907526
9907442
8124017
9907455
8421234
9907484
9907447
9907504
9907494
9412034
8619386
8718520
9709269
9907461
9907544
9907560
9907552
9907572
9907479
9907564
9213870
9907497
9907519
9907503
9907482
9907463
8619417
6836076
9907512
8223087
9907488
9907455
9907438
9907468
9907431
9907465
9907449
9907460
9907429
9907452
9907457
9907463
9907439
9907490
9907453
9907463
9907483
9907512
9907527
9907478
9907473
9907453
9907516
9907506
7727645
4359168
6736917
9907455
9907476
9907429
9907446
9907576
9907479
9907485
9907454
9907475
9907590
9907526
9907521
9907495
9907572
9907575
9907519
9907590
9907541
9907610
9907584
9907602
9907560
9907551
9907558
9907532
9907580
9907555
9907569
9907628
9907594
9907597
9907550
9907603
9907626
9907674
9907685
9907541
9907628
9907568
9907534
9907597
9907536
9907683
9907584
9907656
9907654
9907649
9808602
9907580
9907626
9709515
9907609
9907569
9907604
9907553
9907604
9907627
9907645
9907619
9907620
9907617
9907649
9907648
9907655
9907687
9610459
9907604
9907591
9907644
9907618
9709522
9907667
9808605
9907635
9907666
9907653
9907627
9907560
9907660
9907574
9808621
9907590
9907642
9907565
9907664
9907576
9907540
9907588
9907650
9907621
9907623
9907577
9907578
9907654
9907572
9907636
9907622
9907565
9907642
9907656
9907578
9907675
8322500
9907610
9016000
9907606
9115085
9907442
9907503
9907476
9907547
9907611
9907470
9907449
9907558
9313236
9907534
9907500
9907482
9907550
9907497
9907453
9907492
9907474
9907511
9907426
9907438
9312936
9907387
9907506
9213843
9907537
8817568
9907376
9907636
9907576
9907385
9907538
9709512
8520613
9907581
9907471
9907557
9907597
9907510
8520652
8718784
9907618
9907577
9907519
8619721
9907520
9907455
9907467
9907432
9907457
9907510
9907618
9115100
9907463
9907451
9907381
8817872
9907498
9907471
9907540
9907448
9907517
9907437
9907418
9907502
9907515
9907412
9907434
9907419
9907505
8520640
9907430
9907453
9412296
9907583
9907667
9907518
9907521
9511384
9907627
9907446
9907467
9907546
9907446
9610460
9907563
9907618
9907575
9907640
9907598
9907582
9907411
9907519
9907566
9907650
9907461
9907486
9907549
9907502
9907523
9907479
9907470
9907475
9907561
9907541
9808588
9907628
9907528
9907597
9412300
9907518
9907486
9907535
9709524
9907563
9907580
9907558
9907519
9907596
9808599
9907607
9907563
9907556
9907556
9907523
9907570
9907582
9907676
9907511
9907459
9511368
9015996
9907577
9907615
9511381
9907525
9907503
9907579
9907589
9907660
9907643
9214140
9907534
5944704
9907317
8916617
9907347
9907471
9907413
9907499
9907460
9907324
9907375
7133378
9907477
9610235
9907465
9907532
9907514
9907361
9907369
9907477
9907484
9907573
9907484
6142499
9907384
9907472
9907495
9907397
9907529
9907481
9907533
9907480
9907519
9907562
9907457
9907462
9907467
9907487
9907486
9907373
9907450
9907554
9907494
9907520
9907474
9907496
9907484
9907394
9907568
9907525
9907410
9907487
9907470
9907433
9907464
9907524
9907423
9907444
9907581
9907527
9907427
9907465
9907504
9907455
9907452
9907371
9907441
9907598
9907644
9907487
9907457
9907519
9907516
9907465
9907451
9907459
9907475
9907437
9907535
9907599
9907498
9907474
9907478
9907401
9907499
9907412
9907479
9907467
9907578
9907469
9907444
9907516
9907490
9907601
9907420
9907452
9907457
9907554
9907667
9907477
9907549
9907539
9907490
9907439
9907496
9907518
9907515
9907508
9907401
9907448
9907445
9907485
9907486
9907608
9907580
9907408
9907412
9907436
9907563
9907583
9907556
9907536
9907510
9907540
9907612
9907380
9907375
9907397
9808331
9907388
9907572
9907527
9907592
9907664
9907563
9907451
4755504
9907463
9907668
9907481
9907656
9907523
9907495
9907704
9907652
9907514
9907467
9907623
9907468
9907634
9907640
9907625
9907519
9907509
9907572
9907516
9907497
9907526
9907628
9907613
9610416
9709476
9907664
9907700
8421580
9907672
9907622
9511320
9907606
9907574
9907656
9907656
9313148
9907644
9907570
9907672
9907614
9907608
9907672
9907514
9907581
9907579
9313144
9907668
9907696
9907628
9907557
9412248
9907636
9907608
9907633
9907680
9907584
9907616
9907506
9511268
9907603
9610344
9907515
9907512
9511324
9511284
9907620
9610388
9907534
9313120
9907600
9907664
9907580
9907644
9907568
9907572
9907628
9907555
9907529
9907529
9907594
9907471
9907636
9907563
9907624
9907700
9907676
9907680
8520664
4656760
9907684
9808519
9907574
9907608
9709432
9412179
9907476
9610338
9214064
9610336
8916816
9015872
9907632
7727808
9907588
9709414
9214032
9907407
9907396
9709357
8817597
9511224
9610340
9808512
8223176
9808495
9907499
9907548
9907484
9907403
9015752
9114820
9114824
9907556
9213872
9808326
9511108
9907512
9907572
9907500
9907556
9907568
9015748
9907389
9015772
9610296
9907536
9907373
9907389
9907340
9907402
9808384
9312966
9709340
9015740
9907472
9114840
9907488
9907424
9907508
9907500
9907604
9907512
9907448
9808416
9907548
9907432
9709328
9412040
9511128
8916680
9907580
9808432
9907548
9907488
9015740
9907447
9312956
9907504
9709276
9907504
9907564
9313000
9907528
9907640
9907628
9511108
9907460
9907548
9511124
9907572
9907504
9610184
9412064
9412032
9907430
9907528
9907544
9907636
9907536
9907520
9907544
9907504
9808360
9610196
9312972
9907484
9412040
9907576
9907520
9907496
9709308
9808333
9907410
9907423
9907496
9907520
9907564
9907572
9907604
9907636
9907580
9907532
9907520
9907564
9511112
9610156
9412040
9213892
8916648
9511160
9808344
9907531
9907392
9907480
9907539
9907564
9907512
9907508
9907540
9907469
9907588
9907555
9907485
9907490
9907385
9907540
9907568
9907572
9907584
9213888
9213853
9907504
9907512
9412036
9907548
9907540
9907564
9808364
9907548
9412060
9907504
9907560
9907596
9907516
9907556
9907520
9907432
9610188
9511108
9312960
9907588
9907592
9907599
9907544
9907492
9907600
9907640
9907680
9907676
9907628
9907660
9907620
9511108
9907588
9907616
9907672
9907592
9907624
9907648
9907652
9907532
9907615
9907676
9907652
9907636
9907676
9907680
9907660
9907656
9907656
9907636
9907620
9907568
9907620
9907612
9907656
9907632
9907664
9907584
9907596
9907648
9907560
9907536
9907644
9907616
9907596
9907648
9907656
9907568
9907620
9907628
9907604
9907600
9907524
9907540
9907580
9907636
9907636
9907568
9907576
9907584
9907432
9412032
9907560
9907488
9907528
9907504
9511136
9907512
9907520
9907536
9907536
9312976
9907464
9907568
9907504
9907576
9907528
9907452
9907496
9907572
9907468
9907480
9907488
9907500
9907564
9907524
9907608
9907544
9907516
9907432
9907504
9907516
9907556
9907516
9907540
9907468
9907460
9808376
9907480
9907540
9907540
9907548
9907504
9907536
9907552
9907508
9907540
9907528
9907592
9907544
9907464
9808368
9907544
9907500
9907480
9907472
9907484
9610220
9907516
9907480
9907500
9907528
9907520
9907542
9907511
9907448
9907528
9907508
9907509
9907524
9907508
9907520
9907448
9610200
9907484
9907556
9907476
9907496
9907508
9907444
9907492
9907508
9907500
9907516
9907468
9907479
9907544
9907508
9907508
9907552
9907520
9907536
9907524
9907496
9907548
9907492
9907552
9907528
9907512
9907472
9907536
9907500
9907500
9907496
9907520
9907512
9907492
9907508
9907480
9907480
9907528
9907508
9907456
9907464
9907492
9907476
9907476
9907496
9907496
9907500
9907492
9907524
9907512
9907468
9907520
9907472
9907492
9907492
9907488
9907512
9907484
9907496
9907476
9907488
9907488
9907512
9907480
9907516
9907476
9907468
9907476
9907484
9907468
9907524
9907508
9907488
9907512
9907476
9907504
9511132
9907516
9907496
9907464
9907484
9907480
9907500
9907500
9907496
9907484
9907464
9907512
9907492
9907488
9907520
9907496
9907488
9907544
9709292
9907468
9907452
9907508
9907500
9907476
9808376
9907476
9907496
9907456
9907484
9907456
9907536
9907452
9907500
9907480
9907472
9907476
9907480
9015744
9907468
9907465
9907483
9610158
9907427
9907425
9907421
9907350
9907364
9907364
9907373
9907428
9907447
9907417
9907429
9907439
9907383
9808319
9907397
9907370
9907405
9907457
9907451
9907429
9907452
9907479
9907426
9709276
9709248
9907394
9907403
9213852
9907516
9907504
9808326
9709304
9907471
9907510
9511124
9907446
9907492
9907472
9709258
9907379
9907389
9907454
9907444
9808327
9610151
9907385
9907396
9808311
9907442
9312992
9511100
9808316
9213848
9907484
9907464
9907434
9907429
9907428
9907374
9907459
9610096
9907462
9907389
9907392
9907406
9511038
9610190
9907416
9808362
9907476
9511073
9808307
9709248
9907370
9907416
9907413
9907460
9907449
9610188
9808332
9808327
9907425
9907435
9213852
9808332
9907431
9907468
9610152
9907472
9907457
9907400
9907394
9907444
9907438
9907370
9907375
9907415
9610153
9411998
9412036
9412023
9907410
9114808
9412036
9511081
9610176
9907404
9907428
9808325
9610205
9610177
9907412
9412030
9907452
9709288
9907432
9511128
9808326
9907496
9907447
9907457
9907480
9907421
9907500
9907458
9907476
9907434
9907468
9907500
9907452
9907496
9907480
9907452
9907492
9808380
9907504
9907479
9907472
9907463
9907492
9907500
9907500
9907470
9907482
9907474
9907504
9907516
9907488
9907490
9907444
9907458
9907512
9907478
9907450
9907492
9907504
9907528
9907508
9907456
9907454
9907488
9907508
9907496
9907470
9907496
9907500
9907524
9907516
9907466
9907528
9907514
9907484
9907500
9907514
9907497
9907492
9907478
9907500
9907512
9907516
9907544
9907512
9907520
9907532
9907507
9907479
9907482
9907470
9907524
9907528
9907502
9907506
9907474
9907465
9907483
9907520
9907512
9907493
9907494
9907526
9907508
9907477
9907556
9907461
9907504
9907490
9907471
9907466
9907500
9907461
9907460
9907460
9907536
9907525
9907508
9907516
9907458
9907540
9907512
9907488
9907506
9907504
9907528
9907556
9907538
9907481
9907513
9907484
9907523
9907466
9907545
9907545
9907501
9907438
9907481
9907473
9907496
9907494
9907528
9907501
9907522
9907521
9907549
9907466
9907543
9907480
9907504
9907500
9907523
9907540
9907484
9907488
9907469
9907493
9907497
9907527
9907478
9907528
9907537
9907514
9907536
9907420
9907518
9907497
9907541
9907507
9907407
9907505
9907498
9907457
9907501
9907446
9907363
9907449
9907457
9907485
9907392
9907438
9907385
9907437
9907433
9907398
9907494
9907392
9907452
9907411
9907507
9907533
9907544
9907434
9907536
9907552
9907496
9907543
9412035
9907530
9907556
9907453
9907399
9907465
9907495
9907489
9907532
9907408
9907392
9412044
9907424
8718524
9907512
9907520
9907548
9907544
9709256
9907378
9907312
9907301
9907330
9907384
9907516
9907552
9610184
9907510
9907552
9907520
9213888
9907453
9907508
9907544
9907524
9907504
9907476
9907524
9907524
9907508
9312964
9907540
9907516
9907501
9907480
9312960
9907532
9907481
9907532
9907532
9907516
9907548
9907500
9907540
9907532
9907544
9907544
9907536
9907556
9907556
9907534
9907548
9907516
9907520
9114812
9907504
9907524
9907532
9808368
9907456
9907516
9213884
9907525
9907545
9907536
9907520
9907544
9907532
9907540
9907528
9907529
9907517
9907472
9511108
9907504
9907407
9907476
9907448
9709272
9907456
9907512
9709288
9907517
9907536
9907516
9907511
9907504
9907528
9907469
9907528
9907484
9808348
9907524
9907496
9312956
9808360
9709276
9907472
9709280
9610197
9907520
9907455
9511116
9312960
9808356
9907460
9907484
9907512
9709280
9709292
9907456
9412036
9511108
9312960
9709272
9808360
9907432
9907472
9907476
9412028
9412036
9412028
9907489
9907452
9808356
9907504
9412028
9907484
9412040
9907444
9808356
9907509
9907508
9907524
9907484
9312960
9907466
9312960
9610200
9808352
9907512
9907528
9907496
9907504
9907489
9709292
9907468
9213900
9907508
9907512
9907472
9907507
9907492
9907452
9610200
9412032
9907516
9312960
9907488
9907504
9907532
9907467
9907500
9907500
9907484
9312956
9907468
9907496
9907508
9907464
9907504
9907512
9907532
9907520
9907516
9907508
9907508
9907524
9907456
9907520
9907505
9907482
9511120
9907507
9907491
9907440
9907509
9907512
9907504
9907488
9907460
9907489
9907476
9907483
9907508
9907464
9907512
9907479
9907486
9907532
9907532
9907516
9907500
9907479
9907536
9907531
9907508
9907524
9907523
9907528
9907454
9907496
9907503
9907508
9907508
9907508
9907484
9907516
9907455
9907475
9907429
9907438
9907505
9907508
9907508
9907508
9907485
9907449
9907403
9907493
9907524
9907469
9907505
9907464
9907516
9907501
9907478
9907471
9907488
9907441
9907519
9907441
9907474
9907464
9907528
9907495
9907523
9907544
9907474
9907433
9907470
9907508
9907484
9907481
9907488
9907532
9907493
9808365
9907466
9907435
9907507
9907452
9907446
9907487
9907470
9907423
9907484
9907495
9907529
9907473
9907471
9907515
9907426
9907464
9907463
9907452
9907439
9907482
9907475
9907499
9907490
9907513
9907457
9907469
9907513
9907485
9907484
9907485
9907503
9907442
9907509
9907452
9907462
9907536
9907512
9907480
9907518
9907525
9907420
9907446
9907480
9907411
9907459
9907469
9907512
9907447
9907513
9907502
9907441
9907399
9907447
9907487
9907447
9907473
9907526
9907465
9907507
9907438
9907458
9907521
9907445
9907494
9907502
9907457
9907451
9907515
9907484
9907529
9907449
9907523
9907501
9907480
9907539
9907493
9907492
9907526
9907510
9907467
9907513
9907465
9907493
9907406
9907482
9907472
9907462
9907464
9907540
9907509
9907475
9907393
9907454
9907429
9907464
9907489
9907444
9907403
9907498
9907471
9907476
9907438
9907491
9907471
9907498
9907452
9907365
9907408
9907405
9907377
9907356
9907412
9907490
9907429
9907394
9907403
9907372
9907458
9907393
9907410
9907424
9907402
9907530
9907471
9907446
9907421
9907397
9907379
9907396
9907393
9907408
9907381
9907417
9907392
9907425
9907437
9907429
9907408
9907459
9907415
9907428
9907413
9907424
9907404
9907401
9907465
9907453
9907448
9907450
9907444
9907415
9907418
9907397
9907501
9907404
9907487
9907474
9907492
9907439
9907450
9907426
9907482
9907473
9907427
9907464
9907563
9907511
9907501
9907493
9907521
9907500
9907495
9907547
9907517
9907476
9907559
9907554
9907588
9907549
9907569
9907555
9907542
9907518
9907539
9907548
9907671
7628999
9907559
9907379
9907592
9907565
9907487
9907550
9907393
9907444
9907541
9907492
9907608
9907454
9907541
9907499
9907495
9907575
9907562
9907563
9907595
9907519
9907552
9907595
9907603
9907572
9907512
9907564
9907564
9907523
9907587
9907489
9907535
9907551
9907489
9907512
9907544
9907543
9907540
9907553
9907479
9907616
9907531
9907551
9907548
9907626
9907563
9907518
9907520
9907530
9907576
9907557
9907644
9907573
9907498
9907540
9907559
9907516
9907537
9907603
9907578
9907620
9907583
9907648
9907638
9907653
9907668
9907633
9907566
9907505
9907603
9907664
9907585
9907578
9907570
9907573
9907635
9907570
9907545
9907628
9907652
9907636
9907682
9907635
9907531
9907597
9907656
9907643
9907646
9907571
9907676
9907627
9907567
9907532
9907580
9907601
9907539
9907591
9907583
9907582
9907634
9907608
9907579
9907633
9907571
9907579
9907581
9907564
9907656
9907656
9907566
9907601
9907619
9907692
9907612
9907559
9907637
9907614
9907633
9907607
9907574
9907631
9907608
9907657
9907542
9907583
9907541
9907569
9907557
9907593
9907580
9907579
9907568
9907582
9907701
9907633
9907616
9907638
9907671
9907631
9907626
9907586
9907600
9907567
9907538
9907673
9907655
9907581
9907648
9907603
9907609
9907675
9907584
9907588
9907615
9907636
9907668
9907603
9907641
9907598
9907608
9907561
9907655
9907580
9907602
9907625
9907667
9907631
9907636
9907646
9907627
9907595
9907631
9907550
9907629
9907595
9907599
9907653
9907646
9907581
9907630
9907549
9907531
9907609
9907598
9907504
9907595
9907557
9907573
9907588
9907595
9907654
9907614
9907574
9907522
9907617
9907535
9907597
9907594
9907578
9907524
9907559
9907563
9907578
9907560
9907579
9907617
9907548
9907542
9907577
9907534
9907575
9907581
9907587
9907564
9907600
9907575
9907551
9907615
9907573
9907548
9907635
9907635
9907611
9907621
9907591
9907601
9907610
9907598
9907602
9907578
9907605
9907598
9907626
9907601
9907587
9907607
9907583
9907653
9907659
9907564
9907592
9907567
9907624
9907620
9907612
9907613
9907568
9907652
9907569
9907659
9907640
9907565
9907648
9907626
9907582
9907618
9907697
9907529
9907531
9907653
9907603
9907603
9907679
9907628
9907609
9907603
9907635
9907539
9907599
9907602
9907651
9907631
9907635
9907604
9907604
9907645
9907615
9907567
9907635
9907720
9907613
9907687
9907710
9907534
9907577
9907722
9907704
9907550
9907693
9907679
9610531
9907593
9907704
9907759
9907621
9907731
9907694
9907689
9808666
9907668
9907708
9907623
9907582
9907626
9907708
9907600
9907563
9907563
9907586
9907542
9907623
9907567
9907641
9907617
9907583
9907635
9907572
9907612
9907579
9907638
9907599
9907592
9907582
9907626
9907608
9907609
9907571
9907690
9907637
9907627
9907661
9907634
9907656
9907687
9907580
9907567
9907714
9907639
9907615
9907591
9907610
9907625
9907628
9907588
9907611
9907621
9907569
9907570
9907577
9907632
9907636
9907567
9907641
9907571
9907630
9907612
9907591
9907608
9907581
9907632
9907576
9907613
9907649
9907595
9907727
9907596
9907607
9907629
9907677
9907681
9907600
9907634
9907623
9907707
9907613
9907622
9907667
9907645
9907696
9907646
9907645
9907625
9907639
9907623
9907678
9907686
9907613
9907654
9907575
9907699
9907690
9907683
9907631
9907744
9907576
9907618
9610558
9907600
9907613
9907740
9907664
9907670
9907665
9016045
9907695
9907673
9907634
9907676
9907711
9907696
9907650
9907681
9907695
9907708
9907663
9907683
9907708
9907642
9907659
9907695
9907683
9907615
9907652
9907645
9907661
9907574
9907692
9907671
9907656
9907658
9907554
9907551
9907588
9709404
9907556
9907587
9907519
9907563
9907669
9907590
9907496
9907569
9610340
8718581
9907443
9907523
9412126
9907536
9907425
9907556
9907597
9907587
9907438
9213896
9907600
9907563
9907638
9907554
9808516
9907558
9907617
9907655
9907609
9907601
9907590
9907680
9907498
9907629
9907634
9907629
9907675
9907576
9907660
9907679
9907668
9907572
9907571
9907631
9907600
9907710
9709599
9907684
9907655
9907708
9907663
9907687
9907713
9907692
9907624
9907691
9907636
9907644
9907629
9907648
9907600
9907622
9907600
9907628
9907606
9907673
9907662
9907599
9907585
9907670
9907640
9907608
9907632
9907662
9907672
9907616
9907670
9907646
9907663
9907684
9907588
9907655
9907595
9907638
9907699
9907607
9907653
9907651
9907641
9907639
9907591
9907650
9907642
9907644
9907666
9907674
9907614
9907631
9907571
9907555
9907612
9907556
9907604
9907622
9907652
9907691
9907640
9907581
9907640
9907611
9907650
9907602
9907692
9907722
9907661
9907673
9907617
9907638
9907610
9907619
9907637
9907621
9907659
9907662
9907650
9907713
9907656
9907724
9907720
9907620
9907741
9907712
9907683
9808636
9610500
9907689
9907712
9907672
9907698
9907663
9907679
9907713
9907729
9907676
9907634
9907695
9907626
9907686
9907618
9907658
9907522
9907559
9907613
9907627
9907627
9907692
9907735
9907620
9907638
9907706
9907689
9907642
9907611
9511483
9907593
9907610
9907671
9907658
9907685
9907688
9907677
9907656
9907670
9610541
9907763
9907689
9907682
9907748
9907681
9907617
9907674
9907708
9907719
9907636
9907574
9907694
9907562
9907716
9907696
9907664
9907725
9907661
9907733
9907688
9907649
9907664
9907669
9412400
9907666
9907670
9907699
9907722
9907615
9907673
9907658
9907510
9907610
9907596
9907599
9907616
9907632
9907595
9907506
9907625
9907642
9907603
9907623
9907633
9907642
9907598
9907694
9907643
9907608
9907727
9907694
9907695
9907642
9907621
9907617
9907614
9907721
9511463
9907747
9907669
9907605
9907777
9907646
9907656
9907640
9907732
9907673
9907688
9907700
9907661
9907669
9907748
9907646
9907573
9907739
9907757
9907664
9907693
9907731
9610514
9907618
9907603
9907683
9907649
9709461
9907704
9907668
9907588
9907655
9709604
9907713
9808684
9907606
9907620
9907614
9907678
9907710
9907570
9907641
9907646
9907670
9907551
9907584
7331411
9907444
9907516
9907534
9907679
9907599
9907577
9907548
9907659
9907678
9907635
9808693
9907683
9907718
9907719
9907674
9907696
9313293
9808683
9907668
9907716
9907733
9907694
9907651
9907665
9907670
9907627
9907662
9907665
9907691
9907671
9907658
9907761
9907661
9907651
9907634
9907699
9907625
9907639
9907576
9907709
9907663
9907712
9907645
9907643
9907648
9907680
9907656
9907716
9907725
9907593
9907639
9907645
9907659
9907634
9907628
9907635
9907731
9907528
9907556
9907689
9907514
9907693
8520500
7727898
9412372
9016076
9907688
9808684
9907644
9511488
8916940
9907684
9015996
9412388
8718804
9907648
9313336
9907760
9907740
9907744
9907704
9907776
9907696
9511484
9907664
9907732
9907728
9115132
9610568
9214244
9907640
9907760
9808656
9907696
9907632
9907752
9907704
9808704
9907732
9511488
9907732
9313344
9610547
8917000
9907776
9709624
9412416
9016084
9313283
9115184
9907731
9115136
9412388
9709596
9412368
9610512
9610547
9412384
9412372
9610560
9511456
9412412
9808677
9610552
9016096
9016080
9907721
9808675
9907730
9907648
9907644
9907733
9709628
9907720
9907696
9907723
9907692
9016084
9808631
9907684
9907616
9907688
9016112
9610568
9214256
9214256
8619744
9907636
9015780
9907744
9907592
9907756
9412408
9511460
9511484
9907712
9511425
9907712
9907600
9907592
9907576
9907544
9907592
9610548
9907548
9907700
9907676
9907576
9907656
9907636
9610572
9907672
9907712
9907690
9907672
9907639
9907610
9907600
9907652
9907676
9907652
9907596
9907615
9907672
9907656
9907623
9907515
9907644
9907620
9907612
9907632
9907624
9907648
9907688
9907596
9907592
9907660
9907608
9907660
9907581
9907580
9907613
9907561
9907648
9907652
9907672
9907664
9907596
9907556
9907532
9907564
9907604
9907606
9907636
9907556
9907616
9907614
9907600
9907568
9015784
9907648
9907580
9907520
9907564
9907548
9610284
9907548
8124092
9907592
9907656
9907640
9907600
9907672
9907612
9907616
9907644
9907628
9907556
9907668
9907636
9907628
9907620
9907644
9907668
9907668
9907648
9907612
9907524
9907644
9907668
9907608
9907544
9907576
9907584
9114896
9907636
9907644
9907634
9907584
9907584
9907616
9907608
9907548
9907503
9907596
9907557
9907580
9907588
9907568
9907648
9907664
9907656
9907509
9907512
7232366
9907604
9907620
9907635
9907561
9907696
9907680
9907668
9907692
9907708
9907668
9907668
9907680
9907648
9907636
9907652
9907616
9907660
9907688
9907648
9907608
9907660
9907680
9907628
9907696
9907650
9907651
9907692
9907688
9907668
9907624
9907688
9907752
9907690
9907696
9907644
9907708
9907649
9907688
9907728
9907708
9907728
9907708
9907688
9907652
9907656
9907704
9907716
9907744
9907679
9907692
9907696
9907716
9907722
9907736
9907708
9907696
9907696
9907680
9907696
9907596
9907696
9907688
9907652
9907712
9907704
9907688
9907640
9907680
9907654
9907644
9907676
9907656
9907700
9907654
9907696
9907676
9808676
9907651
9907712
9907712
9907672
9907704
9709620
9907728
9907700
9907684
9907724
9907684
9907728
9907708
9907708
9907644
9907656
9907676
9907680
9907644
9907696
9907632
9907624
9907688
9907628
9907616
9907680
9907700
9907607
9907588
9907662
9907632
9907632
9907628
9907592
9907620
9907616
9907664
9907616
9907712
9907644
9907588
9907656
9907546
9907584
9907636
9907660
9907644
9907636
9907683
9907660
9907648
9907568
9907628
9907664
9907561
9907571
9907632
9907664
9907676
9907628
9907680
9907680
9907692
9907624
9907652
9907596
9907644
9907660
9907688
9907688
9907672
9907688
9907688
9907640
9907572
9907532
9907572
9907592
9907600
9907540
9907604
9907544
9907580
9907552
9907592
9907652
9907652
9907636
9907688
9907624
9907664
9907660
9907648
9907592
9907637
9907571
9907600
9907627
9907606
9907640
9907572
9907656
9907552
9907552
9907628
9907552
9907640
9907676
9907513
9907620
9907660
9907556
9907552
9907624
9907628
9907672
9907668
9907608
9907580
9907632
9907560
9907572
9907540
9907640
9907592
9907596
9907588
9907556
9808452
9907608
9907620
9907632
9907547
9907507
9907644
9907616
9907600
9907572
9907596
9907552
9907552
9907660
9907592
9907604
9907616
9907592
9907612
9907628
9907544
9412148
9907560
9907580
8520412
9213980
9907552
9907584
9907564
9907612
9907540
9907588
9907532
9511212
9907584
9907592
9907588
9907552
9907560
9907556
9907564
9907528
9213972
9907556
9907564
9907588
9610284
9907572
9907580
9907580
9907584
9907604
9907552
9907596
9907584
9907636
9907588
9907548
9907592
9907536
9907596
9907592
9907612
9907604
9907596
9907544
9907572
9907596
9907572
9511216
9213976
9907560
9907552
9907560
9907544
9907580
9907584
9412136
9907572
9907596
9313056
8520424
9907576
9313060
9907560
9907584
9907596
9907580
9907540
9907552
9907556
9907517
9907507
9907531
9907441
9907530
9907604
9907588
9907569
9907566
9907582
9907562
9907592
9907614
9907593
9907547
9907486
9907478
9907560
9907546
9907580
9907568
9907587
9907577
9907586
9907558
9907542
9907579
9907553
9907572
9907594
9907582
9907556
9907573
9907584
9907597
9907591
9907606
9907613
9907578
9907580
9907603
9907572
9907575
9907562
9907577
9907569
9907604
9907551
9907562
9907595
9907577
9907564
9907595
9907610
9907569
9907558
9907584
9907591
9907597
9907592
9907588
9907591
9907597
9907583
9907598
9907602
9907586
9907555
9907580
9907590
9907582
9907562
9907590
9907574
9907608
9907597
9907605
9907601
9907587
9907588
9907598
9907597
9907608
9907554
9907538
9907598
9907550
9907587
9907588
9907575
9907577
9907590
9907585
9907596
9907589
9907597
9907573
9907584
9907590
9907601
9907601
9907605
9907573
9907597
9907600
9907596
9907600
9907604
9907581
9907567
9907563
9907611
9907614
9907616
9907611
9907629
9907593
9907620
9907604
9907588
9907607
9907614
9907632
9907617
9907596
9907630
9907608
9907629
9907619
9907601
9907625
9907600
9907572
9907595
9907677
9907633
9907581
9907623
9907627
9907662
9907646
9907629
9808592
9907697
9907700
9907646
9907708
9907603
9907599
9907615
9907622
9907585
9907603
9907626
9907605
9907593
9907578
9907635
9907592
9907639
9907604
9907633
9907616
9907577
9907618
9907641
9907587
9907598
9907621
9907625
9907594
9907617
9907607
9907607
9907637
9907585
9907597
9907603
9907696
9907631
9907632
9907602
9907601
9907634
9907629
9907642
9907596
9907649
9907615
9907583
9907607
9907592
9907634
9907647
9907601
9907610
9907570
9907576
9907552
9907736
9907563
9907555
9114971
9610528
9907572
9907696
9907627
9907768
9907643
9511375
9907654
9907597
9907712
9313304
9907643
9907716
9907700
9907555
8917036
9907633
9907630
9907520
9709596
9907655
9907625
9907704
9610456
9907558
9907668
9907716
9907662
9907570
9907699
9907543
9907576
9907669
9907556
9412318
9907608
9907668
9907628
9907625
9907594
9907609
9907574
9907688
9907591
9907599
9907575
9907696
9907664
9808664
9907627
9808648
9907659
9907519
9907642
9907636
9907646
9907641
9907537
8817948
9907561
9907712
9907654
9907604
9907624
9907471
9907573
9907684
9907609
9907540
9709562
9511412
9907558
9907637
9907690
9907656
9907555
9907582
9907645
9907615
9907567
9907511
9907565
9907512
9907490
9907582
9907561
9907620
9907712
9907460
9907555
9907636
9907648
9907577
9907529
9016067
9709564
9907575
9907659
9907591
9907563
9907565
9907584
9907543
9907508
9907621
9610461
9907558
9907553
9907556
9907525
9907581
9907494
9907616
9907474
8718508
9907518
9907565
9610517
9907704
9907569
9907628
9907559
9907544
9907552
9610447
9907529
9907547
9907514
9907529
9907604
8124108
6737024
9907652
9907604
9907729
9808635
9907658
9907546
9907611
9907613
9907614
9907625
9907646
9907564
9907616
9907642
9907695
9907628
9907690
9709561
9907644
9511438
9907470
9907568
9907695
9907683
9610568
9907697
9907554
9907561
9907640
9907701
9907639
9907684
9016084
9907530
9412184
9907592
9907642
9610517
9907613
9610515
7034142
9907655
9907645
9907596
9907624
9907515
9907482
9907689
9709570
9907595
9907672
9907663
8718860
8916988
9610456
9511423
9907586
9907680
9907550
9709583
9907730
9907679
9907657
9907665
9907667
9907672
9907651
9907591
9907616
9907691
9907554
9907608
9907634
9907606
9808603
9907591
9907666
9907634
9907626
9907741
9907587
9907663
9511438
9907656
9907644
9907596
9907643
9907635
9907750
9907694
9907570
9907607
9907621
9907529
9808442
9907728
9907675
9907656
9907703
9907576
9907671
9907654
9907682
9907733
9907681
9907621
9907645
9907608
9907608
9313340
9907677
9907696
9907660
9610532
7133340
9907642
9610499
9412412
9907712
9907606
9907627
9907692
9907528
9907745
9907741
9511488
9907701
9907657
9907731
9709586
9907712
9907667
9610528
9907755
9709576
9907682
9907678
9907697
9907717
9808646
9907667
9907690
9907664
9907738
9907646
9907740
9907692
9907663
9907642
9907602
9907656
9907745
9907720
9907661
9907684
9808649
9907710
9808670
9907736
9907768
8718576
9907710
9907724
9907559
9907680
9907605
9907694
9907727
9907694
9907684
9907669
9907737
9907649
9907691
9907682
9907711
9412416
9907752
9907690
9907683
9907715
9709636
9907698
9907656
9907757
9907663
9907727
9808659
9907736
9907738
9907672
9907719
7430800
9709593
9907692
9907494
9907683
9907715
9907765
9907702
9709586
9907730
9907714
9907645
9907700
6142576
9907724
9907710
9313340
9907688
9907705
9907734
9907788
9907672
9907737
9907688
9907678
9907736
9907738
9511486
9907719
9808657
9313319
9907721
9412395
9610537
9808677
9610560
9907752
9808700
9907720
9907727
9907680
9907701
9808684
9808676
9907705
9907740
9907724
9610517
9808683
9907727
9907726
9907732
9907676
9808688
9808680
9907732
9412378
9907756
9907748
9709579
9907732
9907714
9907693
9907728
9907690
9808662
9907707
9907717
9907709
9709603
9907677
9313332
9610533
9709596
9907704
9808667
9907719
9907742
9907706
9907698
9907692
9907746
9907694
9907729
9511464
9907737
9907697
9808692
9808669
9907721
9907724
9907726
9907768
9511492
9907760
9709603
9709604
9907736
9709616
9808654
9907709
9808664
9511461
9511488
9511468
9610537
9907728
9907711
9412358
9907750
9412360
9709607
9907756
9808670
9313332
9808673
9511420
9808658
9709595
9907711
9907712
9610568
9313332
9907700
9907740
9709574
9907741
9907719
9907733
8322532
9907738
9808695
9907734
9907740
9709582
9511460
9907732
9610546
9412416
9709636
9214260
9610546
9412388
9412381
9313315
9907780
9907744
9907752
9709652
9907745
9313340
9709588
9907771
9907742
9907780
9610552
9907728
9709594
9808688
9808656
9709592
9808685
9907727
9610552
9808660
9412388
9907690
9907728
9709607
7133564
9610552
9907766
9907691
9907743
9907762
7827107
9709605
9907705
9907736
9907717
9907750
9907611
9808683
9907720
9709600
9907684
9907687
9907694
9907676
9907731
9907714
9907656
9610537
9907730
9907724
9907748
9907752
9907716
9610556
9907742
9907715
9907745
9511449
9907743
9709573
9907692
9907688
9907744
9709551
9907752
9808668
9907771
9907751
9907678
9907731
9808672
9907699
9907744
9907670
9907732
9907748
9907709
9808669
9907718
9907728
9313300
9907714
9907747
9907742
9610548
9709600
9907684
9907731
9808684
9907708
9907731
9907722
9808695
9907743
9907703
9808640
9907707
9808675
9907701
9907746
9907741
9709599
9511446
9709573
9709596
9808637
9709577
9610522
9907714
9610548
9907742
9907709
9610517
9907705
9511452
9808688
9808650
9115142
9610515
9808655
9412375
9511422
9808649
9808664
9709557
9709573
9808651
9412337
9808647
9016080
9313257
9610532
9709579
9709546
9115172
9709575
9511422
9610499
9709583
9907707
9907724
9511451
9313344
9412373
9610486
9313326
9808626
9808636
9511462
9511409
9610492
9115178
9115161
9511460
9709568
9412319
9610524
9709601
9709554
9709568
9214228
9610520
9115164
9214238
9907728
9907682
9907696
9907692
9907663
9907704
9907695
9907701
9709602
9610501
9610505
9907678
9709578
9907681
9907737
9907688
9907713
9709569
9907716
9907656
9907660
9907679
9907706
9907711
9016100
9907714
9907704
9412367
8917024
9907720
9709563
9907703
9907698
9907758
9412412
9412416
9511452
9511480
9709602
9610541
9313332
9115173
9709628
9907740
9313328
9709581
9610524
9907761
9709596
9313332
9610536
9709568
9907727
9907723
9709573
9412412
9610556
9907730
9412408
9709610
9907742
9907729
9907717
9907738
9907757
9907723
9808659
9709645
9907725
9808680
9907735
9907717
9907718
9511488
9412408
9907713
9907712
9709607
9709628
9709648
9808673
9709595
9907747
9808664
9808678
9907705
9907702
9907728
9412412
9412412
9016088
9709592
9907706
9907728
9808692
9610517
9412404
9808689
9808720
9511484
9709635
9808693
9907762
9907775
9808680
9709644
9808689
9907679
9412412
9907700
9709603
9808680
9808699
9907734
9808692
9610535
9907756
9610554
9808674
9709616
9709627
9907716
9907686
9907675
9907752
9907740
9907730
9808695
9907743
9907689
9907750
9907689
9907726
9907723
9808706
9907687
9907759
9907738
9709577
9907756
9808692
9808685
9511480
9907740
9907679
9709617
9907706
9907712
9907737
9313320
9907714
9907771
9907682
9907666
9907681
9808717
9907762
9214248
9907735
9907752
9907683
9907761
9808690
9907756
9907678
9907777
9907694
9907751
9907758
9907780
9907756
9907649
9907670
9907692
9907741
9907723
9907678
9907713
9907685
9808701
9907760
9907654
9907683
9907736
9907743
9907746
9907710
9907682
9610557
9016088
9907729
9808691
9907696
9907767
9907776
9610550
9808695
9907759
9907739
8917008
9907760
9907732
9907755
9907718
9907764
9907723
9907662
9907681
9907642
9907720
9907631
9907637
9907636
9907635
9907652
9907700
9907655
9907634
9907628
9907730
9907690
9907637
9907639
9907638
9907628
9907631
9907630
9907695
9907634
9907630
9907731
9907658
9907709
9907643
9907705
9907630
9907649
9907634
9907653
9907619
9907622
9907683
9907629
9907628
9907630
9907631
9907638
9907635
9907639
9907615
9907639
9907644
9907633
9907644
9907624
9907642
9907652
9907631
9907652
9907628
9907640
9907635
9907632
9907628
9907638
9907623
9907634
9907649
9907664
9907622
9907604
9907623
9907624
9907627
9907633
9907620
9907645
9907628
9907639
9907624
9907629
9907635
9907636
9907649
9907637
9907686
9907639
9907641
9907631
9907634
9907636
9907662
9907636
9907626
9907639
9907645
9907666
9907628
9907638
9907635
9907636
9907637
9907653
9907643
9907620
9907637
9907638
9907639
9907619
9907618
9907630
9907632
9907611
9907619
9907652
9907631
9907647
9907632
9907618
9907628
9907626
9907633
9907623
9907618
9907632
9907673
9907637
9907628
9907621
9907629
9907627
9907629
9907614
9907618
9907620
9907618
9907648
9907621
9907633
9907617
9907623
9907626
9907609
9907620
9907631
9907625
9907629
9907631
9907635
9907624
9907622
9907618
9907617
9907616
9907622
9907636
9907615
9907630
9907611
9907681
9907623
9907617
9907613
9907617
9907630
9907617
9907623
9907613
9907620
9907628
9907631
9907619
9907625
9907608
9907621
9907617
9907630
9907625
9907630
9907631
9907617
9907627
9907624
9907626
9907623
9907625
9907618
9907632
9907628
9907622
9907614
9907626
9907630
9907612
9907625
9907632
9907629
9907619
9907633
9907615
9907623
9907609
9907618
9907617
9907626
8520515
9907629
9016088
9907646
9907624