26793.91139240506
21385.185185185186
25509.02564102564
24562.7125
22197.469879518074
25196.341463414636
15364.301204819278
23726.675324675325
21718.555555555555
26413.987012987014
27925.97333333333
16159.238095238095
20605.197530864196
24260.157894736843
22607.56976744186
21243.853658536584
25196.426829268294
17139.7
20619.441860465115
26112.58227848101
24495.986842105263
24114.725
20277.522727272728
25317.835443037973
23492.729411764707
18735.6511627907
17490.773333333334
25134.445945945947
24428.024390243903
22957.13157894737
19808.31325301205
21772.986842105263
23376.77922077922
27346.883116883117
23075.211764705884
23149.0
21357.03846153846
24001.9375
25047.72
24450.05
21872.406976744187
16575.3
16850.74418604651
18685.893333333333
23001.829268292684
21635.2625
24372.802816901407
21639.3375
21554.240506329115
20933.116279069767
26433.923076923078
25086.052631578947
18383.395061728395
23550.410256410258
25658.79746835443
16829.43076923077
22758.29411764706
24083.833333333332
21545.33734939759
22537.2125
19410.56
21298.1
17014.678571428572
22227.023529411767
20938.51851851852
21981.0
24759.219512195123
22980.540229885057
25743.451219512193
20824.684210526317
23497.77108433735
19375.0843373494
23316.166666666668
24541.18181818182
20281.23287671233
24330.52
21875.5
19160.40740740741
23325.0375
21085.380952380954
17496.58024691358
23187.471264367818
22492.925925925927
22957.407894736843
22647.386666666665
23928.13253012048
22855.628205128207
20112.211764705884
23260.753246753247
22968.870588235295
22839.5
25710.623376623378
22549.902777777777
23712.373493975905
17458.607594936708
26511.394736842107
20099.279069767443
26103.986486486487
25429.988372093023
22733.31818181818
18009.858974358973
23660.8875
26225.430379746835
26340.21518987342
21848.48888888889
17900.89534883721
19458.420454545456
23449.602272727272
22274.012345679013
25885.40506329114
21737.87012987013
26413.103896103898
20891.98795180723
19501.275
20001.24705882353
21493.239130434784
22922.53488372093
23871.666666666668
24618.947368421053
24064.607594936708
22864.176470588234
21828.11111111111
21793.51219512195
23832.518987341773
21938.827160493827
23772.7875
24972.763157894737
26227.050632911392
24208.658536585364
18308.141176470588
25201.708860759492
22575.164556962027
26866.263157894737
23929.75903614458
22974.97435897436
26404.30487804878
23715.074074074073
16191.717647058824
22502.93023255814
19159.36144578313
27090.466666666667
26075.256097560974
26112.59493670886
24604.59259259259
19598.475609756097
17470.324324324323
15700.744186046511
24776.714285714286
22626.20512820513
23271.666666666668
23286.435294117648
24561.8375
22921.825581395347
26301.666666666668
20039.621951219513
23152.3417721519
24860.73417721519
21299.77380952381
21934.089743589742
25235.725
22831.086419753086
19049.31818181818
20531.373626373625
17509.439024390245
20350.963855421687
21699.035294117646
25769.81333333333
21739.05747126437
23231.042253521126
18448.666666666668
25408.653333333332
25049.923076923078
19049.19512195122
24562.5875
18549.819444444445
22952.289156626506
24936.35802469136
22255.58904109589
27319.91891891892
22396.076923076922
21525.8
18233.034090909092
24491.6511627907
26224.81081081081
26983.592105263157
19604.604938271605
21274.305882352943
23236.697674418603
19690.285714285714
20938.444444444445
19614.1375
19160.059523809523
20462.349397590362
23436.3375
28418.178082191782
24049.75
16913.8375
23286.141176470588
24001.725
26361.1625
23205.47435897436
26530.896103896102
19503.12658227848
19651.746666666666
22818.872093023256
27598.4875
19150.252747252747
21854.675324675325
23495.87951807229
25011.51948051948
20584.215909090908
23549.6875
24705.29487179487
23388.180722891568
26315.75903614458
21536.013157894737
22647.825
16593.81818181818
21903.719512195123
18844.43181818182
23064.385542168675
23222.780487804877
24825.876543209877
24589.73076923077
24133.4
16049.91111111111
21892.013157894737
22048.853333333333
24895.81818181818
22287.157303370786
24472.166666666668
25086.810126582277
19504.925
21551.11111111111
20919.439024390245
22905.654761904763
23012.619047619046
19949.0875
24715.765432098764
23766.380952380954
19919.831325301206
26495.074074074073
18467.14285714286
24426.048780487807
24746.151898734177
20252.18666666667
19848.189873417723
26247.573333333334
15844.954022988506
19926.48780487805
25714.896103896102
22906.571428571428
24605.85185185185
24162.185185185186
23661.9
16665.0
22395.346153846152
20073.493670886077
25213.602739726026
23781.333333333332
18363.569620253165
23111.060975609755
24142.447368421053
19374.4578313253
21245.86046511628
20333.55844155844
23375.428571428572
22491.40740740741
23161.345679012345
20824.644736842107
18948.333333333332
25975.115384615383
22322.935064935064
22535.225
21267.575342465752
24899.3375
25128.85714285714
23110.89024390244
18521.95294117647
24308.467532467534
19361.873563218393
20934.372093023256
26984.28947368421
16828.79012345679
22806.772151898735
21274.270588235293
25951.328767123287
21891.526315789473
21167.976470588233
25090.63157894737
24239.529411764706
19159.353658536584
24787.5625
20738.0
17747.223684210527
26120.011904761905
19157.619047619046
21886.35616438356
24144.578313253012
21099.45569620253
23265.607594936708
23989.853658536584
19569.86046511628
27671.591549295776
15797.686746987953
20385.513513513513
25769.291139240508
22877.2
23445.988372093023
22579.708860759492
22371.166666666668
24671.5
28049.04109589041
25156.20238095238
25463.3625
18945.023255813954
24977.894117647058
24603.617283950618
19556.752808988764
20783.05128205128
20751.986486486487
21479.41891891892
21300.285714285714
26223.986486486487
20784.24096385542
24496.11842105263
24661.6
22464.735632183907
27050.25925925926
24774.051948051947
21976.67469879518
17549.96153846154
21351.829268292684
21273.84705882353
25008.797297297297
16723.34831460674
21785.810126582277
26657.028169014084
17691.91780821918
17151.022222222222
19048.141025641027
24716.11111111111
20334.654761904763
23936.197530864196
23115.794520547945
26098.024096385543
24075.883116883117
23435.82051282051
25086.280487804877
22161.46913580247
20587.975609756097
23657.47619047619
23438.0375
23940.333333333332
21728.690476190477
21327.98734177215
20025.373493975905
23656.880952380954
22395.442857142858
26273.41975308642
19263.964705882354
24791.0625
16747.511627906977
22905.690476190477
22436.896103896102
24970.96052631579
23949.01265822785
26592.391891891893
15290.151898734177
21828.654320987655
21795.10975609756
24450.533333333333
18522.34117647059
18409.583333333332
20777.128205128207
22817.608108108107
24105.842696629214
18140.08860759494
18939.725
21276.516853932586
24519.949367088608
19576.90588235294
18556.794520547945
21938.666666666668
22909.833333333332
22423.8875
21440.848101265823
26569.246575342466
22189.31395348837
22939.30864197531
25172.306666666667
25086.59493670886
25352.25
19597.317073170732
24895.194805194806
21751.275
23180.670588235294
23229.22619047619
26346.945945945947
23496.518072289156
23815.305882352943
20912.563218390806
20787.01204819277
19837.0625
24407.85393258427
21890.144736842107
24728.083333333332
19350.244444444445
19820.634146341465
23194.565789473683
21190.964285714286
21784.74683544304
17341.285714285714
25160.095238095237
14551.3125
25164.48717948718
24599.36046511628
21011.79487179487
19163.397435897437
19948.9
22845.927710843374
22199.725
19170.07894736842
21750.425
19261.352941176472
19817.243902439026
22790.506493506495
20764.559523809523
27805.95945945946
23007.582417582416
22047.309523809523
25325.92105263158
21667.962025316454
22281.589743589742
19464.94252873563
22714.20987654321
22987.725
22241.443037974685
24864.060975609755
24751.309859154928
20741.729411764707
27448.933333333334
24144.710843373494
21740.333333333332
21587.5641025641
25197.536585365855
24646.085365853658
24581.819277108432
21495.061728395063
25477.74025974026
21709.147727272728
19648.826666666668
23091.71794871795
25744.79487179487
21351.585365853658
24785.7
17049.938271604937
25200.78481012658
21868.265060240963
25244.96103896104
23173.36111111111
26048.11111111111
24859.632911392404
24222.2625
23847.173333333332
19383.543209876545
22467.177215189873
21327.13253012048
24758.670731707316
24448.293333333335
19656.891891891893
25478.25974025974
24663.077922077922
21899.378048780487
20675.98795180723
21913.454545454544
24687.301204819276
19388.75
21554.67088607595
21606.382716049382
22160.876543209877
28546.527777777777
21328.822784810127
25716.728395061727
23286.670588235294
25279.846153846152
24758.951219512193
20568.33734939759
21912.602272727272
24941.89285714286
20729.516483516483
21747.375
17950.280487804877
18941.30864197531
19279.113924050635
21526.95
19626.19230769231
22939.876543209877
24120.87323943662
19743.69230769231
21025.121951219513
17404.658536585364
22157.869047619046
25940.9012345679
22828.913580246914
23001.268292682926
21245.878048780487
22439.402597402597
19357.123595505618
23051.024691358023
23496.876543209877
18407.25
22012.378048780487
22158.488095238095
17911.22988505747
26180.2987012987
23661.3625
19272.938271604937
18442.067567567567
18158.35802469136
26158.157894736843
21448.81333333333
23717.620253164558
18631.24418604651
25799.32894736842
21868.156626506025
16636.146341463416
25281.076923076922
17704.2183908046
18631.488372093023
20026.75903614458
23605.77108433735
23764.595238095237
20445.904761904763
25165.51282051282
22450.0
22088.975903614457
19973.26923076923
23500.56179775281
20548.940476190477
24622.79761904762
24721.630136986303
22455.268292682926
23379.45569620253
21639.725
23879.231707317074
25744.01219512195
19051.853658536584
19248.10989010989
20829.372093023256
23999.6625
20415.898734177215
22311.7625
21805.2
23729.36
21760.963855421687
26812.525
22941.222222222223
20828.037037037036
16964.853658536584
16746.441860465115
20317.128205128207
24755.743902439026
19657.283783783783
26297.493506493505
22008.759493670885
24715.925925925927
23929.36144578313
21465.817073170732
20547.345238095237
22450.719512195123
24672.55
21485.211764705884
24226.075
24015.275862068964
26716.30864197531
25594.571428571428
21554.962025316454
24633.189873417723
24052.703703703704
22004.22857142857
25624.897435897437
24471.4358974359
21824.333333333332
22988.4875
20227.095238095237
20321.79487179487
23656.52380952381
24426.29268292683
21655.92105263158
22811.151898734177
17120.738095238095
25912.75
21786.12658227848
24787.225
19784.093023255813
20511.5875
19272.536585365855
23382.95061728395
15379.518518518518
24977.634146341465
23834.227848101265
19458.136363636364
15658.636363636364
18722.59756097561
21620.64285714286
18146.1875
28305.685714285715
23661.963414634145
22878.724137931036
26799.458333333332
23061.204819277107
26114.40506329114
18933.78205128205
26467.337837837837
23764.869047619046
23834.759493670885
23267.037974683546
24743.974683544304
19581.023529411767
22845.626506024095
24345.282352941176
26318.74358974359
22754.90588235294
18827.59756097561
23656.845238095237
17492.666666666668
21441.886075949365
18490.1625
24261.184210526317
22925.683544303796
24547.069444444445
19700.024096385543
23278.12048192771
20694.939024390245
24581.0
16480.0
16903.0
20159.604938271605
24934.384615384617
20637.84705882353
24426.194805194806
24614.986842105263
22290.013333333332
25245.246753246753
23108.89024390244
24895.246753246753
20383.123456790123
21174.460674157304
21154.909090909092
23236.46511627907
23285.964705882354
20458.90361445783
25912.325
23388.204819277107
21801.376470588235
22828.975308641977
22876.2
25008.467532467534
23492.08860759494
20516.802325581397
22425.175
19563.0
19510.05128205128
20717.061728395063
23282.788235294116
18617.32530120482
27925.986486486487
20367.756097560974
22230.475609756097
23787.355263157893
21101.45569620253
25623.46153846154
26103.027027027027
22537.7
21245.170731707316
21860.45
19763.013157894737
26494.382716049382
21239.089743589742
23940.493827160495
24191.727272727272
23437.0875
30679.215384615385
23238.03488372093
17815.2625
23429.565789473683
19050.670731707316
25327.144736842107
22016.529411764706
22877.931034482757
27009.141025641027
20131.6
23444.440476190477
20737.1375
21214.392405063292
21717.58024691358
21942.60714285714
23494.382716049382
22893.329268292684
25800.276315789473
19726.9125
19048.2375
22607.20987654321
24898.9625
24146.819277108432
23287.058823529413
25274.024691358023
25604.83950617284
25799.13157894737
25720.529411764706
20513.79069767442
25360.987012987014
27009.102564102563
23670.86842105263
22905.72619047619
22256.205479452055
25414.378048780487
17462.964705882354
20014.60714285714
18036.125
27815.68831168831
22626.47435897436
26746.03947368421
21854.31168831169
21213.291139240508
23930.10843373494
27124.0641025641
22382.0987654321
19385.325
17293.149425287356
24190.494505494506
22799.940476190477
18739.44827586207
24280.864864864863
21544.168674698794
23128.96
23920.54117647059
23971.0
20061.5
23435.19230769231
22630.477272727272
23706.964705882354
24177.354430379746
21637.310344827587
25013.156626506025
22845.409638554218
16448.975903614457
21545.951807228917
27139.40506329114
24012.128205128207
21796.585365853658
20828.037037037036
21554.367088607596
22286.101123595505
24206.975609756097
24428.20731707317
22161.41975308642
23436.6875
20782.951807228917
25744.0
22371.809523809523
18715.11111111111
22200.225
16932.0
25687.0125
19481.571428571428
25015.86046511628
22160.456790123455
21756.795180722893
22116.772727272728
19961.063291139242
22208.116883116883
18820.875
27310.369863013697
17301.5223880597
20708.026315789473
22014.988235294117
24383.703703703704
18346.33766233766
26433.69230769231
23608.766233766233
22585.238095238095
22781.59756097561
27228.20779220779
22239.354430379746
27932.759493670885
23286.36470588235
19576.717647058824
26511.394736842107
17404.121951219513
24425.532467532466
23821.963855421687
17857.493975903613
24011.371794871793
18436.420454545456
19491.439024390245
19599.134146341465
23880.634146341465
19050.0843373494
20827.41975308642
24700.476744186046
25606.345679012345
22353.6582278481
25278.75641025641
26248.67142857143
22339.317073170732
22052.20512820513
23605.85542168675
25680.276315789473
21554.835443037973
23822.710843373494
19716.11111111111
24674.1375
22673.341463414636
19604.938271604937
19162.9
22843.78313253012
24142.763157894737
21810.226666666666
21219.373493975905
21854.81818181818
21197.295454545456
22589.56179775281
20518.5
20039.158536585364
20802.727272727272
23552.170454545456
24758.670731707316
20335.18181818182
20203.602564102563
20656.85714285714
24126.166666666668
22231.60975609756
24113.175
23075.71052631579
21902.756097560974
24099.634146341465
18494.444444444445
26778.19230769231
20532.929411764704
23978.333333333332
22934.727272727272
23382.185185185186
23906.61842105263
19049.775280898877
25447.722891566264
25650.293333333335
21804.988235294117
18619.059523809523
21297.57894736842
27251.12658227848
26812.6625
25091.697368421053
21353.01219512195
23075.270588235293
23090.115384615383
18617.975903614457
20854.2625
21793.817073170732
25384.012345679013
24745.79746835443
21326.78481012658
24190.70238095238
19262.04651162791
18934.410256410258
22604.679012345678
23959.7012987013
25305.89024390244
25744.231707317074
14608.556962025317
24935.4358974359
18699.896103896102
23548.824324324323
24113.75
21811.284090909092
19730.151898734177
21771.662790697676
25129.83116883117
20149.878048780487
25962.743902439026
15229.616438356165
25687.575
26225.905405405407
23272.11111111111
22694.26582278481
22382.30864197531
20242.831325301206
22651.65
23789.197368421053
22302.85542168675
16938.95061728395
23230.940476190477
22051.54761904762
21904.10975609756
22984.7375
22117.05681818182
23879.731707317074
23227.309523809523
21751.5625
21327.578313253012
21513.72619047619
22453.621951219513
17664.576923076922
23906.276315789473
21828.753086419754
20514.4625
27328.893333333333
22396.602564102563
13608.011627906977
17834.52808988764
20912.83908045977
19154.917647058825
19670.333333333332
18163.527472527472
20450.022222222222
26275.61842105263
25477.922077922078
23946.74683544304
25051.024691358023
25238.55
21357.98717948718
26088.71794871795
22648.911111111112
24745.101265822785
21898.54430379747
24733.302631578947
20074.278481012658
20890.939759036144
25280.69230769231
23759.95238095238
22087.7875
20760.01265822785
22189.75581395349
23221.378048780487
19050.29268292683
23780.115384615383
21363.554054054053
21192.595238095237
19265.214285714286
21940.583333333332
19888.666666666668
24717.271604938273
24478.04411764706
22193.156626506025
23605.31325301205
22437.517647058823
23161.0987654321
24758.426829268294
20567.549295774646
19972.43181818182
26088.858974358973
18939.802469135804
27329.08
23442.146341463416
26746.614457831325
16913.0875
22226.235294117647
23774.0125
21902.475609756097
25186.44318181818
24661.415584415583
24449.875
22157.068965517243
24906.68674698795
24179.31395348837
17843.536585365855
23610.81818181818
20627.3
27929.447368421053
24661.428571428572
25011.65
21891.565789473683
19998.71052631579
24330.386666666665
21862.8
20307.383720930233
21002.819277108432
20890.261363636364
22332.729411764707
24635.42528735632
25445.66265060241
28555.295774647886
19587.511904761905
19494.703703703704
20548.52564102564
20366.826666666668
20234.842105263157
19961.79746835443
15828.234567901234
23489.92405063291
26701.325
21000.75903614458
23445.488372093023
25687.7125
20173.35
27297.055555555555
25087.29268292683
24424.584415584417
23027.558139534885
25445.75903614458
26646.415584415583
21192.72619047619
23605.886075949365
20027.530120481926
19528.946666666667
17764.967032967033
24099.256097560974
25123.35
25087.101265822785
22844.265060240963
19619.379746835442
23770.79268292683
25494.382716049382
23271.246913580246
24272.69135802469
24689.939759036144
21673.12658227848
24645.682926829268
19164.397435897437
23324.6125
17415.428571428572
22188.46511627907
24317.426829268294
26112.67088607595
25624.75641025641
25662.518072289156
24633.58227848101
21472.02564102564
25831.739726027397
24745.79746835443
26571.205479452055
17792.906976744187
20301.32911392405
18612.841463414636
22856.80769230769
14865.790697674418
21349.93023255814
23924.041666666668
19263.54117647059
27048.086419753086
22439.077922077922
24495.736842105263
19714.876543209877
21327.946666666667
20173.06818181818
20805.883116883117
21378.529411764706
22790.516853932586
23199.026315789473
20808.30487804878
28166.285714285714
18422.63953488372
25384.79012345679
23709.36470588235
24727.95238095238
29721.957142857143
21062.29411764706
19266.409638554218
26627.46052631579
20916.09756097561
23037.977272727272
22500.534246575342
24110.4125
20675.373493975905
19725.7625
23611.077922077922
17871.440476190477
22288.413333333334
25162.037037037036
23213.15
23369.826666666668
22628.12048192771
21939.666666666668
20126.217391304348
24206.829268292684
24211.293333333335
25279.5641025641
22839.13157894737
16556.650602409638
23174.506024096387
18401.722891566264
24536.719512195123
24675.5125
19266.156626506025
23423.194444444445
20065.0375
22770.666666666668
22628.819277108432
18526.662790697676
16461.8875
22344.29268292683
20021.662162162163
24060.962025316454
23977.821428571428
24000.4
28768.8
20730.2
19050.963855421687
22828.222222222223
22909.761904761905
22163.654320987655
26815.54794520548
20961.1375
19415.369863013697
24570.226666666666
20891.963855421687
22743.628205128207
22192.0
18149.61111111111
22695.988095238095
26447.80821917808
24145.397590361445
24819.9358974359
18409.238095238095
18357.23076923077
22396.602564102563
20517.8488372093
22238.59493670886
18372.2
26798.0
20316.858974358973
24633.632911392404
17872.45238095238
23834.240506329115
19911.739726027397
25709.013698630137
24973.11842105263
20176.525
23316.96153846154
19797.95238095238
22925.493670886077
22690.719101123595
20467.34831460674
24134.75294117647
18729.416666666668
22175.23611111111
25162.234567901236
24260.434210526317
24337.1125
17367.533333333333
19521.986842105263
25347.9375
21419.0
24819.897435897437
23656.238095238095
21586.94871794872
25572.525
22906.636363636364
23438.585365853658
23764.630952380954
23713.289156626506
19050.184210526317
18161.58024691358
21892.605263157893
17830.320987654322
21298.8
21243.743902439026
19159.024390243903
23496.939759036144
25744.09756097561
20108.70588235294
25196.658536585364
25337.9156626506
20588.17105263158
26413.33766233766
20036.0
23833.025316455696
22953.795180722893
22675.25974025974
20173.4875
17406.48780487805
18822.975
20460.31325301205
22859.011764705883
21410.1125
28289.81081081081
24191.130952380954
19707.20731707317
17475.4125
25197.01219512195
23048.555555555555
21267.41095890411
22528.293333333335
17764.654761904763
17376.95348837209
24291.92405063291
21267.35616438356
28047.87671232877
22580.40506329114
24291.54430379747
21603.16049382716
24968.63157894737
18556.657534246577
22891.414634146342
23060.831325301206
25530.226666666666
20567.650602409638
28547.444444444445
24208.829268292684
26725.985294117647
24098.853658536584
24033.77027027027
25744.03846153846
20781.46153846154
22270.777777777777
18604.333333333332
26248.253333333334
23969.29069767442
24192.77922077922
22919.481012658227
19799.402777777777
24113.05
23774.1375
29927.910447761195
24271.666666666668
25383.827160493827
22782.39024390244
22155.333333333332
23027.31168831169
25305.243902439026
23100.725
17952.365853658535
23547.219512195123
22546.49411764706
17939.395061728395
19266.301204819276
22088.3375
24000.575
24159.432432432433
19172.594594594593
22166.51282051282
23887.2
29353.42105263158
21214.696202531646
20510.6125
17161.654320987655
22511.80769230769
22584.97619047619
20095.79069767442
23271.62962962963
16827.13698630137
24338.975
19286.263157894737
19645.5
20509.725
21950.98888888889
22385.555555555555
20333.761904761905
17953.963414634145
24429.287356321838
22673.414634146342
22201.2375
24759.39024390244
23493.734939759037
23913.18918918919
24338.2375
23389.253012048193
22258.689655172413
18630.79069767442
24524.04054054054
27318.905405405407
22580.91139240506
18161.197802197803
22195.67469879518
18610.09756097561
20826.962962962964
20987.569620253165
23782.24358974359
21867.626506024095
20737.375
16445.68674698795
24974.303797468354
22649.223529411764
23929.614457831325
23159.83950617284
24343.8
25494.20987654321
23763.321428571428
23833.367088607596
20418.53164556962
21828.59259259259
23266.683544303796
21484.49411764706
23306.324324324323
19925.243902439026
22048.617283950618
22152.091954022988
18406.738095238095
23285.164705882355
21751.825
21474.102564102563
21606.74074074074
26647.20779220779
25711.155844155845
21354.951219512193
22009.434210526317
26128.586666666666
25999.86075949367
21326.90361445783
24400.303797468354
18142.224719101123
24448.95
18925.68493150685
21328.349397590362
22428.0625
15972.835443037975
24358.910256410258
24633.6582278481
22722.026315789473
23187.459770114943
23869.809523809523
18414.682352941178
20273.765432098764
23212.7125
23285.011764705883
26565.647058823528
24942.178571428572
23496.10843373494
23237.03488372093
20962.2375
22086.6375
19358.965909090908
27716.88888888889
23372.64935064935
24940.679012345678
19604.938271604937
23317.397435897437
23187.2183908046
15943.107142857143
19810.506024096387
26570.945205479453
22871.6625
24383.802469135804
20134.85542168675
21187.175
19536.62162162162
21297.534090909092
20675.22891566265
19166.922077922078
25086.189873417723
22363.712643678162
22887.20731707317
25826.0
21356.46153846154
18605.46913580247
24515.07594936709
23343.602272727272
26434.102564102563
22522.373493975905
22218.159090909092
19048.025316455696
22212.0
23193.78947368421
18582.571428571428
22048.024691358023
20038.417582417584
22626.44871794872
20433.05128205128
23712.77108433735
26490.777777777777
20050.041666666668
22741.410256410258
25204.151898734177
20696.70731707317
26627.973684210527
25013.710843373494
23658.845238095237
20621.5
17829.567567567567
23012.714285714286
21087.0
20707.71052631579
24090.613333333335
20461.819277108432
18467.025974025975
20918.865853658535
24451.613333333335
21038.402597402597
25361.74025974026
22799.309523809523
23436.03846153846
23389.14457831325
25942.382716049382
22845.650602409638
24613.592105263157
24212.634146341465
24688.92
22354.620253164558
23075.96052631579
19371.321428571428
25851.337209302324
23718.777777777777
22363.157894736843
22864.141176470588
19420.095890410958
24142.88157894737
23256.66233766234
24029.2
21863.125
22363.236842105263
18725.89156626506
20060.7
23325.175
18691.213333333333
23388.77108433735
21940.880952380954
25549.125
18695.82894736842
22845.493975903613
23492.666666666668
28410.173333333332
19705.865853658535
20826.938271604937
23286.70588235294
21035.272727272728
21971.532467532466
20457.75903614458
20415.620253164558
28537.162162162163
24450.3
24568.666666666668
21902.60975609756
21899.367088607596
23550.928571428572
21902.5
19826.283950617282
22952.927710843374
24145.12048192771
26293.29268292683
24450.941176470587
17334.04761904762
21575.48780487805
18723.90243902439
27329.68
24208.573170731706
24868.963414634145
24704.02564102564
17718.909090909092
24632.12658227848
24622.380952380954
22493.432098765432
23138.35064935065
26893.53846153846
20477.20731707317
26317.71794871795
22844.975903614457
25395.0
21605.53086419753
22271.555555555555
20985.91139240506
24130.023529411767
24320.841463414636
22957.75
23841.584415584417
21213.73417721519
19881.379310344826
20022.072289156626
21410.25
21074.3875
21012.25641025641
22189.75581395349
25944.22077922078
24099.134146341465
16935.728395061727
23718.53086419753
21274.70786516854
21455.75581395349
21327.810126582277
26434.23076923077
20227.77380952381
23714.530120481926
24356.089743589742
23493.050632911392
26442.04761904762
24493.25925925926
25086.256097560974
24928.826666666668
22940.25925925926
18223.402298850575
23445.522727272728
22441.025974025975
21514.04761904762
21690.213333333333
26024.1375
20533.303797468354
22466.822784810127
24661.636363636364
19480.011904761905
21185.925
24974.303797468354
21980.627906976744
20158.85185185185
21585.9358974359
21407.0
25230.566265060243
24688.75903614458
22717.04938271605
25362.233766233767
24174.493670886077
21117.55172413793
21145.575342465752
23101.2125
25772.12658227848
23913.3908045977
23023.35064935065
19280.101265822785
17153.96052631579
17942.85185185185
20896.666666666668
23267.025316455696
26813.794520547945
21868.939759036144
21827.197530864196
22673.231707317074
24786.725
19772.80459770115
24845.520547945205
24145.0
19633.753246753247
23951.974683544304
22631.31325301205
21087.214285714286
22120.6
25273.925925925927
23660.231707317074
24098.19512195122
20108.2
19047.38823529412
21036.844155844155
24798.156626506025
23186.162162162163
24849.92105263158
24291.696202531646
21126.55128205128
21215.01265822785
22623.109589041094
21652.13253012048
25161.283950617282
25693.595238095237
22818.976744186046
25628.5
24827.703703703704
23778.03846153846
24701.05128205128
22672.975609756097
24177.36046511628
23224.884057971016
23966.8488372093
20039.182926829268
22016.75294117647
19155.488095238095
22741.25641025641
19558.988636363636
25050.958333333332
20218.87012987013
25983.18918918919
23235.662790697676
22783.073170731706
22152.48275862069
18408.059523809523
16988.385542168675
24736.315789473683
25544.86075949367
23428.891891891893
24317.69512195122
21786.12658227848
23291.6091954023
23601.539325842696
23671.972972972973
20121.369047619046
19778.216216216217
24493.25925925926
22943.296296296296
20632.283783783783
20828.925925925927
21051.708333333332
22239.518987341773
20350.734939759037
19379.634146341465
23271.703703703704
24297.785714285714
22120.80487804878
27252.936708860758
20658.22619047619
20014.79761904762
19400.74025974026
22938.938271604937
19522.736842105263
20891.89156626506
18270.666666666668
23880.256097560974
24854.03947368421
23436.15
22123.256097560974
21737.506493506495
23657.011904761905
22673.10975609756
25279.79487179487
25477.753246753247
23383.679012345678
17955.945945945947
22859.41176470588
21903.40243902439
23886.1125
20060.7625
25632.548780487807
25509.03846153846
24063.898734177215
21193.39285714286
19768.28
25156.880952380954
25972.71794871795
18512.964285714286
19867.44318181818
25327.78947368421
21601.64864864865
22542.694117647057
25619.243243243243
23431.355263157893
17940.753086419754
27367.136363636364
26136.95
20459.75903614458
19959.12658227848
24618.907894736843
20730.066666666666
17421.734939759037
21589.988235294117
19255.06818181818
22905.844155844155
22829.197530864196
21410.8125
22528.590909090908
27480.984126984127
19830.913580246914
25171.466666666667
24673.694444444445
25576.45
18314.81395348837
22970.923076923078
17226.898734177215
20530.470588235294
24747.54430379747
22085.54651162791
16622.0
22012.025316455696
18940.14814814815
20851.211764705884
22788.909090909092
19374.951807228917
20441.595238095237
21327.590361445782
23770.98780487805
20848.023529411767
27329.613333333335
20851.544444444444
24244.75641025641
21804.164705882355
21946.885057471263
26566.569620253165
21607.44318181818
23499.74712643678
19724.5875
18375.1625
28537.432432432433
21557.392405063292
17749.493975903613
23940.061728395063
16049.962962962964
18549.944444444445
20190.080459770114
24663.16883116883
24675.1125
22478.059523809523
27078.945945945947
21891.815789473683
24778.883116883117
21075.8875
25121.581395348836
21388.31168831169
23603.135802469136
21358.576923076922
17402.170731707316
23491.79220779221
20027.192771084337
21593.15294117647
24798.12048192771
22600.521126760563
21178.301075268817
16465.15
23494.103896103898
20476.40243902439
17638.819277108432
18038.4125
26510.2
22674.935064935064
27261.3125
23495.64367816092
25480.64285714286
24972.743902439026
23712.602409638555
23870.619047619046
22206.675324675325
20696.231707317074
23295.694444444445
19370.678571428572
20873.74683544304
22536.1875
21406.77380952381
20566.61797752809
24330.826666666668
18703.576923076922
21272.55294117647
23286.61176470588
20829.441860465115
19152.70786516854
20646.3417721519
20686.85714285714
20985.835443037973
21127.69230769231
22671.35632183908
19159.8625
24497.69135802469
23204.98717948718
22693.654761904763
22764.5375
25477.805194805194
22240.177215189873
23255.935064935064
19394.58227848101
22271.35802469136
27557.780821917808
26010.08
21980.32530120482
24353.15068493151
21487.576470588236
22731.295454545456
24687.96
18366.962025316454
19691.309523809523
17510.5
23441.14285714286
23940.14814814815
27479.949367088608
20530.50588235294
22239.13924050633
23312.03947368421
22051.944444444445
19156.337209302324
26410.35064935065
23550.47619047619
14988.170731707318
24746.025316455696
21684.048780487807
23307.85135135135
21636.74712643678
21621.727272727272
23660.51219512195
23913.172413793105
24083.75
19488.317073170732
22563.073170731706
16960.220930232557
26299.902777777777
23607.493333333332
26088.44871794872
26024.6625
20337.120879120877
20173.775
23039.025316455696
25798.815789473683
19756.986842105263
23780.076923076922
22386.777777777777
23551.090909090908
19846.430379746835
23711.22891566265
19612.4375
22736.481927710844
20243.734939759037
19488.170731707316
18593.91139240506
23814.38823529412
27329.24
17657.166666666668
21016.275862068964
23178.011764705883
19516.74025974026
23880.621951219513
19488.10975609756
22877.57471264368
20512.7125
23267.12658227848
17397.436781609194
21981.83146067416
21738.272727272728
25310.55072463768
25337.66265060241
25797.53947368421
18430.05747126437
22234.780487804877
25010.75
20026.265060240963
24622.20238095238
18318.488372093023
17901.197674418603
21594.941176470587
22755.564705882352
25338.86746987952
21781.721518987342
24016.126436781607
21023.317073170732
24206.14606741573
24059.91139240506
20826.16049382716
25938.37037037037
24301.97619047619
24899.35
17333.011904761905
23828.925925925927
24541.883116883117
21039.13953488372
20061.932584269663
26611.24
22280.79487179487
21634.2125
22628.349397590362
19261.964705882354
19267.626506024095
21484.0
27528.768115942028
21537.81914893617
16542.506329113923
20987.12658227848
23879.243902439026
24426.158536585364
24583.192771084337
18843.287356321838
15789.3625
21944.428571428572
23833.835443037973
18212.92
26938.975308641977
25963.182926829268
25166.746666666666
24178.20253164557
23879.80487804878
17493.086419753086
22741.371794871793
19973.9358974359
22782.048780487807
23377.25974025974
23449.022727272728
20336.185714285715
21826.913580246914
19166.35064935065
23549.977777777778
26273.925925925927
21273.15294117647
23201.25641025641
23383.78313253012
25161.46913580247
28047.974025974025
19459.772727272728
19378.573170731706
25618.297297297297
25530.866666666665
23770.756097560974
20828.70930232558
22255.64383561644
25546.164556962027
24819.346153846152
24492.197530864196
21118.241379310344
18116.758620689656
25649.906666666666
22086.925
21929.946666666667
24834.166666666668
24675.6875
23076.486842105263
21356.89024390244
20980.214285714286
21550.1
23496.85542168675
26511.5
21384.925925925927
23880.51219512195
22939.506172839505
19568.05747126437
24425.597402597403
28800.333333333332
22478.75
24098.865853658535
24470.55421686747
22737.89156626506
26104.256756756757
16125.35
20217.211764705884
21805.741176470587
23380.936708860758
24569.92
19494.802469135804
23496.55294117647
29607.08
21923.26388888889
24626.661971830985
26761.904761904763
22200.6375
24338.025
16913.8
24024.36842105263
23311.552631578947
21435.63855421687
22891.10975609756
21326.607594936708
25271.024691358023
20398.7
21143.45348837209
23602.614457831325
21899.67088607595
23278.180722891568
25303.926829268294
20716.16049382716
24580.530120481926
24688.963855421687
24161.283950617282
22527.863636363636
20108.941176470587
21242.646341463416
26966.192771084337
25651.24
25361.467532467534
19369.595238095237
24398.445945945947
19926.878048780487
24429.66233766234
23394.32183908046
19569.816091954024
26549.28205128205
25215.64383561644
19165.1125
19393.52564102564
24226.0
26432.615384615383
14344.28409090909
24011.46153846154
21606.69135802469
27561.986486486487
25208.486842105263
22191.626506024095
24424.506493506495
27441.31081081081
23858.49315068493
22046.333333333332
17401.926829268294
26969.333333333332
26957.608108108107
18577.36842105263
22294.20930232558
23959.194805194806
18046.027777777777
20800.155844155845
20684.935064935064
25427.759493670885
24745.41772151899
19162.625
23771.170731707316
23389.31325301205
25121.9875
21937.876543209877
18219.563218390806
23248.946666666667
25238.4875
24570.306666666667
20127.6
21063.2
25981.91891891892
20605.814814814814
20505.243243243243
22906.185714285715
26548.384615384617
22695.0
23060.175675675677
23026.54651162791
23822.650602409638
21410.55
22155.54761904762
20849.773333333334
22829.086419753086
23781.74358974359
21034.012987012986
24077.064935064936
20258.914634146342
23437.48717948718
21436.397590361445
21271.679012345678
24308.753246753247
23381.9012345679
21947.3908045977
27479.316455696204
17515.295454545456
21639.45
23718.074074074073
22939.135802469136
23930.289156626506
21186.8
21412.575
16854.066666666666
27563.45945945946
25912.1
19708.060975609755
23609.66233766234
17352.917647058825
20639.63529411765
21150.636363636364
18833.843373493975
25306.817073170732
24933.97435897436
17699.7875
21817.02564102564
23281.32530120482
19537.37837837838
26865.17105263158
22585.619047619046
21381.802469135804
22630.30681818182
17526.915492957745
26135.8875
22245.565789473683
24662.211764705884
18934.316455696204
25262.785714285714
20630.783783783783
22671.597701149425
24497.61842105263
21007.67948717949
19049.37037037037
21047.0987654321
20186.103448275862
25954.013698630137
17386.30864197531
20899.153846153848
24568.64
22828.296296296296
18240.358974358973
24179.18604651163
22549.916666666668
22714.493827160495
17939.827160493827
25352.025
19270.463414634145
17684.632911392404
25291.426666666666
23756.906976744187
19358.488636363636
22052.10714285714
22648.235294117647
22381.555555555555
19935.938271604937
24425.55844155844
17312.261363636364
22721.0
19937.913580246914
27929.794520547945
25711.48051948052
25263.0
25445.36842105263
20467.74157303371
26113.696202531646
24125.24358974359
18705.98717948718
23195.592105263157
20477.829268292684
21495.0987654321
14051.444444444445
22408.698795180724
24075.051948051947
27800.819444444445
25133.81081081081
22424.2375
21275.037037037036
23780.641025641027
18001.767441860466
24191.904761904763
21012.128205128207
19937.25352112676
22377.575342465752
22423.7375
19782.988372093023
17515.524390243903
24940.814814814814
26099.590361445782
19578.129411764705
22543.647058823528
20568.66265060241
20935.45348837209
22607.246913580246
26510.42105263158
20589.670731707316
25650.146666666667
25563.342105263157
27426.694444444445
21024.658536585364
17989.917647058825
23227.5
22485.026315789473
25008.391891891893
24102.91780821918
25234.4875
17682.607594936708
21187.1125
26567.645569620254
25427.556962025315
17682.772151898735
24283.20930232558
25510.29487179487
20725.116279069767
24133.776470588236
22575.445945945947
27089.986666666668
24622.095238095237
21606.20987654321
24046.925925925927
24729.880952380954
26323.520547945205
23140.363636363636
25912.8375
26297.623376623378
23918.882352941175
17952.451219512193
18727.24096385542
25361.571428571428
21245.883720930233
26064.402597402597
23885.6375
20933.60465116279
23378.493670886077
21892.86842105263
23607.164556962027
24703.76923076923
24077.25974025974
24472.289156626506
21565.093023255813
25630.076923076922
26487.333333333332
25476.96103896104
22200.65
17097.33734939759
22126.073170731706
23912.51724137931
23437.0875
23720.620253164558
24161.074074074073
20530.04705882353
25951.794520547945
19972.511363636364
22381.74074074074
27013.17948717949
19927.146341463416
21300.011904761905
24382.567901234568
23109.51219512195
19370.690476190477
18830.22891566265
25188.811764705883
24936.222222222223
22859.988235294117
21136.39024390244
25544.240506329115
25543.721518987342
21736.758620689656
22872.7375
23251.18666666667
22782.878048780487
19940.123456790123
24191.467532467534
28164.545454545456
22921.20253164557
24909.476744186046
24514.333333333332
20449.844444444443
21064.82894736842
17291.170731707316
21173.370786516854
22371.85714285714
20424.34117647059
26297.68831168831
27564.27027027027
19481.321428571428
18512.083333333332
20243.77108433735
24819.884615384617
20149.365853658535
18061.853658536584
24661.38961038961
15206.426966292134
24588.884615384617
23548.625
23010.16
24261.17105263158
24450.15
23874.630952380954
19158.10843373494
21419.88157894737
19848.98734177215
24728.714285714286
25681.697368421053
24590.05128205128
17914.80459770115
21224.264367816093
24260.342105263157
20828.666666666668
21969.974025974025
21673.493670886077
21546.433734939757
19165.683544303796
22299.541666666668
21213.74683544304
17793.220930232557
25443.88157894737
22839.855263157893
21199.920454545456
22889.826666666668
22047.222222222223
21785.721518987342
21194.404761904763
23280.87951807229
22428.3125
20851.75294117647
26630.13157894737
23135.133333333335
24849.644444444446
22013.621951219513
17311.43181818182
25208.986842105263
21607.432098765432
19158.853658536584
21242.333333333332
24649.69512195122
22764.3
16566.068965517243
20482.204545454544
20625.7875
24271.46913580247
18455.42105263158
21141.56976744186
20898.23076923077
23913.05747126437
20085.83908045977
24060.974683544304
23825.222222222223
19607.246913580246
24589.410256410258
20414.07594936709
25524.829268292684
24240.55128205128
21101.67088607595
21300.04761904762
22629.975903614457
18049.802469135804
21834.630952380954
25298.61176470588
19052.3875
23988.317073170732
23549.95
26393.17105263158
20075.67088607595
26318.615384615383
22017.034090909092
22294.68604651163
21163.061728395063
18471.46153846154
24382.283950617282
23608.024691358023
23664.346153846152
21684.682926829268
21601.728395061727
18472.32051282051
25128.948051948053
24678.0
23383.975903614457
18736.802325581397
17413.397727272728
25246.025974025975
20925.277777777777
23050.25925925926
26434.46153846154
24256.746987951807
24676.55681818182
26782.03846153846
22343.841463414636
22603.69135802469
24126.76923076923
21702.03846153846
18538.613636363636
23100.575
21623.978021978022
27089.613333333335
15473.26923076923
24125.29487179487
19826.876543209877
21896.486842105263
22052.275862068964
22207.285714285714
20075.278481012658
20962.35
18174.451219512193
22905.083333333332
19880.0
25238.625
13343.182926829268
24011.576923076922
25283.26923076923
22504.127906976744
24556.011764705883
25825.776470588236
25127.727272727272
26012.84
19875.513157894737
18495.46913580247
20368.20731707317
21241.70512820513
20688.272727272728
24120.267605633802
24470.5421686747
20695.414634146342
24143.407894736843
23660.7
22857.076923076922
20186.701149425287
22303.180722891568
17206.75903614458
25084.694117647057
20148.39024390244
18922.422535211266
23075.88157894737
24175.291666666668
27381.061728395063
23435.153846153848
18273.222222222223
23100.9125
22362.655172413793
24271.58024691358
24404.164556962027
21514.583333333332
19573.581395348836
24746.518987341773
23049.506172839505
23720.835443037973
19685.470588235294
25279.423076923078
20942.592105263157
20602.471264367818
22014.579545454544
25433.54651162791
21025.19512195122
22339.69512195122
21739.471264367818
25384.506172839505
15808.266666666666
15285.139534883721
18627.623529411765
24928.666666666668
23604.63855421687
16153.379310344828
23492.898734177215
19290.36
25852.70731707317
24902.9125
18941.89156626506
21671.632911392404
18521.4
23496.24096385542
16402.694117647057
20805.19512195122
24387.837209302324
23382.35802469136
25970.44871794872
20829.662790697676
21415.184210526317
22938.954545454544
24766.662162162163
21900.708860759492
22988.35
24496.382716049382
22217.69318181818
22771.866666666665
24650.146341463416
19156.279069767443
22775.011494252874
20350.578313253012
20424.788235294116
19808.277108433736
19050.38961038961
20380.477272727272
25463.7
21133.756097560974
19694.70238095238
22014.136363636364
24386.543209876545
23774.5
22735.650602409638
24316.560975609755
26923.222222222223
22190.523255813954
19580.211764705884
21602.69135802469
25346.2625
27013.70512820513
24493.913580246914
27358.615384615383
18471.31182795699
21182.575
22789.31168831169
23329.878048780487
26111.86075949367
18124.615384615383
21214.25316455696
24129.917647058825
24897.5375
22125.146341463416
18243.26923076923
23354.536231884056
26628.644736842107
21649.38888888889
19494.913580246914
26815.630136986303
25317.962025316454
18846.64367816092
21975.875
23708.41176470588
24495.493827160495
20052.222222222223
21672.930555555555
19743.846153846152
25164.67948717949
25244.83116883117
23813.858823529412
20074.98734177215
26294.621951219513
26272.92105263158
23665.69230769231
22876.9125
18223.091954022988
24098.10975609756
21584.774647887323
22047.72619047619
21094.386363636364
26319.51282051282
20088.371794871793
22874.75
23337.035714285714
20548.53846153846
24942.071428571428
26137.2125
23656.47619047619
22396.4358974359
18353.87777777778
23808.8
25459.630136986303
24715.85185185185
25462.8625
21021.109589041094
21975.6875
24010.910256410258
15266.170454545454
22382.543209876545
20353.236842105263
24902.5
20587.658536585364
18411.352941176472
21970.297297297297
24406.25316455696
24933.013333333332
22690.5
23985.835616438355
17160.83950617284
26511.723684210527
20534.15294117647
23989.29268292683
22651.6625
25827.04938271605
22199.65
24011.346153846152
23682.16176470588
18397.21686746988
24090.81333333333
23546.694444444445
19783.0
24905.68674698795
20732.5875
25361.194805194806
28285.407894736843
21768.3488372093
22891.548780487807
15901.4375
24145.09638554217
26323.780821917808
23271.654320987655
22953.4578313253
23661.925
19170.144736842107
27385.024691358023
23110.158536585364
18944.345238095237
21382.129411764705
20022.0
24841.344827586207
18487.4125
23437.0875
19587.27380952381
22891.060975609755
18617.79761904762
22049.505747126437
21109.277108433736
18075.14457831325
21117.80459770115
26274.5
19050.64285714286
19841.406593406595
25629.333333333332
21358.51282051282
20850.176470588234
17611.44
23388.5421686747
21847.9
21590.270588235293
20125.032608695652
23084.264367816093
20897.858974358973
25544.962025316454
27587.51282051282
20384.53086419753
26339.569620253165
18941.963855421687
25628.384615384617
22199.5875
24088.071428571428
27311.794520547945
18636.689655172413
21434.86746987952
23087.166666666668
16528.719512195123
19925.768292682926
23084.2183908046
19926.341463414636
23326.7
18821.936708860758
23296.43820224719
22152.597701149425
25394.141025641027
24633.962025316454
17533.05617977528
23206.46153846154
21270.506493506495
23610.987012987014
26865.842105263157
22015.31818181818
17909.430379746835
19918.253012048193
21377.03370786517
25384.123456790123
22827.83950617284
19454.47191011236
20988.12658227848
21242.829268292684
16198.731707317073
22256.6091954023
20075.430379746835
20850.375
21151.467532467534
25828.40740740741
21871.204819277107
21736.32183908046
24011.47435897436
21192.89285714286
26680.506329113923
25269.716049382718
22195.951807228917
21095.829545454544
20705.77011494253
20980.130952380954
23152.08860759494
22764.9625
24469.614457831325
22175.61111111111
19621.050632911392
24778.051948051947
23050.296296296296
25586.095890410958
21545.32530120482
24895.12987012987
15821.064102564103
22906.14285714286
25464.1
20511.1
22673.29268292683
23074.141176470588
20025.175675675677
20547.89285714286
20302.08860759494
24015.758620689656
24570.773333333334
25090.67105263158
19383.913580246914
25014.373493975905
24083.619047619046
23340.081395348836
24002.15
24972.28947368421
23161.16049382716
22739.831325301206
18487.75
21251.511627906977
22627.641025641027
24728.119047619046
23548.682926829268
21773.0
22536.6
23912.756756756757
21576.268292682926
20872.833333333332
20289.975
23499.540229885057
21214.645569620254
24559.4875
24317.939024390245
25649.773333333334
23493.645569620254
28536.18918918919
21324.10843373494
17961.406593406595
26414.2987012987
26227.050632911392
19050.036144578313
23429.565789473683
24786.55
18941.80487804878
19592.77108433735
22395.17948717949
25242.74025974026
22191.86746987952
25386.0987654321
22557.35064935065
24037.469879518074
24620.654761904763
23603.55294117647
26394.157894736843
23548.627906976744
23865.093023255813
23321.115384615383
23609.753246753247
19369.188235294117
25127.2
21894.407894736843
17183.914634146342
17929.025
20695.98780487805
20088.576923076922
20224.988095238095
26997.2987012987
23051.567901234568
25009.27027027027
20716.604938271605
24835.29761904762
19380.414634146342
17204.923076923078
23708.24705882353
22133.109589041094
26118.130952380954
23027.18604651163
22840.565789473683
25772.78481012658
23011.413333333334
15688.614457831325
25317.506329113923
20108.75294117647
23113.89024390244
22833.602272727272
22322.766233766233
20495.873563218393
20826.456790123455
24125.423076923078
19703.024096385543
24827.79012345679
20666.96629213483
20335.493506493505
18151.2875
26511.486842105263
26000.025316455696
21806.36470588235
25338.614457831325
23296.86111111111
19663.954545454544
23388.939759036144
24178.29069767442
18454.2
25800.558823529413
23861.3488372093
21278.224719101123
23449.944444444445
23434.69230769231
20685.31168831169
24449.875
22891.10975609756
24898.1875
24646.158536585364
22312.5625
20416.303797468354
22451.033333333333
18951.112359550563
24928.16
25051.135802469136
25627.641025641027
22650.129411764705
22693.04761904762
23444.197674418603
23180.70588235294
22711.220930232557
15448.29411764706
25673.137931034482
23226.166666666668
26971.4
20451.935064935064
24974.20253164557
22466.379310344826
23610.87323943662
24562.9375
23907.263157894737
20490.066666666666
26956.37837837838
25716.41975308642
21225.149425287356
18949.35632183908
23880.378048780487
23551.158536585364
24797.90361445783
20988.164556962027
22191.578313253012
19155.258823529413
24971.82894736842
22050.11111111111
18839.34117647059
17273.037037037036
23133.39534883721
22049.44827586207
23552.121951219513
24755.682926829268
23109.98780487805
26323.753424657534
20499.96551724138
25306.329268292684
24705.02564102564
24066.67142857143
24849.86842105263
25443.695652173912
25209.407894736843
24288.050632911392
18605.14814814815
23160.716049382718
19051.926829268294
21863.2375
24037.048192771083
25415.621951219513
20231.223684210527
18715.95061728395
23495.975903614457
19250.466666666667
22016.482352941177
22169.453333333335
25544.772151898735
22016.24705882353
18613.01219512195
24978.170731707316
23012.761904761905
27693.263157894737
19281.410256410258
23548.3625
19051.565789473683
20200.56976744186
20646.481012658227
23050.086419753086
17965.590361445782
23492.320987654322
22604.07894736842
27422.069444444445
23828.654320987655
24050.296296296296
24048.98611111111
27703.166666666668
26630.052631578947
20215.141176470588
25601.11111111111
17375.558139534885
20913.22988505747
24851.513157894737
25165.4358974359
23932.55421686747
23495.25925925926
24934.628205128207
25011.87012987013
23833.962025316454
24935.02564102564
23388.89156626506
22051.071428571428
18944.287356321838
18718.280487804877
21434.66265060241
25195.731707317074
20789.909090909092
23841.77922077922
21637.402298850575
22293.558139534885
27270.37037037037
22607.31395348837
19050.02380952381
20135.036144578313
19357.795454545456
20273.0987654321
21299.72619047619
22084.710843373494
16717.246913580246
17318.10843373494
20187.183908045976
27149.075
20433.52564102564
19509.4358974359
24450.346666666668
25885.772151898735
24449.7375
21121.6091954023
23213.5875
22052.61111111111
23865.197674418603
21024.20731707317
19605.222222222223
17926.325
25562.71052631579
20339.012987012986
22783.51219512195
22265.083333333332
26104.14864864865
22354.518987341773
21155.064935064936
23951.354430379746
15619.702380952382
25010.909090909092
23442.928571428572
21980.204819277107
23834.962025316454
18532.126436781607
23602.529411764706
21503.974025974025
25280.28205128205
22385.432098765432
17843.768292682926
19724.675
24826.48148148148
27805.31081081081
26511.855263157893
22717.753086419754
18101.75
20101.85714285714
22557.051948051947
20586.146341463416
22722.67105263158
22484.644736842107
21876.767441860466
24785.9
23099.775
23880.29268292683
24349.794520547945
24825.51851851852
23842.68831168831
23171.072289156626
26009.746666666666
23264.0
23548.073170731706
24736.184210526317
20586.463414634145
22968.36470588235
21476.449438202246
24643.662162162163
24674.3875
18831.280487804877
22627.67948717949
26113.037974683546
24758.658536585364
21637.48275862069
26508.53947368421
23311.96052631579
22942.513513513513
20233.61842105263
20568.22891566265
21586.397435897437
17356.61176470588
24041.55421686747
19694.45238095238
19051.819277108432
22563.51219512195
22920.06976744186
23549.3375
22013.317073170732
18062.731707317074
17936.25925925926
23905.934210526317
22397.488372093023
21655.394736842107
21903.01219512195
27036.5875
21176.123595505618
20075.050632911392
16084.477272727272
25662.421686746988
21935.30769230769
23220.060975609755
23354.304347826088
26996.2987012987
25415.231707317074
24450.15
22921.40506329114
22940.625
20065.3
19953.75
26301.347222222223
22971.384615384617
25314.974683544304
21271.85714285714
17001.886075949365
25164.0641025641
20728.786666666667
21980.93023255814
21420.065789473683
20604.753086419754
23440.8875
22496.604938271605
22332.070588235296
22993.753424657534
25383.666666666668
25175.708333333332
21914.363636363636
20585.560975609755
25883.14457831325
21727.119047619046
23886.35
20384.777777777777
20680.98795180723
25715.16049382716
21944.821428571428
23922.376470588235
22651.625
23284.941176470587
21876.058139534885
18618.01204819277
23153.379746835442
19723.6875
22051.23076923077
28174.324324324323
27567.12
22354.59493670886
24660.776470588236
23336.20238095238
20568.024096385543
18820.696202531646
25051.271604938273
20495.654320987655
20583.784090909092
20959.9125
22736.0
15861.949367088608
24859.41772151899
20986.645569620254
23654.1511627907
24383.012345679013
24646.048780487807
24083.904761904763
22695.08860759494
23185.486486486487
20120.869047619046
21049.703703703704
22255.540229885057
20962.6625
20173.875
20760.54430379747
23488.97333333333
16478.821428571428
18239.153846153848
23895.17948717949
28768.24
23152.01265822785
26047.444444444445
23085.897435897437
20986.708860759492
25962.82608695652
25525.731707317074
22012.78481012658
21607.0
22201.8625
21435.807228915663
23339.45348837209
15867.548780487805
25087.134146341465
20258.817073170732
19655.81081081081
19938.296296296296
20804.805194805194
25014.8375
25595.116883116883
23972.28
19640.78947368421
26413.766233766233
21831.0
22818.79069767442
21328.835443037973
18382.95061728395
16450.024096385543
21587.653846153848
22015.317647058822
23671.216216216217
20263.013513513513
24860.974683544304
24282.45945945946
22629.289156626506
23708.623529411765
19590.710843373494
21270.03896103896
24174.151898734177
22479.535714285714
22906.20779220779
23830.345679012345
24049.987654320987
23607.113924050635
26300.38888888889
25328.236842105263
23286.141176470588
25575.7
23493.569620253165
28050.03896103896
22243.40506329114
25493.30864197531
21385.765432098764
20528.708860759492
26176.180555555555
24518.071428571428
18382.172839506173
24222.9625
25051.604938271605
23989.10975609756
18390.69512195122
25514.32051282051
21971.3625
26128.733333333334
21432.563218390806
20994.756756756757
26377.157142857144
17657.654761904763
23728.24
23675.777777777777
23876.865853658535
22989.175
22160.0987654321
21858.1875
21112.156626506025
18632.476744186046
23936.11111111111
24688.12
18610.0
23023.025974025975
25444.315789473683
24518.632911392404
19153.894117647058
19801.690476190477
26380.222222222223
24971.759493670885
24178.443037974685
24662.44705882353
26434.333333333332
21246.048780487807
20929.581395348836
23548.5375
22492.37037037037
24826.728395061727
20408.91780821918
25127.18181818182
21407.785714285714
23707.862068965518
16195.621951219513
20567.85714285714
22906.416666666668
14550.5375
23717.734939759037
24000.4875
21939.30864197531
22844.9156626506
26089.69230769231
24098.841463414636
26224.324324324323
29669.125
23549.125
23372.16883116883
21061.36470588235
23548.865853658535
23605.32530120482
19504.683544303796
21091.933333333334
18834.36144578313
23144.467532467534
21574.548780487807
26136.175
23675.430555555555
22692.02380952381
26247.36
18820.75641025641
21699.011764705883
24000.9875
21186.3125
26530.883116883117
17455.367088607596
21136.280487804877
23129.97333333333
23669.202702702703
18073.650602409638
23661.085365853658
23842.844155844155
26384.172839506173
21709.079545454544
22050.296296296296
22422.5875
20213.988235294117
22980.597701149425
17050.074074074073
23235.906976744187
23881.060975609755
21717.382716049382
23050.604938271605
22976.03846153846
27521.91176470588
17054.455555555556
25048.786666666667
17075.646341463416
20807.264367816093
19477.154761904763
23829.567901234568
22906.233766233767
23770.5
24238.623529411765
24051.222222222223
22648.329411764706
24145.36144578313
24578.072289156626
21357.76923076923
23968.08
23496.843373493975
22412.01204819277
24614.342105263157
25583.595238095237
23375.13924050633
20548.654761904763
24896.454545454544
22691.64285714286
22255.96551724138
21327.31325301205
24518.379746835442
23325.9375
22315.05
24038.602409638555
22761.025
19706.69512195122
24784.945054945056
22014.44318181818
22121.59756097561
28763.42105263158
21126.602564102563
15355.858974358975
20914.83908045977
23879.878048780487
25627.74358974359
20873.6582278481
21588.666666666668
26530.987012987014
24403.0
19150.93181818182
21652.168674698794
27480.050632911392
22440.636363636364
25053.141025641027
22281.47435897436
24804.174418604653
19972.079545454544
23947.025316455696
22860.73076923077
25412.466666666667
21021.49315068493
23665.52564102564
19616.974683544304
20121.35714285714
20015.035714285714
25087.60975609756
17009.52
18263.225
14659.341463414634
21274.55294117647
18578.597402597403
20476.573170731706
25279.653846153848
18605.79012345679
23990.548780487807
22466.26582278481
21621.809523809523
21576.341463414636
19718.8375
25434.36046511628
24835.85714285714
20199.53488372093
20117.013157894737
17097.90361445783
21947.873563218393
19461.55681818182
22994.54794520548
17533.192771084337
13313.825
19590.024096385543
24820.923076923078
23330.121951219513
25129.22077922078
25890.106666666667
25922.934210526317
23324.85
24099.426829268294
20062.1875
26780.957746478874
21012.089743589742
24496.815789473683
25395.20512820513
26335.27380952381
18703.910256410258
22008.42105263158
22876.4
22364.105263157893
23763.72619047619
24732.785714285714
24786.775
23712.77108433735
27330.293333333335
25769.773333333334
21428.241379310344
24809.493333333332
21166.788235294116
20637.058823529413
22599.197368421053
23670.608108108107
26713.91891891892
21023.378048780487
17808.494252873563
23770.439024390245
14990.926829268292
23366.31506849315
20308.116279069767
25493.108108108107
20849.8
21691.02666666667
24540.935064935064
24786.5
17533.5421686747
20938.197530864196
24037.89156626506
21837.74647887324
23350.844444444443
24686.14457831325
26569.246575342466
19164.2625
22364.342105263157
25379.9012345679
22127.092105263157
25337.90361445783
22907.685714285715
20513.7375
17337.70238095238
25593.14285714286
22714.74418604651
25882.09638554217
23179.941176470587
26530.922077922078
22759.9375
22556.64935064935
22718.654320987655
19465.068965517243
22603.543209876545
19409.213333333333
23494.01265822785
19648.28
25273.246913580246
22691.75
20552.940476190477
21573.134146341465
24938.185185185186
25509.910256410258
20831.032967032967
21440.620253164558
18585.03846153846
22692.964285714286
19699.12048192771
19494.802469135804
25244.090909090908
26103.608108108107
20737.45
24818.923076923078
24672.94318181818
23548.548780487807
17844.426829268294
17183.817073170732
22128.5
20424.529411764706
23601.710843373494
23813.141176470588
21504.77922077922
26565.164705882355
23895.74358974359
21378.282352941176
24146.626506024095
21194.083333333332
25799.157894736843
23152.54430379747
24905.734939759037
25799.4125
25279.97435897436
24037.650602409638
22408.72
24498.592105263157
25523.841463414636
23438.98780487805
18924.534246575342
26897.79487179487
23959.545454545456
27200.22972972973
24383.802469135804
25013.5875
27112.428571428572
18019.344827586207
22782.158536585364
19891.174418604653
18524.720930232557
23708.54117647059
22363.53947368421
19479.04761904762
23663.602564102563
22721.223684210527
24379.394736842107
25998.21518987342
22673.280487804877
16802.0
22049.346666666668
21975.819277108432
25625.05128205128
24703.232558139534
20351.53947368421
24706.442857142858
24976.518987341773
19162.14814814815
20846.55
19542.384615384617
26035.644736842107
21497.75
23547.146341463416
19699.4578313253
23110.40243902439
18664.385714285716
25494.456790123455
24563.6625
25051.153846153848
22050.567901234568
22466.045977011494
18335.147727272728
20829.581395348836
18374.925
24316.146341463416
22382.04938271605
19410.6
23230.238095238095
23036.988636363636
23003.585365853658
22379.342465753423
20914.219512195123
17421.807228915663
21116.827586206895
20869.785714285714
19361.906976744187
23380.716049382718
20955.682352941178
24329.6
22052.22619047619
24728.785714285714
21012.70512820513
18183.024096385543
27101.144736842107
25742.80487804878
25201.40506329114
21461.536585365855
23726.74025974026
21324.068965517243
17407.16129032258
21575.268292682926
25623.96153846154
24316.817073170732
25162.20987654321
25424.472222222223
27048.166666666668
23551.36842105263
24613.21052631579
21605.9012345679
22923.0
25009.12162162162
21459.872093023256
23912.527027027027
13714.96511627907
26816.671232876713
26248.18666666667
26937.35802469136
20350.156626506025
24972.973684210527
21876.918604651164
22235.037974683546
24494.197530864196
19580.75294117647
20353.722891566264
23297.916666666668
23905.78947368421
26297.194805194806
26248.64
20623.1625
25628.47435897436
22553.48051948052
24356.5641025641
24562.5875
23842.66233766234
24260.013157894737
26414.77922077922
22048.386666666665
23548.6625
24977.92405063291
18715.8
24129.98717948718
19515.64935064935
19261.04651162791
18229.636363636364
25827.296296296296
23769.682926829268
21326.77108433735
19749.012987012986
17795.91139240506
23602.564705882352
19051.479452054795
23607.827160493827
26413.636363636364
19605.654320987655
24704.69230769231
18592.974683544304
25494.79012345679
25548.444444444445
27587.51282051282
22016.435294117648
24490.267441860466
25123.525
25912.15
21735.83116883117
24561.9625
19172.76388888889
25477.987012987014
22919.697674418603
22651.84705882353
24298.464285714286
25280.346153846152
25162.46913580247
18839.105882352942
23299.125
21803.964705882354
24787.9625
23497.734939759037
20503.0
22694.07594936709
21100.78481012658
20002.70588235294
19810.22891566265
23493.101265822785
23609.623376623378
27269.938271604937
27682.945945945947
21817.576923076922
21881.247191011236
25772.46835443038
24176.25316455696
22389.314606741573
12877.139534883721
21588.410256410258
22562.29268292683
21075.8625
23220.70731707317
23428.594594594593
22921.303797468354
25395.51282051282
23838.443037974685
18511.70238095238
23661.53846153846
24087.08
23061.67469879518
22344.69512195122
23373.586666666666
20645.41772151899
19500.1125
22629.545454545456
21238.41891891892
27059.86301369863
19048.459770114943
20120.488095238095
23553.4
17431.03370786517
24192.20779220779
21524.075
25884.974683544304
23989.256097560974
24036.75903614458
18521.482352941177
25290.706666666665
22155.35714285714
22585.095238095237
22972.0641025641
18095.0
23674.847222222223
22556.83116883117
20716.012345679013
16460.9375
23980.260273972603
23903.8202247191
25360.532467532466
21522.6375
22010.36842105263
16954.87671232877
24099.024390243903
23384.04938271605
22906.61038961039
21701.884615384617
27820.45569620253
22974.666666666668
23714.555555555555
24117.64367816092
19947.9875
22627.576923076922
23110.98780487805
25829.103896103898
18073.265060240963
22555.14285714286
24861.050632911392
21712.617283950618
26630.11842105263
21095.05681818182
21570.2
18533.44827586207
21208.04
26866.57894736842
17658.119047619046
18397.36144578313
19052.188235294117
24662.428571428572
17074.054945054944
23980.809523809523
24099.256097560974
24745.886075949365
19370.654761904763
21406.04761904762
25995.430379746835
25360.61038961039
21876.74418604651
19050.785714285714
24423.59756097561
23236.5
23445.011627906977
21836.166666666668
28404.013157894737
21442.67088607595
22089.636363636364
19270.753086419754
21038.267441860466
24849.605263157893
20073.822784810127
24491.70930232558
19379.48780487805
21772.986842105263
20336.54761904762
23390.22891566265
24208.475609756097
20919.146341463416
25229.32530120482
23658.059523809523
26883.44155844156
21818.0641025641
23493.240506329115
24855.28947368421
25239.2875
22891.79268292683
21494.728395061727
21939.9012345679
24475.153846153848
18700.714285714286
21877.383720930233
21118.505747126437
26413.2987012987
20337.103896103898
22650.866666666665
27442.216216216217
20762.64285714286
18701.597402597403
21896.25316455696
21867.710843373494
21161.395061728395
21299.54761904762
22424.4125
15787.7625
25338.590361445782
24605.493827160495
20901.867647058825
23220.121951219513
20350.301204819276
20650.522222222222
24759.51219512195
26184.914634146342
25887.063291139242
21979.0
19649.386666666665
22158.166666666668
22988.175
21111.89156626506
25231.180722891568
27931.415584415583
25712.155844155845
25961.841463414636
20061.925
26550.76388888889
22715.54651162791
23236.058139534885
22121.38823529412
16050.493827160493
25238.8375
26795.063291139242
24194.52380952381
20546.785714285714
21588.17948717949
18826.234567901236
19170.053333333333
24894.61038961039
28412.37837837838
20831.061728395063
26113.227848101265
19161.9012345679
25369.095238095237
22492.444444444445
27925.527777777777
23180.329411764706
22159.975308641977
21834.095238095237
26995.285714285714
18077.945945945947
21968.945945945947
18516.440476190477
18201.517647058823
18475.6582278481
24180.197674418603
21504.670454545456
25555.32530120482
26898.576923076922
23884.7875
22051.17948717949
22495.555555555555
22648.576470588236
23149.240506329115
21808.06818181818
19370.785714285714
22051.214285714286
25855.853658536584
22873.225
23769.975609756097
24191.380952380954
20187.67088607595
21418.802631578947
23061.98795180723
25444.75
24025.988235294117
22586.309523809523
28173.430555555555
20765.690476190477
23119.071428571428
17845.414634146342
23492.306666666667
26296.64935064935
21672.208333333332
24658.55844155844
19918.819277108432
24111.375
24384.296296296296
23803.957142857143
25306.914634146342
24895.4375
24190.64285714286
22807.962025316454
16718.543209876545
24050.14814814815
25604.703703703704
20602.96551724138
25650.506666666668
22861.211764705884
22084.14457831325
23948.518987341773
21703.20512820513
21504.2987012987
23494.7012987013
21186.0375
23829.16049382716
24119.298850574713
19482.44578313253
26549.910256410258
23372.623376623378
19379.256097560974
24300.964285714286
23670.5
23830.061728395063
25049.94871794872
18935.32911392405
23497.764705882353
19918.44578313253
22381.25925925926
22649.3
21142.011627906977
24673.2375
21426.83908045977
21854.55844155844
21038.60465116279
19051.813186813186
24253.24096385542
20738.175
26656.12676056338
22188.267441860466
20979.75
23929.289156626506
18941.98795180723
25122.530120481926
21037.732558139534
23049.40740740741
25858.5
26884.285714285714
22166.102564102563
25162.246913580246
20235.36842105263
22396.74358974359
24002.625
22671.571428571428
23190.827586206895
23336.630952380954
24050.617283950618
24973.810126582277
23291.183908045976
26071.780487804877
19577.49411764706
26200.369863013697
20716.617283950618
23497.55421686747
23985.878048780487
27567.12
26483.1884057971
22083.112359550563
22245.434210526317
23000.573170731706
24859.53164556962
21242.170731707316
19984.844155844155
22839.46052631579
23496.858823529412
22269.777777777777
25464.025
26816.013698630137
20585.756097560974
25200.556962025315
21946.64367816092
21145.39534883721
24272.765432098764
22585.178571428572
19598.426829268294
22922.883720930233
20956.95294117647
18828.280487804877
22692.936708860758
25769.632911392404
24523.0
21461.658536585364
22526.866666666665
22560.048780487807
21441.835443037973
26646.64935064935
25202.20253164557
19620.367088607596
22088.625
24473.358974358973
21213.18666666667
28173.608108108107
21727.190476190477
23979.059523809523
22956.947368421053
24536.451219512193
24383.25925925926
24087.845238095237
23947.949367088608
26646.454545454544
21429.459770114943
22490.03370786517
25882.31325301205
22352.59493670886
26866.473684210527
24517.01265822785
14869.42857142857
24084.190476190477
22839.052631578947
19053.25
26530.727272727272
21435.734939759037
17780.014084507042
18644.29213483146
23661.3125
20874.21518987342
20911.83908045977
18023.696202531646
24210.413333333334
21127.94871794872
24759.378048780487
23249.653333333332
25159.04938271605
25084.235294117647
20088.576923076922
23551.371794871793
20413.569620253165
23730.266666666666
20459.385542168675
21236.45945945946
17764.52380952381
25048.8
15300.97619047619
26548.5641025641
21166.6
20917.623376623378
25738.641025641027
26181.03896103896
19768.733333333334
21869.506024096387
25007.986486486487
25657.848101265823
22371.928571428572
18245.0
26383.913580246914
23151.86075949367
25203.86075949367
23115.646341463416
25497.283783783783
21472.871794871793
16773.74712643678
22263.654761904763
19399.33766233766
26938.74074074074
17641.481927710844
23139.454545454544
20202.410256410258
21301.355263157893
25123.9
15974.594936708861
26812.5125
24590.346153846152
24820.24358974359
23829.444444444445
19818.158536585364
23829.74074074074
19548.833333333332
16382.172839506173
21635.7625
20639.517647058823
20962.5875
22652.6625
23879.09756097561
23332.27380952381
22604.37037037037
22264.178571428572
22891.268292682926
21061.741176470587
24798.86746987952
21667.31395348837
24928.4
17962.85714285714
20762.04761904762
23427.77027027027
18721.20731707317
22845.5421686747
20027.89156626506
23376.467532467534
21361.108108108107
24338.5375
19156.130952380954
22210.87837837838
24382.456790123455
21357.128205128207
22875.725
22200.0875
20706.172413793105
17531.24096385542
21975.10843373494
23151.683544303796
24110.35
21602.675675675677
23379.708860759492
20605.95061728395
26089.23076923077
25553.5421686747
23132.39534883721
24850.986842105263
18713.4
27427.13888888889
24193.7012987013
21702.089743589742
21471.0
24318.29268292683
19389.2875
21818.55128205128
18506.518072289156
21356.585365853658
25225.43023255814
22009.616438356163
22371.761904761905
24195.809523809523
21751.2625
19961.74683544304
20120.833333333332
21863.3375
22425.347222222223
21300.276315789473
22859.38823529412
16480.011904761905
22051.246913580246
25894.563380281692
24844.72602739726
23781.94871794872
22332.864864864863
23205.923076923078
21717.59259259259
25238.4875
22919.25581395349
20605.975308641977
25826.941176470587
22198.9
25393.69230769231
18140.443037974685
25084.272727272728
24208.231707317074
17824.965909090908
22479.404761904763
22876.1625
25129.0
25350.3
22877.885057471263
24301.0
18157.604938271605
24513.5
27933.285714285714
28290.986666666668
22537.375
21773.29069767442
21620.214285714286
22860.58823529412
24208.865853658535
24871.376470588235
21587.602564102563
18423.31395348837
16988.481927710844
18212.25581395349
20014.809523809523
26184.536585365855
27702.52564102564
27816.246753246753
19702.77108433735
21804.2
22953.81111111111
23599.61797752809
20646.063291139242
18085.380952380954
22091.4625
21557.92405063291
20897.089743589742
23265.050632911392
20103.741176470587
23605.493975903613
15896.103896103896
21357.03846153846
25495.765432098764
20586.243902439026
21110.807228915663
27198.797297297297
20289.51724137931
25049.666666666668
21111.9156626506
20779.141025641027
19594.975903614457
26180.87012987013
22821.635135135137
20826.767441860466
24895.77922077922
20306.151898734177
19259.36470588235
25962.146341463416
20962.8125
29673.416666666668
19155.310344827587
23119.880952380954
22332.594594594593
19684.023529411767
19761.684210526317
25938.14814814815
22293.68604651163
25554.626506024095
22877.875
20728.413333333334
17400.085365853658
20079.6
23978.190476190477
17732.18666666667
26226.696202531646
22555.68831168831
20605.765432098764
20368.0
21301.95
21575.378048780487
18137.189873417723
20909.760869565216
22088.6625
26748.347826086956
23435.910256410258
22649.2
22807.772151898735
21355.6511627907
21834.678571428572
23437.21794871795
22999.439024390245
20301.721518987342
21062.317647058822
26664.32051282051
20109.75294117647
28049.77922077922
19695.614285714284
23724.922077922078
26621.853658536584
25385.185185185186
23492.765432098764
20667.17948717949
24671.527777777777
26053.012345679013
24253.168674698794
24298.25
20695.817073170732
22952.14457831325
18487.8625
20715.79012345679
25554.36144578313
25636.365853658535
22385.79012345679
19986.18181818182
20957.41176470588
23205.128205128207
26939.095890410958
25015.475
25239.3125
21651.722891566264
23609.04
23201.47435897436
23382.604938271605
22478.928571428572
24604.987654320987
26162.567901234568
22590.280898876405
24426.439024390245
19730.59493670886
22412.12048192771
25594.766233766233
25046.987654320987
23091.115384615383
21679.70786516854
23493.435294117648
23436.01282051282
23379.87341772152
23549.1125
17705.563218390806
21881.314606741573
23038.329545454544
25574.3
22672.264367816093
25745.30769230769
23001.29268292683
24222.625
26866.407894736843
20938.83950617284
18719.256097560974
24175.25316455696
24426.585365853658
21332.835443037973
24972.6582278481
23320.875
23336.845238095237
23829.654320987655
18190.654761904763
19369.321428571428
25162.555555555555
20783.12048192771
20401.5
24941.511904761905
23437.8125
22953.421686746988
19887.86046511628
19519.2987012987
24675.275
18083.630952380954
22789.363636363636
25549.875
24338.15
22235.170731707316
12818.794871794871
20417.569620253165
17689.18604651163
23977.714285714286
20872.962025316454
22647.729411764707
20683.324675324675
19477.845238095237
16826.078651685395
20800.96103896104
28416.890410958906
22454.682926829268
23980.809523809523
22011.941176470587
25828.74025974026
20200.68604651163
19606.88888888889
20792.279569892475
26008.2
27577.934210526317
18063.158536585364
23429.526315789473
17158.67105263158
23665.102564102563
23660.75
23605.44578313253
24825.53086419753
24568.413333333334
18124.833333333332
19282.80769230769
20742.670588235294
23829.913580246914
22275.25925925926
21106.9156626506
25769.786666666667
22585.559523809523
19801.04761904762
18328.466666666667
20957.105882352942
20477.89024390244
22051.67777777778
15074.697674418605
25156.321428571428
17871.77380952381
21407.190476190477
17807.931034482757
20462.29213483146
26065.12987012987
20318.128205128207
21193.190476190477
23330.01219512195
23605.569620253165
24383.51851851852
20367.10975609756
23139.272727272728
18944.616279069767
23213.6375
21717.30864197531
24801.041666666668
24845.287671232876
21384.962962962964
22511.871794871793
20498.758620689656
17978.095238095237
26251.3875
24449.776470588236
22818.31395348837
21185.8375
25280.30769230769
19264.2
22953.09638554217
23820.975903614457
26296.597402597403
20607.271604938273
22952.180722891568
20002.376470588235
22891.1797752809
22332.58108108108
25088.25316455696
20724.674418604653
23880.70731707317
19628.653846153848
25740.27027027027
21940.821428571428
25801.2375
22119.75294117647
23661.621951219513
22122.0
20135.650602409638
20873.72619047619
20367.460674157304
20802.051948051947
21816.97435897436
22226.694117647057
23670.64864864865
22599.6338028169
18501.048780487807
24241.397435897437
25127.844155844155
26879.103896103898
20334.785714285714
23661.0125
23492.91139240506
22425.666666666668
21049.493827160495
23154.12658227848
13712.151162790698
19696.710843373494
21977.8
24024.815789473683
20601.908045977012
24518.78481012658
27116.376623376622
25312.886075949365
25605.234567901236
25997.45569620253
24540.585365853658
22264.70238095238
20213.011764705883
27932.82051282051
19772.885057471263
20568.373493975905
22437.36470588235
19985.55844155844
19152.735632183907
22936.727272727272
26938.95061728395
18050.51851851852
30161.15625
21635.41379310345
24408.059523809523
19791.305882352943
24979.44705882353
20186.83908045977
21273.482352941177
21785.848101265823
17250.7125
22226.95294117647
20568.819277108432
26894.94871794872
20467.65168539326
20827.604938271605
23613.91304347826
16664.9156626506
22161.012345679013
24872.70588235294
20300.962025316454
16642.81395348837
24884.14864864865
26607.2
24382.617283950618
24905.21686746988
25049.73076923077
23724.7012987013
24859.3417721519
28285.302631578947
24452.176470588234
23708.058823529413
24036.518072289156
25884.01265822785
20745.576470588236
23497.13253012048
23781.70512820513
21387.38961038961
22675.666666666668
24403.13924050633
18474.397435897437
24291.696202531646
22126.621951219513
19276.392405063292
25544.278481012658
23608.037974683546
19607.185185185186
20985.974683544304
26158.79012345679
19961.85393258427
22829.123456790123
20705.394736842107
21736.12987012987
27277.371428571427
23325.675
25134.405405405407
20353.301204819276
20738.1375
23101.575
18422.476744186046
23119.083333333332
21563.406976744187
22736.385542168675
17884.305882352943
22981.64367816092
20495.555555555555
25681.144736842107
22953.4578313253
21823.654320987655
21471.410256410258
16460.9
23604.77108433735
18341.977528089887
17807.540229885057
20944.223684210527
25936.88888888889
18936.45569620253
22051.130952380954
21388.493506493505
20972.666666666668
24826.185185185186
19679.058139534885
25314.481012658227
23371.31168831169
22922.720930232557
22304.036144578313
19496.777777777777
21772.6511627907
23550.153846153848
21384.62962962963
23139.659090909092
20955.75294117647
18728.894117647058
27692.38157894737
17166.234567901236
22462.816091954024
21637.206896551725
19635.090909090908
23718.30864197531
19726.025
17800.050632911392
27684.27027027027
23001.19512195122
23050.25925925926
21127.141025641027
21242.48717948718
22275.382716049382
24645.10975609756
20874.08108108108
24178.627906976744
22770.96
26339.59493670886
26247.875
20510.054054054053
17025.225
25292.04
20568.38961038961
25476.753246753247
23989.658536585364
24925.375
19156.95294117647
23551.524390243903
23009.81333333333
22090.81081081081
17927.1375
21274.182795698925
23489.46835443038
25175.680555555555
19171.306666666667
22407.413333333334
25090.355263157893
20893.858974358973
27036.1625
26983.32894736842
22372.964285714286
24518.632911392404
23666.17948717949
20937.85185185185
14822.89156626506
21407.928571428572
23050.35802469136
23382.14814814815
22325.16883116883
22121.74683544304
17175.291666666668
25714.74074074074
25272.41975308642
21588.576923076922
24337.7375
22333.297297297297
22371.85714285714
25827.935064935064
21685.20731707317
26128.786666666667
22926.303797468354
19362.081395348836
27210.173333333332
21441.12658227848
23546.78947368421
21549.51388888889
22012.49411764706
24159.814814814814
21406.904761904763
24211.133333333335
18084.95238095238
22520.90361445783
22715.617283950618
22909.175824175825
22008.17105263158
24899.3
23445.267441860466
25477.753246753247
19495.679012345678
23665.51282051282
22905.690476190477
19464.275862068964
20605.83950617284
26119.738095238095
21635.075
20717.876543209877
22439.270588235293
24001.2125
20639.54117647059
22450.634146341465
26049.20987654321
25123.025
22157.464285714286
26795.354430379746
27220.315789473683
18582.636363636364
26402.939024390245
21652.0843373494
26797.936708860758
24255.13253012048
22940.061728395063
20074.949367088608
21544.397590361445
21249.53488372093
22196.24096385542
23063.135135135137
21908.729411764707
22719.123456790123
25399.48717948718
17205.36144578313
21272.282352941176
17661.589743589742
26013.08
23329.634146341465
22234.353658536584
19568.927536231884
16722.280898876405
17619.113636363636
25688.9
13562.646341463415
19857.653846153848
22924.01388888889
21556.58227848101
21953.166666666668
21215.25316455696
25562.236842105263
20926.180555555555
20741.223529411764
20061.1
25943.402597402597
24865.19512195122
24406.40506329114
24937.135802469136
24338.4125
24411.25842696629
22923.78481012658
23102.0875
24208.719512195123
22671.103448275862
24511.14285714286
24103.698630136987
23015.571428571428
24309.506493506495
18695.63157894737
23549.75641025641
21266.938271604937
23173.277777777777
24818.115384615383
24577.518072289156
22722.276315789473
16747.220930232557
22845.409638554218
27159.04938271605
17072.90243902439
24142.96052631579
25853.146341463416
23707.776470588236
23713.421686746988
24896.20779220779
23070.823529411766
22671.80487804878
20654.15068493151
22012.569620253165
25317.025316455696
25742.833333333332
18440.297297297297
20568.87012987013
25997.974683544304
23213.0625
26128.266666666666
25680.855263157893
24825.16049382716
21298.64285714286
24271.617283950618
22611.081395348836
24316.90243902439
21300.166666666668
27161.436619718308
21379.70588235294
18161.543209876545
25383.37037037037
23101.8625
22564.341463414636
23600.30769230769
20286.15
27802.712328767124
16050.333333333334
19263.85714285714
22798.85714285714
22604.345679012345
24038.349397590362
24162.25925925926
21179.447368421053
20823.276315789473
27449.2
26592.95945945946
17121.083333333332
26078.08219178082
19580.717647058824
27256.764705882353
23951.92405063291
23551.682926829268
13332.418918918918
24940.52380952381
25377.162162162163
22333.011764705883
15912.313953488372
25009.425
23049.0987654321
22519.13253012048
23099.9375
20408.127906976744
23272.543209876545
20380.488636363636
17719.43181818182
25477.025974025975
26998.77922077922
25223.081395348836
18170.573170731706
25384.95061728395
22737.21686746988
21903.341463414636
23832.848101265823
24405.506329113923
20498.908045977012
21553.54430379747
20116.86842105263
23671.21052631579
20458.939759036144
21604.64197530864
25121.78313253012
22265.464285714286
24769.34117647059
24854.447368421053
22088.175
19847.430379746835
22084.31325301205
24113.725
23658.04761904762
18730.95238095238
22395.76923076923
22624.904109589042
24383.271604938273
25244.79220779221
19826.679012345678
19359.0
25255.635135135137
25361.35064935065
18945.183908045976
20584.397727272728
22354.87341772152
16614.894117647058
27598.3125
24540.121951219513
26794.822784810127
24934.97435897436
25889.32
22857.76923076923
23351.066666666666
16906.309523809523
23496.409638554218
26816.164383561645
24051.012345679013
18479.164556962027
24449.075
23229.916666666668
24595.941860465115
20202.74358974359
22396.96153846154
18713.987654320987
26060.324675324675
19591.10843373494
22939.135802469136
22948.5
22193.566265060243
23675.930555555555
22839.67105263158
21623.928571428572
24112.5125
23703.954022988506
21159.16049382716
20930.63953488372
25659.050632911392
20458.78313253012
25086.291139240508
24522.837837837837
24099.01219512195
26764.12987012987
17162.061728395063
25010.79220779221
23829.172839506173
17189.436781609194
20630.45945945946
21526.5
19394.67948717949
20530.34117647059
21108.373493975905
22530.375
20458.36144578313
18942.369047619046
19974.47435897436
21945.5
25239.5875
23656.880952380954
25280.128205128207
23130.32
23978.369047619046
21243.79487179487
21240.5641025641
20141.864864864863
25048.053333333333
19725.025
26910.73417721519
18609.10975609756
19048.53164556962
23000.743902439026
20317.01282051282
21027.0
21587.384615384617
23602.15294117647
24493.728395061727
23049.135802469136
17382.037037037036
24146.469879518074
21407.583333333332
19052.025
23365.835616438355
24325.816091954024
23100.8
26129.16
24271.74074074074
27794.732394366198
19161.481012658227
28047.696202531646
24940.58024691358
23842.74025974026
25544.53164556962
24934.089743589742
24051.753086419754
22511.75641025641
24050.83950617284
24423.291666666668
21322.666666666668
21246.476744186046
19783.5
22736.626506024095
21299.4625
21247.621951219513
24324.471264367818
24223.125
18207.023529411767
19166.285714285714
26488.56
19050.33734939759
16604.012345679013
22344.243902439026
22694.6582278481
25634.0
19743.153846153848
20430.223529411764
24261.46052631579
28177.197183098593
27433.602739726026
25360.805194805194
18941.951219512193
22116.738636363636
17872.14285714286
20642.620253164558
23726.948051948053
23087.846153846152
20460.63855421687
22049.521739130436
24789.9125
23324.75
24241.628205128207
21938.938271604937
21872.072289156626
22013.073170731706
20873.101265822785
26010.453333333335
21867.493975903613
25974.44871794872
22503.397260273974
21220.75903614458
18819.5
24897.14285714286
20415.20253164557
21357.70512820513
20319.976470588233
26247.694117647057
24605.617283950618
21242.658536585364
17674.788235294116
24659.670588235294
21219.506024096387
17355.776470588236
18927.205479452055
22199.475
27020.82857142857
22084.819277108432
18528.058139534885
23213.0125
21301.97619047619
21728.119047619046
23608.948051948053
26622.658536585364
17168.116279069767
18272.197530864196
22610.232558139534
26849.18666666667
17085.310344827587
22159.58024691358
22952.44578313253
23551.317073170732
20427.929411764704
23389.85542168675
23669.605263157893
24590.20512820513
21117.6091954023
27460.855263157893
23725.896103896102
20134.843373493975
20874.08860759494
22599.169014084506
20689.79220779221
23049.975308641977
23929.734939759037
23337.369047619046
25280.70512820513
23875.975609756097
22491.753086419754
21902.98780487805
24260.986842105263
23549.653846153848
23666.434210526317
22802.119047619046
25625.397435897437
18683.12162162162
25314.354430379746
26297.402597402597
26610.92
25553.55421686747
22344.585365853658
20547.535714285714
22815.24418604651
22289.133333333335
22829.061728395063
26078.479452054795
19161.703703703704
20228.666666666668
22385.40740740741
19166.293333333335
25554.722891566264
26664.46153846154
24942.595238095237
26343.772151898735
19370.45882352941
20218.77922077922
20745.289855072464
21455.325581395347
26529.909090909092
22693.949367088608
23022.18604651163
25013.626506024095
23550.174418604653
20632.067567567567
23159.987654320987
19908.071428571428
20477.414634146342
20025.77108433735
20335.345238095237
22782.451219512193
24161.53086419753
20366.89024390244
22983.379310344826
20264.921348314605
24633.025316455696
23220.914634146342
22696.25
21804.75294117647
21207.946666666667
21763.843373493975
25645.933333333334
17965.469879518074
21867.578313253012
20443.095238095237
24715.11111111111
19272.197530864196
25740.089743589742
23940.11111111111
22584.39285714286
28634.532258064515
26113.32911392405
20516.18604651163
23605.30864197531
21794.158536585364
21710.06818181818
23935.172839506173
22834.261363636364
22230.743902439026
21841.49295774648
21245.59756097561
23498.04705882353
21560.232558139534
20443.011904761905
27319.864864864863
20781.75641025641
19948.2
22278.52564102564
24125.32051282051
21575.60975609756
16651.733333333334
25051.320987654322
21175.56179775281
25122.614457831325
25799.9
20415.379746835442
25970.03846153846
25085.962025316454
24715.234567901236
19378.585365853658
26158.395061728395
24786.1625
20215.04705882353
21112.301204819276
26087.73076923077
19477.095238095237
16988.963855421687
24108.9125
21494.59259259259
21544.807228915663
24860.936708860758
27127.46153846154
25889.586666666666
21867.0
24142.28947368421
25235.8625
24942.464285714286
25774.66265060241
22450.88888888889
19415.554054054053
22513.628205128207
20121.79761904762
25049.96153846154
23074.129411764705
21456.406976744187
25263.785714285714
22732.493975903613
23551.70731707317
25770.12
20138.252747252747
19257.344827586207
23824.728395061727
22653.55294117647
20272.555555555555
22947.9
20874.21518987342
25550.055555555555
23271.62962962963
21713.876543209877
23857.284090909092
23661.25
27805.472972972973
26404.536585365855
20800.44155844156
22737.168674698794
21620.583333333332
22953.650602409638
25360.922077922078
18500.60975609756
24449.58823529412
25121.89534883721
20366.646341463416
18150.475
20336.186813186814
28408.96
25510.076923076922
20135.409638554218
24898.2125
26136.5875
18026.164556962027
23608.986666666668
18836.321428571428
18937.7625
24773.987012987014
20011.653333333332
25937.777777777777
22085.65
22292.523255813954
25826.172839506173
19925.90243902439
21331.61971830986
23913.68918918919
17751.626506024095
24800.375
18197.891891891893
26674.805555555555
22606.13953488372
26275.42105263158
18432.520547945205
23102.05
18253.0
23714.617283950618
23436.384615384617
24727.678571428572
21760.301204819276
20336.636363636364
24193.0
19730.240506329115
23266.91139240506
18821.949367088608
18423.558139534885
19050.197368421053
23657.04761904762
22770.933333333334
20684.96103896104
18392.0
24302.04761904762
23015.714285714286
21091.76
18640.0
21185.125
24405.025316455696
22013.708860759492
24496.013157894737
22449.146341463416
18162.716049382718
16049.785714285714
22921.26582278481
22266.02380952381
24745.101265822785
28991.507462686568
25011.725
24902.425
22281.67948717949
24537.59756097561
25826.0
22923.872093023256
26434.871794871793
23907.78947368421
22845.349397590362
19612.875
19888.627906976744
24405.683544303796
18442.662921348314
17270.975308641977
25494.216216216217
27824.063291139242
25239.025
25941.543209876545
26360.9125
22784.243902439026
16321.370786516854